Test_counts = [];
Dist_counts = [];
Test_probs = [];
Dist_probs = [];
Test_probs_str = [];
Dist_probs_str = [];
Choice_probs = [];
Choice_probs_str = [];
Test_items = {};
Dist_items = {};

% 1/temperatures = (0.02 0.0333333 0.05 0.0666667 0.1 0.142857 0.2 0.25 0.333333 0.5)
Test_counts = [Test_counts;
[3.13333, 3.50833, 3.45833, 4.025, 4.625, 5.85833, 8.33333, 12.0167, 22, 24.9167; %PBk
3, 2.93333, 3.45, 4.10833, 4.575, 5.63333, 8.31667, 11.4333, 21.2667, 28.175]]; %Tbd
Dist_counts = [Dist_counts;
[2.80833, 2.91667, 2.84167, 3.175, 3.325, 3.48333, 2.66667, 2.40833, 0.358333, 0; %pgl
3, 3.23333, 3.06667, 3.325, 3.36667, 3.25833, 3.225, 2.48333, 0.4, 0]]; %tDr
Test_probs = [Test_probs;
[0.00729525, 0.00823297, 0.00808215, 0.00936502, 0.0108341, 0.0139017, 0.0204566, 0.0310248, 0.0746212, 0.123086; %PBk
0.00697202, 0.00689544, 0.00806392, 0.0095532, 0.0106998, 0.0133649, 0.020466, 0.0294426, 0.0720934, 0.139192]]; %Tbd
Dist_probs = [Dist_probs;
[0.00654009, 0.00683581, 0.0066499, 0.00739587, 0.00777635, 0.00826423, 0.00653631, 0.00622178, 0.0011723, 7.15807e-06; %pgl
0.00697683, 0.00758833, 0.00715405, 0.00773527, 0.00789434, 0.00771654, 0.00792351, 0.00635283, 0.00133611, 7.15807e-06]]; %tDr
Test_probs_str = [Test_probs_str;
[3.95066e-05, 4.43129e-05, 4.37171e-05, 4.96841e-05, 5.72274e-05, 7.35096e-05, 0.000109593, 0.000172315, 0.000544932, 0.00133717; %PBk
3.79908e-05, 3.78547e-05, 4.3306e-05, 5.04664e-05, 5.66091e-05, 7.05507e-05, 0.00011005, 0.000163371, 0.000526768, 0.00151217]]; %Tbd
Dist_probs_str = [Dist_probs_str;
[4.38728e-05, 4.57786e-05, 4.40887e-05, 4.76744e-05, 4.98059e-05, 5.28477e-05, 4.56503e-05, 4.66298e-05, 1.64227e-05, 1.11722e-07; %pgl
4.52443e-05, 4.89012e-05, 4.64027e-05, 4.93118e-05, 5.02159e-05, 5.02419e-05, 5.21959e-05, 4.61638e-05, 1.74421e-05, 1.43258e-07]]; %tDr
Choice_probs = [Choice_probs;
[0.52136, 0.513155, 0.540689, 0.566047, 0.576771, 0.63115, 0.743304, 0.845644, 0.9839, 0.999941; %PBk
0.508059, 0.477796, 0.543838, 0.568518, 0.570717, 0.627827, 0.745845, 0.830762, 0.983074, 0.999947]]; %Tbd
Choice_probs_str = [Choice_probs_str;
[0.467328, 0.466998, 0.485163, 0.509538, 0.526249, 0.579356, 0.687287, 0.795261, 0.96769, 0.999903; %PBk
0.4561, 0.431829, 0.48733, 0.511711, 0.522907, 0.57439, 0.692542, 0.780231, 0.967368, 0.999912]]; %Tbd

Test_items = [Test_items;
{'PBk';
'Tbd'}];
Dist_items = [Dist_items;
{'pgl';
'tDr'}];
