Test_counts = [];
Dist_counts = [];
Test_probs = [];
Dist_probs = [];
Test_probs_str = [];
Dist_probs_str = [];
Choice_probs = [];
Choice_probs_str = [];
Test_items = {};
Dist_items = {};

% 1/temperatures = (0.02 0.0333333 0.05 0.0666667 0.1 0.142857 0.2 0.25 0.333333 0.5)
Test_counts = [Test_counts;
[17.3833, 18.1917, 19.0167, 20.3083, 24.1, 27.85, 33.9833, 46.0667, 78.4833, 114.325; %6dB
17.675, 18.0083, 18.625, 19.9, 22.6833, 26.8, 34.225, 45.5417, 80.8667, 116.05; %Bpd
18.0083, 18.25, 20.5833, 20.9583, 24.0083, 29.6917, 38.65, 54.1417, 92.4917, 113.042; %Dtb
17.4417, 17.6667, 18.9583, 20.8417, 22.7833, 27.2167, 35.4833, 46.7333, 79.775, 117.7; %T7B
16.4417, 18.15, 19.5167, 21.0667, 23.3833, 28.4, 36.5, 47.7583, 86.3917, 115.592; %bBP
17.6, 18.8167, 19.525, 20.6667, 24.0083, 28.3667, 38.025, 52.2583, 90.675, 117.908]]; %pT3
Dist_counts = [Dist_counts;
[0, 0, 0, 0, 0, 0, 0, 0, 0, 0; %67b
0, 0, 0, 0, 0, 0, 0, 0, 0, 0; %DTd
0, 0, 0, 0, 0, 0, 0, 0, 0, 0; %TB3
0, 0, 0, 0, 0, 0, 0, 0, 0, 0; %bP3
0, 0, 0, 0, 0, 0, 0, 0, 0, 0; %ptB
0, 0, 0, 0, 0, 0, 0, 0, 0, 0]]; %tTP
Test_probs = [Test_probs;
[0.00753267, 0.00786038, 0.00820945, 0.0087482, 0.0104096, 0.0121285, 0.0151881, 0.0216459, 0.0489931, 0.101512; %6dB
0.00765595, 0.00778161, 0.00804, 0.00857534, 0.00979613, 0.0116645, 0.0152914, 0.021396, 0.0504667, 0.103062; %Bpd
0.00780892, 0.00788808, 0.00888918, 0.00902977, 0.0103703, 0.0129225, 0.0172683, 0.0254353, 0.0577476, 0.100388; %Dtb
0.00756196, 0.00763641, 0.00818936, 0.00897903, 0.00983402, 0.01185, 0.0158535, 0.0219602, 0.0498234, 0.104559; %T7B
0.0071244, 0.0078432, 0.00842785, 0.00907844, 0.0100978, 0.0123612, 0.0163141, 0.0224402, 0.0539085, 0.102636; %bBP
0.00762519, 0.00813349, 0.00843106, 0.0089013, 0.010366, 0.0123514, 0.0169962, 0.0245571, 0.0566264, 0.104708]]; %pT3
Dist_probs = [Dist_probs;
[8.14027e-07, 8.1139e-07, 8.11085e-07, 8.09195e-07, 8.108e-07, 8.17415e-07, 8.39321e-07, 8.82347e-07, 1.17258e-06, 1.66947e-06; %67b
8.14027e-07, 8.1139e-07, 8.11085e-07, 8.09195e-07, 8.108e-07, 8.17415e-07, 8.39321e-07, 8.82347e-07, 1.17258e-06, 1.66947e-06; %DTd
8.14027e-07, 8.1139e-07, 8.11085e-07, 8.09195e-07, 8.108e-07, 8.17415e-07, 8.39321e-07, 8.82347e-07, 1.17258e-06, 1.66947e-06; %TB3
8.14027e-07, 8.1139e-07, 8.11085e-07, 8.09195e-07, 8.108e-07, 8.17415e-07, 8.39321e-07, 8.82347e-07, 1.17258e-06, 1.66947e-06; %bP3
8.14027e-07, 8.1139e-07, 8.11085e-07, 8.09195e-07, 8.108e-07, 8.17415e-07, 8.39321e-07, 8.82347e-07, 1.17258e-06, 1.66947e-06; %ptB
8.14027e-07, 8.1139e-07, 8.11085e-07, 8.09195e-07, 8.108e-07, 8.17415e-07, 8.39321e-07, 8.82347e-07, 1.17258e-06, 1.66947e-06]]; %tTP
Test_probs_str = [Test_probs_str;
[5.48984e-05, 5.69529e-05, 5.87913e-05, 6.25043e-05, 7.24206e-05, 8.33235e-05, 0.000105241, 0.000152343, 0.000426385, 0.00119112; %6dB
6.02627e-05, 6.11038e-05, 6.28088e-05, 6.58278e-05, 7.32963e-05, 8.46177e-05, 0.000108695, 0.000152559, 0.000434251, 0.00120953; %Bpd
5.12678e-05, 5.17066e-05, 5.73905e-05, 5.81366e-05, 6.58676e-05, 8.11407e-05, 0.000108934, 0.00016437, 0.000479442, 0.0011781; %Dtb
5.70369e-05, 5.77191e-05, 6.08652e-05, 6.55075e-05, 7.1177e-05, 8.3678e-05, 0.000110353, 0.000155754, 0.000432952, 0.00122746; %T7B
4.86826e-05, 5.24918e-05, 5.58043e-05, 5.94693e-05, 6.55684e-05, 7.91012e-05, 0.000104609, 0.000147508, 0.000449035, 0.00120429; %bBP
5.03967e-05, 5.3216e-05, 5.46726e-05, 5.74599e-05, 6.58338e-05, 7.78917e-05, 0.000106795, 0.000158324, 0.000469101, 0.00122876]]; %pT3
Dist_probs_str = [Dist_probs_str;
[2.54363e-07, 2.43814e-07, 2.42366e-07, 2.27701e-07, 2.0798e-07, 1.87069e-07, 1.63007e-07, 1.2235e-07, 4.46765e-08, 2.04433e-08; %67b
4.75459e-07, 4.66303e-07, 4.49137e-07, 4.30025e-07, 3.94705e-07, 3.50573e-07, 2.73154e-07, 1.91319e-07, 4.43135e-08, 2.04034e-08; %DTd
9.53831e-07, 9.53368e-07, 9.15931e-07, 8.88893e-07, 8.51419e-07, 8.09897e-07, 6.81463e-07, 5.54047e-07, 1.61618e-07, 2.03901e-08; %TB3
2.58754e-07, 2.5389e-07, 2.47854e-07, 2.39516e-07, 2.34222e-07, 2.22445e-07, 2.02618e-07, 1.79499e-07, 7.19603e-08, 2.04325e-08; %bP3
9.51638e-07, 9.09817e-07, 8.56492e-07, 8.63506e-07, 7.77055e-07, 6.83704e-07, 5.16109e-07, 3.57792e-07, 8.49927e-08, 2.04807e-08; %ptB
2.46077e-07, 2.31299e-07, 2.217e-07, 2.0772e-07, 1.86404e-07, 1.57186e-07, 1.0991e-07, 7.0362e-08, 1.95902e-08, 2.03559e-08]]; %tTP
Choice_probs = [Choice_probs;
[0.999886, 0.99989, 0.999897, 0.999902, 0.999918, 0.999929, 0.999943, 0.999958, 0.999976, 0.999983; %6dB
0.999887, 0.999888, 0.999892, 0.999901, 0.999914, 0.999926, 0.999943, 0.999958, 0.999976, 0.999984; %Bpd
0.999889, 0.999891, 0.999904, 0.999905, 0.999918, 0.999935, 0.99995, 0.999964, 0.999979, 0.999983; %Dtb
0.999886, 0.999888, 0.999895, 0.999906, 0.999913, 0.999928, 0.999945, 0.999959, 0.999976, 0.999984; %T7B
0.999879, 0.99989, 0.999898, 0.999907, 0.999916, 0.999932, 0.999947, 0.99996, 0.999978, 0.999984; %bBP
0.999888, 0.999895, 0.999898, 0.999904, 0.999918, 0.999931, 0.999949, 0.999963, 0.999979, 0.999984]]; %pT3
Choice_probs_str = [Choice_probs_str;
[0.990292, 0.990843, 0.991554, 0.992217, 0.993753, 0.995027, 0.996859, 0.998356, 0.999828, 0.999983; %6dB
0.991178, 0.991509, 0.992067, 0.992665, 0.993861, 0.995145, 0.996968, 0.998354, 0.999832, 0.999983; %Bpd
0.989449, 0.989842, 0.99126, 0.991581, 0.993086, 0.994936, 0.996947, 0.998464, 0.999846, 0.999982; %Dtb
0.99065, 0.990989, 0.991815, 0.992611, 0.993655, 0.995096, 0.996994, 0.998393, 0.999831, 0.999983; %T7B
0.989025, 0.990023, 0.991006, 0.991844, 0.993122, 0.994831, 0.996841, 0.998301, 0.999838, 0.999983; %bBP
0.989428, 0.990205, 0.990805, 0.991434, 0.993124, 0.994664, 0.996908, 0.998412, 0.999843, 0.999983]]; %pT3

Test_items = [Test_items;
{'6dB';
'Bpd';
'Dtb';
'T7B';
'bBP';
'pT3'}];
Dist_items = [Dist_items;
{'67b';
'DTd';
'TB3';
'bP3';
'ptB';
'tTP'}];
