Test_counts = [];
Dist_counts = [];
Test_probs = [];
Dist_probs = [];
Test_probs_str = [];
Dist_probs_str = [];
Choice_probs = [];
Choice_probs_str = [];
Test_items = {};
Dist_items = {};

% 1/temperatures = (0.02 0.0333333 0.05 0.0666667 0.1 0.142857 0.2 0.25 0.333333 0.5)
Test_counts = [Test_counts;
[48.4917, 47.9083, 47.6417, 49.5917, 48.7917, 47.5417, 44.5917, 42.4, 34.0667, 0; %GD
47.6333, 47.7667, 46.375, 47.975, 48.2167, 46.2, 43.8667, 41.0167, 32.2, 0; %Kt
48.4083, 50.225, 48.6167, 49.3333, 50.375, 47.5167, 46.1083, 43, 33.2667, 0; %Tg
47.2167, 47.825, 48.1583, 47.3917, 45.9417, 47.025, 44.9083, 40.9583, 32.1417, 0]]; %dk
Dist_counts = [Dist_counts;
[22.4333, 22.1167, 21.475, 21.5083, 20.775, 19.6, 16.525, 13.4167, 5.70833, 0; %BG
22.875, 21.9583, 21.9417, 22.0833, 20.625, 19.675, 16.4833, 13.5417, 5.66667, 0; %PK
23.3417, 22.4417, 21.975, 21.9417, 20.975, 20.325, 16.8917, 14.2333, 5.35, 0; %bT
22.3417, 22.7083, 21.575, 21.425, 20.5667, 18.2917, 16.2167, 12.6917, 5.25833, 0]]; %pd
Test_probs = [Test_probs;
[0.0212871, 0.0211368, 0.0212513, 0.0222095, 0.0223095, 0.0225038, 0.0224825, 0.0228339, 0.0219426, 4.47447e-05; %GD
0.0209031, 0.0210649, 0.0206766, 0.0214849, 0.0220437, 0.0218737, 0.0221138, 0.0220897, 0.0207571, 4.47447e-05; %Kt
0.021246, 0.0221497, 0.0216778, 0.0220914, 0.0230343, 0.0224909, 0.0232399, 0.0231505, 0.0214235, 4.47447e-05; %Tg
0.0207262, 0.0210918, 0.0214717, 0.0212168, 0.0210037, 0.0222627, 0.0226376, 0.0220582, 0.0207085, 4.47447e-05]]; %dk
Dist_probs = [Dist_probs;
[0.00985182, 0.00976036, 0.00958012, 0.00964183, 0.0095092, 0.0092855, 0.00833836, 0.00723736, 0.00369119, 4.47447e-05; %BG
0.0100445, 0.00969618, 0.00979333, 0.00989797, 0.00943972, 0.00932045, 0.00832429, 0.00730435, 0.0036634, 4.47447e-05; %PK
0.0102508, 0.0099034, 0.00981108, 0.00983206, 0.00959536, 0.0096228, 0.0085331, 0.00766583, 0.00346184, 4.47447e-05; %bT
0.00981197, 0.0100186, 0.00962884, 0.00960012, 0.0094134, 0.00867154, 0.00818294, 0.00684462, 0.00340298, 4.47447e-05]]; %pd
Test_probs_str = [Test_probs_str;
[0.000132015, 0.000131515, 0.000133172, 0.000138957, 0.000141825, 0.000146878, 0.000154935, 0.000166216, 0.000188282, 7.86768e-07; %GD
0.000129604, 0.000130742, 0.000129674, 0.000134786, 0.000139947, 0.000142967, 0.000152228, 0.000160683, 0.000178102, 7.86768e-07; %Kt
0.000131692, 0.000137294, 0.000135693, 0.000138297, 0.000146066, 0.000147059, 0.000159674, 0.000168581, 0.000183753, 7.86961e-07; %Tg
0.000128605, 0.000131205, 0.000134444, 0.0001331, 0.000134014, 0.000145331, 0.000155456, 0.00016047, 0.00017775, 7.86768e-07]]; %dk
Dist_probs_str = [Dist_probs_str;
[6.65902e-05, 6.62992e-05, 6.53168e-05, 6.60559e-05, 6.60558e-05, 6.59687e-05, 6.32264e-05, 5.86158e-05, 3.69399e-05, 7.86768e-07; %BG
6.71328e-05, 6.52644e-05, 6.65545e-05, 6.70592e-05, 6.50546e-05, 6.59215e-05, 6.231e-05, 5.81494e-05, 3.58716e-05, 7.86768e-07; %PK
6.85225e-05, 6.68403e-05, 6.66721e-05, 6.68353e-05, 6.62672e-05, 6.81367e-05, 6.42245e-05, 6.12514e-05, 3.47664e-05, 7.86961e-07; %bT
6.59204e-05, 6.73803e-05, 6.56235e-05, 6.53069e-05, 6.5349e-05, 6.18449e-05, 6.13463e-05, 5.52623e-05, 3.38798e-05, 7.86768e-07]]; %pd
Choice_probs = [Choice_probs;
[0.680888, 0.682413, 0.686187, 0.695063, 0.701991, 0.710094, 0.72922, 0.758658, 0.85945, 0.5; %GD
0.677294, 0.681296, 0.680779, 0.687995, 0.699023, 0.704177, 0.726453, 0.752896, 0.854246, 0.5; %Kt
0.680386, 0.692406, 0.691187, 0.693587, 0.70902, 0.708569, 0.736067, 0.761583, 0.856862, 0.5; %Tg
0.675048, 0.682099, 0.688307, 0.68465, 0.689708, 0.707514, 0.729846, 0.751619, 0.854567, 0.5]]; %dk
Choice_probs_str = [Choice_probs_str;
[0.663172, 0.66428, 0.667966, 0.676669, 0.68366, 0.692202, 0.711351, 0.739756, 0.839998, 0.499985; %GD
0.659378, 0.662666, 0.66261, 0.669897, 0.680398, 0.686285, 0.708172, 0.733548, 0.833888, 0.499985; %Kt
0.662514, 0.673772, 0.672858, 0.675366, 0.690283, 0.691229, 0.717813, 0.743014, 0.837047, 0.500045; %Tg
0.6573, 0.663972, 0.670098, 0.666678, 0.671714, 0.689559, 0.711318, 0.732237, 0.834298, 0.499985]]; %dk

Test_items = [Test_items;
{'GD';
'Kt';
'Tg';
'dk'}];
Dist_items = [Dist_items;
{'BG';
'PK';
'bT';
'pd'}];
