Test_counts = [];
Dist_counts = [];
Test_probs = [];
Dist_probs = [];
Test_probs_str = [];
Dist_probs_str = [];
Choice_probs = [];
Choice_probs_str = [];
Test_items = {};
Dist_items = {};

% 1/temperatures = (0.02 0.0333333 0.05 0.0666667 0.1 0.142857 0.2 0.25 0.333333 0.5)
Test_counts = [Test_counts;
[17.1083, 18.625, 18.925, 20.0917, 22.9833, 27.8, 35.7917, 45.4167, 79.5917, 112.567; %6dB
17.6083, 18.0583, 19.525, 20.0083, 22.1667, 26.4833, 34.675, 45.3167, 80.1417, 112.95; %Bpd
16.7833, 18.3, 19.8333, 21.0917, 24.75, 29.575, 40.2167, 55.0583, 90.5167, 110.592; %Dtb
17.7583, 19.0417, 18.925, 20.0917, 23.4333, 28.2667, 35.325, 47.85, 80.275, 116.083; %T7B
16.9333, 18.675, 18.9083, 21.1667, 23.7167, 29.2333, 37.7833, 49.15, 86.1417, 116.95; %bBP
17.2583, 18.3, 19.5917, 20.5083, 24.0083, 28.2167, 38.1083, 52.325, 90.3833, 117.875]]; %pT3
Dist_counts = [Dist_counts;
[0, 0, 0, 0, 0, 0, 0, 0, 0, 0; %3tb
0, 0, 0, 0, 0, 0, 0, 0, 0, 0; %6dt
0, 0, 0, 0, 0, 0, 0, 0, 0, 0; %7T3
0, 0, 0, 0, 0, 0, 0, 0, 0, 0; %Bp3
0, 0, 0, 0, 0, 0, 0, 0, 0, 0; %T7P
0, 0, 0, 0, 0, 0, 0, 0, 0, 0]]; %tBP
Test_probs = [Test_probs;
[0.00742359, 0.00804931, 0.00814205, 0.00864761, 0.00990449, 0.0121006, 0.0160422, 0.0212731, 0.0497173, 0.100299; %6dB
0.00763952, 0.0077996, 0.00839783, 0.00861453, 0.00954747, 0.0115275, 0.0155459, 0.0212272, 0.050044, 0.100692; %Bpd
0.00728385, 0.0079017, 0.00854146, 0.00907897, 0.010664, 0.0128747, 0.0180221, 0.0257819, 0.0565205, 0.0985657; %Dtb
0.00770499, 0.00822281, 0.00814525, 0.00865214, 0.0101004, 0.0122977, 0.0158328, 0.0224105, 0.0501335, 0.103441; %T7B
0.00734539, 0.00806638, 0.0081371, 0.00910984, 0.0102166, 0.0127245, 0.0169387, 0.0230176, 0.0537934, 0.104214; %bBP
0.00748485, 0.0079019, 0.00842946, 0.00882839, 0.0103446, 0.0122826, 0.0170839, 0.0245082, 0.0564387, 0.10505]]; %pT3
Dist_probs = [Dist_probs;
[8.14649e-07, 8.11025e-07, 8.08301e-07, 8.08659e-07, 8.09119e-07, 8.17358e-07, 8.41852e-07, 8.79404e-07, 1.17276e-06, 1.67537e-06; %3tb
8.14649e-07, 8.11025e-07, 8.08301e-07, 8.08659e-07, 8.09119e-07, 8.17358e-07, 8.41852e-07, 8.79404e-07, 1.17276e-06, 1.67537e-06; %6dt
8.14649e-07, 8.11025e-07, 8.08301e-07, 8.08659e-07, 8.09119e-07, 8.17358e-07, 8.41852e-07, 8.79404e-07, 1.17276e-06, 1.67537e-06; %7T3
8.14649e-07, 8.11025e-07, 8.08301e-07, 8.08659e-07, 8.09119e-07, 8.17358e-07, 8.41852e-07, 8.79404e-07, 1.17276e-06, 1.67537e-06; %Bp3
8.14649e-07, 8.11025e-07, 8.08301e-07, 8.08659e-07, 8.09119e-07, 8.17358e-07, 8.41852e-07, 8.79404e-07, 1.17276e-06, 1.67537e-06; %T7P
8.14649e-07, 8.11025e-07, 8.08301e-07, 8.08659e-07, 8.09119e-07, 8.17358e-07, 8.41852e-07, 8.79404e-07, 1.17276e-06, 1.67537e-06]]; %tBP
Test_probs_str = [Test_probs_str;
[5.45253e-05, 5.79089e-05, 5.87598e-05, 6.17837e-05, 6.9559e-05, 8.31548e-05, 0.000110382, 0.000149165, 0.000432097, 0.00118106; %6dB
6.00874e-05, 6.10632e-05, 6.43961e-05, 6.5889e-05, 7.16345e-05, 8.44284e-05, 0.00011091, 0.000151421, 0.000431574, 0.00118631; %Bpd
4.84516e-05, 5.17753e-05, 5.53762e-05, 5.82542e-05, 6.75825e-05, 8.08096e-05, 0.000113559, 0.000166061, 0.000469769, 0.00116096; %Dtb
5.81453e-05, 6.06993e-05, 6.04155e-05, 6.36946e-05, 7.25661e-05, 8.59958e-05, 0.000110736, 0.000157898, 0.000435229, 0.00121816; %T7B
4.99197e-05, 5.3855e-05, 5.42397e-05, 5.96234e-05, 6.61344e-05, 8.12647e-05, 0.000108351, 0.000150391, 0.000448777, 0.00122727; %bBP
4.9522e-05, 5.19064e-05, 5.46238e-05, 5.71017e-05, 6.55336e-05, 7.74949e-05, 0.000107563, 0.00015763, 0.000467142, 0.00123725]]; %pT3
Dist_probs_str = [Dist_probs_str;
[2.48332e-06, 2.43071e-06, 2.48338e-06, 2.50277e-06, 2.48061e-06, 2.33053e-06, 2.21112e-06, 1.95594e-06, 6.71463e-07, 2.16141e-08; %3tb
2.48037e-06, 2.37585e-06, 2.44892e-06, 2.40507e-06, 2.30063e-06, 2.19956e-06, 1.99683e-06, 1.69406e-06, 5.80361e-07, 2.1617e-08; %6dt
2.34234e-06, 2.49743e-06, 2.39065e-06, 2.43657e-06, 2.24498e-06, 2.3345e-06, 2.03633e-06, 1.83977e-06, 6.20611e-07, 2.17046e-08; %7T3
4.05999e-06, 4.04801e-06, 4.07348e-06, 4.07897e-06, 4.09702e-06, 4.05142e-06, 3.81907e-06, 3.66899e-06, 1.58737e-06, 2.12174e-08; %Bp3
2.55443e-06, 2.45722e-06, 2.5714e-06, 2.55765e-06, 2.71573e-06, 2.74518e-06, 3.12965e-06, 3.59392e-06, 3.8827e-06, 2.15381e-08; %T7P
2.6272e-06, 2.54899e-06, 2.54649e-06, 2.51274e-06, 2.31682e-06, 2.17531e-06, 1.7862e-06, 1.39649e-06, 3.33753e-07, 2.1317e-08]]; %tBP
Choice_probs = [Choice_probs;
[0.999884, 0.999893, 0.999895, 0.9999, 0.999915, 0.99993, 0.999946, 0.999958, 0.999976, 0.999983; %6dB
0.999888, 0.99989, 0.999898, 0.999901, 0.999912, 0.999926, 0.999944, 0.999957, 0.999976, 0.999983; %Bpd
0.999881, 0.999892, 0.999899, 0.999906, 0.99992, 0.999934, 0.999952, 0.999965, 0.999979, 0.999983; %Dtb
0.999889, 0.999896, 0.999892, 0.999901, 0.999916, 0.999931, 0.999945, 0.99996, 0.999976, 0.999984; %T7B
0.999883, 0.999893, 0.999896, 0.999906, 0.999917, 0.999933, 0.999949, 0.999961, 0.999978, 0.999984; %bBP
0.999883, 0.999891, 0.999899, 0.999904, 0.999919, 0.999931, 0.999949, 0.999963, 0.999979, 0.999984]]; %pT3
Choice_probs_str = [Choice_probs_str;
[0.950712, 0.953759, 0.954057, 0.956135, 0.961884, 0.968722, 0.977486, 0.984137, 0.996988, 0.999982; %6dB
0.955122, 0.956395, 0.957949, 0.959116, 0.963142, 0.969048, 0.977448, 0.984305, 0.996971, 0.999982; %Bpd
0.944208, 0.948563, 0.950708, 0.953574, 0.960364, 0.967411, 0.978135, 0.985754, 0.997233, 0.999981; %Dtb
0.953823, 0.955916, 0.954932, 0.957714, 0.963451, 0.9697, 0.977561, 0.985012, 0.997016, 0.999982; %T7B
0.946129, 0.950049, 0.950347, 0.954461, 0.959814, 0.967779, 0.976986, 0.984233, 0.997101, 0.999982; %bBP
0.944937, 0.94849, 0.950493, 0.952962, 0.959583, 0.966275, 0.976642, 0.984898, 0.99721, 0.999982]]; %pT3

Test_items = [Test_items;
{'6dB';
'Bpd';
'Dtb';
'T7B';
'bBP';
'pT3'}];
Dist_items = [Dist_items;
{'3tb';
'6dt';
'7T3';
'Bp3';
'T7P';
'tBP'}];
