syllables = '$BDPTbdgklprt';
discounts = [0.01 0.02 0.05 0.1 0.2 0.5 1 2 5];
kn_probs = [0.000769230769230769 0.000769230769230769 0.000769230769230769 0.000769230769230769 0.000769230769230769 0.000769230769230769 0.000769230769230769 0.990769230769231 0.000769230769230769 0.000769230769230769 0.000769230769230769 0.000769230769230769 0.000769230769230769; % $ D=0.01
1.70940170940171e-05 1.70940170940171e-05 1.70940170940171e-05 1.70940170940171e-05 1.70940170940171e-05 1.70940170940171e-05 1.70940170940171e-05 1.70940170940171e-05 0.999794871794872 1.70940170940171e-05 1.70940170940171e-05 1.70940170940171e-05 1.70940170940171e-05; % B D=0.01
8.54700854700855e-06 8.54700854700855e-06 8.54700854700855e-06 8.54700854700855e-06 8.54700854700855e-06 8.54700854700855e-06 8.54700854700855e-06 8.54700854700855e-06 8.54700854700855e-06 8.54700854700855e-06 8.54700854700855e-06 0.999897435897436 8.54700854700855e-06; % D D=0.01
1.70940170940171e-05 0.999794871794872 1.70940170940171e-05 1.70940170940171e-05 1.70940170940171e-05 1.70940170940171e-05 1.70940170940171e-05 1.70940170940171e-05 1.70940170940171e-05 1.70940170940171e-05 1.70940170940171e-05 1.70940170940171e-05 1.70940170940171e-05; % P D=0.01
1.70940170940171e-05 1.70940170940171e-05 1.70940170940171e-05 1.70940170940171e-05 1.70940170940171e-05 0.999794871794872 1.70940170940171e-05 1.70940170940171e-05 1.70940170940171e-05 1.70940170940171e-05 1.70940170940171e-05 1.70940170940171e-05 1.70940170940171e-05; % T D=0.01
1.70940170940171e-05 1.70940170940171e-05 1.70940170940171e-05 1.70940170940171e-05 1.70940170940171e-05 1.70940170940171e-05 0.999794871794872 1.70940170940171e-05 1.70940170940171e-05 1.70940170940171e-05 1.70940170940171e-05 1.70940170940171e-05 1.70940170940171e-05; % b D=0.01
5.12820512820513e-05 5.12820512820513e-05 0.377606837606838 0.0442735042735043 5.12820512820513e-05 5.12820512820513e-05 5.12820512820513e-05 0.577606837606838 5.12820512820513e-05 5.12820512820513e-05 5.12820512820513e-05 5.12820512820513e-05 5.12820512820513e-05; % d D=0.01
8.54700854700855e-06 8.54700854700855e-06 8.54700854700855e-06 8.54700854700855e-06 8.54700854700855e-06 8.54700854700855e-06 8.54700854700855e-06 8.54700854700855e-06 8.54700854700855e-06 0.999897435897436 8.54700854700855e-06 8.54700854700855e-06 8.54700854700855e-06; % g D=0.01
3.41880341880342e-05 3.41880341880342e-05 0.599811965811966 3.41880341880342e-05 3.41880341880342e-05 3.41880341880342e-05 3.41880341880342e-05 0.399811965811966 3.41880341880342e-05 3.41880341880342e-05 3.41880341880342e-05 3.41880341880342e-05 3.41880341880342e-05; % k D=0.01
8.54700854700855e-06 8.54700854700855e-06 8.54700854700855e-06 8.54700854700855e-06 8.54700854700855e-06 8.54700854700855e-06 8.54700854700855e-06 8.54700854700855e-06 8.54700854700855e-06 8.54700854700855e-06 8.54700854700855e-06 8.54700854700855e-06 0.999897435897436; % l D=0.01
0.011034188034188 3.41880341880342e-05 3.41880341880342e-05 0.23325641025641 0.255478632478632 3.41880341880342e-05 3.41880341880342e-05 0.499923076923077 3.41880341880342e-05 3.41880341880342e-05 3.41880341880342e-05 3.41880341880342e-05 3.41880341880342e-05; % p D=0.01
8.54700854700855e-06 8.54700854700855e-06 8.54700854700855e-06 8.54700854700855e-06 8.54700854700855e-06 8.54700854700855e-06 8.54700854700855e-06 8.54700854700855e-06 8.54700854700855e-06 8.54700854700855e-06 0.999897435897436 8.54700854700855e-06 8.54700854700855e-06; % r D=0.01
2.56410256410256e-05 2.56410256410256e-05 0.511025641025641 0.244358974358974 0.244358974358974 2.56410256410256e-05 2.56410256410256e-05 2.56410256410256e-05 2.56410256410256e-05 2.56410256410256e-05 2.56410256410256e-05 2.56410256410256e-05 2.56410256410256e-05; % t D=0.01
0.00153846153846154 0.00153846153846154 0.00153846153846154 0.00153846153846154 0.00153846153846154 0.00153846153846154 0.00153846153846154 0.981538461538461 0.00153846153846154 0.00153846153846154 0.00153846153846154 0.00153846153846154 0.00153846153846154; % $ D=0.02
3.41880341880342e-05 3.41880341880342e-05 3.41880341880342e-05 3.41880341880342e-05 3.41880341880342e-05 3.41880341880342e-05 3.41880341880342e-05 3.41880341880342e-05 0.999589743589744 3.41880341880342e-05 3.41880341880342e-05 3.41880341880342e-05 3.41880341880342e-05; % B D=0.02
1.70940170940171e-05 1.70940170940171e-05 1.70940170940171e-05 1.70940170940171e-05 1.70940170940171e-05 1.70940170940171e-05 1.70940170940171e-05 1.70940170940171e-05 1.70940170940171e-05 1.70940170940171e-05 1.70940170940171e-05 0.999794871794872 1.70940170940171e-05; % D D=0.02
3.41880341880342e-05 0.999589743589744 3.41880341880342e-05 3.41880341880342e-05 3.41880341880342e-05 3.41880341880342e-05 3.41880341880342e-05 3.41880341880342e-05 3.41880341880342e-05 3.41880341880342e-05 3.41880341880342e-05 3.41880341880342e-05 3.41880341880342e-05; % P D=0.02
3.41880341880342e-05 3.41880341880342e-05 3.41880341880342e-05 3.41880341880342e-05 3.41880341880342e-05 0.999589743589744 3.41880341880342e-05 3.41880341880342e-05 3.41880341880342e-05 3.41880341880342e-05 3.41880341880342e-05 3.41880341880342e-05 3.41880341880342e-05; % T D=0.02
3.41880341880342e-05 3.41880341880342e-05 3.41880341880342e-05 3.41880341880342e-05 3.41880341880342e-05 3.41880341880342e-05 0.999589743589744 3.41880341880342e-05 3.41880341880342e-05 3.41880341880342e-05 3.41880341880342e-05 3.41880341880342e-05 3.41880341880342e-05; % b D=0.02
0.000102564102564103 0.000102564102564103 0.377435897435897 0.0441025641025641 0.000102564102564103 0.000102564102564103 0.000102564102564103 0.577435897435898 0.000102564102564103 0.000102564102564103 0.000102564102564103 0.000102564102564103 0.000102564102564103; % d D=0.02
1.70940170940171e-05 1.70940170940171e-05 1.70940170940171e-05 1.70940170940171e-05 1.70940170940171e-05 1.70940170940171e-05 1.70940170940171e-05 1.70940170940171e-05 1.70940170940171e-05 0.999794871794872 1.70940170940171e-05 1.70940170940171e-05 1.70940170940171e-05; % g D=0.02
6.83760683760684e-05 6.83760683760684e-05 0.599623931623932 6.83760683760684e-05 6.83760683760684e-05 6.83760683760684e-05 6.83760683760684e-05 0.399623931623932 6.83760683760684e-05 6.83760683760684e-05 6.83760683760684e-05 6.83760683760684e-05 6.83760683760684e-05; % k D=0.02
1.70940170940171e-05 1.70940170940171e-05 1.70940170940171e-05 1.70940170940171e-05 1.70940170940171e-05 1.70940170940171e-05 1.70940170940171e-05 1.70940170940171e-05 1.70940170940171e-05 1.70940170940171e-05 1.70940170940171e-05 1.70940170940171e-05 0.999794871794872; % l D=0.02
0.010957264957265 6.83760683760684e-05 6.83760683760684e-05 0.233179487179487 0.255401709401709 6.83760683760684e-05 6.83760683760684e-05 0.499846153846154 6.83760683760684e-05 6.83760683760684e-05 6.83760683760684e-05 6.83760683760684e-05 6.83760683760684e-05; % p D=0.02
1.70940170940171e-05 1.70940170940171e-05 1.70940170940171e-05 1.70940170940171e-05 1.70940170940171e-05 1.70940170940171e-05 1.70940170940171e-05 1.70940170940171e-05 1.70940170940171e-05 1.70940170940171e-05 0.999794871794872 1.70940170940171e-05 1.70940170940171e-05; % r D=0.02
5.12820512820513e-05 5.12820512820513e-05 0.510940170940171 0.244273504273504 0.244273504273504 5.12820512820513e-05 5.12820512820513e-05 5.12820512820513e-05 5.12820512820513e-05 5.12820512820513e-05 5.12820512820513e-05 5.12820512820513e-05 5.12820512820513e-05; % t D=0.02
0.00384615384615385 0.00384615384615385 0.00384615384615385 0.00384615384615385 0.00384615384615385 0.00384615384615385 0.00384615384615385 0.953846153846154 0.00384615384615385 0.00384615384615385 0.00384615384615385 0.00384615384615385 0.00384615384615385; % $ D=0.05
8.54700854700855e-05 8.54700854700855e-05 8.54700854700855e-05 8.54700854700855e-05 8.54700854700855e-05 8.54700854700855e-05 8.54700854700855e-05 8.54700854700855e-05 0.998974358974359 8.54700854700855e-05 8.54700854700855e-05 8.54700854700855e-05 8.54700854700855e-05; % B D=0.05
