syllables = '$BDGKPTbdgkpt';
discounts = [0.01 0.02 0.05 0.1 0.2 0.5 1 2 5];
kn_probs = [0.000128205128205128 0.000128205128205128 0.000128205128205128 0.499294871794872 0.000128205128205128 0.000128205128205128 0.499294871794872 0.000128205128205128 0.000128205128205128 0.000128205128205128 0.000128205128205128 0.000128205128205128 0.000128205128205128; % $ D=0.01
0.0237891737891738 6.10500610500611e-06 6.10500610500611e-06 0.481461131461131 6.10500610500611e-06 6.10500610500611e-06 0.494688644688645 6.10500610500611e-06 6.10500610500611e-06 6.10500610500611e-06 6.10500610500611e-06 6.10500610500611e-06 6.10500610500611e-06; % B D=0.01
2.03500203500203e-06 2.03500203500203e-06 2.03500203500203e-06 2.03500203500203e-06 2.03500203500203e-06 0.99997557997558 2.03500203500203e-06 2.03500203500203e-06 2.03500203500203e-06 2.03500203500203e-06 2.03500203500203e-06 2.03500203500203e-06 2.03500203500203e-06; % D D=0.01
2.03500203500203e-06 2.03500203500203e-06 0.99997557997558 2.03500203500203e-06 2.03500203500203e-06 2.03500203500203e-06 2.03500203500203e-06 2.03500203500203e-06 2.03500203500203e-06 2.03500203500203e-06 2.03500203500203e-06 2.03500203500203e-06 2.03500203500203e-06; % G D=0.01
2.03500203500203e-06 2.03500203500203e-06 2.03500203500203e-06 2.03500203500203e-06 2.03500203500203e-06 2.03500203500203e-06 2.03500203500203e-06 2.03500203500203e-06 2.03500203500203e-06 2.03500203500203e-06 2.03500203500203e-06 2.03500203500203e-06 0.99997557997558; % K D=0.01
4.07000407000407e-06 4.07000407000407e-06 4.07000407000407e-06 4.07000407000407e-06 0.476168091168091 4.07000407000407e-06 4.07000407000407e-06 4.07000407000407e-06 0.523787138787139 4.07000407000407e-06 4.07000407000407e-06 4.07000407000407e-06 4.07000407000407e-06; % P D=0.01
2.03500203500203e-06 2.03500203500203e-06 2.03500203500203e-06 2.03500203500203e-06 2.03500203500203e-06 2.03500203500203e-06 2.03500203500203e-06 2.03500203500203e-06 2.03500203500203e-06 0.99997557997558 2.03500203500203e-06 2.03500203500203e-06 2.03500203500203e-06; % T D=0.01
0.00791615791615792 6.10500610500611e-06 6.10500610500611e-06 0.502625152625153 6.10500610500611e-06 6.10500610500611e-06 0.489397639397639 6.10500610500611e-06 6.10500610500611e-06 6.10500610500611e-06 6.10500610500611e-06 6.10500610500611e-06 6.10500610500611e-06; % b D=0.01
2.03500203500203e-06 2.03500203500203e-06 2.03500203500203e-06 2.03500203500203e-06 2.03500203500203e-06 2.03500203500203e-06 2.03500203500203e-06 2.03500203500203e-06 2.03500203500203e-06 2.03500203500203e-06 0.99997557997558 2.03500203500203e-06 2.03500203500203e-06; % d D=0.01
2.03500203500203e-06 2.03500203500203e-06 2.03500203500203e-06 2.03500203500203e-06 2.03500203500203e-06 2.03500203500203e-06 2.03500203500203e-06 2.03500203500203e-06 2.03500203500203e-06 2.03500203500203e-06 2.03500203500203e-06 0.99997557997558 2.03500203500203e-06; % g D=0.01
2.03500203500203e-06 2.03500203500203e-06 2.03500203500203e-06 2.03500203500203e-06 2.03500203500203e-06 2.03500203500203e-06 2.03500203500203e-06 0.99997557997558 2.03500203500203e-06 2.03500203500203e-06 2.03500203500203e-06 2.03500203500203e-06 2.03500203500203e-06; % k D=0.01
4.07000407000407e-06 4.07000407000407e-06 4.07000407000407e-06 4.07000407000407e-06 0.523787138787139 4.07000407000407e-06 4.07000407000407e-06 4.07000407000407e-06 0.476168091168091 4.07000407000407e-06 4.07000407000407e-06 4.07000407000407e-06 4.07000407000407e-06; % p D=0.01
2.03500203500203e-06 0.99997557997558 2.03500203500203e-06 2.03500203500203e-06 2.03500203500203e-06 2.03500203500203e-06 2.03500203500203e-06 2.03500203500203e-06 2.03500203500203e-06 2.03500203500203e-06 2.03500203500203e-06 2.03500203500203e-06 2.03500203500203e-06; % t D=0.01
0.000256410256410256 0.000256410256410256 0.000256410256410256 0.498589743589744 0.000256410256410256 0.000256410256410256 0.498589743589744 0.000256410256410256 0.000256410256410256 0.000256410256410256 0.000256410256410256 0.000256410256410256 0.000256410256410256; % $ D=0.02
0.0237688237688238 1.22100122100122e-05 1.22100122100122e-05 0.481440781440781 1.22100122100122e-05 1.22100122100122e-05 0.494668294668295 1.22100122100122e-05 1.22100122100122e-05 1.22100122100122e-05 1.22100122100122e-05 1.22100122100122e-05 1.22100122100122e-05; % B D=0.02
4.07000407000407e-06 4.07000407000407e-06 4.07000407000407e-06 4.07000407000407e-06 4.07000407000407e-06 0.99995115995116 4.07000407000407e-06 4.07000407000407e-06 4.07000407000407e-06 4.07000407000407e-06 4.07000407000407e-06 4.07000407000407e-06 4.07000407000407e-06; % D D=0.02
4.07000407000407e-06 4.07000407000407e-06 0.99995115995116 4.07000407000407e-06 4.07000407000407e-06 4.07000407000407e-06 4.07000407000407e-06 4.07000407000407e-06 4.07000407000407e-06 4.07000407000407e-06 4.07000407000407e-06 4.07000407000407e-06 4.07000407000407e-06; % G D=0.02
4.07000407000407e-06 4.07000407000407e-06 4.07000407000407e-06 4.07000407000407e-06 4.07000407000407e-06 4.07000407000407e-06 4.07000407000407e-06 4.07000407000407e-06 4.07000407000407e-06 4.07000407000407e-06 4.07000407000407e-06 4.07000407000407e-06 0.99995115995116; % K D=0.02
8.14000814000814e-06 8.14000814000814e-06 8.14000814000814e-06 8.14000814000814e-06 0.476145706145706 8.14000814000814e-06 8.14000814000814e-06 8.14000814000814e-06 0.523764753764754 8.14000814000814e-06 8.14000814000814e-06 8.14000814000814e-06 8.14000814000814e-06; % P D=0.02
4.07000407000407e-06 4.07000407000407e-06 4.07000407000407e-06 4.07000407000407e-06 4.07000407000407e-06 4.07000407000407e-06 4.07000407000407e-06 4.07000407000407e-06 4.07000407000407e-06 0.99995115995116 4.07000407000407e-06 4.07000407000407e-06 4.07000407000407e-06; % T D=0.02
0.0078958078958079 1.22100122100122e-05 1.22100122100122e-05 0.502604802604803 1.22100122100122e-05 1.22100122100122e-05 0.489377289377289 1.22100122100122e-05 1.22100122100122e-05 1.22100122100122e-05 1.22100122100122e-05 1.22100122100122e-05 1.22100122100122e-05; % b D=0.02
4.07000407000407e-06 4.07000407000407e-06 4.07000407000407e-06 4.07000407000407e-06 4.07000407000407e-06 4.07000407000407e-06 4.07000407000407e-06 4.07000407000407e-06 4.07000407000407e-06 4.07000407000407e-06 0.99995115995116 4.07000407000407e-06 4.07000407000407e-06; % d D=0.02
4.07000407000407e-06 4.07000407000407e-06 4.07000407000407e-06 4.07000407000407e-06 4.07000407000407e-06 4.07000407000407e-06 4.07000407000407e-06 4.07000407000407e-06 4.07000407000407e-06 4.07000407000407e-06 4.07000407000407e-06 0.99995115995116 4.07000407000407e-06; % g D=0.02
4.07000407000407e-06 4.07000407000407e-06 4.07000407000407e-06 4.07000407000407e-06 4.07000407000407e-06 4.07000407000407e-06 4.07000407000407e-06 0.99995115995116 4.07000407000407e-06 4.07000407000407e-06 4.07000407000407e-06 4.07000407000407e-06 4.07000407000407e-06; % k D=0.02
8.14000814000814e-06 8.14000814000814e-06 8.14000814000814e-06 8.14000814000814e-06 0.523764753764754 8.14000814000814e-06 8.14000814000814e-06 8.14000814000814e-06 0.476145706145706 8.14000814000814e-06 8.14000814000814e-06 8.14000814000814e-06 8.14000814000814e-06; % p D=0.02
4.07000407000407e-06 0.99995115995116 4.07000407000407e-06 4.07000407000407e-06 4.07000407000407e-06 4.07000407000407e-06 4.07000407000407e-06 4.07000407000407e-06 4.07000407000407e-06 4.07000407000407e-06 4.07000407000407e-06 4.07000407000407e-06 4.07000407000407e-06; % t D=0.02
0.000641025641025641 0.000641025641025641 0.000641025641025641 0.496474358974359 0.000641025641025641 0.000641025641025641 0.496474358974359 0.000641025641025641 0.000641025641025641 0.000641025641025641 0.000641025641025641 0.000641025641025641 0.000641025641025641; % $ D=0.05
0.0237077737077737 3.05250305250305e-05 3.05250305250305e-05 0.481379731379731 3.05250305250305e-05 3.05250305250305e-05 0.494607244607245 3.05250305250305e-05 3.05250305250305e-05 3.05250305250305e-05 3.05250305250305e-05 3.05250305250305e-05 3.05250305250305e-05; % B D=0.05
