syllables = '$BDGKLPTVZbdgklptvz';
discounts = [0.01 0.02 0.05 0.1 0.2 0.5 1 2 5];
kn_probs = [4.21052631578947e-05 4.21052631578947e-05 4.21052631578947e-05 0.133242105263158 4.21052631578947e-05 0.279908771929825 4.21052631578947e-05 4.21052631578947e-05 4.21052631578947e-05 4.21052631578947e-05 0.173242105263158 4.21052631578947e-05 4.21052631578947e-05 4.21052631578947e-05 4.21052631578947e-05 4.21052631578947e-05 0.213242105263158 0.0932421052631579 0.106575438596491; % $ D=0.01
5.26315789473684e-06 5.26315789473684e-06 5.26315789473684e-06 5.26315789473684e-06 5.26315789473684e-06 5.26315789473684e-06 5.26315789473684e-06 5.26315789473684e-06 0.999905263157895 5.26315789473684e-06 5.26315789473684e-06 5.26315789473684e-06 5.26315789473684e-06 5.26315789473684e-06 5.26315789473684e-06 5.26315789473684e-06 5.26315789473684e-06 5.26315789473684e-06 5.26315789473684e-06; % B D=0.01
0.209936842105263 3.68421052631579e-05 3.68421052631579e-05 0.119936842105263 3.68421052631579e-05 0.209936842105263 3.68421052631579e-05 3.68421052631579e-05 3.68421052631579e-05 3.68421052631579e-05 0.169936842105263 3.68421052631579e-05 3.68421052631579e-05 3.68421052631579e-05 3.68421052631579e-05 3.68421052631579e-05 0.149936842105263 0.129936842105263 0.00993684210526316; % D D=0.01
5.26315789473684e-06 5.26315789473684e-06 5.26315789473684e-06 5.26315789473684e-06 5.26315789473684e-06 5.26315789473684e-06 5.26315789473684e-06 5.26315789473684e-06 5.26315789473684e-06 5.26315789473684e-06 5.26315789473684e-06 5.26315789473684e-06 0.999905263157895 5.26315789473684e-06 5.26315789473684e-06 5.26315789473684e-06 5.26315789473684e-06 5.26315789473684e-06 5.26315789473684e-06; % G D=0.01
0.109931578947368 3.15789473684211e-05 3.15789473684211e-05 0.199931578947368 3.15789473684211e-05 0.119931578947368 3.15789473684211e-05 3.15789473684211e-05 3.15789473684211e-05 3.15789473684211e-05 0.249931578947368 3.15789473684211e-05 3.15789473684211e-05 3.15789473684211e-05 3.15789473684211e-05 3.15789473684211e-05 0.119931578947368 3.15789473684211e-05 0.199931578947368; % K D=0.01
5.26315789473684e-06 5.26315789473684e-06 5.26315789473684e-06 5.26315789473684e-06 5.26315789473684e-06 5.26315789473684e-06 0.999905263157895 5.26315789473684e-06 5.26315789473684e-06 5.26315789473684e-06 5.26315789473684e-06 5.26315789473684e-06 5.26315789473684e-06 5.26315789473684e-06 5.26315789473684e-06 5.26315789473684e-06 5.26315789473684e-06 5.26315789473684e-06 5.26315789473684e-06; % L D=0.01
0.0799315789473684 3.15789473684211e-05 3.15789473684211e-05 0.219931578947368 3.15789473684211e-05 3.15789473684211e-05 3.15789473684211e-05 3.15789473684211e-05 3.15789473684211e-05 3.15789473684211e-05 0.169931578947368 3.15789473684211e-05 3.15789473684211e-05 3.15789473684211e-05 3.15789473684211e-05 3.15789473684211e-05 0.179931578947368 0.169931578947368 0.179931578947368; % P D=0.01
0.159931578947368 3.15789473684211e-05 3.15789473684211e-05 0.169931578947368 3.15789473684211e-05 0.149931578947368 3.15789473684211e-05 3.15789473684211e-05 3.15789473684211e-05 3.15789473684211e-05 3.15789473684211e-05 3.15789473684211e-05 3.15789473684211e-05 3.15789473684211e-05 3.15789473684211e-05 3.15789473684211e-05 0.169931578947368 0.189931578947368 0.159931578947368; % T D=0.01
5.26315789473684e-06 5.26315789473684e-06 0.999905263157895 5.26315789473684e-06 5.26315789473684e-06 5.26315789473684e-06 5.26315789473684e-06 5.26315789473684e-06 5.26315789473684e-06 5.26315789473684e-06 5.26315789473684e-06 5.26315789473684e-06 5.26315789473684e-06 5.26315789473684e-06 5.26315789473684e-06 5.26315789473684e-06 5.26315789473684e-06 5.26315789473684e-06 5.26315789473684e-06; % V D=0.01
0.0699315789473684 3.15789473684211e-05 3.15789473684211e-05 3.15789473684211e-05 3.15789473684211e-05 0.159931578947368 3.15789473684211e-05 3.15789473684211e-05 3.15789473684211e-05 3.15789473684211e-05 0.159931578947368 3.15789473684211e-05 3.15789473684211e-05 3.15789473684211e-05 3.15789473684211e-05 3.15789473684211e-05 0.219931578947368 0.229931578947368 0.159931578947368; % Z D=0.01
5.26315789473684e-06 5.26315789473684e-06 5.26315789473684e-06 5.26315789473684e-06 5.26315789473684e-06 5.26315789473684e-06 5.26315789473684e-06 0.999905263157895 5.26315789473684e-06 5.26315789473684e-06 5.26315789473684e-06 5.26315789473684e-06 5.26315789473684e-06 5.26315789473684e-06 5.26315789473684e-06 5.26315789473684e-06 5.26315789473684e-06 5.26315789473684e-06 5.26315789473684e-06; % b D=0.01
5.26315789473684e-06 5.26315789473684e-06 5.26315789473684e-06 5.26315789473684e-06 5.26315789473684e-06 5.26315789473684e-06 5.26315789473684e-06 5.26315789473684e-06 5.26315789473684e-06 5.26315789473684e-06 5.26315789473684e-06 5.26315789473684e-06 5.26315789473684e-06 5.26315789473684e-06 5.26315789473684e-06 0.999905263157895 5.26315789473684e-06 5.26315789473684e-06 5.26315789473684e-06; % d D=0.01
5.26315789473684e-06 5.26315789473684e-06 5.26315789473684e-06 5.26315789473684e-06 5.26315789473684e-06 5.26315789473684e-06 5.26315789473684e-06 5.26315789473684e-06 5.26315789473684e-06 0.999905263157895 5.26315789473684e-06 5.26315789473684e-06 5.26315789473684e-06 5.26315789473684e-06 5.26315789473684e-06 5.26315789473684e-06 5.26315789473684e-06 5.26315789473684e-06 5.26315789473684e-06; % g D=0.01
0.119931578947368 3.15789473684211e-05 3.15789473684211e-05 0.189931578947368 3.15789473684211e-05 0.149931578947368 3.15789473684211e-05 3.15789473684211e-05 3.15789473684211e-05 3.15789473684211e-05 0.119931578947368 3.15789473684211e-05 3.15789473684211e-05 3.15789473684211e-05 3.15789473684211e-05 3.15789473684211e-05 3.15789473684211e-05 0.209931578947368 0.209931578947368; % k D=0.01
5.26315789473684e-06 5.26315789473684e-06 5.26315789473684e-06 5.26315789473684e-06 0.999905263157895 5.26315789473684e-06 5.26315789473684e-06 5.26315789473684e-06 5.26315789473684e-06 5.26315789473684e-06 5.26315789473684e-06 5.26315789473684e-06 5.26315789473684e-06 5.26315789473684e-06 5.26315789473684e-06 5.26315789473684e-06 5.26315789473684e-06 5.26315789473684e-06 5.26315789473684e-06; % l D=0.01
5.26315789473684e-06 5.26315789473684e-06 5.26315789473684e-06 5.26315789473684e-06 5.26315789473684e-06 5.26315789473684e-06 5.26315789473684e-06 5.26315789473684e-06 5.26315789473684e-06 5.26315789473684e-06 5.26315789473684e-06 5.26315789473684e-06 5.26315789473684e-06 0.999905263157895 5.26315789473684e-06 5.26315789473684e-06 5.26315789473684e-06 5.26315789473684e-06 5.26315789473684e-06; % p D=0.01
5.26315789473684e-06 5.26315789473684e-06 5.26315789473684e-06 5.26315789473684e-06 5.26315789473684e-06 5.26315789473684e-06 5.26315789473684e-06 5.26315789473684e-06 5.26315789473684e-06 5.26315789473684e-06 5.26315789473684e-06 0.999905263157895 5.26315789473684e-06 5.26315789473684e-06 5.26315789473684e-06 5.26315789473684e-06 5.26315789473684e-06 5.26315789473684e-06 5.26315789473684e-06; % t D=0.01
5.26315789473684e-06 5.26315789473684e-06 5.26315789473684e-06 5.26315789473684e-06 5.26315789473684e-06 5.26315789473684e-06 5.26315789473684e-06 5.26315789473684e-06 5.26315789473684e-06 5.26315789473684e-06 5.26315789473684e-06 5.26315789473684e-06 5.26315789473684e-06 5.26315789473684e-06 0.999905263157895 5.26315789473684e-06 5.26315789473684e-06 5.26315789473684e-06 5.26315789473684e-06; % v D=0.01
5.26315789473684e-06 0.999905263157895 5.26315789473684e-06 5.26315789473684e-06 5.26315789473684e-06 5.26315789473684e-06 5.26315789473684e-06 5.26315789473684e-06 5.26315789473684e-06 5.26315789473684e-06 5.26315789473684e-06 5.26315789473684e-06 5.26315789473684e-06 5.26315789473684e-06 5.26315789473684e-06 5.26315789473684e-06 5.26315789473684e-06 5.26315789473684e-06 5.26315789473684e-06; % z D=0.01
