syllables = '$BDGKLPTVZbdgklptvz';
discounts = [0.01 0.02 0.05 0.1 0.2 0.5 1 2 5];
kn_probs = [1.05263157894737e-05 0.159977192982456 1.05263157894737e-05 1.05263157894737e-05 1.05263157894737e-05 0.169977192982456 0.163310526315789 1.05263157894737e-05 1.05263157894737e-05 1.05263157894737e-05 1.05263157894737e-05 0.149977192982456 0.156643859649123 1.05263157894737e-05 1.05263157894737e-05 1.05263157894737e-05 1.05263157894737e-05 0.199977192982456 1.05263157894737e-05; % $ D=0.01
5.26315789473684e-06 5.26315789473684e-06 5.26315789473684e-06 0.999905263157895 5.26315789473684e-06 5.26315789473684e-06 5.26315789473684e-06 5.26315789473684e-06 5.26315789473684e-06 5.26315789473684e-06 5.26315789473684e-06 5.26315789473684e-06 5.26315789473684e-06 5.26315789473684e-06 5.26315789473684e-06 5.26315789473684e-06 5.26315789473684e-06 5.26315789473684e-06 5.26315789473684e-06; % B D=0.01
5.26315789473684e-06 5.26315789473684e-06 5.26315789473684e-06 5.26315789473684e-06 5.26315789473684e-06 5.26315789473684e-06 5.26315789473684e-06 5.26315789473684e-06 5.26315789473684e-06 5.26315789473684e-06 5.26315789473684e-06 5.26315789473684e-06 5.26315789473684e-06 5.26315789473684e-06 5.26315789473684e-06 5.26315789473684e-06 0.999905263157895 5.26315789473684e-06 5.26315789473684e-06; % D D=0.01
5.26315789473684e-06 5.26315789473684e-06 5.26315789473684e-06 5.26315789473684e-06 5.26315789473684e-06 5.26315789473684e-06 5.26315789473684e-06 5.26315789473684e-06 5.26315789473684e-06 5.26315789473684e-06 5.26315789473684e-06 5.26315789473684e-06 5.26315789473684e-06 5.26315789473684e-06 0.999905263157895 5.26315789473684e-06 5.26315789473684e-06 5.26315789473684e-06 5.26315789473684e-06; % G D=0.01
0.529931578947368 0.109931578947368 3.15789473684211e-05 3.15789473684211e-05 3.15789473684211e-05 0.0899315789473684 0.0599315789473684 3.15789473684211e-05 3.15789473684211e-05 3.15789473684211e-05 3.15789473684211e-05 0.0899315789473684 3.15789473684211e-05 3.15789473684211e-05 3.15789473684211e-05 3.15789473684211e-05 3.15789473684211e-05 0.119931578947368 3.15789473684211e-05; % K D=0.01
5.26315789473684e-06 5.26315789473684e-06 5.26315789473684e-06 5.26315789473684e-06 5.26315789473684e-06 5.26315789473684e-06 5.26315789473684e-06 5.26315789473684e-06 5.26315789473684e-06 5.26315789473684e-06 5.26315789473684e-06 5.26315789473684e-06 5.26315789473684e-06 0.999905263157895 5.26315789473684e-06 5.26315789473684e-06 5.26315789473684e-06 5.26315789473684e-06 5.26315789473684e-06; % L D=0.01
5.26315789473684e-06 5.26315789473684e-06 5.26315789473684e-06 5.26315789473684e-06 5.26315789473684e-06 5.26315789473684e-06 5.26315789473684e-06 5.26315789473684e-06 5.26315789473684e-06 0.999905263157895 5.26315789473684e-06 5.26315789473684e-06 5.26315789473684e-06 5.26315789473684e-06 5.26315789473684e-06 5.26315789473684e-06 5.26315789473684e-06 5.26315789473684e-06 5.26315789473684e-06; % P D=0.01
5.26315789473684e-06 5.26315789473684e-06 0.999905263157895 5.26315789473684e-06 5.26315789473684e-06 5.26315789473684e-06 5.26315789473684e-06 5.26315789473684e-06 5.26315789473684e-06 5.26315789473684e-06 5.26315789473684e-06 5.26315789473684e-06 5.26315789473684e-06 5.26315789473684e-06 5.26315789473684e-06 5.26315789473684e-06 5.26315789473684e-06 5.26315789473684e-06 5.26315789473684e-06; % T D=0.01
0.519931578947368 3.15789473684211e-05 3.15789473684211e-05 3.15789473684211e-05 3.15789473684211e-05 0.0899315789473684 0.0799315789473684 3.15789473684211e-05 3.15789473684211e-05 3.15789473684211e-05 3.15789473684211e-05 0.129931578947368 0.0999315789473684 3.15789473684211e-05 3.15789473684211e-05 3.15789473684211e-05 3.15789473684211e-05 0.0799315789473684 3.15789473684211e-05; % V D=0.01
5.26315789473684e-06 5.26315789473684e-06 5.26315789473684e-06 5.26315789473684e-06 5.26315789473684e-06 5.26315789473684e-06 5.26315789473684e-06 5.26315789473684e-06 5.26315789473684e-06 5.26315789473684e-06 5.26315789473684e-06 5.26315789473684e-06 5.26315789473684e-06 5.26315789473684e-06 5.26315789473684e-06 0.999905263157895 5.26315789473684e-06 5.26315789473684e-06 5.26315789473684e-06; % Z D=0.01
0.399931578947368 0.0999315789473684 3.15789473684211e-05 3.15789473684211e-05 3.15789473684211e-05 0.119931578947368 0.109931578947368 3.15789473684211e-05 3.15789473684211e-05 3.15789473684211e-05 3.15789473684211e-05 0.0899315789473684 0.179931578947368 3.15789473684211e-05 3.15789473684211e-05 3.15789473684211e-05 3.15789473684211e-05 3.15789473684211e-05 3.15789473684211e-05; % b D=0.01
5.26315789473684e-06 5.26315789473684e-06 5.26315789473684e-06 5.26315789473684e-06 5.26315789473684e-06 5.26315789473684e-06 5.26315789473684e-06 0.999905263157895 5.26315789473684e-06 5.26315789473684e-06 5.26315789473684e-06 5.26315789473684e-06 5.26315789473684e-06 5.26315789473684e-06 5.26315789473684e-06 5.26315789473684e-06 5.26315789473684e-06 5.26315789473684e-06 5.26315789473684e-06; % d D=0.01
5.26315789473684e-06 5.26315789473684e-06 5.26315789473684e-06 5.26315789473684e-06 0.999905263157895 5.26315789473684e-06 5.26315789473684e-06 5.26315789473684e-06 5.26315789473684e-06 5.26315789473684e-06 5.26315789473684e-06 5.26315789473684e-06 5.26315789473684e-06 5.26315789473684e-06 5.26315789473684e-06 5.26315789473684e-06 5.26315789473684e-06 5.26315789473684e-06 5.26315789473684e-06; % g D=0.01
0.489931578947368 0.0699315789473684 3.15789473684211e-05 3.15789473684211e-05 3.15789473684211e-05 3.15789473684211e-05 0.149931578947368 3.15789473684211e-05 3.15789473684211e-05 3.15789473684211e-05 3.15789473684211e-05 0.119931578947368 0.0899315789473684 3.15789473684211e-05 3.15789473684211e-05 3.15789473684211e-05 3.15789473684211e-05 0.0799315789473684 3.15789473684211e-05; % k D=0.01
5.26315789473684e-06 5.26315789473684e-06 5.26315789473684e-06 5.26315789473684e-06 5.26315789473684e-06 5.26315789473684e-06 5.26315789473684e-06 5.26315789473684e-06 0.999905263157895 5.26315789473684e-06 5.26315789473684e-06 5.26315789473684e-06 5.26315789473684e-06 5.26315789473684e-06 5.26315789473684e-06 5.26315789473684e-06 5.26315789473684e-06 5.26315789473684e-06 5.26315789473684e-06; % l D=0.01
0.509931578947368 0.119931578947368 3.15789473684211e-05 3.15789473684211e-05 3.15789473684211e-05 0.119931578947368 3.15789473684211e-05 3.15789473684211e-05 3.15789473684211e-05 3.15789473684211e-05 3.15789473684211e-05 0.119931578947368 0.0999315789473684 3.15789473684211e-05 3.15789473684211e-05 3.15789473684211e-05 3.15789473684211e-05 0.0299315789473684 3.15789473684211e-05; % p D=0.01
0.549931578947368 0.119931578947368 3.15789473684211e-05 3.15789473684211e-05 3.15789473684211e-05 0.0699315789473684 0.109931578947368 3.15789473684211e-05 3.15789473684211e-05 3.15789473684211e-05 3.15789473684211e-05 3.15789473684211e-05 0.0599315789473684 3.15789473684211e-05 3.15789473684211e-05 3.15789473684211e-05 3.15789473684211e-05 0.0899315789473684 3.15789473684211e-05; % t D=0.01
5.26315789473684e-06 5.26315789473684e-06 5.26315789473684e-06 5.26315789473684e-06 5.26315789473684e-06 5.26315789473684e-06 5.26315789473684e-06 5.26315789473684e-06 5.26315789473684e-06 5.26315789473684e-06 5.26315789473684e-06 5.26315789473684e-06 5.26315789473684e-06 5.26315789473684e-06 5.26315789473684e-06 5.26315789473684e-06 5.26315789473684e-06 5.26315789473684e-06 0.999905263157895; % v D=0.01
5.26315789473684e-06 5.26315789473684e-06 5.26315789473684e-06 5.26315789473684e-06 5.26315789473684e-06 5.26315789473684e-06 5.26315789473684e-06 5.26315789473684e-06 5.26315789473684e-06 5.26315789473684e-06 0.999905263157895 5.26315789473684e-06 5.26315789473684e-06 5.26315789473684e-06 5.26315789473684e-06 5.26315789473684e-06 5.26315789473684e-06 5.26315789473684e-06 5.26315789473684e-06; % z D=0.01
