syllables = '$BDGKLPTVZbdgklptvz';
discounts = [0.01 0.02 0.05 0.1 0.2 0.5 1 2 5];
kn_probs = [6.31578947368421e-05 6.31578947368421e-05 0.199863157894737 0.139863157894737 0.0798631578947369 6.31578947368421e-05 6.31578947368421e-05 6.31578947368421e-05 6.31578947368421e-05 6.31578947368421e-05 6.31578947368421e-05 0.119863157894737 0.279863157894737 6.31578947368421e-05 6.31578947368421e-05 0.179863157894737 6.31578947368421e-05 6.31578947368421e-05 6.31578947368421e-05; % $ D=0.01
5.26315789473684e-06 5.26315789473684e-06 5.26315789473684e-06 5.26315789473684e-06 5.26315789473684e-06 5.26315789473684e-06 5.26315789473684e-06 5.26315789473684e-06 5.26315789473684e-06 5.26315789473684e-06 0.999905263157895 5.26315789473684e-06 5.26315789473684e-06 5.26315789473684e-06 5.26315789473684e-06 5.26315789473684e-06 5.26315789473684e-06 5.26315789473684e-06 5.26315789473684e-06; % B D=0.01
5.26315789473684e-06 5.26315789473684e-06 5.26315789473684e-06 5.26315789473684e-06 5.26315789473684e-06 0.999905263157895 5.26315789473684e-06 5.26315789473684e-06 5.26315789473684e-06 5.26315789473684e-06 5.26315789473684e-06 5.26315789473684e-06 5.26315789473684e-06 5.26315789473684e-06 5.26315789473684e-06 5.26315789473684e-06 5.26315789473684e-06 5.26315789473684e-06 5.26315789473684e-06; % D D=0.01
5.26315789473684e-06 5.26315789473684e-06 5.26315789473684e-06 5.26315789473684e-06 5.26315789473684e-06 5.26315789473684e-06 5.26315789473684e-06 5.26315789473684e-06 5.26315789473684e-06 5.26315789473684e-06 5.26315789473684e-06 5.26315789473684e-06 5.26315789473684e-06 5.26315789473684e-06 0.999905263157895 5.26315789473684e-06 5.26315789473684e-06 5.26315789473684e-06 5.26315789473684e-06; % G D=0.01
5.26315789473684e-06 0.999905263157895 5.26315789473684e-06 5.26315789473684e-06 5.26315789473684e-06 5.26315789473684e-06 5.26315789473684e-06 5.26315789473684e-06 5.26315789473684e-06 5.26315789473684e-06 5.26315789473684e-06 5.26315789473684e-06 5.26315789473684e-06 5.26315789473684e-06 5.26315789473684e-06 5.26315789473684e-06 5.26315789473684e-06 5.26315789473684e-06 5.26315789473684e-06; % K D=0.01
0.109931578947368 3.15789473684211e-05 3.15789473684211e-05 0.179931578947368 0.139931578947368 3.15789473684211e-05 3.15789473684211e-05 3.15789473684211e-05 3.15789473684211e-05 3.15789473684211e-05 3.15789473684211e-05 0.159931578947368 0.159931578947368 3.15789473684211e-05 3.15789473684211e-05 0.249931578947368 3.15789473684211e-05 3.15789473684211e-05 3.15789473684211e-05; % L D=0.01
5.26315789473684e-06 5.26315789473684e-06 5.26315789473684e-06 5.26315789473684e-06 5.26315789473684e-06 5.26315789473684e-06 5.26315789473684e-06 5.26315789473684e-06 5.26315789473684e-06 5.26315789473684e-06 5.26315789473684e-06 5.26315789473684e-06 5.26315789473684e-06 0.999905263157895 5.26315789473684e-06 5.26315789473684e-06 5.26315789473684e-06 5.26315789473684e-06 5.26315789473684e-06; % P D=0.01
5.26315789473684e-06 5.26315789473684e-06 5.26315789473684e-06 5.26315789473684e-06 5.26315789473684e-06 5.26315789473684e-06 5.26315789473684e-06 5.26315789473684e-06 5.26315789473684e-06 5.26315789473684e-06 5.26315789473684e-06 5.26315789473684e-06 5.26315789473684e-06 5.26315789473684e-06 5.26315789473684e-06 5.26315789473684e-06 5.26315789473684e-06 5.26315789473684e-06 0.999905263157895; % T D=0.01
0.0999315789473684 3.15789473684211e-05 0.239931578947368 0.189931578947368 3.15789473684211e-05 3.15789473684211e-05 3.15789473684211e-05 3.15789473684211e-05 3.15789473684211e-05 3.15789473684211e-05 3.15789473684211e-05 0.199931578947368 0.0999315789473684 3.15789473684211e-05 3.15789473684211e-05 0.169931578947368 3.15789473684211e-05 3.15789473684211e-05 3.15789473684211e-05; % V D=0.01
0.0599315789473684 3.15789473684211e-05 0.129931578947368 0.169931578947368 0.159931578947368 3.15789473684211e-05 3.15789473684211e-05 3.15789473684211e-05 3.15789473684211e-05 3.15789473684211e-05 3.15789473684211e-05 0.259931578947368 3.15789473684211e-05 3.15789473684211e-05 3.15789473684211e-05 0.219931578947368 3.15789473684211e-05 3.15789473684211e-05 3.15789473684211e-05; % Z D=0.01
5.26315789473684e-06 5.26315789473684e-06 5.26315789473684e-06 5.26315789473684e-06 5.26315789473684e-06 5.26315789473684e-06 5.26315789473684e-06 5.26315789473684e-06 0.999905263157895 5.26315789473684e-06 5.26315789473684e-06 5.26315789473684e-06 5.26315789473684e-06 5.26315789473684e-06 5.26315789473684e-06 5.26315789473684e-06 5.26315789473684e-06 5.26315789473684e-06 5.26315789473684e-06; % b D=0.01
5.26315789473684e-06 5.26315789473684e-06 5.26315789473684e-06 5.26315789473684e-06 5.26315789473684e-06 5.26315789473684e-06 5.26315789473684e-06 0.999905263157895 5.26315789473684e-06 5.26315789473684e-06 5.26315789473684e-06 5.26315789473684e-06 5.26315789473684e-06 5.26315789473684e-06 5.26315789473684e-06 5.26315789473684e-06 5.26315789473684e-06 5.26315789473684e-06 5.26315789473684e-06; % d D=0.01
5.26315789473684e-06 5.26315789473684e-06 5.26315789473684e-06 5.26315789473684e-06 5.26315789473684e-06 5.26315789473684e-06 5.26315789473684e-06 5.26315789473684e-06 5.26315789473684e-06 5.26315789473684e-06 5.26315789473684e-06 5.26315789473684e-06 5.26315789473684e-06 5.26315789473684e-06 5.26315789473684e-06 5.26315789473684e-06 0.999905263157895 5.26315789473684e-06 5.26315789473684e-06; % g D=0.01
0.119936842105263 3.68421052631579e-05 0.119936842105263 0.00993684210526316 0.239936842105263 3.68421052631579e-05 3.68421052631579e-05 3.68421052631579e-05 3.68421052631579e-05 3.68421052631579e-05 3.68421052631579e-05 0.159936842105263 0.209936842105263 3.68421052631579e-05 3.68421052631579e-05 0.139936842105263 3.68421052631579e-05 3.68421052631579e-05 3.68421052631579e-05; % k D=0.01
5.26315789473684e-06 5.26315789473684e-06 5.26315789473684e-06 5.26315789473684e-06 5.26315789473684e-06 5.26315789473684e-06 0.999905263157895 5.26315789473684e-06 5.26315789473684e-06 5.26315789473684e-06 5.26315789473684e-06 5.26315789473684e-06 5.26315789473684e-06 5.26315789473684e-06 5.26315789473684e-06 5.26315789473684e-06 5.26315789473684e-06 5.26315789473684e-06 5.26315789473684e-06; % l D=0.01
5.26315789473684e-06 5.26315789473684e-06 5.26315789473684e-06 5.26315789473684e-06 5.26315789473684e-06 5.26315789473684e-06 5.26315789473684e-06 5.26315789473684e-06 5.26315789473684e-06 5.26315789473684e-06 5.26315789473684e-06 5.26315789473684e-06 5.26315789473684e-06 5.26315789473684e-06 5.26315789473684e-06 5.26315789473684e-06 5.26315789473684e-06 0.999905263157895 5.26315789473684e-06; % p D=0.01
5.26315789473684e-06 5.26315789473684e-06 5.26315789473684e-06 5.26315789473684e-06 5.26315789473684e-06 5.26315789473684e-06 5.26315789473684e-06 5.26315789473684e-06 5.26315789473684e-06 0.999905263157895 5.26315789473684e-06 5.26315789473684e-06 5.26315789473684e-06 5.26315789473684e-06 5.26315789473684e-06 5.26315789473684e-06 5.26315789473684e-06 5.26315789473684e-06 5.26315789473684e-06; % t D=0.01
0.0499315789473684 3.15789473684211e-05 0.239931578947368 0.159931578947368 0.179931578947368 3.15789473684211e-05 3.15789473684211e-05 3.15789473684211e-05 3.15789473684211e-05 3.15789473684211e-05 3.15789473684211e-05 0.159931578947368 0.209931578947368 3.15789473684211e-05 3.15789473684211e-05 3.15789473684211e-05 3.15789473684211e-05 3.15789473684211e-05 3.15789473684211e-05; % v D=0.01
0.0599315789473684 3.15789473684211e-05 0.169931578947368 0.219931578947368 0.239931578947368 3.15789473684211e-05 3.15789473684211e-05 3.15789473684211e-05 3.15789473684211e-05 3.15789473684211e-05 3.15789473684211e-05 3.15789473684211e-05 0.179931578947368 3.15789473684211e-05 3.15789473684211e-05 0.129931578947368 3.15789473684211e-05 3.15789473684211e-05 3.15789473684211e-05; % z D=0.01
