syllables = '$367BDPTbdpt';
discounts = [0.01 0.02 0.05 0.1 0.2 0.5 1 2 5];
kn_probs = [0.000347222222222222 0.000347222222222222 0.249513888888889 0.000347222222222222 0.166180555555556 0.166180555555556 0.000347222222222222 0.000347222222222222 0.166180555555556 0.000347222222222222 0.249513888888889 0.000347222222222222; % $ D=0.01
0.0039484126984127 1.98412698412698e-05 0.190456349206349 1.98412698412698e-05 0.194424603174603 0.214265873015873 1.98412698412698e-05 0.194424603174603 0.202361111111111 1.98412698412698e-05 1.98412698412698e-05 1.98412698412698e-05; % 3 D=0.01
3.30687830687831e-06 3.30687830687831e-06 3.30687830687831e-06 3.30687830687831e-06 3.30687830687831e-06 3.30687830687831e-06 3.30687830687831e-06 3.30687830687831e-06 3.30687830687831e-06 0.999963624338624 3.30687830687831e-06 3.30687830687831e-06; % 6 D=0.01
3.30687830687831e-06 3.30687830687831e-06 3.30687830687831e-06 3.30687830687831e-06 0.999963624338624 3.30687830687831e-06 3.30687830687831e-06 3.30687830687831e-06 3.30687830687831e-06 3.30687830687831e-06 3.30687830687831e-06 3.30687830687831e-06; % 7 D=0.01
0.00594907407407407 6.61375661375661e-06 0.0545601851851852 6.61375661375661e-06 0.0982109788359788 0.0982109788359788 0.249996693121693 0.0495998677248677 0.0912665343915344 6.61375661375661e-06 0.352179232804233 6.61375661375661e-06; % B D=0.01
3.30687830687831e-06 3.30687830687831e-06 3.30687830687831e-06 3.30687830687831e-06 3.30687830687831e-06 3.30687830687831e-06 3.30687830687831e-06 3.30687830687831e-06 3.30687830687831e-06 3.30687830687831e-06 3.30687830687831e-06 0.999963624338624; % D D=0.01
0.0118849206349206 1.98412698412698e-05 0.162678571428571 1.98412698412698e-05 0.210297619047619 0.186488095238095 1.98412698412698e-05 0.226170634920635 1.98412698412698e-05 1.98412698412698e-05 0.202361111111111 1.98412698412698e-05; % P D=0.01
3.30687830687831e-06 0.499983465608466 3.30687830687831e-06 0.499983465608466 3.30687830687831e-06 3.30687830687831e-06 3.30687830687831e-06 3.30687830687831e-06 3.30687830687831e-06 3.30687830687831e-06 3.30687830687831e-06 3.30687830687831e-06; % T D=0.01
0.00395833333333333 9.92063492063492e-06 0.0972123015873016 9.92063492063492e-06 0.597212301587302 9.92063492063492e-06 9.92063492063492e-06 0.107132936507937 0.0932440476190476 9.92063492063492e-06 0.101180555555556 9.92063492063492e-06; % b D=0.01
9.92063492063492e-06 9.92063492063492e-06 0.11110119047619 9.92063492063492e-06 0.499990079365079 0.0991964285714286 9.92063492063492e-06 0.0833234126984127 0.119037698412698 9.92063492063492e-06 0.0872916666666667 9.92063492063492e-06; % d D=0.01
3.30687830687831e-06 3.30687830687831e-06 3.30687830687831e-06 3.30687830687831e-06 3.30687830687831e-06 3.30687830687831e-06 3.30687830687831e-06 0.499983465608466 3.30687830687831e-06 0.499983465608466 3.30687830687831e-06 3.30687830687831e-06; % p D=0.01
3.30687830687831e-06 3.30687830687831e-06 3.30687830687831e-06 3.30687830687831e-06 3.30687830687831e-06 3.30687830687831e-06 3.30687830687831e-06 3.30687830687831e-06 0.999963624338624 3.30687830687831e-06 3.30687830687831e-06 3.30687830687831e-06; % t D=0.01
0.000694444444444444 0.000694444444444444 0.249027777777778 0.000694444444444444 0.165694444444444 0.165694444444444 0.000694444444444444 0.000694444444444444 0.165694444444444 0.000694444444444444 0.249027777777778 0.000694444444444444; % $ D=0.02
0.00392857142857143 3.96825396825397e-05 0.190436507936508 3.96825396825397e-05 0.194404761904762 0.214246031746032 3.96825396825397e-05 0.194404761904762 0.20234126984127 3.96825396825397e-05 3.96825396825397e-05 3.96825396825397e-05; % 3 D=0.02
6.61375661375661e-06 6.61375661375661e-06 6.61375661375661e-06 6.61375661375661e-06 6.61375661375661e-06 6.61375661375661e-06 6.61375661375661e-06 6.61375661375661e-06 6.61375661375661e-06 0.999927248677249 6.61375661375661e-06 6.61375661375661e-06; % 6 D=0.02
6.61375661375661e-06 6.61375661375661e-06 6.61375661375661e-06 6.61375661375661e-06 0.999927248677249 6.61375661375661e-06 6.61375661375661e-06 6.61375661375661e-06 6.61375661375661e-06 6.61375661375661e-06 6.61375661375661e-06 6.61375661375661e-06; % 7 D=0.02
0.0059457671957672 1.32275132275132e-05 0.0545568783068783 1.32275132275132e-05 0.098207671957672 0.098207671957672 0.249993386243386 0.0495965608465608 0.0912632275132275 1.32275132275132e-05 0.352175925925926 1.32275132275132e-05; % B D=0.02
6.61375661375661e-06 6.61375661375661e-06 6.61375661375661e-06 6.61375661375661e-06 6.61375661375661e-06 6.61375661375661e-06 6.61375661375661e-06 6.61375661375661e-06 6.61375661375661e-06 6.61375661375661e-06 6.61375661375661e-06 0.999927248677249; % D D=0.02
0.0118650793650794 3.96825396825397e-05 0.16265873015873 3.96825396825397e-05 0.210277777777778 0.186468253968254 3.96825396825397e-05 0.226150793650794 3.96825396825397e-05 3.96825396825397e-05 0.20234126984127 3.96825396825397e-05; % P D=0.02
6.61375661375661e-06 0.499966931216931 6.61375661375661e-06 0.499966931216931 6.61375661375661e-06 6.61375661375661e-06 6.61375661375661e-06 6.61375661375661e-06 6.61375661375661e-06 6.61375661375661e-06 6.61375661375661e-06 6.61375661375661e-06; % T D=0.02
0.0039484126984127 1.98412698412698e-05 0.0972023809523809 1.98412698412698e-05 0.597202380952381 1.98412698412698e-05 1.98412698412698e-05 0.107123015873016 0.093234126984127 1.98412698412698e-05 0.101170634920635 1.98412698412698e-05; % b D=0.02
1.98412698412698e-05 1.98412698412698e-05 0.11109126984127 1.98412698412698e-05 0.499980158730159 0.0991865079365079 1.98412698412698e-05 0.083313492063492 0.119027777777778 1.98412698412698e-05 0.087281746031746 1.98412698412698e-05; % d D=0.02
6.61375661375661e-06 6.61375661375661e-06 6.61375661375661e-06 6.61375661375661e-06 6.61375661375661e-06 6.61375661375661e-06 6.61375661375661e-06 0.499966931216931 6.61375661375661e-06 0.499966931216931 6.61375661375661e-06 6.61375661375661e-06; % p D=0.02
6.61375661375661e-06 6.61375661375661e-06 6.61375661375661e-06 6.61375661375661e-06 6.61375661375661e-06 6.61375661375661e-06 6.61375661375661e-06 6.61375661375661e-06 0.999927248677249 6.61375661375661e-06 6.61375661375661e-06 6.61375661375661e-06; % t D=0.02
0.00173611111111111 0.00173611111111111 0.247569444444444 0.00173611111111111 0.164236111111111 0.164236111111111 0.00173611111111111 0.00173611111111111 0.164236111111111 0.00173611111111111 0.247569444444444 0.00173611111111111; % $ D=0.05
0.00386904761904762 9.92063492063492e-05 0.190376984126984 9.92063492063492e-05 0.194345238095238 0.214186507936508 9.92063492063492e-05 0.194345238095238 0.202281746031746 9.92063492063492e-05 9.92063492063492e-05 9.92063492063492e-05; % 3 D=0.05
1.65343915343915e-05 1.65343915343915e-05 1.65343915343915e-05 1.65343915343915e-05 1.65343915343915e-05 1.65343915343915e-05 1.65343915343915e-05 1.65343915343915e-05 1.65343915343915e-05 0.999818121693122 1.65343915343915e-05 1.65343915343915e-05; % 6 D=0.05
1.65343915343915e-05 1.65343915343915e-05 1.65343915343915e-05 1.65343915343915e-05 0.999818121693122 1.65343915343915e-05 1.65343915343915e-05 1.65343915343915e-05 1.65343915343915e-05 1.65343915343915e-05 1.65343915343915e-05 1.65343915343915e-05; % 7 D=0.05
0.00593584656084656 3.30687830687831e-05 0.0545469576719577 3.30687830687831e-05 0.0981977513227513 0.0981977513227513 0.249983465608466 0.0495866402116402 0.0912533068783069 3.30687830687831e-05 0.352166005291005 3.30687830687831e-05; % B D=0.05
1.65343915343915e-05 1.65343915343915e-05 1.65343915343915e-05 1.65343915343915e-05 1.65343915343915e-05 1.65343915343915e-05 1.65343915343915e-05 1.65343915343915e-05 1.65343915343915e-05 1.65343915343915e-05 1.65343915343915e-05 0.999818121693122; % D D=0.05
0.0118055555555556 9.92063492063492e-05 0.162599206349206 9.92063492063492e-05 0.210218253968254 0.18640873015873 9.92063492063492e-05 0.22609126984127 9.92063492063492e-05 9.92063492063492e-05 0.202281746031746 9.92063492063492e-05; % P D=0.05
