syllables = '$367BDPTbdpt';
discounts = [0.01 0.02 0.05 0.1 0.2 0.5 1 2 5];
kn_probs = [0.000347222222222222 0.000347222222222222 0.249513888888889 0.000347222222222222 0.166180555555556 0.166180555555556 0.000347222222222222 0.000347222222222222 0.166180555555556 0.000347222222222222 0.249513888888889 0.000347222222222222; % $ D=0.01
0.0039484126984127 1.98412698412698e-05 0.190456349206349 1.98412698412698e-05 0.194424603174603 0.214265873015873 1.98412698412698e-05 0.194424603174603 0.202361111111111 1.98412698412698e-05 1.98412698412698e-05 1.98412698412698e-05; % 3 D=0.01
3.30687830687831e-06 3.30687830687831e-06 3.30687830687831e-06 3.30687830687831e-06 3.30687830687831e-06 3.30687830687831e-06 3.30687830687831e-06 3.30687830687831e-06 3.30687830687831e-06 0.999963624338624 3.30687830687831e-06 3.30687830687831e-06; % 6 D=0.01
3.30687830687831e-06 3.30687830687831e-06 3.30687830687831e-06 3.30687830687831e-06 0.999963624338624 3.30687830687831e-06 3.30687830687831e-06 3.30687830687831e-06 3.30687830687831e-06 3.30687830687831e-06 3.30687830687831e-06 3.30687830687831e-06; % 7 D=0.01
0.00594907407407407 6.61375661375661e-06 0.0545601851851852 6.61375661375661e-06 0.0982109788359788 0.0982109788359788 0.249996693121693 0.0495998677248677 0.0912665343915344 6.61375661375661e-06 0.352179232804233 6.61375661375661e-06; % B D=0.01
3.30687830687831e-06 3.30687830687831e-06 3.30687830687831e-06 3.30687830687831e-06 3.30687830687831e-06 3.30687830687831e-06 3.30687830687831e-06 3.30687830687831e-06 3.30687830687831e-06 3.30687830687831e-06 3.30687830687831e-06 0.999963624338624; % D D=0.01
0.0118849206349206 1.98412698412698e-05 0.162678571428571 1.98412698412698e-05 0.210297619047619 0.186488095238095 1.98412698412698e-05 0.226170634920635 1.98412698412698e-05 1.98412698412698e-05 0.202361111111111 1.98412698412698e-05; % P D=0.01
3.30687830687831e-06 0.499983465608466 3.30687830687831e-06 0.499983465608466 3.30687830687831e-06 3.30687830687831e-06 3.30687830687831e-06 3.30687830687831e-06 3.30687830687831e-06 3.30687830687831e-06 3.30687830687831e-06 3.30687830687831e-06; % T D=0.01
0.00395833333333333 9.92063492063492e-06 0.0972123015873016 9.92063492063492e-06 0.597212301587302 9.92063492063492e-06 9.92063492063492e-06 0.107132936507937 0.0932440476190476 9.92063492063492e-06 0.101180555555556 9.92063492063492e-06; % b D=0.01
9.92063492063492e-06 9.92063492063492e-06 0.11110119047619 9.92063492063492e-06 0.499990079365079 0.0991964285714286 9.92063492063492e-06 0.0833234126984127 0.119037698412698 9.92063492063492e-06 0.0872916666666667 9.92063492063492e-06; % d D=0.01
3.30687830687831e-06 3.30687830687831e-06 3.30687830687831e-06 3.30687830687831e-06 3.30687830687831e-06 3.30687830687831e-06 3.30687830687831e-06 0.499983465608466 3.30687830687831e-06 0.499983465608466 3.30687830687831e-06 3.30687830687831e-06; % p D=0.01
3.30687830687831e-06 3.30687830687831e-06 3.30687830687831e-06 3.30687830687831e-06 3.30687830687831e-06 3.30687830687831e-06 3.30687830687831e-06 3.30687830687831e-06 0.999963624338624 3.30687830687831e-06 3.30687830687831e-06 3.30687830687831e-06; % t D=0.01
0.000694444444444444 0.000694444444444444 0.249027777777778 0.000694444444444444 0.165694444444444 0.165694444444444 0.000694444444444444 0.000694444444444444 0.165694444444444 0.000694444444444444 0.249027777777778 0.000694444444444444; % $ D=0.02
0.00392857142857143 3.96825396825397e-05 0.190436507936508 3.96825396825397e-05 0.194404761904762 0.214246031746032 3.96825396825397e-05 0.194404761904762 0.20234126984127 3.96825396825397e-05 3.96825396825397e-05 3.96825396825397e-05; % 3 D=0.02
6.61375661375661e-06 6.61375661375661e-06 6.61375661375661e-06 6.61375661375661e-06 6.61375661375661e-06 6.61375661375661e-06 6.61375661375661e-06 6.61375661375661e-06 6.61375661375661e-06 0.999927248677249 6.61375661375661e-06 6.61375661375661e-06; % 6 D=0.02
6.61375661375661e-06 6.61375661375661e-06 6.61375661375661e-06 6.61375661375661e-06 0.999927248677249 6.61375661375661e-06 6.61375661375661e-06 6.61375661375661e-06 6.61375661375661e-06 6.61375661375661e-06 6.61375661375661e-06 6.61375661375661e-06; % 7 D=0.02
0.0059457671957672 1.32275132275132e-05 0.0545568783068783 1.32275132275132e-05 0.098207671957672 0.098207671957672 0.249993386243386 0.0495965608465608 0.0912632275132275 1.32275132275132e-05 0.352175925925926 1.32275132275132e-05; % B D=0.02
6.61375661375661e-06 6.61375661375661e-06 6.61375661375661e-06 6.61375661375661e-06 6.61375661375661e-06 6.61375661375661e-06 6.61375661375661e-06 6.61375661375661e-06 6.61375661375661e-06 6.61375661375661e-06 6.61375661375661e-06 0.999927248677249; % D D=0.02
0.0118650793650794 3.96825396825397e-05 0.16265873015873 3.96825396825397e-05 0.210277777777778 0.186468253968254 3.96825396825397e-05 0.226150793650794 3.96825396825397e-05 3.96825396825397e-05 0.20234126984127 3.96825396825397e-05; % P D=0.02
6.61375661375661e-06 0.499966931216931 6.61375661375661e-06 0.499966931216931 6.61375661375661e-06 6.61375661375661e-06 6.61375661375661e-06 6.61375661375661e-06 6.61375661375661e-06 6.61375661375661e-06 6.61375661375661e-06 6.61375661375661e-06; % T D=0.02
0.0039484126984127 1.98412698412698e-05 0.0972023809523809 1.98412698412698e-05 0.597202380952381 1.98412698412698e-05 1.98412698412698e-05 0.107123015873016 0.093234126984127 1.98412698412698e-05 0.101170634920635 1.98412698412698e-05; % b D=0.02
1.98412698412698e-05 1.98412698412698e-05 0.11109126984127 1.98412698412698e-05 0.499980158730159 0.0991865079365079 1.98412698412698e-05 0.083313492063492 0.119027777777778 1.98412698412698e-05 0.087281746031746 1.98412698412698e-05; % d D=0.02
6.61375661375661e-06 6.61375661375661e-06 6.61375661375661e-06 6.61375661375661e-06 6.61375661375661e-06 6.61375661375661e-06 6.61375661375661e-06 0.499966931216931 6.61375661375661e-06 0.499966931216931 6.61375661375661e-06 6.61375661375661e-06; % p D=0.02
6.61375661375661e-06 6.61375661375661e-06 6.61375661375661e-06 6.61375661375661e-06 6.61375661375661e-06 6.61375661375661e-06 6.61375661375661e-06 6.61375661375661e-06 0.999927248677249 6.61375661375661e-06 6.61375661375661e-06 6.61375661375661e-06; % t D=0.02
0.00173611111111111 0.00173611111111111 0.247569444444444 0.00173611111111111 0.164236111111111 0.164236111111111 0.00173611111111111 0.00173611111111111 0.164236111111111 0.00173611111111111 0.247569444444444 0.00173611111111111; % $ D=0.05
0.00386904761904762 9.92063492063492e-05 0.190376984126984 9.92063492063492e-05 0.194345238095238 0.214186507936508 9.92063492063492e-05 0.194345238095238 0.202281746031746 9.92063492063492e-05 9.92063492063492e-05 9.92063492063492e-05; % 3 D=0.05
1.65343915343915e-05 1.65343915343915e-05 1.65343915343915e-05 1.65343915343915e-05 1.65343915343915e-05 1.65343915343915e-05 1.65343915343915e-05 1.65343915343915e-05 1.65343915343915e-05 0.999818121693122 1.65343915343915e-05 1.65343915343915e-05; % 6 D=0.05
1.65343915343915e-05 1.65343915343915e-05 1.65343915343915e-05 1.65343915343915e-05 0.999818121693122 1.65343915343915e-05 1.65343915343915e-05 1.65343915343915e-05 1.65343915343915e-05 1.65343915343915e-05 1.65343915343915e-05 1.65343915343915e-05; % 7 D=0.05
0.00593584656084656 3.30687830687831e-05 0.0545469576719577 3.30687830687831e-05 0.0981977513227513 0.0981977513227513 0.249983465608466 0.0495866402116402 0.0912533068783069 3.30687830687831e-05 0.352166005291005 3.30687830687831e-05; % B D=0.05
1.65343915343915e-05 1.65343915343915e-05 1.65343915343915e-05 1.65343915343915e-05 1.65343915343915e-05 1.65343915343915e-05 1.65343915343915e-05 1.65343915343915e-05 1.65343915343915e-05 1.65343915343915e-05 1.65343915343915e-05 0.999818121693122; % D D=0.05
0.0118055555555556 9.92063492063492e-05 0.162599206349206 9.92063492063492e-05 0.210218253968254 0.18640873015873 9.92063492063492e-05 0.22609126984127 9.92063492063492e-05 9.92063492063492e-05 0.202281746031746 9.92063492063492e-05; % P D=0.05
1.65343915343915e-05 0.499917328042328 1.65343915343915e-05 0.499917328042328 1.65343915343915e-05 1.65343915343915e-05 1.65343915343915e-05 1.65343915343915e-05 1.65343915343915e-05 1.65343915343915e-05 1.65343915343915e-05 1.65343915343915e-05; % T D=0.05
0.00391865079365079 4.96031746031746e-05 0.097172619047619 4.96031746031746e-05 0.597172619047619 4.96031746031746e-05 4.96031746031746e-05 0.107093253968254 0.0932043650793651 4.96031746031746e-05 0.101140873015873 4.96031746031746e-05; % b D=0.05
4.96031746031746e-05 4.96031746031746e-05 0.111061507936508 4.96031746031746e-05 0.499950396825397 0.099156746031746 4.96031746031746e-05 0.0832837301587302 0.118998015873016 4.96031746031746e-05 0.0872519841269841 4.96031746031746e-05; % d D=0.05
1.65343915343915e-05 1.65343915343915e-05 1.65343915343915e-05 1.65343915343915e-05 1.65343915343915e-05 1.65343915343915e-05 1.65343915343915e-05 0.499917328042328 1.65343915343915e-05 0.499917328042328 1.65343915343915e-05 1.65343915343915e-05; % p D=0.05
1.65343915343915e-05 1.65343915343915e-05 1.65343915343915e-05 1.65343915343915e-05 1.65343915343915e-05 1.65343915343915e-05 1.65343915343915e-05 1.65343915343915e-05 0.999818121693122 1.65343915343915e-05 1.65343915343915e-05 1.65343915343915e-05; % t D=0.05
0.00347222222222222 0.00347222222222222 0.245138888888889 0.00347222222222222 0.161805555555556 0.161805555555556 0.00347222222222222 0.00347222222222222 0.161805555555556 0.00347222222222222 0.245138888888889 0.00347222222222222; % $ D=0.1
0.00376984126984127 0.000198412698412698 0.190277777777778 0.000198412698412698 0.194246031746032 0.214087301587302 0.000198412698412698 0.194246031746032 0.20218253968254 0.000198412698412698 0.000198412698412698 0.000198412698412698; % 3 D=0.1
3.30687830687831e-05 3.30687830687831e-05 3.30687830687831e-05 3.30687830687831e-05 3.30687830687831e-05 3.30687830687831e-05 3.30687830687831e-05 3.30687830687831e-05 3.30687830687831e-05 0.999636243386243 3.30687830687831e-05 3.30687830687831e-05; % 6 D=0.1
3.30687830687831e-05 3.30687830687831e-05 3.30687830687831e-05 3.30687830687831e-05 0.999636243386243 3.30687830687831e-05 3.30687830687831e-05 3.30687830687831e-05 3.30687830687831e-05 3.30687830687831e-05 3.30687830687831e-05 3.30687830687831e-05; % 7 D=0.1
0.00591931216931217 6.61375661375661e-05 0.0545304232804233 6.61375661375661e-05 0.0981812169312169 0.0981812169312169 0.249966931216931 0.0495701058201058 0.0912367724867725 6.61375661375661e-05 0.352149470899471 6.61375661375661e-05; % B D=0.1
3.30687830687831e-05 3.30687830687831e-05 3.30687830687831e-05 3.30687830687831e-05 3.30687830687831e-05 3.30687830687831e-05 3.30687830687831e-05 3.30687830687831e-05 3.30687830687831e-05 3.30687830687831e-05 3.30687830687831e-05 0.999636243386243; % D D=0.1
0.0117063492063492 0.000198412698412698 0.1625 0.000198412698412698 0.210119047619048 0.186309523809524 0.000198412698412698 0.225992063492063 0.000198412698412698 0.000198412698412698 0.20218253968254 0.000198412698412698; % P D=0.1
3.30687830687831e-05 0.499834656084656 3.30687830687831e-05 0.499834656084656 3.30687830687831e-05 3.30687830687831e-05 3.30687830687831e-05 3.30687830687831e-05 3.30687830687831e-05 3.30687830687831e-05 3.30687830687831e-05 3.30687830687831e-05; % T D=0.1
0.00386904761904762 9.92063492063492e-05 0.0971230158730159 9.92063492063492e-05 0.597123015873016 9.92063492063492e-05 9.92063492063492e-05 0.107043650793651 0.0931547619047619 9.92063492063492e-05 0.10109126984127 9.92063492063492e-05; % b D=0.1
9.92063492063492e-05 9.92063492063492e-05 0.111011904761905 9.92063492063492e-05 0.499900793650794 0.0991071428571429 9.92063492063492e-05 0.083234126984127 0.118948412698413 9.92063492063492e-05 0.0872023809523809 9.92063492063492e-05; % d D=0.1
3.30687830687831e-05 3.30687830687831e-05 3.30687830687831e-05 3.30687830687831e-05 3.30687830687831e-05 3.30687830687831e-05 3.30687830687831e-05 0.499834656084656 3.30687830687831e-05 0.499834656084656 3.30687830687831e-05 3.30687830687831e-05; % p D=0.1
3.30687830687831e-05 3.30687830687831e-05 3.30687830687831e-05 3.30687830687831e-05 3.30687830687831e-05 3.30687830687831e-05 3.30687830687831e-05 3.30687830687831e-05 0.999636243386243 3.30687830687831e-05 3.30687830687831e-05 3.30687830687831e-05; % t D=0.1
0.00694444444444444 0.00694444444444444 0.240277777777778 0.00694444444444444 0.156944444444444 0.156944444444444 0.00694444444444444 0.00694444444444444 0.156944444444444 0.00694444444444444 0.240277777777778 0.00694444444444444; % $ D=0.2
0.00357142857142857 0.000396825396825397 0.190079365079365 0.000396825396825397 0.194047619047619 0.213888888888889 0.000396825396825397 0.194047619047619 0.201984126984127 0.000396825396825397 0.000396825396825397 0.000396825396825397; % 3 D=0.2
6.61375661375661e-05 6.61375661375661e-05 6.61375661375661e-05 6.61375661375661e-05 6.61375661375661e-05 6.61375661375661e-05 6.61375661375661e-05 6.61375661375661e-05 6.61375661375661e-05 0.999272486772487 6.61375661375661e-05 6.61375661375661e-05; % 6 D=0.2
6.61375661375661e-05 6.61375661375661e-05 6.61375661375661e-05 6.61375661375661e-05 0.999272486772487 6.61375661375661e-05 6.61375661375661e-05 6.61375661375661e-05 6.61375661375661e-05 6.61375661375661e-05 6.61375661375661e-05 6.61375661375661e-05; % 7 D=0.2
0.00588624338624339 0.000132275132275132 0.0544973544973545 0.000132275132275132 0.0981481481481482 0.0981481481481482 0.249933862433862 0.049537037037037 0.0912037037037037 0.000132275132275132 0.352116402116402 0.000132275132275132; % B D=0.2
6.61375661375661e-05 6.61375661375661e-05 6.61375661375661e-05 6.61375661375661e-05 6.61375661375661e-05 6.61375661375661e-05 6.61375661375661e-05 6.61375661375661e-05 6.61375661375661e-05 6.61375661375661e-05 6.61375661375661e-05 0.999272486772487; % D D=0.2
0.0115079365079365 0.000396825396825397 0.162301587301587 0.000396825396825397 0.209920634920635 0.186111111111111 0.000396825396825397 0.225793650793651 0.000396825396825397 0.000396825396825397 0.201984126984127 0.000396825396825397; % P D=0.2
6.61375661375661e-05 0.499669312169312 6.61375661375661e-05 0.499669312169312 6.61375661375661e-05 6.61375661375661e-05 6.61375661375661e-05 6.61375661375661e-05 6.61375661375661e-05 6.61375661375661e-05 6.61375661375661e-05 6.61375661375661e-05; % T D=0.2
0.00376984126984127 0.000198412698412698 0.0970238095238095 0.000198412698412698 0.59702380952381 0.000198412698412698 0.000198412698412698 0.106944444444444 0.0930555555555555 0.000198412698412698 0.100992063492063 0.000198412698412698; % b D=0.2
0.000198412698412698 0.000198412698412698 0.110912698412698 0.000198412698412698 0.499801587301587 0.0990079365079365 0.000198412698412698 0.0831349206349206 0.118849206349206 0.000198412698412698 0.0871031746031746 0.000198412698412698; % d D=0.2
6.61375661375661e-05 6.61375661375661e-05 6.61375661375661e-05 6.61375661375661e-05 6.61375661375661e-05 6.61375661375661e-05 6.61375661375661e-05 0.499669312169312 6.61375661375661e-05 0.499669312169312 6.61375661375661e-05 6.61375661375661e-05; % p D=0.2
6.61375661375661e-05 6.61375661375661e-05 6.61375661375661e-05 6.61375661375661e-05 6.61375661375661e-05 6.61375661375661e-05 6.61375661375661e-05 6.61375661375661e-05 0.999272486772487 6.61375661375661e-05 6.61375661375661e-05 6.61375661375661e-05; % t D=0.2
0.0173611111111111 0.0173611111111111 0.225694444444444 0.0173611111111111 0.142361111111111 0.142361111111111 0.0173611111111111 0.0173611111111111 0.142361111111111 0.0173611111111111 0.225694444444444 0.0173611111111111; % $ D=0.5
0.00297619047619048 0.000992063492063492 0.189484126984127 0.000992063492063492 0.193452380952381 0.213293650793651 0.000992063492063492 0.193452380952381 0.201388888888889 0.000992063492063492 0.000992063492063492 0.000992063492063492; % 3 D=0.5
0.000165343915343915 0.000165343915343915 0.000165343915343915 0.000165343915343915 0.000165343915343915 0.000165343915343915 0.000165343915343915 0.000165343915343915 0.000165343915343915 0.998181216931217 0.000165343915343915 0.000165343915343915; % 6 D=0.5
0.000165343915343915 0.000165343915343915 0.000165343915343915 0.000165343915343915 0.998181216931217 0.000165343915343915 0.000165343915343915 0.000165343915343915 0.000165343915343915 0.000165343915343915 0.000165343915343915 0.000165343915343915; % 7 D=0.5
0.00578703703703704 0.000330687830687831 0.0543981481481482 0.000330687830687831 0.0980489417989418 0.0980489417989418 0.249834656084656 0.0494378306878307 0.0911044973544974 0.000330687830687831 0.352017195767196 0.000330687830687831; % B D=0.5
0.000165343915343915 0.000165343915343915 0.000165343915343915 0.000165343915343915 0.000165343915343915 0.000165343915343915 0.000165343915343915 0.000165343915343915 0.000165343915343915 0.000165343915343915 0.000165343915343915 0.998181216931217; % D D=0.5
0.0109126984126984 0.000992063492063492 0.161706349206349 0.000992063492063492 0.209325396825397 0.185515873015873 0.000992063492063492 0.225198412698413 0.000992063492063492 0.000992063492063492 0.201388888888889 0.000992063492063492; % P D=0.5
0.000165343915343915 0.49917328042328 0.000165343915343915 0.49917328042328 0.000165343915343915 0.000165343915343915 0.000165343915343915 0.000165343915343915 0.000165343915343915 0.000165343915343915 0.000165343915343915 0.000165343915343915; % T D=0.5
0.00347222222222222 0.000496031746031746 0.0967261904761905 0.000496031746031746 0.59672619047619 0.000496031746031746 0.000496031746031746 0.106646825396825 0.0927579365079365 0.000496031746031746 0.100694444444444 0.000496031746031746; % b D=0.5
0.000496031746031746 0.000496031746031746 0.110615079365079 0.000496031746031746 0.499503968253968 0.0987103174603175 0.000496031746031746 0.0828373015873016 0.118551587301587 0.000496031746031746 0.0868055555555556 0.000496031746031746; % d D=0.5
0.000165343915343915 0.000165343915343915 0.000165343915343915 0.000165343915343915 0.000165343915343915 0.000165343915343915 0.000165343915343915 0.49917328042328 0.000165343915343915 0.49917328042328 0.000165343915343915 0.000165343915343915; % p D=0.5
0.000165343915343915 0.000165343915343915 0.000165343915343915 0.000165343915343915 0.000165343915343915 0.000165343915343915 0.000165343915343915 0.000165343915343915 0.998181216931217 0.000165343915343915 0.000165343915343915 0.000165343915343915; % t D=0.5
0.0347222222222222 0.0347222222222222 0.201388888888889 0.0347222222222222 0.118055555555556 0.118055555555556 0.0347222222222222 0.0347222222222222 0.118055555555556 0.0347222222222222 0.201388888888889 0.0347222222222222; % $ D=1
0.00198412698412698 0.00198412698412698 0.188492063492063 0.00198412698412698 0.192460317460317 0.212301587301587 0.00198412698412698 0.192460317460317 0.200396825396825 0.00198412698412698 0.00198412698412698 0.00198412698412698; % 3 D=1
0.000330687830687831 0.000330687830687831 0.000330687830687831 0.000330687830687831 0.000330687830687831 0.000330687830687831 0.000330687830687831 0.000330687830687831 0.000330687830687831 0.996362433862434 0.000330687830687831 0.000330687830687831; % 6 D=1
0.000330687830687831 0.000330687830687831 0.000330687830687831 0.000330687830687831 0.996362433862434 0.000330687830687831 0.000330687830687831 0.000330687830687831 0.000330687830687831 0.000330687830687831 0.000330687830687831 0.000330687830687831; % 7 D=1
0.00562169312169312 0.000661375661375661 0.0542328042328042 0.000661375661375661 0.0978835978835979 0.0978835978835979 0.249669312169312 0.0492724867724868 0.0909391534391534 0.000661375661375661 0.351851851851852 0.000661375661375661; % B D=1
0.000330687830687831 0.000330687830687831 0.000330687830687831 0.000330687830687831 0.000330687830687831 0.000330687830687831 0.000330687830687831 0.000330687830687831 0.000330687830687831 0.000330687830687831 0.000330687830687831 0.996362433862434; % D D=1
0.00992063492063492 0.00198412698412698 0.160714285714286 0.00198412698412698 0.208333333333333 0.18452380952381 0.00198412698412698 0.224206349206349 0.00198412698412698 0.00198412698412698 0.200396825396825 0.00198412698412698; % P D=1
0.000330687830687831 0.498346560846561 0.000330687830687831 0.498346560846561 0.000330687830687831 0.000330687830687831 0.000330687830687831 0.000330687830687831 0.000330687830687831 0.000330687830687831 0.000330687830687831 0.000330687830687831; % T D=1
0.00297619047619048 0.000992063492063492 0.0962301587301587 0.000992063492063492 0.596230158730159 0.000992063492063492 0.000992063492063492 0.106150793650794 0.0922619047619048 0.000992063492063492 0.100198412698413 0.000992063492063492; % b D=1
0.000992063492063492 0.000992063492063492 0.110119047619048 0.000992063492063492 0.499007936507937 0.0982142857142857 0.000992063492063492 0.0823412698412698 0.118055555555556 0.000992063492063492 0.0863095238095238 0.000992063492063492; % d D=1
0.000330687830687831 0.000330687830687831 0.000330687830687831 0.000330687830687831 0.000330687830687831 0.000330687830687831 0.000330687830687831 0.498346560846561 0.000330687830687831 0.498346560846561 0.000330687830687831 0.000330687830687831; % p D=1
0.000330687830687831 0.000330687830687831 0.000330687830687831 0.000330687830687831 0.000330687830687831 0.000330687830687831 0.000330687830687831 0.000330687830687831 0.996362433862434 0.000330687830687831 0.000330687830687831 0.000330687830687831; % t D=1
0.0694444444444444 0.0694444444444444 0.152777777777778 0.0694444444444444 0.0694444444444444 0.0694444444444444 0.0694444444444444 0.0694444444444444 0.0694444444444444 0.0694444444444444 0.152777777777778 0.0694444444444444; % $ D=2
0.00396825396825397 0.00396825396825397 0.186507936507937 0.00396825396825397 0.19047619047619 0.21031746031746 0.00396825396825397 0.19047619047619 0.198412698412698 0.00396825396825397 0.00396825396825397 0.00396825396825397; % 3 D=2
0.000661375661375661 0.000661375661375661 0.000661375661375661 0.000661375661375661 0.000661375661375661 0.000661375661375661 0.000661375661375661 0.000661375661375661 0.000661375661375661 0.992724867724868 0.000661375661375661 0.000661375661375661; % 6 D=2
0.000661375661375661 0.000661375661375661 0.000661375661375661 0.000661375661375661 0.992724867724868 0.000661375661375661 0.000661375661375661 0.000661375661375661 0.000661375661375661 0.000661375661375661 0.000661375661375661 0.000661375661375661; % 7 D=2
0.00529100529100529 0.00132275132275132 0.0539021164021164 0.00132275132275132 0.0975529100529101 0.0975529100529101 0.249338624338624 0.0489417989417989 0.0906084656084656 0.00132275132275132 0.351521164021164 0.00132275132275132; % B D=2
0.000661375661375661 0.000661375661375661 0.000661375661375661 0.000661375661375661 0.000661375661375661 0.000661375661375661 0.000661375661375661 0.000661375661375661 0.000661375661375661 0.000661375661375661 0.000661375661375661 0.992724867724868; % D D=2
0.00793650793650794 0.00396825396825397 0.158730158730159 0.00396825396825397 0.206349206349206 0.182539682539683 0.00396825396825397 0.222222222222222 0.00396825396825397 0.00396825396825397 0.198412698412698 0.00396825396825397; % P D=2
0.000661375661375661 0.496693121693122 0.000661375661375661 0.496693121693122 0.000661375661375661 0.000661375661375661 0.000661375661375661 0.000661375661375661 0.000661375661375661 0.000661375661375661 0.000661375661375661 0.000661375661375661; % T D=2
0.00198412698412698 0.00198412698412698 0.0952380952380952 0.00198412698412698 0.595238095238095 0.00198412698412698 0.00198412698412698 0.10515873015873 0.0912698412698413 0.00198412698412698 0.0992063492063492 0.00198412698412698; % b D=2
0.00198412698412698 0.00198412698412698 0.109126984126984 0.00198412698412698 0.498015873015873 0.0972222222222222 0.00198412698412698 0.0813492063492063 0.117063492063492 0.00198412698412698 0.0853174603174603 0.00198412698412698; % d D=2
0.000661375661375661 0.000661375661375661 0.000661375661375661 0.000661375661375661 0.000661375661375661 0.000661375661375661 0.000661375661375661 0.496693121693122 0.000661375661375661 0.496693121693122 0.000661375661375661 0.000661375661375661; % p D=2
0.000661375661375661 0.000661375661375661 0.000661375661375661 0.000661375661375661 0.000661375661375661 0.000661375661375661 0.000661375661375661 0.000661375661375661 0.992724867724868 0.000661375661375661 0.000661375661375661 0.000661375661375661; % t D=2
0.173611111111111 0.173611111111111 0.173611111111111 0.173611111111111 0.173611111111111 0.173611111111111 0.173611111111111 0.173611111111111 0.173611111111111 0.173611111111111 0.173611111111111 0.173611111111111; % $ D=5
0.00992063492063492 0.00992063492063492 0.180555555555556 0.00992063492063492 0.18452380952381 0.204365079365079 0.00992063492063492 0.18452380952381 0.192460317460317 0.00992063492063492 0.00992063492063492 0.00992063492063492; % 3 D=5
0.00165343915343915 0.00165343915343915 0.00165343915343915 0.00165343915343915 0.00165343915343915 0.00165343915343915 0.00165343915343915 0.00165343915343915 0.00165343915343915 0.981812169312169 0.00165343915343915 0.00165343915343915; % 6 D=5
0.00165343915343915 0.00165343915343915 0.00165343915343915 0.00165343915343915 0.981812169312169 0.00165343915343915 0.00165343915343915 0.00165343915343915 0.00165343915343915 0.00165343915343915 0.00165343915343915 0.00165343915343915; % 7 D=5
0.0042989417989418 0.00330687830687831 0.0529100529100529 0.00330687830687831 0.0965608465608466 0.0965608465608466 0.248346560846561 0.0479497354497355 0.0896164021164021 0.00330687830687831 0.350529100529101 0.00330687830687831; % B D=5
0.00165343915343915 0.00165343915343915 0.00165343915343915 0.00165343915343915 0.00165343915343915 0.00165343915343915 0.00165343915343915 0.00165343915343915 0.00165343915343915 0.00165343915343915 0.00165343915343915 0.981812169312169; % D D=5
0.00992063492063492 0.00992063492063492 0.152777777777778 0.00992063492063492 0.200396825396825 0.176587301587302 0.00992063492063492 0.216269841269841 0.00992063492063492 0.00992063492063492 0.192460317460317 0.00992063492063492; % P D=5
0.00165343915343915 0.491732804232804 0.00165343915343915 0.491732804232804 0.00165343915343915 0.00165343915343915 0.00165343915343915 0.00165343915343915 0.00165343915343915 0.00165343915343915 0.00165343915343915 0.00165343915343915; % T D=5
0.00496031746031746 0.00496031746031746 0.0922619047619048 0.00496031746031746 0.592261904761905 0.00496031746031746 0.00496031746031746 0.10218253968254 0.0882936507936508 0.00496031746031746 0.0962301587301587 0.00496031746031746; % b D=5
0.00496031746031746 0.00496031746031746 0.106150793650794 0.00496031746031746 0.495039682539683 0.0942460317460317 0.00496031746031746 0.0783730158730159 0.114087301587302 0.00496031746031746 0.0823412698412698 0.00496031746031746; % d D=5
0.00165343915343915 0.00165343915343915 0.00165343915343915 0.00165343915343915 0.00165343915343915 0.00165343915343915 0.00165343915343915 0.491732804232804 0.00165343915343915 0.491732804232804 0.00165343915343915 0.00165343915343915; % p D=5
0.00165343915343915 0.00165343915343915 0.00165343915343915 0.00165343915343915 0.00165343915343915 0.00165343915343915 0.00165343915343915 0.00165343915343915 0.981812169312169 0.00165343915343915 0.00165343915343915 0.00165343915343915]; % t D=5
