syllables = '$BDGKLPTVZbdgklptvz';
discounts = [0.01 0.02 0.05 0.1 0.2 0.5 1 2 5];
kn_probs = [0.000126315789473684 0.000126315789473684 0.000126315789473684 0.119726315789474 0.000126315789473684 0.279726315789474 0.000126315789473684 0.159726315789474 0.199726315789474 0.000126315789473684 0.000126315789473684 0.000126315789473684 0.000126315789473684 0.000126315789473684 0.000126315789473684 0.000126315789473684 0.000126315789473684 0.119726315789474 0.119726315789474; % $ D=0.01
3.09597523219814e-05 3.09597523219814e-05 0.999442724458204 3.09597523219814e-05 3.09597523219814e-05 3.09597523219814e-05 3.09597523219814e-05 3.09597523219814e-05 3.09597523219814e-05 3.09597523219814e-05 3.09597523219814e-05 3.09597523219814e-05 3.09597523219814e-05 3.09597523219814e-05 3.09597523219814e-05 3.09597523219814e-05 3.09597523219814e-05 3.09597523219814e-05 3.09597523219814e-05; % B D=0.01
0.411331269349845 0.000154798761609907 0.000154798761609907 0.000154798761609907 0.000154798761609907 0.000154798761609907 0.000154798761609907 0.293684210526316 0.058390092879257 0.000154798761609907 0.000154798761609907 0.000154798761609907 0.000154798761609907 0.000154798761609907 0.000154798761609907 0.000154798761609907 0.000154798761609907 0.058390092879257 0.176037151702786; % D D=0.01
3.09597523219814e-05 0.999442724458204 3.09597523219814e-05 3.09597523219814e-05 3.09597523219814e-05 3.09597523219814e-05 3.09597523219814e-05 3.09597523219814e-05 3.09597523219814e-05 3.09597523219814e-05 3.09597523219814e-05 3.09597523219814e-05 3.09597523219814e-05 3.09597523219814e-05 3.09597523219814e-05 3.09597523219814e-05 3.09597523219814e-05 3.09597523219814e-05 3.09597523219814e-05; % G D=0.01
3.09597523219814e-05 3.09597523219814e-05 3.09597523219814e-05 3.09597523219814e-05 3.09597523219814e-05 3.09597523219814e-05 3.09597523219814e-05 3.09597523219814e-05 3.09597523219814e-05 3.09597523219814e-05 3.09597523219814e-05 3.09597523219814e-05 3.09597523219814e-05 3.09597523219814e-05 3.09597523219814e-05 3.09597523219814e-05 0.999442724458204 3.09597523219814e-05 3.09597523219814e-05; % K D=0.01
3.09597523219814e-05 3.09597523219814e-05 3.09597523219814e-05 3.09597523219814e-05 3.09597523219814e-05 3.09597523219814e-05 3.09597523219814e-05 3.09597523219814e-05 3.09597523219814e-05 3.09597523219814e-05 3.09597523219814e-05 3.09597523219814e-05 3.09597523219814e-05 0.999442724458204 3.09597523219814e-05 3.09597523219814e-05 3.09597523219814e-05 3.09597523219814e-05 3.09597523219814e-05; % L D=0.01
0.124572368421053 0.000197368421052632 0.000197368421052632 0.187072368421053 0.000197368421052632 0.312072368421053 0.000197368421052632 0.124572368421053 0.000197368421052632 0.000197368421052632 0.000197368421052632 0.000197368421052632 0.000197368421052632 0.000197368421052632 0.000197368421052632 0.000197368421052632 0.000197368421052632 0.187072368421053 0.0620723684210526; % P D=0.01
3.09597523219814e-05 3.09597523219814e-05 3.09597523219814e-05 3.09597523219814e-05 0.999442724458204 3.09597523219814e-05 3.09597523219814e-05 3.09597523219814e-05 3.09597523219814e-05 3.09597523219814e-05 3.09597523219814e-05 3.09597523219814e-05 3.09597523219814e-05 3.09597523219814e-05 3.09597523219814e-05 3.09597523219814e-05 3.09597523219814e-05 3.09597523219814e-05 3.09597523219814e-05; % T D=0.01
3.28947368421053e-05 3.28947368421053e-05 3.28947368421053e-05 3.28947368421053e-05 3.28947368421053e-05 3.28947368421053e-05 0.999407894736842 3.28947368421053e-05 3.28947368421053e-05 3.28947368421053e-05 3.28947368421053e-05 3.28947368421053e-05 3.28947368421053e-05 3.28947368421053e-05 3.28947368421053e-05 3.28947368421053e-05 3.28947368421053e-05 3.28947368421053e-05 3.28947368421053e-05; % V D=0.01
0.124572368421053 0.000197368421052632 0.000197368421052632 0.312072368421053 0.000197368421052632 0.0620723684210526 0.000197368421052632 0.249572368421053 0.0620723684210526 0.000197368421052632 0.000197368421052632 0.000197368421052632 0.000197368421052632 0.000197368421052632 0.000197368421052632 0.000197368421052632 0.000197368421052632 0.000197368421052632 0.187072368421053; % Z D=0.01
3.09597523219814e-05 3.09597523219814e-05 3.09597523219814e-05 3.09597523219814e-05 3.09597523219814e-05 3.09597523219814e-05 3.09597523219814e-05 3.09597523219814e-05 3.09597523219814e-05 3.09597523219814e-05 3.09597523219814e-05 3.09597523219814e-05 3.09597523219814e-05 3.09597523219814e-05 0.999442724458204 3.09597523219814e-05 3.09597523219814e-05 3.09597523219814e-05 3.09597523219814e-05; % b D=0.01
0.411362229102167 0.000185758513931889 0.000185758513931889 0.234891640866873 0.000185758513931889 0.0584210526315789 0.000185758513931889 0.117244582043344 0.0584210526315789 0.000185758513931889 0.000185758513931889 0.000185758513931889 0.000185758513931889 0.000185758513931889 0.000185758513931889 0.000185758513931889 0.000185758513931889 0.117244582043344 0.000185758513931889; % d D=0.01
0.234860681114551 0.000154798761609907 0.000154798761609907 0.058390092879257 0.000154798761609907 0.000154798761609907 0.000154798761609907 0.000154798761609907 0.176037151702786 0.000154798761609907 0.000154798761609907 0.000154798761609907 0.000154798761609907 0.000154798761609907 0.000154798761609907 0.000154798761609907 0.000154798761609907 0.234860681114551 0.293684210526316; % g D=0.01
3.09597523219814e-05 3.09597523219814e-05 3.09597523219814e-05 3.09597523219814e-05 3.09597523219814e-05 3.09597523219814e-05 3.09597523219814e-05 3.09597523219814e-05 3.09597523219814e-05 3.09597523219814e-05 3.09597523219814e-05 3.09597523219814e-05 0.999442724458204 3.09597523219814e-05 3.09597523219814e-05 3.09597523219814e-05 3.09597523219814e-05 3.09597523219814e-05 3.09597523219814e-05; % k D=0.01
3.09597523219814e-05 3.09597523219814e-05 3.09597523219814e-05 3.09597523219814e-05 3.09597523219814e-05 3.09597523219814e-05 3.09597523219814e-05 3.09597523219814e-05 3.09597523219814e-05 3.09597523219814e-05 3.09597523219814e-05 0.999442724458204 3.09597523219814e-05 3.09597523219814e-05 3.09597523219814e-05 3.09597523219814e-05 3.09597523219814e-05 3.09597523219814e-05 3.09597523219814e-05; % l D=0.01
0.176068111455108 0.000185758513931889 0.000185758513931889 0.0584210526315789 0.000185758513931889 0.176068111455108 0.000185758513931889 0.000185758513931889 0.293715170278638 0.000185758513931889 0.000185758513931889 0.000185758513931889 0.000185758513931889 0.000185758513931889 0.000185758513931889 0.000185758513931889 0.000185758513931889 0.176068111455108 0.117244582043344; % p D=0.01
3.09597523219814e-05 3.09597523219814e-05 3.09597523219814e-05 3.09597523219814e-05 3.09597523219814e-05 3.09597523219814e-05 3.09597523219814e-05 3.09597523219814e-05 3.09597523219814e-05 3.09597523219814e-05 3.09597523219814e-05 3.09597523219814e-05 3.09597523219814e-05 3.09597523219814e-05 3.09597523219814e-05 0.999442724458204 3.09597523219814e-05 3.09597523219814e-05 3.09597523219814e-05; % t D=0.01
3.28947368421053e-05 3.28947368421053e-05 3.28947368421053e-05 3.28947368421053e-05 3.28947368421053e-05 3.28947368421053e-05 3.28947368421053e-05 3.28947368421053e-05 3.28947368421053e-05 0.999407894736842 3.28947368421053e-05 3.28947368421053e-05 3.28947368421053e-05 3.28947368421053e-05 3.28947368421053e-05 3.28947368421053e-05 3.28947368421053e-05 3.28947368421053e-05 3.28947368421053e-05; % v D=0.01
3.09597523219814e-05 3.09597523219814e-05 3.09597523219814e-05 3.09597523219814e-05 3.09597523219814e-05 3.09597523219814e-05 3.09597523219814e-05 3.09597523219814e-05 3.09597523219814e-05 3.09597523219814e-05 0.999442724458204 3.09597523219814e-05 3.09597523219814e-05 3.09597523219814e-05 3.09597523219814e-05 3.09597523219814e-05 3.09597523219814e-05 3.09597523219814e-05 3.09597523219814e-05; % z D=0.01
