syllables = '$BDGKLPTVZbdgklptvz';
discounts = [0.01 0.02 0.05 0.1 0.2 0.5 1 2 5];
kn_probs = [2.10526315789474e-05 0.173287719298246 2.10526315789474e-05 0.173287719298246 2.10526315789474e-05 2.10526315789474e-05 0.179954385964912 0.106621052631579 2.10526315789474e-05 2.10526315789474e-05 0.186621052631579 2.10526315789474e-05 2.10526315789474e-05 2.10526315789474e-05 2.10526315789474e-05 2.10526315789474e-05 2.10526315789474e-05 0.179954385964912 2.10526315789474e-05; % $ D=0.01
5.26315789473684e-06 5.26315789473684e-06 5.26315789473684e-06 5.26315789473684e-06 5.26315789473684e-06 5.26315789473684e-06 5.26315789473684e-06 5.26315789473684e-06 0.999905263157895 5.26315789473684e-06 5.26315789473684e-06 5.26315789473684e-06 5.26315789473684e-06 5.26315789473684e-06 5.26315789473684e-06 5.26315789473684e-06 5.26315789473684e-06 5.26315789473684e-06 5.26315789473684e-06; % B D=0.01
0.319936842105263 0.129936842105263 3.68421052631579e-05 0.0799368421052632 3.68421052631579e-05 3.68421052631579e-05 0.139936842105263 0.199936842105263 3.68421052631579e-05 3.68421052631579e-05 0.119936842105263 3.68421052631579e-05 3.68421052631579e-05 3.68421052631579e-05 3.68421052631579e-05 3.68421052631579e-05 3.68421052631579e-05 0.00993684210526316 3.68421052631579e-05; % D D=0.01
5.26315789473684e-06 5.26315789473684e-06 5.26315789473684e-06 5.26315789473684e-06 0.999905263157895 5.26315789473684e-06 5.26315789473684e-06 5.26315789473684e-06 5.26315789473684e-06 5.26315789473684e-06 5.26315789473684e-06 5.26315789473684e-06 5.26315789473684e-06 5.26315789473684e-06 5.26315789473684e-06 5.26315789473684e-06 5.26315789473684e-06 5.26315789473684e-06 5.26315789473684e-06; % G D=0.01
5.26315789473684e-06 5.26315789473684e-06 5.26315789473684e-06 5.26315789473684e-06 5.26315789473684e-06 5.26315789473684e-06 5.26315789473684e-06 5.26315789473684e-06 5.26315789473684e-06 5.26315789473684e-06 5.26315789473684e-06 5.26315789473684e-06 5.26315789473684e-06 5.26315789473684e-06 0.999905263157895 5.26315789473684e-06 5.26315789473684e-06 5.26315789473684e-06 5.26315789473684e-06; % K D=0.01
5.26315789473684e-06 5.26315789473684e-06 0.999905263157895 5.26315789473684e-06 5.26315789473684e-06 5.26315789473684e-06 5.26315789473684e-06 5.26315789473684e-06 5.26315789473684e-06 5.26315789473684e-06 5.26315789473684e-06 5.26315789473684e-06 5.26315789473684e-06 5.26315789473684e-06 5.26315789473684e-06 5.26315789473684e-06 5.26315789473684e-06 5.26315789473684e-06 5.26315789473684e-06; % L D=0.01
5.26315789473684e-06 5.26315789473684e-06 5.26315789473684e-06 5.26315789473684e-06 5.26315789473684e-06 5.26315789473684e-06 5.26315789473684e-06 5.26315789473684e-06 5.26315789473684e-06 5.26315789473684e-06 5.26315789473684e-06 5.26315789473684e-06 5.26315789473684e-06 5.26315789473684e-06 5.26315789473684e-06 0.999905263157895 5.26315789473684e-06 5.26315789473684e-06 5.26315789473684e-06; % P D=0.01
5.26315789473684e-06 5.26315789473684e-06 5.26315789473684e-06 5.26315789473684e-06 5.26315789473684e-06 5.26315789473684e-06 5.26315789473684e-06 5.26315789473684e-06 5.26315789473684e-06 5.26315789473684e-06 5.26315789473684e-06 5.26315789473684e-06 5.26315789473684e-06 5.26315789473684e-06 5.26315789473684e-06 5.26315789473684e-06 0.999905263157895 5.26315789473684e-06 5.26315789473684e-06; % T D=0.01
0.259931578947368 3.15789473684211e-05 3.15789473684211e-05 0.169931578947368 3.15789473684211e-05 3.15789473684211e-05 0.199931578947368 0.119931578947368 3.15789473684211e-05 3.15789473684211e-05 0.119931578947368 3.15789473684211e-05 3.15789473684211e-05 3.15789473684211e-05 3.15789473684211e-05 3.15789473684211e-05 3.15789473684211e-05 0.129931578947368 3.15789473684211e-05; % V D=0.01
0.229931578947368 0.139931578947368 3.15789473684211e-05 0.159931578947368 3.15789473684211e-05 3.15789473684211e-05 0.159931578947368 0.179931578947368 3.15789473684211e-05 3.15789473684211e-05 3.15789473684211e-05 3.15789473684211e-05 3.15789473684211e-05 3.15789473684211e-05 3.15789473684211e-05 3.15789473684211e-05 3.15789473684211e-05 0.129931578947368 3.15789473684211e-05; % Z D=0.01
5.26315789473684e-06 5.26315789473684e-06 5.26315789473684e-06 5.26315789473684e-06 5.26315789473684e-06 5.26315789473684e-06 5.26315789473684e-06 5.26315789473684e-06 5.26315789473684e-06 5.26315789473684e-06 5.26315789473684e-06 5.26315789473684e-06 5.26315789473684e-06 5.26315789473684e-06 5.26315789473684e-06 5.26315789473684e-06 5.26315789473684e-06 5.26315789473684e-06 0.999905263157895; % b D=0.01
5.26315789473684e-06 5.26315789473684e-06 5.26315789473684e-06 5.26315789473684e-06 5.26315789473684e-06 0.999905263157895 5.26315789473684e-06 5.26315789473684e-06 5.26315789473684e-06 5.26315789473684e-06 5.26315789473684e-06 5.26315789473684e-06 5.26315789473684e-06 5.26315789473684e-06 5.26315789473684e-06 5.26315789473684e-06 5.26315789473684e-06 5.26315789473684e-06 5.26315789473684e-06; % d D=0.01
0.269931578947368 0.119931578947368 3.15789473684211e-05 3.15789473684211e-05 3.15789473684211e-05 3.15789473684211e-05 0.129931578947368 0.199931578947368 3.15789473684211e-05 3.15789473684211e-05 0.129931578947368 3.15789473684211e-05 3.15789473684211e-05 3.15789473684211e-05 3.15789473684211e-05 3.15789473684211e-05 3.15789473684211e-05 0.149931578947368 3.15789473684211e-05; % g D=0.01
0.279931578947368 0.169931578947368 3.15789473684211e-05 0.129931578947368 3.15789473684211e-05 3.15789473684211e-05 0.0999315789473684 3.15789473684211e-05 3.15789473684211e-05 3.15789473684211e-05 0.169931578947368 3.15789473684211e-05 3.15789473684211e-05 3.15789473684211e-05 3.15789473684211e-05 3.15789473684211e-05 3.15789473684211e-05 0.149931578947368 3.15789473684211e-05; % k D=0.01
5.26315789473684e-06 5.26315789473684e-06 5.26315789473684e-06 5.26315789473684e-06 5.26315789473684e-06 5.26315789473684e-06 5.26315789473684e-06 5.26315789473684e-06 5.26315789473684e-06 5.26315789473684e-06 5.26315789473684e-06 5.26315789473684e-06 0.999905263157895 5.26315789473684e-06 5.26315789473684e-06 5.26315789473684e-06 5.26315789473684e-06 5.26315789473684e-06 5.26315789473684e-06; % l D=0.01
0.139931578947368 0.179931578947368 3.15789473684211e-05 0.199931578947368 3.15789473684211e-05 3.15789473684211e-05 3.15789473684211e-05 0.139931578947368 3.15789473684211e-05 3.15789473684211e-05 0.179931578947368 3.15789473684211e-05 3.15789473684211e-05 3.15789473684211e-05 3.15789473684211e-05 3.15789473684211e-05 3.15789473684211e-05 0.159931578947368 3.15789473684211e-05; % p D=0.01
5.26315789473684e-06 5.26315789473684e-06 5.26315789473684e-06 5.26315789473684e-06 5.26315789473684e-06 5.26315789473684e-06 5.26315789473684e-06 5.26315789473684e-06 5.26315789473684e-06 5.26315789473684e-06 5.26315789473684e-06 5.26315789473684e-06 5.26315789473684e-06 0.999905263157895 5.26315789473684e-06 5.26315789473684e-06 5.26315789473684e-06 5.26315789473684e-06 5.26315789473684e-06; % t D=0.01
5.26315789473684e-06 5.26315789473684e-06 5.26315789473684e-06 5.26315789473684e-06 5.26315789473684e-06 5.26315789473684e-06 5.26315789473684e-06 5.26315789473684e-06 5.26315789473684e-06 5.26315789473684e-06 5.26315789473684e-06 0.999905263157895 5.26315789473684e-06 5.26315789473684e-06 5.26315789473684e-06 5.26315789473684e-06 5.26315789473684e-06 5.26315789473684e-06 5.26315789473684e-06; % v D=0.01
5.26315789473684e-06 5.26315789473684e-06 5.26315789473684e-06 5.26315789473684e-06 5.26315789473684e-06 5.26315789473684e-06 5.26315789473684e-06 5.26315789473684e-06 5.26315789473684e-06 0.999905263157895 5.26315789473684e-06 5.26315789473684e-06 5.26315789473684e-06 5.26315789473684e-06 5.26315789473684e-06 5.26315789473684e-06 5.26315789473684e-06 5.26315789473684e-06 5.26315789473684e-06; % z D=0.01
