syllables = '$BDGKLPTVZbdgklptvz';
discounts = [0.01 0.02 0.05 0.1 0.2 0.5 1 2 5];
kn_probs = [1.40350877192982e-05 1.40350877192982e-05 0.173302923976608 1.40350877192982e-05 0.128858479532164 0.177747368421053 1.40350877192982e-05 1.40350877192982e-05 1.40350877192982e-05 1.40350877192982e-05 1.40350877192982e-05 0.164414035087719 1.40350877192982e-05 1.40350877192982e-05 1.40350877192982e-05 1.40350877192982e-05 0.168858479532164 0.186636257309942 1.40350877192982e-05; % $ D=0.01
0.219954385964912 2.10526315789474e-05 0.159954385964912 2.10526315789474e-05 0.126621052631579 0.153287719298246 2.10526315789474e-05 2.10526315789474e-05 2.10526315789474e-05 2.10526315789474e-05 2.10526315789474e-05 0.173287719298246 2.10526315789474e-05 2.10526315789474e-05 2.10526315789474e-05 2.10526315789474e-05 0.166621052631579 2.10526315789474e-05 2.10526315789474e-05; % B D=0.01
3.50877192982456e-06 3.50877192982456e-06 3.50877192982456e-06 3.50877192982456e-06 3.50877192982456e-06 3.50877192982456e-06 3.50877192982456e-06 3.50877192982456e-06 3.50877192982456e-06 3.50877192982456e-06 3.50877192982456e-06 3.50877192982456e-06 3.50877192982456e-06 3.50877192982456e-06 3.50877192982456e-06 0.999936842105263 3.50877192982456e-06 3.50877192982456e-06 3.50877192982456e-06; % D D=0.01
3.50877192982456e-06 3.50877192982456e-06 3.50877192982456e-06 3.50877192982456e-06 3.50877192982456e-06 3.50877192982456e-06 0.999936842105263 3.50877192982456e-06 3.50877192982456e-06 3.50877192982456e-06 3.50877192982456e-06 3.50877192982456e-06 3.50877192982456e-06 3.50877192982456e-06 3.50877192982456e-06 3.50877192982456e-06 3.50877192982456e-06 3.50877192982456e-06 3.50877192982456e-06; % G D=0.01
3.50877192982456e-06 3.50877192982456e-06 3.50877192982456e-06 3.50877192982456e-06 3.50877192982456e-06 3.50877192982456e-06 3.50877192982456e-06 3.50877192982456e-06 3.50877192982456e-06 3.50877192982456e-06 3.50877192982456e-06 3.50877192982456e-06 3.50877192982456e-06 3.50877192982456e-06 0.999936842105263 3.50877192982456e-06 3.50877192982456e-06 3.50877192982456e-06 3.50877192982456e-06; % K D=0.01
3.50877192982456e-06 3.50877192982456e-06 3.50877192982456e-06 3.50877192982456e-06 3.50877192982456e-06 3.50877192982456e-06 3.50877192982456e-06 3.50877192982456e-06 3.50877192982456e-06 0.999936842105263 3.50877192982456e-06 3.50877192982456e-06 3.50877192982456e-06 3.50877192982456e-06 3.50877192982456e-06 3.50877192982456e-06 3.50877192982456e-06 3.50877192982456e-06 3.50877192982456e-06; % L D=0.01
0.246621052631579 2.10526315789474e-05 0.133287719298246 2.10526315789474e-05 0.213287719298246 2.10526315789474e-05 2.10526315789474e-05 2.10526315789474e-05 2.10526315789474e-05 2.10526315789474e-05 2.10526315789474e-05 0.133287719298246 2.10526315789474e-05 2.10526315789474e-05 2.10526315789474e-05 2.10526315789474e-05 0.159954385964912 0.113287719298246 2.10526315789474e-05; % P D=0.01
3.50877192982456e-06 0.999936842105263 3.50877192982456e-06 3.50877192982456e-06 3.50877192982456e-06 3.50877192982456e-06 3.50877192982456e-06 3.50877192982456e-06 3.50877192982456e-06 3.50877192982456e-06 3.50877192982456e-06 3.50877192982456e-06 3.50877192982456e-06 3.50877192982456e-06 3.50877192982456e-06 3.50877192982456e-06 3.50877192982456e-06 3.50877192982456e-06 3.50877192982456e-06; % T D=0.01
0.173291228070175 2.45614035087719e-05 0.193291228070175 2.45614035087719e-05 0.139957894736842 0.153291228070175 2.45614035087719e-05 2.45614035087719e-05 2.45614035087719e-05 2.45614035087719e-05 2.45614035087719e-05 0.133291228070175 2.45614035087719e-05 2.45614035087719e-05 2.45614035087719e-05 2.45614035087719e-05 0.00662456140350877 0.199957894736842 2.45614035087719e-05; % V D=0.01
3.50877192982456e-06 3.50877192982456e-06 3.50877192982456e-06 0.999936842105263 3.50877192982456e-06 3.50877192982456e-06 3.50877192982456e-06 3.50877192982456e-06 3.50877192982456e-06 3.50877192982456e-06 3.50877192982456e-06 3.50877192982456e-06 3.50877192982456e-06 3.50877192982456e-06 3.50877192982456e-06 3.50877192982456e-06 3.50877192982456e-06 3.50877192982456e-06 3.50877192982456e-06; % Z D=0.01
0.279954385964912 2.10526315789474e-05 2.10526315789474e-05 2.10526315789474e-05 0.179954385964912 0.199954385964912 2.10526315789474e-05 2.10526315789474e-05 2.10526315789474e-05 2.10526315789474e-05 2.10526315789474e-05 0.126621052631579 2.10526315789474e-05 2.10526315789474e-05 2.10526315789474e-05 2.10526315789474e-05 0.113287719298246 0.0999543859649123 2.10526315789474e-05; % b D=0.01
3.50877192982456e-06 3.50877192982456e-06 3.50877192982456e-06 3.50877192982456e-06 3.50877192982456e-06 3.50877192982456e-06 3.50877192982456e-06 3.50877192982456e-06 3.50877192982456e-06 3.50877192982456e-06 3.50877192982456e-06 3.50877192982456e-06 0.999936842105263 3.50877192982456e-06 3.50877192982456e-06 3.50877192982456e-06 3.50877192982456e-06 3.50877192982456e-06 3.50877192982456e-06; % d D=0.01
0.326621052631579 2.10526315789474e-05 0.0999543859649123 2.10526315789474e-05 0.146621052631579 0.113287719298246 2.10526315789474e-05 2.10526315789474e-05 2.10526315789474e-05 2.10526315789474e-05 2.10526315789474e-05 2.10526315789474e-05 2.10526315789474e-05 2.10526315789474e-05 2.10526315789474e-05 2.10526315789474e-05 0.173287719298246 0.139954385964912 2.10526315789474e-05; % g D=0.01
3.50877192982456e-06 3.50877192982456e-06 3.50877192982456e-06 3.50877192982456e-06 3.50877192982456e-06 3.50877192982456e-06 3.50877192982456e-06 3.50877192982456e-06 3.50877192982456e-06 3.50877192982456e-06 0.999936842105263 3.50877192982456e-06 3.50877192982456e-06 3.50877192982456e-06 3.50877192982456e-06 3.50877192982456e-06 3.50877192982456e-06 3.50877192982456e-06 3.50877192982456e-06; % k D=0.01
3.50877192982456e-06 3.50877192982456e-06 3.50877192982456e-06 3.50877192982456e-06 3.50877192982456e-06 3.50877192982456e-06 3.50877192982456e-06 3.50877192982456e-06 3.50877192982456e-06 3.50877192982456e-06 3.50877192982456e-06 3.50877192982456e-06 3.50877192982456e-06 3.50877192982456e-06 3.50877192982456e-06 3.50877192982456e-06 3.50877192982456e-06 3.50877192982456e-06 0.999936842105263; % l D=0.01
3.50877192982456e-06 3.50877192982456e-06 3.50877192982456e-06 3.50877192982456e-06 3.50877192982456e-06 3.50877192982456e-06 3.50877192982456e-06 3.50877192982456e-06 3.50877192982456e-06 3.50877192982456e-06 3.50877192982456e-06 3.50877192982456e-06 3.50877192982456e-06 0.999936842105263 3.50877192982456e-06 3.50877192982456e-06 3.50877192982456e-06 3.50877192982456e-06 3.50877192982456e-06; % p D=0.01
3.50877192982456e-06 3.50877192982456e-06 3.50877192982456e-06 3.50877192982456e-06 3.50877192982456e-06 3.50877192982456e-06 3.50877192982456e-06 3.50877192982456e-06 0.999936842105263 3.50877192982456e-06 3.50877192982456e-06 3.50877192982456e-06 3.50877192982456e-06 3.50877192982456e-06 3.50877192982456e-06 3.50877192982456e-06 3.50877192982456e-06 3.50877192982456e-06 3.50877192982456e-06; % t D=0.01
3.50877192982456e-06 3.50877192982456e-06 3.50877192982456e-06 3.50877192982456e-06 3.50877192982456e-06 3.50877192982456e-06 3.50877192982456e-06 0.999936842105263 3.50877192982456e-06 3.50877192982456e-06 3.50877192982456e-06 3.50877192982456e-06 3.50877192982456e-06 3.50877192982456e-06 3.50877192982456e-06 3.50877192982456e-06 3.50877192982456e-06 3.50877192982456e-06 3.50877192982456e-06; % v D=0.01
0.253287719298246 2.10526315789474e-05 0.153287719298246 2.10526315789474e-05 2.10526315789474e-05 0.113287719298246 2.10526315789474e-05 2.10526315789474e-05 2.10526315789474e-05 2.10526315789474e-05 2.10526315789474e-05 0.186621052631579 2.10526315789474e-05 2.10526315789474e-05 2.10526315789474e-05 2.10526315789474e-05 0.126621052631579 0.166621052631579 2.10526315789474e-05; % z D=0.01
