syllables = '$BDGKLPTVZbdgklptvz';
discounts = [0.01 0.02 0.05 0.1 0.2 0.5 1 2 5];
kn_probs = [1.05263157894737e-05 1.05263157894737e-05 0.139977192982456 0.156643859649123 1.05263157894737e-05 1.05263157894737e-05 1.05263157894737e-05 1.05263157894737e-05 1.05263157894737e-05 1.05263157894737e-05 0.183310526315789 1.05263157894737e-05 0.179977192982456 1.05263157894737e-05 1.05263157894737e-05 1.05263157894737e-05 0.186643859649123 1.05263157894737e-05 0.153310526315789; % $ D=0.01
2.63157894736842e-06 2.63157894736842e-06 2.63157894736842e-06 2.63157894736842e-06 2.63157894736842e-06 2.63157894736842e-06 2.63157894736842e-06 2.63157894736842e-06 2.63157894736842e-06 2.63157894736842e-06 2.63157894736842e-06 2.63157894736842e-06 2.63157894736842e-06 2.63157894736842e-06 2.63157894736842e-06 2.63157894736842e-06 2.63157894736842e-06 0.999952631578947 2.63157894736842e-06; % B D=0.01
2.63157894736842e-06 2.63157894736842e-06 2.63157894736842e-06 2.63157894736842e-06 2.63157894736842e-06 2.63157894736842e-06 2.63157894736842e-06 2.63157894736842e-06 2.63157894736842e-06 2.63157894736842e-06 2.63157894736842e-06 2.63157894736842e-06 2.63157894736842e-06 0.999952631578947 2.63157894736842e-06 2.63157894736842e-06 2.63157894736842e-06 2.63157894736842e-06 2.63157894736842e-06; % D D=0.01
2.63157894736842e-06 2.63157894736842e-06 2.63157894736842e-06 2.63157894736842e-06 0.999952631578947 2.63157894736842e-06 2.63157894736842e-06 2.63157894736842e-06 2.63157894736842e-06 2.63157894736842e-06 2.63157894736842e-06 2.63157894736842e-06 2.63157894736842e-06 2.63157894736842e-06 2.63157894736842e-06 2.63157894736842e-06 2.63157894736842e-06 2.63157894736842e-06 2.63157894736842e-06; % G D=0.01
0.224965789473684 1.57894736842105e-05 0.164965789473684 1.57894736842105e-05 1.57894736842105e-05 1.57894736842105e-05 1.57894736842105e-05 1.57894736842105e-05 1.57894736842105e-05 1.57894736842105e-05 0.214965789473684 1.57894736842105e-05 0.0699657894736842 1.57894736842105e-05 1.57894736842105e-05 1.57894736842105e-05 0.124965789473684 1.57894736842105e-05 0.199965789473684; % K D=0.01
2.63157894736842e-06 2.63157894736842e-06 2.63157894736842e-06 2.63157894736842e-06 2.63157894736842e-06 2.63157894736842e-06 2.63157894736842e-06 2.63157894736842e-06 2.63157894736842e-06 2.63157894736842e-06 2.63157894736842e-06 2.63157894736842e-06 2.63157894736842e-06 2.63157894736842e-06 2.63157894736842e-06 0.999952631578947 2.63157894736842e-06 2.63157894736842e-06 2.63157894736842e-06; % L D=0.01
2.63157894736842e-06 2.63157894736842e-06 2.63157894736842e-06 2.63157894736842e-06 2.63157894736842e-06 2.63157894736842e-06 2.63157894736842e-06 2.63157894736842e-06 2.63157894736842e-06 0.999952631578947 2.63157894736842e-06 2.63157894736842e-06 2.63157894736842e-06 2.63157894736842e-06 2.63157894736842e-06 2.63157894736842e-06 2.63157894736842e-06 2.63157894736842e-06 2.63157894736842e-06; % P D=0.01
0.269965789473684 1.57894736842105e-05 0.134965789473684 0.149965789473684 1.57894736842105e-05 1.57894736842105e-05 1.57894736842105e-05 1.57894736842105e-05 1.57894736842105e-05 1.57894736842105e-05 0.0949657894736842 1.57894736842105e-05 0.179965789473684 1.57894736842105e-05 1.57894736842105e-05 1.57894736842105e-05 1.57894736842105e-05 1.57894736842105e-05 0.169965789473684; % T D=0.01
0.249965789473684 1.57894736842105e-05 0.184965789473684 0.124965789473684 1.57894736842105e-05 1.57894736842105e-05 1.57894736842105e-05 1.57894736842105e-05 1.57894736842105e-05 1.57894736842105e-05 0.169965789473684 1.57894736842105e-05 0.114965789473684 1.57894736842105e-05 1.57894736842105e-05 1.57894736842105e-05 0.154965789473684 1.57894736842105e-05 1.57894736842105e-05; % V D=0.01
2.63157894736842e-06 2.63157894736842e-06 2.63157894736842e-06 2.63157894736842e-06 2.63157894736842e-06 2.63157894736842e-06 2.63157894736842e-06 2.63157894736842e-06 2.63157894736842e-06 2.63157894736842e-06 2.63157894736842e-06 0.999952631578947 2.63157894736842e-06 2.63157894736842e-06 2.63157894736842e-06 2.63157894736842e-06 2.63157894736842e-06 2.63157894736842e-06 2.63157894736842e-06; % Z D=0.01
2.63157894736842e-06 0.999952631578947 2.63157894736842e-06 2.63157894736842e-06 2.63157894736842e-06 2.63157894736842e-06 2.63157894736842e-06 2.63157894736842e-06 2.63157894736842e-06 2.63157894736842e-06 2.63157894736842e-06 2.63157894736842e-06 2.63157894736842e-06 2.63157894736842e-06 2.63157894736842e-06 2.63157894736842e-06 2.63157894736842e-06 2.63157894736842e-06 2.63157894736842e-06; % b D=0.01
0.259965789473684 1.57894736842105e-05 0.164965789473684 0.169965789473684 1.57894736842105e-05 1.57894736842105e-05 1.57894736842105e-05 1.57894736842105e-05 1.57894736842105e-05 1.57894736842105e-05 0.124965789473684 1.57894736842105e-05 1.57894736842105e-05 1.57894736842105e-05 1.57894736842105e-05 1.57894736842105e-05 0.149965789473684 1.57894736842105e-05 0.129965789473684; % d D=0.01
2.63157894736842e-06 2.63157894736842e-06 2.63157894736842e-06 2.63157894736842e-06 2.63157894736842e-06 2.63157894736842e-06 0.999952631578947 2.63157894736842e-06 2.63157894736842e-06 2.63157894736842e-06 2.63157894736842e-06 2.63157894736842e-06 2.63157894736842e-06 2.63157894736842e-06 2.63157894736842e-06 2.63157894736842e-06 2.63157894736842e-06 2.63157894736842e-06 2.63157894736842e-06; % g D=0.01
0.204965789473684 1.57894736842105e-05 1.57894736842105e-05 0.194965789473684 1.57894736842105e-05 1.57894736842105e-05 1.57894736842105e-05 1.57894736842105e-05 1.57894736842105e-05 1.57894736842105e-05 0.119965789473684 1.57894736842105e-05 0.169965789473684 1.57894736842105e-05 1.57894736842105e-05 1.57894736842105e-05 0.174965789473684 1.57894736842105e-05 0.134965789473684; % k D=0.01
2.63157894736842e-06 2.63157894736842e-06 2.63157894736842e-06 2.63157894736842e-06 2.63157894736842e-06 2.63157894736842e-06 2.63157894736842e-06 0.999952631578947 2.63157894736842e-06 2.63157894736842e-06 2.63157894736842e-06 2.63157894736842e-06 2.63157894736842e-06 2.63157894736842e-06 2.63157894736842e-06 2.63157894736842e-06 2.63157894736842e-06 2.63157894736842e-06 2.63157894736842e-06; % l D=0.01
2.63157894736842e-06 2.63157894736842e-06 2.63157894736842e-06 2.63157894736842e-06 2.63157894736842e-06 2.63157894736842e-06 2.63157894736842e-06 2.63157894736842e-06 0.999952631578947 2.63157894736842e-06 2.63157894736842e-06 2.63157894736842e-06 2.63157894736842e-06 2.63157894736842e-06 2.63157894736842e-06 2.63157894736842e-06 2.63157894736842e-06 2.63157894736842e-06 2.63157894736842e-06; % p D=0.01
2.63157894736842e-06 2.63157894736842e-06 2.63157894736842e-06 2.63157894736842e-06 2.63157894736842e-06 2.63157894736842e-06 2.63157894736842e-06 2.63157894736842e-06 2.63157894736842e-06 2.63157894736842e-06 2.63157894736842e-06 2.63157894736842e-06 2.63157894736842e-06 2.63157894736842e-06 0.999952631578947 2.63157894736842e-06 2.63157894736842e-06 2.63157894736842e-06 2.63157894736842e-06; % t D=0.01
0.289965789473684 1.57894736842105e-05 0.139965789473684 0.124965789473684 1.57894736842105e-05 1.57894736842105e-05 1.57894736842105e-05 1.57894736842105e-05 1.57894736842105e-05 1.57894736842105e-05 1.57894736842105e-05 1.57894736842105e-05 0.194965789473684 1.57894736842105e-05 1.57894736842105e-05 1.57894736842105e-05 0.114965789473684 1.57894736842105e-05 0.134965789473684; % v D=0.01
2.63157894736842e-06 2.63157894736842e-06 2.63157894736842e-06 2.63157894736842e-06 2.63157894736842e-06 0.999952631578947 2.63157894736842e-06 2.63157894736842e-06 2.63157894736842e-06 2.63157894736842e-06 2.63157894736842e-06 2.63157894736842e-06 2.63157894736842e-06 2.63157894736842e-06 2.63157894736842e-06 2.63157894736842e-06 2.63157894736842e-06 2.63157894736842e-06 2.63157894736842e-06; % z D=0.01
