syllables = '$BDGKLPTVZbdgklptvz';
discounts = [0.01 0.02 0.05 0.1 0.2 0.5 1 2 5];
kn_probs = [4.21052631578947e-05 0.133242105263158 4.21052631578947e-05 4.21052631578947e-05 4.21052631578947e-05 0.186575438596491 0.173242105263158 4.21052631578947e-05 4.21052631578947e-05 0.199908771929825 4.21052631578947e-05 4.21052631578947e-05 0.133242105263158 4.21052631578947e-05 4.21052631578947e-05 4.21052631578947e-05 4.21052631578947e-05 4.21052631578947e-05 0.173242105263158; % $ D=0.01
1.05263157894737e-05 1.05263157894737e-05 1.05263157894737e-05 1.05263157894737e-05 0.999810526315789 1.05263157894737e-05 1.05263157894737e-05 1.05263157894737e-05 1.05263157894737e-05 1.05263157894737e-05 1.05263157894737e-05 1.05263157894737e-05 1.05263157894737e-05 1.05263157894737e-05 1.05263157894737e-05 1.05263157894737e-05 1.05263157894737e-05 1.05263157894737e-05 1.05263157894737e-05; % B D=0.01
0.179863157894737 0.199863157894737 6.31578947368421e-05 6.31578947368421e-05 6.31578947368421e-05 6.31578947368421e-05 0.139863157894737 6.31578947368421e-05 6.31578947368421e-05 0.179863157894737 6.31578947368421e-05 6.31578947368421e-05 0.119863157894737 6.31578947368421e-05 6.31578947368421e-05 6.31578947368421e-05 6.31578947368421e-05 6.31578947368421e-05 0.179863157894737; % D D=0.01
1.05263157894737e-05 1.05263157894737e-05 1.05263157894737e-05 1.05263157894737e-05 1.05263157894737e-05 1.05263157894737e-05 1.05263157894737e-05 0.999810526315789 1.05263157894737e-05 1.05263157894737e-05 1.05263157894737e-05 1.05263157894737e-05 1.05263157894737e-05 1.05263157894737e-05 1.05263157894737e-05 1.05263157894737e-05 1.05263157894737e-05 1.05263157894737e-05 1.05263157894737e-05; % G D=0.01
1.05263157894737e-05 1.05263157894737e-05 1.05263157894737e-05 1.05263157894737e-05 1.05263157894737e-05 1.05263157894737e-05 1.05263157894737e-05 1.05263157894737e-05 1.05263157894737e-05 1.05263157894737e-05 1.05263157894737e-05 1.05263157894737e-05 1.05263157894737e-05 1.05263157894737e-05 1.05263157894737e-05 0.999810526315789 1.05263157894737e-05 1.05263157894737e-05 1.05263157894737e-05; % K D=0.01
1.05263157894737e-05 1.05263157894737e-05 1.05263157894737e-05 1.05263157894737e-05 1.05263157894737e-05 1.05263157894737e-05 1.05263157894737e-05 1.05263157894737e-05 1.05263157894737e-05 1.05263157894737e-05 1.05263157894737e-05 1.05263157894737e-05 1.05263157894737e-05 1.05263157894737e-05 1.05263157894737e-05 1.05263157894737e-05 0.999810526315789 1.05263157894737e-05 1.05263157894737e-05; % L D=0.01
1.05263157894737e-05 1.05263157894737e-05 1.05263157894737e-05 1.05263157894737e-05 1.05263157894737e-05 1.05263157894737e-05 1.05263157894737e-05 1.05263157894737e-05 1.05263157894737e-05 1.05263157894737e-05 1.05263157894737e-05 1.05263157894737e-05 1.05263157894737e-05 1.05263157894737e-05 0.999810526315789 1.05263157894737e-05 1.05263157894737e-05 1.05263157894737e-05 1.05263157894737e-05; % P D=0.01
0.299863157894737 0.139863157894737 6.31578947368421e-05 6.31578947368421e-05 6.31578947368421e-05 0.139863157894737 0.139863157894737 6.31578947368421e-05 6.31578947368421e-05 0.0998631578947368 6.31578947368421e-05 6.31578947368421e-05 0.179863157894737 6.31578947368421e-05 6.31578947368421e-05 6.31578947368421e-05 6.31578947368421e-05 6.31578947368421e-05 6.31578947368421e-05; % T D=0.01
0.259873684210526 0.179873684210526 7.36842105263158e-05 7.36842105263158e-05 7.36842105263158e-05 0.0998736842105263 0.219873684210526 7.36842105263158e-05 7.36842105263158e-05 0.0198736842105263 7.36842105263158e-05 7.36842105263158e-05 0.139873684210526 7.36842105263158e-05 7.36842105263158e-05 7.36842105263158e-05 7.36842105263158e-05 7.36842105263158e-05 0.0798736842105263; % V D=0.01
1.05263157894737e-05 1.05263157894737e-05 1.05263157894737e-05 1.05263157894737e-05 1.05263157894737e-05 1.05263157894737e-05 1.05263157894737e-05 1.05263157894737e-05 0.999810526315789 1.05263157894737e-05 1.05263157894737e-05 1.05263157894737e-05 1.05263157894737e-05 1.05263157894737e-05 1.05263157894737e-05 1.05263157894737e-05 1.05263157894737e-05 1.05263157894737e-05 1.05263157894737e-05; % Z D=0.01
0.319863157894737 6.31578947368421e-05 6.31578947368421e-05 6.31578947368421e-05 6.31578947368421e-05 0.119863157894737 0.119863157894737 6.31578947368421e-05 6.31578947368421e-05 0.0998631578947368 6.31578947368421e-05 6.31578947368421e-05 0.179863157894737 6.31578947368421e-05 6.31578947368421e-05 6.31578947368421e-05 6.31578947368421e-05 6.31578947368421e-05 0.159863157894737; % b D=0.01
0.179863157894737 0.179863157894737 6.31578947368421e-05 6.31578947368421e-05 6.31578947368421e-05 0.199863157894737 0.119863157894737 6.31578947368421e-05 6.31578947368421e-05 0.159863157894737 6.31578947368421e-05 6.31578947368421e-05 6.31578947368421e-05 6.31578947368421e-05 6.31578947368421e-05 6.31578947368421e-05 6.31578947368421e-05 6.31578947368421e-05 0.159863157894737; % d D=0.01
1.05263157894737e-05 1.05263157894737e-05 1.05263157894737e-05 1.05263157894737e-05 1.05263157894737e-05 1.05263157894737e-05 1.05263157894737e-05 1.05263157894737e-05 1.05263157894737e-05 1.05263157894737e-05 1.05263157894737e-05 0.999810526315789 1.05263157894737e-05 1.05263157894737e-05 1.05263157894737e-05 1.05263157894737e-05 1.05263157894737e-05 1.05263157894737e-05 1.05263157894737e-05; % g D=0.01
0.259863157894737 0.0998631578947368 6.31578947368421e-05 6.31578947368421e-05 6.31578947368421e-05 0.159863157894737 6.31578947368421e-05 6.31578947368421e-05 6.31578947368421e-05 0.139863157894737 6.31578947368421e-05 6.31578947368421e-05 0.179863157894737 6.31578947368421e-05 6.31578947368421e-05 6.31578947368421e-05 6.31578947368421e-05 6.31578947368421e-05 0.159863157894737; % k D=0.01
1.05263157894737e-05 1.05263157894737e-05 1.05263157894737e-05 1.05263157894737e-05 1.05263157894737e-05 1.05263157894737e-05 1.05263157894737e-05 1.05263157894737e-05 1.05263157894737e-05 1.05263157894737e-05 1.05263157894737e-05 1.05263157894737e-05 1.05263157894737e-05 0.999810526315789 1.05263157894737e-05 1.05263157894737e-05 1.05263157894737e-05 1.05263157894737e-05 1.05263157894737e-05; % l D=0.01
1.05263157894737e-05 1.05263157894737e-05 1.05263157894737e-05 1.05263157894737e-05 1.05263157894737e-05 1.05263157894737e-05 1.05263157894737e-05 1.05263157894737e-05 1.05263157894737e-05 1.05263157894737e-05 0.999810526315789 1.05263157894737e-05 1.05263157894737e-05 1.05263157894737e-05 1.05263157894737e-05 1.05263157894737e-05 1.05263157894737e-05 1.05263157894737e-05 1.05263157894737e-05; % p D=0.01
1.05263157894737e-05 1.05263157894737e-05 0.999810526315789 1.05263157894737e-05 1.05263157894737e-05 1.05263157894737e-05 1.05263157894737e-05 1.05263157894737e-05 1.05263157894737e-05 1.05263157894737e-05 1.05263157894737e-05 1.05263157894737e-05 1.05263157894737e-05 1.05263157894737e-05 1.05263157894737e-05 1.05263157894737e-05 1.05263157894737e-05 1.05263157894737e-05 1.05263157894737e-05; % t D=0.01
1.05263157894737e-05 1.05263157894737e-05 1.05263157894737e-05 0.999810526315789 1.05263157894737e-05 1.05263157894737e-05 1.05263157894737e-05 1.05263157894737e-05 1.05263157894737e-05 1.05263157894737e-05 1.05263157894737e-05 1.05263157894737e-05 1.05263157894737e-05 1.05263157894737e-05 1.05263157894737e-05 1.05263157894737e-05 1.05263157894737e-05 1.05263157894737e-05 1.05263157894737e-05; % v D=0.01
1.05263157894737e-05 1.05263157894737e-05 1.05263157894737e-05 1.05263157894737e-05 1.05263157894737e-05 1.05263157894737e-05 1.05263157894737e-05 1.05263157894737e-05 1.05263157894737e-05 1.05263157894737e-05 1.05263157894737e-05 1.05263157894737e-05 1.05263157894737e-05 1.05263157894737e-05 1.05263157894737e-05 1.05263157894737e-05 1.05263157894737e-05 0.999810526315789 1.05263157894737e-05; % z D=0.01
