syllables = '$BDGKLPTVZbdgklptvz';
discounts = [0.01 0.02 0.05 0.1 0.2 0.5 1 2 5];
kn_probs = [0.000126315789473684 0.000126315789473684 0.119726315789474 0.119726315789474 0.000126315789473684 0.000126315789473684 0.000126315789473684 0.000126315789473684 0.000126315789473684 0.159726315789474 0.239726315789474 0.000126315789473684 0.000126315789473684 0.159726315789474 0.000126315789473684 0.000126315789473684 0.000126315789473684 0.199726315789474 0.000126315789473684; % $ D=0.01
3.09597523219814e-05 3.09597523219814e-05 3.09597523219814e-05 3.09597523219814e-05 3.09597523219814e-05 3.09597523219814e-05 3.09597523219814e-05 0.999442724458204 3.09597523219814e-05 3.09597523219814e-05 3.09597523219814e-05 3.09597523219814e-05 3.09597523219814e-05 3.09597523219814e-05 3.09597523219814e-05 3.09597523219814e-05 3.09597523219814e-05 3.09597523219814e-05 3.09597523219814e-05; % B D=0.01
3.09597523219814e-05 3.09597523219814e-05 3.09597523219814e-05 3.09597523219814e-05 3.09597523219814e-05 0.999442724458204 3.09597523219814e-05 3.09597523219814e-05 3.09597523219814e-05 3.09597523219814e-05 3.09597523219814e-05 3.09597523219814e-05 3.09597523219814e-05 3.09597523219814e-05 3.09597523219814e-05 3.09597523219814e-05 3.09597523219814e-05 3.09597523219814e-05 3.09597523219814e-05; % D D=0.01
3.09597523219814e-05 3.09597523219814e-05 3.09597523219814e-05 3.09597523219814e-05 3.09597523219814e-05 3.09597523219814e-05 3.09597523219814e-05 3.09597523219814e-05 3.09597523219814e-05 3.09597523219814e-05 3.09597523219814e-05 3.09597523219814e-05 0.999442724458204 3.09597523219814e-05 3.09597523219814e-05 3.09597523219814e-05 3.09597523219814e-05 3.09597523219814e-05 3.09597523219814e-05; % G D=0.01
3.50877192982456e-05 3.50877192982456e-05 3.50877192982456e-05 3.50877192982456e-05 3.50877192982456e-05 3.50877192982456e-05 3.50877192982456e-05 3.50877192982456e-05 3.50877192982456e-05 3.50877192982456e-05 3.50877192982456e-05 3.50877192982456e-05 3.50877192982456e-05 3.50877192982456e-05 3.50877192982456e-05 3.50877192982456e-05 3.50877192982456e-05 3.50877192982456e-05 0.999368421052632; % K D=0.01
3.09597523219814e-05 3.09597523219814e-05 3.09597523219814e-05 3.09597523219814e-05 3.09597523219814e-05 3.09597523219814e-05 3.09597523219814e-05 3.09597523219814e-05 3.09597523219814e-05 3.09597523219814e-05 3.09597523219814e-05 3.09597523219814e-05 3.09597523219814e-05 3.09597523219814e-05 3.09597523219814e-05 0.999442724458204 3.09597523219814e-05 3.09597523219814e-05 3.09597523219814e-05; % L D=0.01
0.234891640866873 0.000185758513931889 0.176068111455108 0.176068111455108 0.000185758513931889 0.000185758513931889 0.000185758513931889 0.000185758513931889 0.000185758513931889 0.0584210526315789 0.000185758513931889 0.000185758513931889 0.000185758513931889 0.117244582043344 0.000185758513931889 0.000185758513931889 0.000185758513931889 0.234891640866873 0.000185758513931889; % P D=0.01
0.234891640866873 0.000185758513931889 0.176068111455108 0.117244582043344 0.000185758513931889 0.000185758513931889 0.000185758513931889 0.000185758513931889 0.000185758513931889 0.176068111455108 0.117244582043344 0.000185758513931889 0.000185758513931889 0.000185758513931889 0.000185758513931889 0.000185758513931889 0.000185758513931889 0.176068111455108 0.000185758513931889; % T D=0.01
3.09597523219814e-05 3.09597523219814e-05 3.09597523219814e-05 3.09597523219814e-05 3.09597523219814e-05 3.09597523219814e-05 3.09597523219814e-05 3.09597523219814e-05 3.09597523219814e-05 3.09597523219814e-05 3.09597523219814e-05 3.09597523219814e-05 3.09597523219814e-05 3.09597523219814e-05 3.09597523219814e-05 3.09597523219814e-05 0.999442724458204 3.09597523219814e-05 3.09597523219814e-05; % V D=0.01
3.50877192982456e-05 3.50877192982456e-05 3.50877192982456e-05 3.50877192982456e-05 3.50877192982456e-05 3.50877192982456e-05 3.50877192982456e-05 3.50877192982456e-05 3.50877192982456e-05 3.50877192982456e-05 3.50877192982456e-05 0.999368421052632 3.50877192982456e-05 3.50877192982456e-05 3.50877192982456e-05 3.50877192982456e-05 3.50877192982456e-05 3.50877192982456e-05 3.50877192982456e-05; % Z D=0.01
3.09597523219814e-05 3.09597523219814e-05 3.09597523219814e-05 3.09597523219814e-05 3.09597523219814e-05 3.09597523219814e-05 0.999442724458204 3.09597523219814e-05 3.09597523219814e-05 3.09597523219814e-05 3.09597523219814e-05 3.09597523219814e-05 3.09597523219814e-05 3.09597523219814e-05 3.09597523219814e-05 3.09597523219814e-05 3.09597523219814e-05 3.09597523219814e-05 3.09597523219814e-05; % b D=0.01
3.50877192982456e-05 3.50877192982456e-05 3.50877192982456e-05 3.50877192982456e-05 0.999368421052632 3.50877192982456e-05 3.50877192982456e-05 3.50877192982456e-05 3.50877192982456e-05 3.50877192982456e-05 3.50877192982456e-05 3.50877192982456e-05 3.50877192982456e-05 3.50877192982456e-05 3.50877192982456e-05 3.50877192982456e-05 3.50877192982456e-05 3.50877192982456e-05 3.50877192982456e-05; % d D=0.01
0.293715170278638 0.000185758513931889 0.117244582043344 0.000185758513931889 0.000185758513931889 0.000185758513931889 0.000185758513931889 0.000185758513931889 0.000185758513931889 0.117244582043344 0.176068111455108 0.000185758513931889 0.000185758513931889 0.0584210526315789 0.000185758513931889 0.000185758513931889 0.000185758513931889 0.234891640866873 0.000185758513931889; % g D=0.01
3.09597523219814e-05 0.999442724458204 3.09597523219814e-05 3.09597523219814e-05 3.09597523219814e-05 3.09597523219814e-05 3.09597523219814e-05 3.09597523219814e-05 3.09597523219814e-05 3.09597523219814e-05 3.09597523219814e-05 3.09597523219814e-05 3.09597523219814e-05 3.09597523219814e-05 3.09597523219814e-05 3.09597523219814e-05 3.09597523219814e-05 3.09597523219814e-05 3.09597523219814e-05; % k D=0.01
3.09597523219814e-05 3.09597523219814e-05 3.09597523219814e-05 3.09597523219814e-05 3.09597523219814e-05 3.09597523219814e-05 3.09597523219814e-05 3.09597523219814e-05 0.999442724458204 3.09597523219814e-05 3.09597523219814e-05 3.09597523219814e-05 3.09597523219814e-05 3.09597523219814e-05 3.09597523219814e-05 3.09597523219814e-05 3.09597523219814e-05 3.09597523219814e-05 3.09597523219814e-05; % l D=0.01
0.293715170278638 0.000185758513931889 0.000185758513931889 0.293715170278638 0.000185758513931889 0.000185758513931889 0.000185758513931889 0.000185758513931889 0.000185758513931889 0.117244582043344 0.176068111455108 0.000185758513931889 0.000185758513931889 0.0584210526315789 0.000185758513931889 0.000185758513931889 0.000185758513931889 0.0584210526315789 0.000185758513931889; % p D=0.01
0.234860681114551 0.000154798761609907 0.234860681114551 0.058390092879257 0.000154798761609907 0.000154798761609907 0.000154798761609907 0.000154798761609907 0.000154798761609907 0.176037151702786 0.000154798761609907 0.000154798761609907 0.000154798761609907 0.293684210526316 0.000154798761609907 0.000154798761609907 0.000154798761609907 0.000154798761609907 0.000154798761609907; % t D=0.01
3.09597523219814e-05 3.09597523219814e-05 3.09597523219814e-05 3.09597523219814e-05 3.09597523219814e-05 3.09597523219814e-05 3.09597523219814e-05 3.09597523219814e-05 3.09597523219814e-05 3.09597523219814e-05 3.09597523219814e-05 3.09597523219814e-05 3.09597523219814e-05 3.09597523219814e-05 0.999442724458204 3.09597523219814e-05 3.09597523219814e-05 3.09597523219814e-05 3.09597523219814e-05; % v D=0.01
0.199508771929825 0.000175438596491228 0.132842105263158 0.199508771929825 0.000175438596491228 0.000175438596491228 0.000175438596491228 0.000175438596491228 0.000175438596491228 0.000175438596491228 0.199508771929825 0.000175438596491228 0.000175438596491228 0.266175438596491 0.000175438596491228 0.000175438596491228 0.000175438596491228 0.000175438596491228 0.000175438596491228; % z D=0.01
