syllables = '$BDGKLPTVZbdgklptvz';
discounts = [0.01 0.02 0.05 0.1 0.2 0.5 1 2 5];
kn_probs = [1.40350877192982e-05 1.40350877192982e-05 1.40350877192982e-05 0.168858479532164 0.159969590643275 1.40350877192982e-05 0.168858479532164 1.40350877192982e-05 1.40350877192982e-05 1.40350877192982e-05 0.151080701754386 0.19552514619883 1.40350877192982e-05 1.40350877192982e-05 1.40350877192982e-05 1.40350877192982e-05 1.40350877192982e-05 0.15552514619883 1.40350877192982e-05; % $ D=0.01
3.50877192982456e-06 3.50877192982456e-06 3.50877192982456e-06 3.50877192982456e-06 3.50877192982456e-06 3.50877192982456e-06 3.50877192982456e-06 3.50877192982456e-06 3.50877192982456e-06 3.50877192982456e-06 3.50877192982456e-06 3.50877192982456e-06 3.50877192982456e-06 3.50877192982456e-06 3.50877192982456e-06 0.999936842105263 3.50877192982456e-06 3.50877192982456e-06 3.50877192982456e-06; % B D=0.01
3.50877192982456e-06 3.50877192982456e-06 3.50877192982456e-06 3.50877192982456e-06 3.50877192982456e-06 3.50877192982456e-06 3.50877192982456e-06 3.50877192982456e-06 3.50877192982456e-06 3.50877192982456e-06 3.50877192982456e-06 3.50877192982456e-06 3.50877192982456e-06 3.50877192982456e-06 0.999936842105263 3.50877192982456e-06 3.50877192982456e-06 3.50877192982456e-06 3.50877192982456e-06; % D D=0.01
3.50877192982456e-06 3.50877192982456e-06 3.50877192982456e-06 3.50877192982456e-06 3.50877192982456e-06 3.50877192982456e-06 3.50877192982456e-06 3.50877192982456e-06 3.50877192982456e-06 3.50877192982456e-06 3.50877192982456e-06 3.50877192982456e-06 0.999936842105263 3.50877192982456e-06 3.50877192982456e-06 3.50877192982456e-06 3.50877192982456e-06 3.50877192982456e-06 3.50877192982456e-06; % G D=0.01
3.50877192982456e-06 0.999936842105263 3.50877192982456e-06 3.50877192982456e-06 3.50877192982456e-06 3.50877192982456e-06 3.50877192982456e-06 3.50877192982456e-06 3.50877192982456e-06 3.50877192982456e-06 3.50877192982456e-06 3.50877192982456e-06 3.50877192982456e-06 3.50877192982456e-06 3.50877192982456e-06 3.50877192982456e-06 3.50877192982456e-06 3.50877192982456e-06 3.50877192982456e-06; % K D=0.01
3.50877192982456e-06 3.50877192982456e-06 3.50877192982456e-06 3.50877192982456e-06 3.50877192982456e-06 3.50877192982456e-06 3.50877192982456e-06 0.999936842105263 3.50877192982456e-06 3.50877192982456e-06 3.50877192982456e-06 3.50877192982456e-06 3.50877192982456e-06 3.50877192982456e-06 3.50877192982456e-06 3.50877192982456e-06 3.50877192982456e-06 3.50877192982456e-06 3.50877192982456e-06; % L D=0.01
3.50877192982456e-06 3.50877192982456e-06 3.50877192982456e-06 3.50877192982456e-06 3.50877192982456e-06 3.50877192982456e-06 3.50877192982456e-06 3.50877192982456e-06 0.999936842105263 3.50877192982456e-06 3.50877192982456e-06 3.50877192982456e-06 3.50877192982456e-06 3.50877192982456e-06 3.50877192982456e-06 3.50877192982456e-06 3.50877192982456e-06 3.50877192982456e-06 3.50877192982456e-06; % P D=0.01
0.279954385964912 2.10526315789474e-05 2.10526315789474e-05 2.10526315789474e-05 0.153287719298246 2.10526315789474e-05 0.153287719298246 2.10526315789474e-05 2.10526315789474e-05 2.10526315789474e-05 0.193287719298246 0.106621052631579 2.10526315789474e-05 2.10526315789474e-05 2.10526315789474e-05 2.10526315789474e-05 2.10526315789474e-05 0.113287719298246 2.10526315789474e-05; % T D=0.01
0.306621052631579 2.10526315789474e-05 2.10526315789474e-05 0.159954385964912 0.126621052631579 2.10526315789474e-05 2.10526315789474e-05 2.10526315789474e-05 2.10526315789474e-05 2.10526315789474e-05 0.119954385964912 0.139954385964912 2.10526315789474e-05 2.10526315789474e-05 2.10526315789474e-05 2.10526315789474e-05 2.10526315789474e-05 0.146621052631579 2.10526315789474e-05; % V D=0.01
3.50877192982456e-06 3.50877192982456e-06 3.50877192982456e-06 3.50877192982456e-06 3.50877192982456e-06 3.50877192982456e-06 3.50877192982456e-06 3.50877192982456e-06 3.50877192982456e-06 3.50877192982456e-06 3.50877192982456e-06 3.50877192982456e-06 3.50877192982456e-06 3.50877192982456e-06 3.50877192982456e-06 3.50877192982456e-06 0.999936842105263 3.50877192982456e-06 3.50877192982456e-06; % Z D=0.01
3.50877192982456e-06 3.50877192982456e-06 3.50877192982456e-06 3.50877192982456e-06 3.50877192982456e-06 3.50877192982456e-06 3.50877192982456e-06 3.50877192982456e-06 3.50877192982456e-06 0.999936842105263 3.50877192982456e-06 3.50877192982456e-06 3.50877192982456e-06 3.50877192982456e-06 3.50877192982456e-06 3.50877192982456e-06 3.50877192982456e-06 3.50877192982456e-06 3.50877192982456e-06; % b D=0.01
3.50877192982456e-06 3.50877192982456e-06 3.50877192982456e-06 3.50877192982456e-06 3.50877192982456e-06 3.50877192982456e-06 3.50877192982456e-06 3.50877192982456e-06 3.50877192982456e-06 3.50877192982456e-06 3.50877192982456e-06 3.50877192982456e-06 3.50877192982456e-06 0.999936842105263 3.50877192982456e-06 3.50877192982456e-06 3.50877192982456e-06 3.50877192982456e-06 3.50877192982456e-06; % d D=0.01
3.50877192982456e-06 3.50877192982456e-06 3.50877192982456e-06 3.50877192982456e-06 3.50877192982456e-06 0.999936842105263 3.50877192982456e-06 3.50877192982456e-06 3.50877192982456e-06 3.50877192982456e-06 3.50877192982456e-06 3.50877192982456e-06 3.50877192982456e-06 3.50877192982456e-06 3.50877192982456e-06 3.50877192982456e-06 3.50877192982456e-06 3.50877192982456e-06 3.50877192982456e-06; % g D=0.01
0.213287719298246 2.10526315789474e-05 2.10526315789474e-05 0.153287719298246 0.179954385964912 2.10526315789474e-05 0.133287719298246 2.10526315789474e-05 2.10526315789474e-05 2.10526315789474e-05 0.139954385964912 2.10526315789474e-05 2.10526315789474e-05 2.10526315789474e-05 2.10526315789474e-05 2.10526315789474e-05 2.10526315789474e-05 0.179954385964912 2.10526315789474e-05; % k D=0.01
0.246621052631579 2.10526315789474e-05 2.10526315789474e-05 0.153287719298246 0.159954385964912 2.10526315789474e-05 0.146621052631579 2.10526315789474e-05 2.10526315789474e-05 2.10526315789474e-05 0.179954385964912 0.113287719298246 2.10526315789474e-05 2.10526315789474e-05 2.10526315789474e-05 2.10526315789474e-05 2.10526315789474e-05 2.10526315789474e-05 2.10526315789474e-05; % l D=0.01
0.239954385964912 2.10526315789474e-05 2.10526315789474e-05 0.166621052631579 2.10526315789474e-05 2.10526315789474e-05 0.119954385964912 2.10526315789474e-05 2.10526315789474e-05 2.10526315789474e-05 0.139954385964912 0.173287719298246 2.10526315789474e-05 2.10526315789474e-05 2.10526315789474e-05 2.10526315789474e-05 2.10526315789474e-05 0.159954385964912 2.10526315789474e-05; % p D=0.01
3.50877192982456e-06 3.50877192982456e-06 3.50877192982456e-06 3.50877192982456e-06 3.50877192982456e-06 3.50877192982456e-06 3.50877192982456e-06 3.50877192982456e-06 3.50877192982456e-06 3.50877192982456e-06 3.50877192982456e-06 3.50877192982456e-06 3.50877192982456e-06 3.50877192982456e-06 3.50877192982456e-06 3.50877192982456e-06 3.50877192982456e-06 3.50877192982456e-06 0.999936842105263; % t D=0.01
3.50877192982456e-06 3.50877192982456e-06 0.999936842105263 3.50877192982456e-06 3.50877192982456e-06 3.50877192982456e-06 3.50877192982456e-06 3.50877192982456e-06 3.50877192982456e-06 3.50877192982456e-06 3.50877192982456e-06 3.50877192982456e-06 3.50877192982456e-06 3.50877192982456e-06 3.50877192982456e-06 3.50877192982456e-06 3.50877192982456e-06 3.50877192982456e-06 3.50877192982456e-06; % v D=0.01
0.213287719298246 2.10526315789474e-05 2.10526315789474e-05 0.113287719298246 0.139954385964912 2.10526315789474e-05 0.193287719298246 2.10526315789474e-05 2.10526315789474e-05 2.10526315789474e-05 2.10526315789474e-05 0.173287719298246 2.10526315789474e-05 2.10526315789474e-05 2.10526315789474e-05 2.10526315789474e-05 2.10526315789474e-05 0.166621052631579 2.10526315789474e-05; % z D=0.01
