syllables = '$BDGKLPTVZbdgklptvz';
discounts = [0.01 0.02 0.05 0.1 0.2 0.5 1 2 5];
kn_probs = [0.000219298245614035 0.249385964912281 0.000219298245614035 0.166052631578947 0.166052631578947 0.000219298245614035 0.000219298245614035 0.000219298245614035 0.000219298245614035 0.000219298245614035 0.000219298245614035 0.000219298245614035 0.000219298245614035 0.000219298245614035 0.000219298245614035 0.000219298245614035 0.000219298245614035 0.082719298245614 0.332719298245614; % $ D=0.01
6.57894736842105e-05 6.57894736842105e-05 6.57894736842105e-05 6.57894736842105e-05 6.57894736842105e-05 6.57894736842105e-05 6.57894736842105e-05 6.57894736842105e-05 6.57894736842105e-05 6.57894736842105e-05 6.57894736842105e-05 6.57894736842105e-05 6.57894736842105e-05 6.57894736842105e-05 6.57894736842105e-05 6.57894736842105e-05 0.998815789473684 6.57894736842105e-05 6.57894736842105e-05; % B D=0.01
0.124078947368421 0.000328947368421053 0.000328947368421053 0.124078947368421 0.249078947368421 0.000328947368421053 0.000328947368421053 0.000328947368421053 0.000328947368421053 0.000328947368421053 0.000328947368421053 0.000328947368421053 0.000328947368421053 0.000328947368421053 0.000328947368421053 0.000328947368421053 0.000328947368421053 0.249078947368421 0.249078947368421; % D D=0.01
6.57894736842105e-05 6.57894736842105e-05 6.57894736842105e-05 6.57894736842105e-05 6.57894736842105e-05 0.998815789473684 6.57894736842105e-05 6.57894736842105e-05 6.57894736842105e-05 6.57894736842105e-05 6.57894736842105e-05 6.57894736842105e-05 6.57894736842105e-05 6.57894736842105e-05 6.57894736842105e-05 6.57894736842105e-05 6.57894736842105e-05 6.57894736842105e-05 6.57894736842105e-05; % G D=0.01
6.57894736842105e-05 6.57894736842105e-05 6.57894736842105e-05 6.57894736842105e-05 6.57894736842105e-05 6.57894736842105e-05 6.57894736842105e-05 0.998815789473684 6.57894736842105e-05 6.57894736842105e-05 6.57894736842105e-05 6.57894736842105e-05 6.57894736842105e-05 6.57894736842105e-05 6.57894736842105e-05 6.57894736842105e-05 6.57894736842105e-05 6.57894736842105e-05 6.57894736842105e-05; % K D=0.01
0.249013157894737 0.249013157894737 0.000263157894736842 0.000263157894736842 0.249013157894737 0.000263157894736842 0.000263157894736842 0.000263157894736842 0.000263157894736842 0.000263157894736842 0.000263157894736842 0.000263157894736842 0.249013157894737 0.000263157894736842 0.000263157894736842 0.000263157894736842 0.000263157894736842 0.000263157894736842 0.000263157894736842; % L D=0.01
0.248947368421053 0.000197368421052632 0.000197368421052632 0.248947368421053 0.000197368421052632 0.000197368421052632 0.000197368421052632 0.000197368421052632 0.000197368421052632 0.000197368421052632 0.000197368421052632 0.000197368421052632 0.000197368421052632 0.000197368421052632 0.000197368421052632 0.000197368421052632 0.000197368421052632 0.498947368421053 0.000197368421052632; % P D=0.01
6.57894736842105e-05 6.57894736842105e-05 6.57894736842105e-05 6.57894736842105e-05 6.57894736842105e-05 6.57894736842105e-05 6.57894736842105e-05 6.57894736842105e-05 6.57894736842105e-05 0.998815789473684 6.57894736842105e-05 6.57894736842105e-05 6.57894736842105e-05 6.57894736842105e-05 6.57894736842105e-05 6.57894736842105e-05 6.57894736842105e-05 6.57894736842105e-05 6.57894736842105e-05; % T D=0.01
0.249013157894737 0.124013157894737 0.000263157894736842 0.000263157894736842 0.124013157894737 0.000263157894736842 0.000263157894736842 0.000263157894736842 0.000263157894736842 0.000263157894736842 0.000263157894736842 0.000263157894736842 0.499013157894737 0.000263157894736842 0.000263157894736842 0.000263157894736842 0.000263157894736842 0.000263157894736842 0.000263157894736842; % V D=0.01
0.249144736842105 0.124144736842105 0.000394736842105263 0.124144736842105 0.000394736842105263 0.000394736842105263 0.000394736842105263 0.000394736842105263 0.000394736842105263 0.000394736842105263 0.000394736842105263 0.000394736842105263 0.249144736842105 0.000394736842105263 0.000394736842105263 0.000394736842105263 0.000394736842105263 0.124144736842105 0.124144736842105; % Z D=0.01
6.57894736842105e-05 6.57894736842105e-05 6.57894736842105e-05 6.57894736842105e-05 6.57894736842105e-05 6.57894736842105e-05 6.57894736842105e-05 6.57894736842105e-05 6.57894736842105e-05 6.57894736842105e-05 6.57894736842105e-05 6.57894736842105e-05 6.57894736842105e-05 6.57894736842105e-05 6.57894736842105e-05 0.998815789473684 6.57894736842105e-05 6.57894736842105e-05 6.57894736842105e-05; % b D=0.01
0.374078947368421 0.124078947368421 0.000328947368421053 0.249078947368421 0.124078947368421 0.000328947368421053 0.000328947368421053 0.000328947368421053 0.000328947368421053 0.000328947368421053 0.000328947368421053 0.000328947368421053 0.000328947368421053 0.000328947368421053 0.000328947368421053 0.000328947368421053 0.000328947368421053 0.000328947368421053 0.124078947368421; % d D=0.01
6.57894736842105e-05 6.57894736842105e-05 6.57894736842105e-05 6.57894736842105e-05 6.57894736842105e-05 6.57894736842105e-05 6.57894736842105e-05 6.57894736842105e-05 6.57894736842105e-05 6.57894736842105e-05 6.57894736842105e-05 0.998815789473684 6.57894736842105e-05 6.57894736842105e-05 6.57894736842105e-05 6.57894736842105e-05 6.57894736842105e-05 6.57894736842105e-05 6.57894736842105e-05; % g D=0.01
6.57894736842105e-05 6.57894736842105e-05 6.57894736842105e-05 6.57894736842105e-05 6.57894736842105e-05 6.57894736842105e-05 6.57894736842105e-05 6.57894736842105e-05 0.998815789473684 6.57894736842105e-05 6.57894736842105e-05 6.57894736842105e-05 6.57894736842105e-05 6.57894736842105e-05 6.57894736842105e-05 6.57894736842105e-05 6.57894736842105e-05 6.57894736842105e-05 6.57894736842105e-05; % k D=0.01
6.57894736842105e-05 6.57894736842105e-05 0.998815789473684 6.57894736842105e-05 6.57894736842105e-05 6.57894736842105e-05 6.57894736842105e-05 6.57894736842105e-05 6.57894736842105e-05 6.57894736842105e-05 6.57894736842105e-05 6.57894736842105e-05 6.57894736842105e-05 6.57894736842105e-05 6.57894736842105e-05 6.57894736842105e-05 6.57894736842105e-05 6.57894736842105e-05 6.57894736842105e-05; % l D=0.01
6.57894736842105e-05 6.57894736842105e-05 6.57894736842105e-05 6.57894736842105e-05 6.57894736842105e-05 6.57894736842105e-05 0.998815789473684 6.57894736842105e-05 6.57894736842105e-05 6.57894736842105e-05 6.57894736842105e-05 6.57894736842105e-05 6.57894736842105e-05 6.57894736842105e-05 6.57894736842105e-05 6.57894736842105e-05 6.57894736842105e-05 6.57894736842105e-05 6.57894736842105e-05; % p D=0.01
6.57894736842105e-05 6.57894736842105e-05 6.57894736842105e-05 6.57894736842105e-05 6.57894736842105e-05 6.57894736842105e-05 6.57894736842105e-05 6.57894736842105e-05 6.57894736842105e-05 6.57894736842105e-05 6.57894736842105e-05 6.57894736842105e-05 6.57894736842105e-05 6.57894736842105e-05 0.998815789473684 6.57894736842105e-05 6.57894736842105e-05 6.57894736842105e-05 6.57894736842105e-05; % t D=0.01
6.57894736842105e-05 6.57894736842105e-05 6.57894736842105e-05 6.57894736842105e-05 6.57894736842105e-05 6.57894736842105e-05 6.57894736842105e-05 6.57894736842105e-05 6.57894736842105e-05 6.57894736842105e-05 6.57894736842105e-05 6.57894736842105e-05 6.57894736842105e-05 0.998815789473684 6.57894736842105e-05 6.57894736842105e-05 6.57894736842105e-05 6.57894736842105e-05 6.57894736842105e-05; % v D=0.01
6.57894736842105e-05 6.57894736842105e-05 6.57894736842105e-05 6.57894736842105e-05 6.57894736842105e-05 6.57894736842105e-05 6.57894736842105e-05 6.57894736842105e-05 6.57894736842105e-05 6.57894736842105e-05 0.998815789473684 6.57894736842105e-05 6.57894736842105e-05 6.57894736842105e-05 6.57894736842105e-05 6.57894736842105e-05 6.57894736842105e-05 6.57894736842105e-05 6.57894736842105e-05; % z D=0.01
