syllables = '$BDGKLPTVZbdgklptvz';
discounts = [0.01 0.02 0.05 0.1 0.2 0.5 1 2 5];
kn_probs = [0.000175438596491228 0.332675438596491 0.000175438596491228 0.000175438596491228 0.000175438596491228 0.000175438596491228 0.000175438596491228 0.000175438596491228 0.249342105263158 0.000175438596491228 0.000175438596491228 0.0826754385964912 0.000175438596491228 0.000175438596491228 0.332675438596491 0.000175438596491228 0.000175438596491228 0.000175438596491228 0.000175438596491228; % $ D=0.01
6.57894736842105e-05 6.57894736842105e-05 6.57894736842105e-05 6.57894736842105e-05 6.57894736842105e-05 6.57894736842105e-05 6.57894736842105e-05 0.998815789473684 6.57894736842105e-05 6.57894736842105e-05 6.57894736842105e-05 6.57894736842105e-05 6.57894736842105e-05 6.57894736842105e-05 6.57894736842105e-05 6.57894736842105e-05 6.57894736842105e-05 6.57894736842105e-05 6.57894736842105e-05; % B D=0.01
6.57894736842105e-05 6.57894736842105e-05 6.57894736842105e-05 6.57894736842105e-05 6.57894736842105e-05 6.57894736842105e-05 0.998815789473684 6.57894736842105e-05 6.57894736842105e-05 6.57894736842105e-05 6.57894736842105e-05 6.57894736842105e-05 6.57894736842105e-05 6.57894736842105e-05 6.57894736842105e-05 6.57894736842105e-05 6.57894736842105e-05 6.57894736842105e-05 6.57894736842105e-05; % D D=0.01
6.57894736842105e-05 6.57894736842105e-05 6.57894736842105e-05 6.57894736842105e-05 0.998815789473684 6.57894736842105e-05 6.57894736842105e-05 6.57894736842105e-05 6.57894736842105e-05 6.57894736842105e-05 6.57894736842105e-05 6.57894736842105e-05 6.57894736842105e-05 6.57894736842105e-05 6.57894736842105e-05 6.57894736842105e-05 6.57894736842105e-05 6.57894736842105e-05 6.57894736842105e-05; % G D=0.01
0.374013157894737 0.000263157894736842 0.000263157894736842 0.000263157894736842 0.000263157894736842 0.000263157894736842 0.000263157894736842 0.000263157894736842 0.374013157894737 0.000263157894736842 0.000263157894736842 0.124013157894737 0.000263157894736842 0.000263157894736842 0.000263157894736842 0.000263157894736842 0.124013157894737 0.000263157894736842 0.000263157894736842; % K D=0.01
0.374013157894737 0.000263157894736842 0.000263157894736842 0.000263157894736842 0.000263157894736842 0.000263157894736842 0.000263157894736842 0.000263157894736842 0.124013157894737 0.000263157894736842 0.000263157894736842 0.124013157894737 0.000263157894736842 0.000263157894736842 0.000263157894736842 0.000263157894736842 0.000263157894736842 0.000263157894736842 0.374013157894737; % L D=0.01
0.124078947368421 0.124078947368421 0.000328947368421053 0.000328947368421053 0.000328947368421053 0.000328947368421053 0.000328947368421053 0.000328947368421053 0.000328947368421053 0.000328947368421053 0.000328947368421053 0.000328947368421053 0.000328947368421053 0.000328947368421053 0.249078947368421 0.000328947368421053 0.124078947368421 0.000328947368421053 0.374078947368421; % P D=0.01
6.57894736842105e-05 6.57894736842105e-05 6.57894736842105e-05 6.57894736842105e-05 6.57894736842105e-05 0.998815789473684 6.57894736842105e-05 6.57894736842105e-05 6.57894736842105e-05 6.57894736842105e-05 6.57894736842105e-05 6.57894736842105e-05 6.57894736842105e-05 6.57894736842105e-05 6.57894736842105e-05 6.57894736842105e-05 6.57894736842105e-05 6.57894736842105e-05 6.57894736842105e-05; % T D=0.01
6.57894736842105e-05 6.57894736842105e-05 6.57894736842105e-05 6.57894736842105e-05 6.57894736842105e-05 6.57894736842105e-05 6.57894736842105e-05 6.57894736842105e-05 6.57894736842105e-05 6.57894736842105e-05 6.57894736842105e-05 6.57894736842105e-05 6.57894736842105e-05 6.57894736842105e-05 6.57894736842105e-05 0.998815789473684 6.57894736842105e-05 6.57894736842105e-05 6.57894736842105e-05; % V D=0.01
6.57894736842105e-05 6.57894736842105e-05 6.57894736842105e-05 0.998815789473684 6.57894736842105e-05 6.57894736842105e-05 6.57894736842105e-05 6.57894736842105e-05 6.57894736842105e-05 6.57894736842105e-05 6.57894736842105e-05 6.57894736842105e-05 6.57894736842105e-05 6.57894736842105e-05 6.57894736842105e-05 6.57894736842105e-05 6.57894736842105e-05 6.57894736842105e-05 6.57894736842105e-05; % Z D=0.01
0.249013157894737 0.124013157894737 0.000263157894736842 0.000263157894736842 0.000263157894736842 0.000263157894736842 0.000263157894736842 0.000263157894736842 0.000263157894736842 0.000263157894736842 0.000263157894736842 0.124013157894737 0.000263157894736842 0.000263157894736842 0.000263157894736842 0.000263157894736842 0.499013157894737 0.000263157894736842 0.000263157894736842; % b D=0.01
6.57894736842105e-05 6.57894736842105e-05 6.57894736842105e-05 6.57894736842105e-05 6.57894736842105e-05 6.57894736842105e-05 6.57894736842105e-05 6.57894736842105e-05 6.57894736842105e-05 6.57894736842105e-05 6.57894736842105e-05 6.57894736842105e-05 6.57894736842105e-05 0.998815789473684 6.57894736842105e-05 6.57894736842105e-05 6.57894736842105e-05 6.57894736842105e-05 6.57894736842105e-05; % d D=0.01
0.124078947368421 0.124078947368421 0.000328947368421053 0.000328947368421053 0.000328947368421053 0.000328947368421053 0.000328947368421053 0.000328947368421053 0.124078947368421 0.000328947368421053 0.000328947368421053 0.374078947368421 0.000328947368421053 0.000328947368421053 0.249078947368421 0.000328947368421053 0.000328947368421053 0.000328947368421053 0.000328947368421053; % g D=0.01
6.57894736842105e-05 6.57894736842105e-05 0.998815789473684 6.57894736842105e-05 6.57894736842105e-05 6.57894736842105e-05 6.57894736842105e-05 6.57894736842105e-05 6.57894736842105e-05 6.57894736842105e-05 6.57894736842105e-05 6.57894736842105e-05 6.57894736842105e-05 6.57894736842105e-05 6.57894736842105e-05 6.57894736842105e-05 6.57894736842105e-05 6.57894736842105e-05 6.57894736842105e-05; % k D=0.01
6.57894736842105e-05 6.57894736842105e-05 6.57894736842105e-05 6.57894736842105e-05 6.57894736842105e-05 6.57894736842105e-05 6.57894736842105e-05 6.57894736842105e-05 6.57894736842105e-05 0.998815789473684 6.57894736842105e-05 6.57894736842105e-05 6.57894736842105e-05 6.57894736842105e-05 6.57894736842105e-05 6.57894736842105e-05 6.57894736842105e-05 6.57894736842105e-05 6.57894736842105e-05; % l D=0.01
0.249078947368421 0.124078947368421 0.000328947368421053 0.000328947368421053 0.000328947368421053 0.000328947368421053 0.000328947368421053 0.000328947368421053 0.000328947368421053 0.000328947368421053 0.000328947368421053 0.124078947368421 0.000328947368421053 0.000328947368421053 0.000328947368421053 0.000328947368421053 0.249078947368421 0.000328947368421053 0.249078947368421; % p D=0.01
6.57894736842105e-05 6.57894736842105e-05 6.57894736842105e-05 6.57894736842105e-05 6.57894736842105e-05 6.57894736842105e-05 6.57894736842105e-05 6.57894736842105e-05 6.57894736842105e-05 6.57894736842105e-05 6.57894736842105e-05 6.57894736842105e-05 0.998815789473684 6.57894736842105e-05 6.57894736842105e-05 6.57894736842105e-05 6.57894736842105e-05 6.57894736842105e-05 6.57894736842105e-05; % t D=0.01
6.57894736842105e-05 6.57894736842105e-05 6.57894736842105e-05 6.57894736842105e-05 6.57894736842105e-05 6.57894736842105e-05 6.57894736842105e-05 6.57894736842105e-05 6.57894736842105e-05 6.57894736842105e-05 0.998815789473684 6.57894736842105e-05 6.57894736842105e-05 6.57894736842105e-05 6.57894736842105e-05 6.57894736842105e-05 6.57894736842105e-05 6.57894736842105e-05 6.57894736842105e-05; % v D=0.01
6.57894736842105e-05 6.57894736842105e-05 6.57894736842105e-05 6.57894736842105e-05 6.57894736842105e-05 6.57894736842105e-05 6.57894736842105e-05 6.57894736842105e-05 6.57894736842105e-05 6.57894736842105e-05 6.57894736842105e-05 6.57894736842105e-05 6.57894736842105e-05 6.57894736842105e-05 6.57894736842105e-05 6.57894736842105e-05 6.57894736842105e-05 0.998815789473684 6.57894736842105e-05; % z D=0.01
