syllables = '$BDGKLPTVZbdgklptvz';
discounts = [0.01 0.02 0.05 0.1 0.2 0.5 1 2 5];
kn_probs = [1.05263157894737e-05 1.05263157894737e-05 1.05263157894737e-05 1.05263157894737e-05 0.146643859649123 1.05263157894737e-05 1.05263157894737e-05 1.05263157894737e-05 0.193310526315789 1.05263157894737e-05 1.05263157894737e-05 0.169977192982456 1.05263157894737e-05 0.143310526315789 1.05263157894737e-05 1.05263157894737e-05 1.05263157894737e-05 0.166643859649123 0.179977192982456; % $ D=0.01
0.214965789473684 1.57894736842105e-05 1.57894736842105e-05 1.57894736842105e-05 0.179965789473684 1.57894736842105e-05 1.57894736842105e-05 1.57894736842105e-05 1.57894736842105e-05 1.57894736842105e-05 1.57894736842105e-05 0.159965789473684 1.57894736842105e-05 0.154965789473684 1.57894736842105e-05 1.57894736842105e-05 1.57894736842105e-05 0.164965789473684 0.124965789473684; % B D=0.01
2.63157894736842e-06 2.63157894736842e-06 2.63157894736842e-06 2.63157894736842e-06 2.63157894736842e-06 2.63157894736842e-06 2.63157894736842e-06 2.63157894736842e-06 2.63157894736842e-06 2.63157894736842e-06 2.63157894736842e-06 2.63157894736842e-06 0.999952631578947 2.63157894736842e-06 2.63157894736842e-06 2.63157894736842e-06 2.63157894736842e-06 2.63157894736842e-06 2.63157894736842e-06; % D D=0.01
0.259965789473684 1.57894736842105e-05 1.57894736842105e-05 1.57894736842105e-05 0.149965789473684 1.57894736842105e-05 1.57894736842105e-05 1.57894736842105e-05 0.0999657894736842 1.57894736842105e-05 1.57894736842105e-05 0.154965789473684 1.57894736842105e-05 0.189965789473684 1.57894736842105e-05 1.57894736842105e-05 1.57894736842105e-05 1.57894736842105e-05 0.144965789473684; % G D=0.01
2.63157894736842e-06 2.63157894736842e-06 2.63157894736842e-06 2.63157894736842e-06 2.63157894736842e-06 2.63157894736842e-06 2.63157894736842e-06 2.63157894736842e-06 2.63157894736842e-06 0.999952631578947 2.63157894736842e-06 2.63157894736842e-06 2.63157894736842e-06 2.63157894736842e-06 2.63157894736842e-06 2.63157894736842e-06 2.63157894736842e-06 2.63157894736842e-06 2.63157894736842e-06; % K D=0.01
2.63157894736842e-06 2.63157894736842e-06 2.63157894736842e-06 2.63157894736842e-06 2.63157894736842e-06 2.63157894736842e-06 2.63157894736842e-06 2.63157894736842e-06 2.63157894736842e-06 2.63157894736842e-06 2.63157894736842e-06 2.63157894736842e-06 2.63157894736842e-06 2.63157894736842e-06 2.63157894736842e-06 2.63157894736842e-06 0.999952631578947 2.63157894736842e-06 2.63157894736842e-06; % L D=0.01
2.63157894736842e-06 2.63157894736842e-06 2.63157894736842e-06 2.63157894736842e-06 2.63157894736842e-06 2.63157894736842e-06 2.63157894736842e-06 2.63157894736842e-06 2.63157894736842e-06 2.63157894736842e-06 0.999952631578947 2.63157894736842e-06 2.63157894736842e-06 2.63157894736842e-06 2.63157894736842e-06 2.63157894736842e-06 2.63157894736842e-06 2.63157894736842e-06 2.63157894736842e-06; % P D=0.01
2.63157894736842e-06 2.63157894736842e-06 2.63157894736842e-06 0.999952631578947 2.63157894736842e-06 2.63157894736842e-06 2.63157894736842e-06 2.63157894736842e-06 2.63157894736842e-06 2.63157894736842e-06 2.63157894736842e-06 2.63157894736842e-06 2.63157894736842e-06 2.63157894736842e-06 2.63157894736842e-06 2.63157894736842e-06 2.63157894736842e-06 2.63157894736842e-06 2.63157894736842e-06; % T D=0.01
2.63157894736842e-06 2.63157894736842e-06 2.63157894736842e-06 2.63157894736842e-06 2.63157894736842e-06 0.999952631578947 2.63157894736842e-06 2.63157894736842e-06 2.63157894736842e-06 2.63157894736842e-06 2.63157894736842e-06 2.63157894736842e-06 2.63157894736842e-06 2.63157894736842e-06 2.63157894736842e-06 2.63157894736842e-06 2.63157894736842e-06 2.63157894736842e-06 2.63157894736842e-06; % V D=0.01
0.279965789473684 1.57894736842105e-05 1.57894736842105e-05 1.57894736842105e-05 1.57894736842105e-05 1.57894736842105e-05 1.57894736842105e-05 1.57894736842105e-05 0.139965789473684 1.57894736842105e-05 1.57894736842105e-05 0.139965789473684 1.57894736842105e-05 0.104965789473684 1.57894736842105e-05 1.57894736842105e-05 1.57894736842105e-05 0.169965789473684 0.164965789473684; % Z D=0.01
0.239968421052632 1.8421052631579e-05 1.8421052631579e-05 1.8421052631579e-05 0.199968421052632 1.8421052631579e-05 1.8421052631579e-05 1.8421052631579e-05 0.154968421052632 1.8421052631579e-05 1.8421052631579e-05 0.114968421052632 1.8421052631579e-05 0.00996842105263158 1.8421052631579e-05 1.8421052631579e-05 1.8421052631579e-05 0.114968421052632 0.164968421052632; % b D=0.01
2.63157894736842e-06 2.63157894736842e-06 2.63157894736842e-06 2.63157894736842e-06 2.63157894736842e-06 2.63157894736842e-06 2.63157894736842e-06 2.63157894736842e-06 2.63157894736842e-06 2.63157894736842e-06 2.63157894736842e-06 2.63157894736842e-06 2.63157894736842e-06 2.63157894736842e-06 0.999952631578947 2.63157894736842e-06 2.63157894736842e-06 2.63157894736842e-06 2.63157894736842e-06; % d D=0.01
0.284965789473684 1.57894736842105e-05 1.57894736842105e-05 1.57894736842105e-05 0.134965789473684 1.57894736842105e-05 1.57894736842105e-05 1.57894736842105e-05 0.139965789473684 1.57894736842105e-05 1.57894736842105e-05 1.57894736842105e-05 1.57894736842105e-05 0.184965789473684 1.57894736842105e-05 1.57894736842105e-05 1.57894736842105e-05 0.124965789473684 0.129965789473684; % g D=0.01
2.63157894736842e-06 2.63157894736842e-06 2.63157894736842e-06 2.63157894736842e-06 2.63157894736842e-06 2.63157894736842e-06 0.999952631578947 2.63157894736842e-06 2.63157894736842e-06 2.63157894736842e-06 2.63157894736842e-06 2.63157894736842e-06 2.63157894736842e-06 2.63157894736842e-06 2.63157894736842e-06 2.63157894736842e-06 2.63157894736842e-06 2.63157894736842e-06 2.63157894736842e-06; % k D=0.01
2.63157894736842e-06 2.63157894736842e-06 0.999952631578947 2.63157894736842e-06 2.63157894736842e-06 2.63157894736842e-06 2.63157894736842e-06 2.63157894736842e-06 2.63157894736842e-06 2.63157894736842e-06 2.63157894736842e-06 2.63157894736842e-06 2.63157894736842e-06 2.63157894736842e-06 2.63157894736842e-06 2.63157894736842e-06 2.63157894736842e-06 2.63157894736842e-06 2.63157894736842e-06; % l D=0.01
0.219965789473684 1.57894736842105e-05 1.57894736842105e-05 1.57894736842105e-05 0.114965789473684 1.57894736842105e-05 1.57894736842105e-05 1.57894736842105e-05 0.174965789473684 1.57894736842105e-05 1.57894736842105e-05 0.174965789473684 1.57894736842105e-05 0.139965789473684 1.57894736842105e-05 1.57894736842105e-05 1.57894736842105e-05 0.174965789473684 1.57894736842105e-05; % p D=0.01
2.63157894736842e-06 0.999952631578947 2.63157894736842e-06 2.63157894736842e-06 2.63157894736842e-06 2.63157894736842e-06 2.63157894736842e-06 2.63157894736842e-06 2.63157894736842e-06 2.63157894736842e-06 2.63157894736842e-06 2.63157894736842e-06 2.63157894736842e-06 2.63157894736842e-06 2.63157894736842e-06 2.63157894736842e-06 2.63157894736842e-06 2.63157894736842e-06 2.63157894736842e-06; % t D=0.01
2.63157894736842e-06 2.63157894736842e-06 2.63157894736842e-06 2.63157894736842e-06 2.63157894736842e-06 2.63157894736842e-06 2.63157894736842e-06 0.999952631578947 2.63157894736842e-06 2.63157894736842e-06 2.63157894736842e-06 2.63157894736842e-06 2.63157894736842e-06 2.63157894736842e-06 2.63157894736842e-06 2.63157894736842e-06 2.63157894736842e-06 2.63157894736842e-06 2.63157894736842e-06; % v D=0.01
2.63157894736842e-06 2.63157894736842e-06 2.63157894736842e-06 2.63157894736842e-06 2.63157894736842e-06 2.63157894736842e-06 2.63157894736842e-06 2.63157894736842e-06 2.63157894736842e-06 2.63157894736842e-06 2.63157894736842e-06 2.63157894736842e-06 2.63157894736842e-06 2.63157894736842e-06 2.63157894736842e-06 0.999952631578947 2.63157894736842e-06 2.63157894736842e-06 2.63157894736842e-06; % z D=0.01
