syllables = '$BDGKLPTVZbdgklptvz';
discounts = [0.01 0.02 0.05 0.1 0.2 0.5 1 2 5];
kn_probs = [0.000263157894736842 0.000263157894736842 0.000263157894736842 0.0827631578947368 0.000263157894736842 0.000263157894736842 0.332763157894737 0.000263157894736842 0.0827631578947368 0.0827631578947368 0.16609649122807 0.000263157894736842 0.000263157894736842 0.000263157894736842 0.000263157894736842 0.249429824561404 0.000263157894736842 0.000263157894736842 0.000263157894736842; % $ D=0.01
0.374013157894737 0.000263157894736842 0.000263157894736842 0.249013157894737 0.000263157894736842 0.000263157894736842 0.000263157894736842 0.000263157894736842 0.000263157894736842 0.124013157894737 0.000263157894736842 0.000263157894736842 0.000263157894736842 0.000263157894736842 0.000263157894736842 0.249013157894737 0.000263157894736842 0.000263157894736842 0.000263157894736842; % B D=0.01
6.57894736842105e-05 6.57894736842105e-05 6.57894736842105e-05 6.57894736842105e-05 6.57894736842105e-05 6.57894736842105e-05 6.57894736842105e-05 6.57894736842105e-05 6.57894736842105e-05 6.57894736842105e-05 6.57894736842105e-05 6.57894736842105e-05 6.57894736842105e-05 6.57894736842105e-05 6.57894736842105e-05 6.57894736842105e-05 6.57894736842105e-05 6.57894736842105e-05 0.998815789473684; % D D=0.01
6.57894736842105e-05 6.57894736842105e-05 6.57894736842105e-05 6.57894736842105e-05 6.57894736842105e-05 6.57894736842105e-05 6.57894736842105e-05 6.57894736842105e-05 6.57894736842105e-05 6.57894736842105e-05 6.57894736842105e-05 0.998815789473684 6.57894736842105e-05 6.57894736842105e-05 6.57894736842105e-05 6.57894736842105e-05 6.57894736842105e-05 6.57894736842105e-05 6.57894736842105e-05; % G D=0.01
0.000131578947368421 0.000131578947368421 0.000131578947368421 0.000131578947368421 0.000131578947368421 0.000131578947368421 0.000131578947368421 0.000131578947368421 0.498881578947368 0.498881578947368 0.000131578947368421 0.000131578947368421 0.000131578947368421 0.000131578947368421 0.000131578947368421 0.000131578947368421 0.000131578947368421 0.000131578947368421 0.000131578947368421; % K D=0.01
0.249144736842105 0.000394736842105263 0.000394736842105263 0.000394736842105263 0.000394736842105263 0.000394736842105263 0.124144736842105 0.000394736842105263 0.249144736842105 0.124144736842105 0.124144736842105 0.000394736842105263 0.000394736842105263 0.000394736842105263 0.000394736842105263 0.124144736842105 0.000394736842105263 0.000394736842105263 0.000394736842105263; % L D=0.01
6.57894736842105e-05 6.57894736842105e-05 0.998815789473684 6.57894736842105e-05 6.57894736842105e-05 6.57894736842105e-05 6.57894736842105e-05 6.57894736842105e-05 6.57894736842105e-05 6.57894736842105e-05 6.57894736842105e-05 6.57894736842105e-05 6.57894736842105e-05 6.57894736842105e-05 6.57894736842105e-05 6.57894736842105e-05 6.57894736842105e-05 6.57894736842105e-05 6.57894736842105e-05; % P D=0.01
0.499078947368421 0.000328947368421053 0.000328947368421053 0.124078947368421 0.000328947368421053 0.000328947368421053 0.124078947368421 0.000328947368421053 0.124078947368421 0.000328947368421053 0.124078947368421 0.000328947368421053 0.000328947368421053 0.000328947368421053 0.000328947368421053 0.000328947368421053 0.000328947368421053 0.000328947368421053 0.000328947368421053; % T D=0.01
6.57894736842105e-05 6.57894736842105e-05 6.57894736842105e-05 6.57894736842105e-05 6.57894736842105e-05 6.57894736842105e-05 6.57894736842105e-05 6.57894736842105e-05 6.57894736842105e-05 6.57894736842105e-05 6.57894736842105e-05 6.57894736842105e-05 0.998815789473684 6.57894736842105e-05 6.57894736842105e-05 6.57894736842105e-05 6.57894736842105e-05 6.57894736842105e-05 6.57894736842105e-05; % V D=0.01
6.57894736842105e-05 6.57894736842105e-05 6.57894736842105e-05 6.57894736842105e-05 6.57894736842105e-05 6.57894736842105e-05 6.57894736842105e-05 6.57894736842105e-05 6.57894736842105e-05 6.57894736842105e-05 6.57894736842105e-05 6.57894736842105e-05 6.57894736842105e-05 0.998815789473684 6.57894736842105e-05 6.57894736842105e-05 6.57894736842105e-05 6.57894736842105e-05 6.57894736842105e-05; % Z D=0.01
6.57894736842105e-05 6.57894736842105e-05 6.57894736842105e-05 6.57894736842105e-05 0.998815789473684 6.57894736842105e-05 6.57894736842105e-05 6.57894736842105e-05 6.57894736842105e-05 6.57894736842105e-05 6.57894736842105e-05 6.57894736842105e-05 6.57894736842105e-05 6.57894736842105e-05 6.57894736842105e-05 6.57894736842105e-05 6.57894736842105e-05 6.57894736842105e-05 6.57894736842105e-05; % b D=0.01
6.57894736842105e-05 6.57894736842105e-05 6.57894736842105e-05 6.57894736842105e-05 6.57894736842105e-05 0.998815789473684 6.57894736842105e-05 6.57894736842105e-05 6.57894736842105e-05 6.57894736842105e-05 6.57894736842105e-05 6.57894736842105e-05 6.57894736842105e-05 6.57894736842105e-05 6.57894736842105e-05 6.57894736842105e-05 6.57894736842105e-05 6.57894736842105e-05 6.57894736842105e-05; % d D=0.01
0.124144736842105 0.000394736842105263 0.000394736842105263 0.124144736842105 0.000394736842105263 0.000394736842105263 0.249144736842105 0.000394736842105263 0.000394736842105263 0.124144736842105 0.124144736842105 0.000394736842105263 0.000394736842105263 0.000394736842105263 0.000394736842105263 0.249144736842105 0.000394736842105263 0.000394736842105263 0.000394736842105263; % g D=0.01
6.57894736842105e-05 6.57894736842105e-05 6.57894736842105e-05 6.57894736842105e-05 6.57894736842105e-05 6.57894736842105e-05 6.57894736842105e-05 0.998815789473684 6.57894736842105e-05 6.57894736842105e-05 6.57894736842105e-05 6.57894736842105e-05 6.57894736842105e-05 6.57894736842105e-05 6.57894736842105e-05 6.57894736842105e-05 6.57894736842105e-05 6.57894736842105e-05 6.57894736842105e-05; % k D=0.01
0.248947368421053 0.000197368421052632 0.000197368421052632 0.373947368421053 0.000197368421052632 0.000197368421052632 0.000197368421052632 0.000197368421052632 0.000197368421052632 0.000197368421052632 0.373947368421053 0.000197368421052632 0.000197368421052632 0.000197368421052632 0.000197368421052632 0.000197368421052632 0.000197368421052632 0.000197368421052632 0.000197368421052632; % l D=0.01
6.57894736842105e-05 6.57894736842105e-05 6.57894736842105e-05 6.57894736842105e-05 6.57894736842105e-05 6.57894736842105e-05 6.57894736842105e-05 6.57894736842105e-05 6.57894736842105e-05 6.57894736842105e-05 6.57894736842105e-05 6.57894736842105e-05 6.57894736842105e-05 6.57894736842105e-05 6.57894736842105e-05 6.57894736842105e-05 0.998815789473684 6.57894736842105e-05 6.57894736842105e-05; % p D=0.01
6.57894736842105e-05 6.57894736842105e-05 6.57894736842105e-05 6.57894736842105e-05 6.57894736842105e-05 6.57894736842105e-05 6.57894736842105e-05 6.57894736842105e-05 6.57894736842105e-05 6.57894736842105e-05 6.57894736842105e-05 6.57894736842105e-05 6.57894736842105e-05 6.57894736842105e-05 6.57894736842105e-05 6.57894736842105e-05 6.57894736842105e-05 0.998815789473684 6.57894736842105e-05; % t D=0.01
6.57894736842105e-05 6.57894736842105e-05 6.57894736842105e-05 6.57894736842105e-05 6.57894736842105e-05 6.57894736842105e-05 6.57894736842105e-05 6.57894736842105e-05 6.57894736842105e-05 6.57894736842105e-05 6.57894736842105e-05 6.57894736842105e-05 6.57894736842105e-05 6.57894736842105e-05 0.998815789473684 6.57894736842105e-05 6.57894736842105e-05 6.57894736842105e-05 6.57894736842105e-05; % v D=0.01
6.57894736842105e-05 0.998815789473684 6.57894736842105e-05 6.57894736842105e-05 6.57894736842105e-05 6.57894736842105e-05 6.57894736842105e-05 6.57894736842105e-05 6.57894736842105e-05 6.57894736842105e-05 6.57894736842105e-05 6.57894736842105e-05 6.57894736842105e-05 6.57894736842105e-05 6.57894736842105e-05 6.57894736842105e-05 6.57894736842105e-05 6.57894736842105e-05 6.57894736842105e-05; % z D=0.01
