syllables = '$BDGKLPTVZbdgklptvz';
discounts = [0.01 0.02 0.05 0.1 0.2 0.5 1 2 5];
kn_probs = [1.40350877192982e-05 1.40350877192982e-05 0.151080701754386 0.15552514619883 1.40350877192982e-05 1.40350877192982e-05 1.40350877192982e-05 0.208858479532164 1.40350877192982e-05 0.159969590643275 0.177747368421053 1.40350877192982e-05 0.146636257309942 1.40350877192982e-05 1.40350877192982e-05 1.40350877192982e-05 1.40350877192982e-05 1.40350877192982e-05 1.40350877192982e-05; % $ D=0.01
0.286621052631579 2.10526315789474e-05 0.139954385964912 0.139954385964912 2.10526315789474e-05 2.10526315789474e-05 2.10526315789474e-05 0.119954385964912 2.10526315789474e-05 0.159954385964912 2.10526315789474e-05 2.10526315789474e-05 0.153287719298246 2.10526315789474e-05 2.10526315789474e-05 2.10526315789474e-05 2.10526315789474e-05 2.10526315789474e-05 2.10526315789474e-05; % B D=0.01
3.50877192982456e-06 3.50877192982456e-06 3.50877192982456e-06 3.50877192982456e-06 3.50877192982456e-06 3.50877192982456e-06 3.50877192982456e-06 3.50877192982456e-06 3.50877192982456e-06 3.50877192982456e-06 3.50877192982456e-06 3.50877192982456e-06 3.50877192982456e-06 3.50877192982456e-06 3.50877192982456e-06 3.50877192982456e-06 3.50877192982456e-06 0.999936842105263 3.50877192982456e-06; % D D=0.01
3.50877192982456e-06 3.50877192982456e-06 3.50877192982456e-06 3.50877192982456e-06 3.50877192982456e-06 3.50877192982456e-06 3.50877192982456e-06 3.50877192982456e-06 3.50877192982456e-06 3.50877192982456e-06 3.50877192982456e-06 3.50877192982456e-06 3.50877192982456e-06 3.50877192982456e-06 3.50877192982456e-06 0.999936842105263 3.50877192982456e-06 3.50877192982456e-06 3.50877192982456e-06; % G D=0.01
0.279954385964912 2.10526315789474e-05 0.166621052631579 0.179954385964912 2.10526315789474e-05 2.10526315789474e-05 2.10526315789474e-05 0.066621052631579 2.10526315789474e-05 0.193287719298246 0.113287719298246 2.10526315789474e-05 2.10526315789474e-05 2.10526315789474e-05 2.10526315789474e-05 2.10526315789474e-05 2.10526315789474e-05 2.10526315789474e-05 2.10526315789474e-05; % K D=0.01
0.193287719298246 2.10526315789474e-05 0.193287719298246 2.10526315789474e-05 2.10526315789474e-05 2.10526315789474e-05 2.10526315789474e-05 0.206621052631579 2.10526315789474e-05 0.106621052631579 0.173287719298246 2.10526315789474e-05 0.126621052631579 2.10526315789474e-05 2.10526315789474e-05 2.10526315789474e-05 2.10526315789474e-05 2.10526315789474e-05 2.10526315789474e-05; % L D=0.01
0.259954385964912 2.10526315789474e-05 0.139954385964912 0.139954385964912 2.10526315789474e-05 2.10526315789474e-05 2.10526315789474e-05 0.159954385964912 2.10526315789474e-05 2.10526315789474e-05 0.159954385964912 2.10526315789474e-05 0.139954385964912 2.10526315789474e-05 2.10526315789474e-05 2.10526315789474e-05 2.10526315789474e-05 2.10526315789474e-05 2.10526315789474e-05; % P D=0.01
3.50877192982456e-06 3.50877192982456e-06 3.50877192982456e-06 3.50877192982456e-06 3.50877192982456e-06 3.50877192982456e-06 3.50877192982456e-06 3.50877192982456e-06 3.50877192982456e-06 3.50877192982456e-06 3.50877192982456e-06 3.50877192982456e-06 3.50877192982456e-06 0.999936842105263 3.50877192982456e-06 3.50877192982456e-06 3.50877192982456e-06 3.50877192982456e-06 3.50877192982456e-06; % T D=0.01
3.50877192982456e-06 3.50877192982456e-06 3.50877192982456e-06 3.50877192982456e-06 0.999936842105263 3.50877192982456e-06 3.50877192982456e-06 3.50877192982456e-06 3.50877192982456e-06 3.50877192982456e-06 3.50877192982456e-06 3.50877192982456e-06 3.50877192982456e-06 3.50877192982456e-06 3.50877192982456e-06 3.50877192982456e-06 3.50877192982456e-06 3.50877192982456e-06 3.50877192982456e-06; % V D=0.01
3.50877192982456e-06 3.50877192982456e-06 3.50877192982456e-06 3.50877192982456e-06 3.50877192982456e-06 3.50877192982456e-06 0.999936842105263 3.50877192982456e-06 3.50877192982456e-06 3.50877192982456e-06 3.50877192982456e-06 3.50877192982456e-06 3.50877192982456e-06 3.50877192982456e-06 3.50877192982456e-06 3.50877192982456e-06 3.50877192982456e-06 3.50877192982456e-06 3.50877192982456e-06; % Z D=0.01
3.50877192982456e-06 3.50877192982456e-06 3.50877192982456e-06 3.50877192982456e-06 3.50877192982456e-06 3.50877192982456e-06 3.50877192982456e-06 3.50877192982456e-06 3.50877192982456e-06 3.50877192982456e-06 3.50877192982456e-06 3.50877192982456e-06 3.50877192982456e-06 3.50877192982456e-06 3.50877192982456e-06 3.50877192982456e-06 3.50877192982456e-06 3.50877192982456e-06 0.999936842105263; % b D=0.01
3.50877192982456e-06 0.999936842105263 3.50877192982456e-06 3.50877192982456e-06 3.50877192982456e-06 3.50877192982456e-06 3.50877192982456e-06 3.50877192982456e-06 3.50877192982456e-06 3.50877192982456e-06 3.50877192982456e-06 3.50877192982456e-06 3.50877192982456e-06 3.50877192982456e-06 3.50877192982456e-06 3.50877192982456e-06 3.50877192982456e-06 3.50877192982456e-06 3.50877192982456e-06; % d D=0.01
3.50877192982456e-06 3.50877192982456e-06 3.50877192982456e-06 3.50877192982456e-06 3.50877192982456e-06 3.50877192982456e-06 3.50877192982456e-06 3.50877192982456e-06 0.999936842105263 3.50877192982456e-06 3.50877192982456e-06 3.50877192982456e-06 3.50877192982456e-06 3.50877192982456e-06 3.50877192982456e-06 3.50877192982456e-06 3.50877192982456e-06 3.50877192982456e-06 3.50877192982456e-06; % g D=0.01
3.50877192982456e-06 3.50877192982456e-06 3.50877192982456e-06 3.50877192982456e-06 3.50877192982456e-06 3.50877192982456e-06 3.50877192982456e-06 3.50877192982456e-06 3.50877192982456e-06 3.50877192982456e-06 3.50877192982456e-06 3.50877192982456e-06 3.50877192982456e-06 3.50877192982456e-06 0.999936842105263 3.50877192982456e-06 3.50877192982456e-06 3.50877192982456e-06 3.50877192982456e-06; % k D=0.01
0.219957894736842 2.45614035087719e-05 0.133291228070175 0.146624561403509 2.45614035087719e-05 2.45614035087719e-05 2.45614035087719e-05 0.00662456140350877 2.45614035087719e-05 0.166624561403509 0.119957894736842 2.45614035087719e-05 0.206624561403509 2.45614035087719e-05 2.45614035087719e-05 2.45614035087719e-05 2.45614035087719e-05 2.45614035087719e-05 2.45614035087719e-05; % l D=0.01
3.50877192982456e-06 3.50877192982456e-06 3.50877192982456e-06 3.50877192982456e-06 3.50877192982456e-06 3.50877192982456e-06 3.50877192982456e-06 3.50877192982456e-06 3.50877192982456e-06 3.50877192982456e-06 3.50877192982456e-06 3.50877192982456e-06 3.50877192982456e-06 3.50877192982456e-06 3.50877192982456e-06 3.50877192982456e-06 0.999936842105263 3.50877192982456e-06 3.50877192982456e-06; % p D=0.01
3.50877192982456e-06 3.50877192982456e-06 3.50877192982456e-06 3.50877192982456e-06 3.50877192982456e-06 0.999936842105263 3.50877192982456e-06 3.50877192982456e-06 3.50877192982456e-06 3.50877192982456e-06 3.50877192982456e-06 3.50877192982456e-06 3.50877192982456e-06 3.50877192982456e-06 3.50877192982456e-06 3.50877192982456e-06 3.50877192982456e-06 3.50877192982456e-06 3.50877192982456e-06; % t D=0.01
0.259954385964912 2.10526315789474e-05 2.10526315789474e-05 0.159954385964912 2.10526315789474e-05 2.10526315789474e-05 2.10526315789474e-05 0.126621052631579 2.10526315789474e-05 0.133287719298246 0.166621052631579 2.10526315789474e-05 0.153287719298246 2.10526315789474e-05 2.10526315789474e-05 2.10526315789474e-05 2.10526315789474e-05 2.10526315789474e-05 2.10526315789474e-05; % v D=0.01
3.50877192982456e-06 3.50877192982456e-06 3.50877192982456e-06 3.50877192982456e-06 3.50877192982456e-06 3.50877192982456e-06 3.50877192982456e-06 3.50877192982456e-06 3.50877192982456e-06 3.50877192982456e-06 3.50877192982456e-06 0.999936842105263 3.50877192982456e-06 3.50877192982456e-06 3.50877192982456e-06 3.50877192982456e-06 3.50877192982456e-06 3.50877192982456e-06 3.50877192982456e-06; % z D=0.01
