syllables = '$BDGKLPTVZbdgklptvz';
discounts = [0.01 0.02 0.05 0.1 0.2 0.5 1 2 5];
kn_probs = [0.000126315789473684 0.000126315789473684 0.000126315789473684 0.000126315789473684 0.000126315789473684 0.000126315789473684 0.000126315789473684 0.239726315789474 0.159726315789474 0.000126315789473684 0.000126315789473684 0.119726315789474 0.239726315789474 0.000126315789473684 0.0797263157894737 0.000126315789473684 0.000126315789473684 0.159726315789474 0.000126315789473684; % $ D=0.01
0.293715170278638 0.000185758513931889 0.000185758513931889 0.000185758513931889 0.000185758513931889 0.000185758513931889 0.000185758513931889 0.176068111455108 0.000185758513931889 0.000185758513931889 0.000185758513931889 0.176068111455108 0.176068111455108 0.000185758513931889 0.0584210526315789 0.000185758513931889 0.000185758513931889 0.117244582043344 0.000185758513931889; % B D=0.01
3.09597523219814e-05 3.09597523219814e-05 3.09597523219814e-05 3.09597523219814e-05 3.09597523219814e-05 3.09597523219814e-05 3.09597523219814e-05 3.09597523219814e-05 3.09597523219814e-05 3.09597523219814e-05 0.999442724458204 3.09597523219814e-05 3.09597523219814e-05 3.09597523219814e-05 3.09597523219814e-05 3.09597523219814e-05 3.09597523219814e-05 3.09597523219814e-05 3.09597523219814e-05; % D D=0.01
3.09597523219814e-05 3.09597523219814e-05 3.09597523219814e-05 3.09597523219814e-05 3.09597523219814e-05 3.09597523219814e-05 3.09597523219814e-05 3.09597523219814e-05 3.09597523219814e-05 0.999442724458204 3.09597523219814e-05 3.09597523219814e-05 3.09597523219814e-05 3.09597523219814e-05 3.09597523219814e-05 3.09597523219814e-05 3.09597523219814e-05 3.09597523219814e-05 3.09597523219814e-05; % G D=0.01
0.176068111455108 0.000185758513931889 0.000185758513931889 0.000185758513931889 0.000185758513931889 0.000185758513931889 0.000185758513931889 0.0584210526315789 0.234891640866873 0.000185758513931889 0.000185758513931889 0.176068111455108 0.0584210526315789 0.000185758513931889 0.293715170278638 0.000185758513931889 0.000185758513931889 0.000185758513931889 0.000185758513931889; % K D=0.01
3.09597523219814e-05 3.09597523219814e-05 3.09597523219814e-05 3.09597523219814e-05 0.999442724458204 3.09597523219814e-05 3.09597523219814e-05 3.09597523219814e-05 3.09597523219814e-05 3.09597523219814e-05 3.09597523219814e-05 3.09597523219814e-05 3.09597523219814e-05 3.09597523219814e-05 3.09597523219814e-05 3.09597523219814e-05 3.09597523219814e-05 3.09597523219814e-05 3.09597523219814e-05; % L D=0.01
3.09597523219814e-05 3.09597523219814e-05 3.09597523219814e-05 0.999442724458204 3.09597523219814e-05 3.09597523219814e-05 3.09597523219814e-05 3.09597523219814e-05 3.09597523219814e-05 3.09597523219814e-05 3.09597523219814e-05 3.09597523219814e-05 3.09597523219814e-05 3.09597523219814e-05 3.09597523219814e-05 3.09597523219814e-05 3.09597523219814e-05 3.09597523219814e-05 3.09597523219814e-05; % P D=0.01
3.09597523219814e-05 3.09597523219814e-05 3.09597523219814e-05 3.09597523219814e-05 3.09597523219814e-05 3.09597523219814e-05 0.999442724458204 3.09597523219814e-05 3.09597523219814e-05 3.09597523219814e-05 3.09597523219814e-05 3.09597523219814e-05 3.09597523219814e-05 3.09597523219814e-05 3.09597523219814e-05 3.09597523219814e-05 3.09597523219814e-05 3.09597523219814e-05 3.09597523219814e-05; % T D=0.01
3.09597523219814e-05 0.999442724458204 3.09597523219814e-05 3.09597523219814e-05 3.09597523219814e-05 3.09597523219814e-05 3.09597523219814e-05 3.09597523219814e-05 3.09597523219814e-05 3.09597523219814e-05 3.09597523219814e-05 3.09597523219814e-05 3.09597523219814e-05 3.09597523219814e-05 3.09597523219814e-05 3.09597523219814e-05 3.09597523219814e-05 3.09597523219814e-05 3.09597523219814e-05; % V D=0.01
0.411362229102167 0.000185758513931889 0.000185758513931889 0.000185758513931889 0.000185758513931889 0.000185758513931889 0.000185758513931889 0.000185758513931889 0.176068111455108 0.000185758513931889 0.000185758513931889 0.117244582043344 0.0584210526315789 0.000185758513931889 0.117244582043344 0.000185758513931889 0.000185758513931889 0.117244582043344 0.000185758513931889; % Z D=0.01
0.117244582043344 0.000185758513931889 0.000185758513931889 0.000185758513931889 0.000185758513931889 0.000185758513931889 0.000185758513931889 0.117244582043344 0.117244582043344 0.000185758513931889 0.000185758513931889 0.176068111455108 0.000185758513931889 0.000185758513931889 0.117244582043344 0.000185758513931889 0.000185758513931889 0.352538699690402 0.000185758513931889; % b D=0.01
3.28947368421053e-05 3.28947368421053e-05 3.28947368421053e-05 3.28947368421053e-05 3.28947368421053e-05 3.28947368421053e-05 3.28947368421053e-05 3.28947368421053e-05 3.28947368421053e-05 3.28947368421053e-05 3.28947368421053e-05 3.28947368421053e-05 3.28947368421053e-05 0.999407894736842 3.28947368421053e-05 3.28947368421053e-05 3.28947368421053e-05 3.28947368421053e-05 3.28947368421053e-05; % d D=0.01
3.09597523219814e-05 3.09597523219814e-05 3.09597523219814e-05 3.09597523219814e-05 3.09597523219814e-05 3.09597523219814e-05 3.09597523219814e-05 3.09597523219814e-05 3.09597523219814e-05 3.09597523219814e-05 3.09597523219814e-05 3.09597523219814e-05 3.09597523219814e-05 3.09597523219814e-05 3.09597523219814e-05 3.09597523219814e-05 0.999442724458204 3.09597523219814e-05 3.09597523219814e-05; % g D=0.01
0.249572368421053 0.000197368421052632 0.000197368421052632 0.000197368421052632 0.000197368421052632 0.000197368421052632 0.000197368421052632 0.124572368421053 0.249572368421053 0.000197368421052632 0.000197368421052632 0.000197368421052632 0.0620723684210526 0.000197368421052632 0.249572368421053 0.000197368421052632 0.000197368421052632 0.0620723684210526 0.000197368421052632; % k D=0.01
3.28947368421053e-05 3.28947368421053e-05 3.28947368421053e-05 3.28947368421053e-05 3.28947368421053e-05 3.28947368421053e-05 3.28947368421053e-05 3.28947368421053e-05 3.28947368421053e-05 3.28947368421053e-05 3.28947368421053e-05 3.28947368421053e-05 3.28947368421053e-05 3.28947368421053e-05 3.28947368421053e-05 3.28947368421053e-05 3.28947368421053e-05 3.28947368421053e-05 0.999407894736842; % l D=0.01
0.249539473684211 0.000164473684210526 0.000164473684210526 0.000164473684210526 0.000164473684210526 0.000164473684210526 0.000164473684210526 0.187039473684211 0.000164473684210526 0.000164473684210526 0.000164473684210526 0.124539473684211 0.312039473684211 0.000164473684210526 0.000164473684210526 0.000164473684210526 0.000164473684210526 0.124539473684211 0.000164473684210526; % p D=0.01
3.09597523219814e-05 3.09597523219814e-05 0.999442724458204 3.09597523219814e-05 3.09597523219814e-05 3.09597523219814e-05 3.09597523219814e-05 3.09597523219814e-05 3.09597523219814e-05 3.09597523219814e-05 3.09597523219814e-05 3.09597523219814e-05 3.09597523219814e-05 3.09597523219814e-05 3.09597523219814e-05 3.09597523219814e-05 3.09597523219814e-05 3.09597523219814e-05 3.09597523219814e-05; % t D=0.01
3.09597523219814e-05 3.09597523219814e-05 3.09597523219814e-05 3.09597523219814e-05 3.09597523219814e-05 0.999442724458204 3.09597523219814e-05 3.09597523219814e-05 3.09597523219814e-05 3.09597523219814e-05 3.09597523219814e-05 3.09597523219814e-05 3.09597523219814e-05 3.09597523219814e-05 3.09597523219814e-05 3.09597523219814e-05 3.09597523219814e-05 3.09597523219814e-05 3.09597523219814e-05; % v D=0.01
3.28947368421053e-05 3.28947368421053e-05 3.28947368421053e-05 3.28947368421053e-05 3.28947368421053e-05 3.28947368421053e-05 3.28947368421053e-05 3.28947368421053e-05 3.28947368421053e-05 3.28947368421053e-05 3.28947368421053e-05 3.28947368421053e-05 3.28947368421053e-05 3.28947368421053e-05 3.28947368421053e-05 0.999407894736842 3.28947368421053e-05 3.28947368421053e-05 3.28947368421053e-05; % z D=0.01
