syllables = '$BDGKLPTVZbdgklptvz';
discounts = [0.01 0.02 0.05 0.1 0.2 0.5 1 2 5];
kn_probs = [0.000126315789473684 0.000126315789473684 0.000126315789473684 0.000126315789473684 0.000126315789473684 0.0797263157894737 0.239726315789474 0.000126315789473684 0.000126315789473684 0.119726315789474 0.119726315789474 0.000126315789473684 0.000126315789473684 0.119726315789474 0.319726315789474 0.000126315789473684 0.000126315789473684 0.000126315789473684 0.000126315789473684; % $ D=0.01
0.187072368421053 0.000197368421052632 0.000197368421052632 0.000197368421052632 0.000197368421052632 0.124572368421053 0.249572368421053 0.000197368421052632 0.000197368421052632 0.124572368421053 0.124572368421053 0.000197368421052632 0.000197368421052632 0.000197368421052632 0.187072368421053 0.000197368421052632 0.000197368421052632 0.000197368421052632 0.000197368421052632; % B D=0.01
3.09597523219814e-05 3.09597523219814e-05 3.09597523219814e-05 3.09597523219814e-05 3.09597523219814e-05 3.09597523219814e-05 3.09597523219814e-05 3.09597523219814e-05 0.999442724458204 3.09597523219814e-05 3.09597523219814e-05 3.09597523219814e-05 3.09597523219814e-05 3.09597523219814e-05 3.09597523219814e-05 3.09597523219814e-05 3.09597523219814e-05 3.09597523219814e-05 3.09597523219814e-05; % D D=0.01
3.09597523219814e-05 3.09597523219814e-05 3.09597523219814e-05 3.09597523219814e-05 3.09597523219814e-05 3.09597523219814e-05 3.09597523219814e-05 3.09597523219814e-05 3.09597523219814e-05 3.09597523219814e-05 3.09597523219814e-05 3.09597523219814e-05 3.09597523219814e-05 3.09597523219814e-05 3.09597523219814e-05 3.09597523219814e-05 3.09597523219814e-05 0.999442724458204 3.09597523219814e-05; % G D=0.01
0.117244582043344 0.000185758513931889 0.000185758513931889 0.000185758513931889 0.000185758513931889 0.117244582043344 0.0584210526315789 0.000185758513931889 0.000185758513931889 0.352538699690402 0.000185758513931889 0.000185758513931889 0.000185758513931889 0.234891640866873 0.117244582043344 0.000185758513931889 0.000185758513931889 0.000185758513931889 0.000185758513931889; % K D=0.01
3.28947368421053e-05 3.28947368421053e-05 3.28947368421053e-05 3.28947368421053e-05 3.28947368421053e-05 3.28947368421053e-05 3.28947368421053e-05 3.28947368421053e-05 3.28947368421053e-05 3.28947368421053e-05 3.28947368421053e-05 0.999407894736842 3.28947368421053e-05 3.28947368421053e-05 3.28947368421053e-05 3.28947368421053e-05 3.28947368421053e-05 3.28947368421053e-05 3.28947368421053e-05; % L D=0.01
3.09597523219814e-05 3.09597523219814e-05 3.09597523219814e-05 3.09597523219814e-05 3.09597523219814e-05 3.09597523219814e-05 3.09597523219814e-05 3.09597523219814e-05 3.09597523219814e-05 3.09597523219814e-05 3.09597523219814e-05 3.09597523219814e-05 3.09597523219814e-05 3.09597523219814e-05 3.09597523219814e-05 3.09597523219814e-05 3.09597523219814e-05 3.09597523219814e-05 0.999442724458204; % P D=0.01
3.28947368421053e-05 3.28947368421053e-05 3.28947368421053e-05 3.28947368421053e-05 3.28947368421053e-05 3.28947368421053e-05 3.28947368421053e-05 3.28947368421053e-05 3.28947368421053e-05 3.28947368421053e-05 3.28947368421053e-05 3.28947368421053e-05 0.999407894736842 3.28947368421053e-05 3.28947368421053e-05 3.28947368421053e-05 3.28947368421053e-05 3.28947368421053e-05 3.28947368421053e-05; % T D=0.01
0.352538699690402 0.000185758513931889 0.000185758513931889 0.000185758513931889 0.000185758513931889 0.234891640866873 0.000185758513931889 0.000185758513931889 0.000185758513931889 0.0584210526315789 0.117244582043344 0.000185758513931889 0.000185758513931889 0.117244582043344 0.117244582043344 0.000185758513931889 0.000185758513931889 0.000185758513931889 0.000185758513931889; % V D=0.01
3.09597523219814e-05 3.09597523219814e-05 3.09597523219814e-05 0.999442724458204 3.09597523219814e-05 3.09597523219814e-05 3.09597523219814e-05 3.09597523219814e-05 3.09597523219814e-05 3.09597523219814e-05 3.09597523219814e-05 3.09597523219814e-05 3.09597523219814e-05 3.09597523219814e-05 3.09597523219814e-05 3.09597523219814e-05 3.09597523219814e-05 3.09597523219814e-05 3.09597523219814e-05; % Z D=0.01
3.09597523219814e-05 3.09597523219814e-05 3.09597523219814e-05 3.09597523219814e-05 3.09597523219814e-05 3.09597523219814e-05 3.09597523219814e-05 3.09597523219814e-05 3.09597523219814e-05 3.09597523219814e-05 3.09597523219814e-05 3.09597523219814e-05 3.09597523219814e-05 3.09597523219814e-05 3.09597523219814e-05 3.09597523219814e-05 0.999442724458204 3.09597523219814e-05 3.09597523219814e-05; % b D=0.01
3.28947368421053e-05 3.28947368421053e-05 3.28947368421053e-05 3.28947368421053e-05 3.28947368421053e-05 3.28947368421053e-05 3.28947368421053e-05 0.999407894736842 3.28947368421053e-05 3.28947368421053e-05 3.28947368421053e-05 3.28947368421053e-05 3.28947368421053e-05 3.28947368421053e-05 3.28947368421053e-05 3.28947368421053e-05 3.28947368421053e-05 3.28947368421053e-05 3.28947368421053e-05; % d D=0.01
0.374539473684211 0.000164473684210526 0.000164473684210526 0.000164473684210526 0.000164473684210526 0.000164473684210526 0.000164473684210526 0.000164473684210526 0.000164473684210526 0.187039473684211 0.124539473684211 0.000164473684210526 0.000164473684210526 0.249539473684211 0.0620394736842105 0.000164473684210526 0.000164473684210526 0.000164473684210526 0.000164473684210526; % g D=0.01
3.28947368421053e-05 0.999407894736842 3.28947368421053e-05 3.28947368421053e-05 3.28947368421053e-05 3.28947368421053e-05 3.28947368421053e-05 3.28947368421053e-05 3.28947368421053e-05 3.28947368421053e-05 3.28947368421053e-05 3.28947368421053e-05 3.28947368421053e-05 3.28947368421053e-05 3.28947368421053e-05 3.28947368421053e-05 3.28947368421053e-05 3.28947368421053e-05 3.28947368421053e-05; % k D=0.01
3.09597523219814e-05 3.09597523219814e-05 3.09597523219814e-05 3.09597523219814e-05 3.09597523219814e-05 3.09597523219814e-05 3.09597523219814e-05 3.09597523219814e-05 3.09597523219814e-05 3.09597523219814e-05 3.09597523219814e-05 3.09597523219814e-05 3.09597523219814e-05 3.09597523219814e-05 3.09597523219814e-05 0.999442724458204 3.09597523219814e-05 3.09597523219814e-05 3.09597523219814e-05; % l D=0.01
0.234891640866873 0.000185758513931889 0.000185758513931889 0.000185758513931889 0.000185758513931889 0.117244582043344 0.176068111455108 0.000185758513931889 0.000185758513931889 0.117244582043344 0.234891640866873 0.000185758513931889 0.000185758513931889 0.117244582043344 0.000185758513931889 0.000185758513931889 0.000185758513931889 0.000185758513931889 0.000185758513931889; % p D=0.01
3.09597523219814e-05 3.09597523219814e-05 3.09597523219814e-05 3.09597523219814e-05 0.999442724458204 3.09597523219814e-05 3.09597523219814e-05 3.09597523219814e-05 3.09597523219814e-05 3.09597523219814e-05 3.09597523219814e-05 3.09597523219814e-05 3.09597523219814e-05 3.09597523219814e-05 3.09597523219814e-05 3.09597523219814e-05 3.09597523219814e-05 3.09597523219814e-05 3.09597523219814e-05; % t D=0.01
0.234891640866873 0.000185758513931889 0.000185758513931889 0.000185758513931889 0.000185758513931889 0.234891640866873 0.176068111455108 0.000185758513931889 0.000185758513931889 0.000185758513931889 0.234891640866873 0.000185758513931889 0.000185758513931889 0.0584210526315789 0.0584210526315789 0.000185758513931889 0.000185758513931889 0.000185758513931889 0.000185758513931889; % v D=0.01
3.09597523219814e-05 3.09597523219814e-05 0.999442724458204 3.09597523219814e-05 3.09597523219814e-05 3.09597523219814e-05 3.09597523219814e-05 3.09597523219814e-05 3.09597523219814e-05 3.09597523219814e-05 3.09597523219814e-05 3.09597523219814e-05 3.09597523219814e-05 3.09597523219814e-05 3.09597523219814e-05 3.09597523219814e-05 3.09597523219814e-05 3.09597523219814e-05 3.09597523219814e-05; % z D=0.01
