syllables = '$BDGKLPTVZbdgklptvz';
discounts = [0.01 0.02 0.05 0.1 0.2 0.5 1 2 5];
kn_probs = [1.05263157894737e-05 1.05263157894737e-05 1.05263157894737e-05 1.05263157894737e-05 0.199977192982456 1.05263157894737e-05 1.05263157894737e-05 0.166643859649123 0.169977192982456 1.05263157894737e-05 1.05263157894737e-05 0.133310526315789 1.05263157894737e-05 1.05263157894737e-05 0.169977192982456 1.05263157894737e-05 0.159977192982456 1.05263157894737e-05 1.05263157894737e-05; % $ D=0.01
0.254965789473684 1.57894736842105e-05 1.57894736842105e-05 1.57894736842105e-05 0.154965789473684 1.57894736842105e-05 1.57894736842105e-05 1.57894736842105e-05 0.154965789473684 1.57894736842105e-05 1.57894736842105e-05 0.154965789473684 1.57894736842105e-05 1.57894736842105e-05 0.139965789473684 1.57894736842105e-05 0.139965789473684 1.57894736842105e-05 1.57894736842105e-05; % B D=0.01
0.289965789473684 1.57894736842105e-05 1.57894736842105e-05 1.57894736842105e-05 0.119965789473684 1.57894736842105e-05 1.57894736842105e-05 0.189965789473684 1.57894736842105e-05 1.57894736842105e-05 1.57894736842105e-05 0.144965789473684 1.57894736842105e-05 1.57894736842105e-05 0.124965789473684 1.57894736842105e-05 0.129965789473684 1.57894736842105e-05 1.57894736842105e-05; % D D=0.01
2.63157894736842e-06 2.63157894736842e-06 2.63157894736842e-06 2.63157894736842e-06 2.63157894736842e-06 2.63157894736842e-06 2.63157894736842e-06 2.63157894736842e-06 2.63157894736842e-06 2.63157894736842e-06 2.63157894736842e-06 2.63157894736842e-06 0.999952631578947 2.63157894736842e-06 2.63157894736842e-06 2.63157894736842e-06 2.63157894736842e-06 2.63157894736842e-06 2.63157894736842e-06; % G D=0.01
2.63157894736842e-06 2.63157894736842e-06 2.63157894736842e-06 2.63157894736842e-06 2.63157894736842e-06 2.63157894736842e-06 2.63157894736842e-06 2.63157894736842e-06 2.63157894736842e-06 2.63157894736842e-06 2.63157894736842e-06 2.63157894736842e-06 2.63157894736842e-06 2.63157894736842e-06 2.63157894736842e-06 2.63157894736842e-06 2.63157894736842e-06 0.999952631578947 2.63157894736842e-06; % K D=0.01
2.63157894736842e-06 0.999952631578947 2.63157894736842e-06 2.63157894736842e-06 2.63157894736842e-06 2.63157894736842e-06 2.63157894736842e-06 2.63157894736842e-06 2.63157894736842e-06 2.63157894736842e-06 2.63157894736842e-06 2.63157894736842e-06 2.63157894736842e-06 2.63157894736842e-06 2.63157894736842e-06 2.63157894736842e-06 2.63157894736842e-06 2.63157894736842e-06 2.63157894736842e-06; % L D=0.01
2.63157894736842e-06 2.63157894736842e-06 2.63157894736842e-06 2.63157894736842e-06 2.63157894736842e-06 2.63157894736842e-06 2.63157894736842e-06 2.63157894736842e-06 2.63157894736842e-06 2.63157894736842e-06 2.63157894736842e-06 2.63157894736842e-06 2.63157894736842e-06 2.63157894736842e-06 2.63157894736842e-06 2.63157894736842e-06 2.63157894736842e-06 2.63157894736842e-06 0.999952631578947; % P D=0.01
2.63157894736842e-06 2.63157894736842e-06 2.63157894736842e-06 2.63157894736842e-06 2.63157894736842e-06 0.999952631578947 2.63157894736842e-06 2.63157894736842e-06 2.63157894736842e-06 2.63157894736842e-06 2.63157894736842e-06 2.63157894736842e-06 2.63157894736842e-06 2.63157894736842e-06 2.63157894736842e-06 2.63157894736842e-06 2.63157894736842e-06 2.63157894736842e-06 2.63157894736842e-06; % T D=0.01
2.63157894736842e-06 2.63157894736842e-06 0.999952631578947 2.63157894736842e-06 2.63157894736842e-06 2.63157894736842e-06 2.63157894736842e-06 2.63157894736842e-06 2.63157894736842e-06 2.63157894736842e-06 2.63157894736842e-06 2.63157894736842e-06 2.63157894736842e-06 2.63157894736842e-06 2.63157894736842e-06 2.63157894736842e-06 2.63157894736842e-06 2.63157894736842e-06 2.63157894736842e-06; % V D=0.01
2.63157894736842e-06 2.63157894736842e-06 2.63157894736842e-06 2.63157894736842e-06 2.63157894736842e-06 2.63157894736842e-06 2.63157894736842e-06 2.63157894736842e-06 2.63157894736842e-06 2.63157894736842e-06 0.999952631578947 2.63157894736842e-06 2.63157894736842e-06 2.63157894736842e-06 2.63157894736842e-06 2.63157894736842e-06 2.63157894736842e-06 2.63157894736842e-06 2.63157894736842e-06; % Z D=0.01
0.244965789473684 1.57894736842105e-05 1.57894736842105e-05 1.57894736842105e-05 0.174965789473684 1.57894736842105e-05 1.57894736842105e-05 0.0999657894736842 0.134965789473684 1.57894736842105e-05 1.57894736842105e-05 0.169965789473684 1.57894736842105e-05 1.57894736842105e-05 0.174965789473684 1.57894736842105e-05 1.57894736842105e-05 1.57894736842105e-05 1.57894736842105e-05; % b D=0.01
2.63157894736842e-06 2.63157894736842e-06 2.63157894736842e-06 2.63157894736842e-06 2.63157894736842e-06 2.63157894736842e-06 0.999952631578947 2.63157894736842e-06 2.63157894736842e-06 2.63157894736842e-06 2.63157894736842e-06 2.63157894736842e-06 2.63157894736842e-06 2.63157894736842e-06 2.63157894736842e-06 2.63157894736842e-06 2.63157894736842e-06 2.63157894736842e-06 2.63157894736842e-06; % d D=0.01
0.244965789473684 1.57894736842105e-05 1.57894736842105e-05 1.57894736842105e-05 1.57894736842105e-05 1.57894736842105e-05 1.57894736842105e-05 0.119965789473684 0.189965789473684 1.57894736842105e-05 1.57894736842105e-05 0.184965789473684 1.57894736842105e-05 1.57894736842105e-05 0.134965789473684 1.57894736842105e-05 0.124965789473684 1.57894736842105e-05 1.57894736842105e-05; % g D=0.01
0.219965789473684 1.57894736842105e-05 1.57894736842105e-05 1.57894736842105e-05 0.129965789473684 1.57894736842105e-05 1.57894736842105e-05 0.169965789473684 0.129965789473684 1.57894736842105e-05 1.57894736842105e-05 0.144965789473684 1.57894736842105e-05 1.57894736842105e-05 1.57894736842105e-05 1.57894736842105e-05 0.204965789473684 1.57894736842105e-05 1.57894736842105e-05; % k D=0.01
2.63157894736842e-06 2.63157894736842e-06 2.63157894736842e-06 2.63157894736842e-06 2.63157894736842e-06 2.63157894736842e-06 2.63157894736842e-06 2.63157894736842e-06 2.63157894736842e-06 2.63157894736842e-06 2.63157894736842e-06 2.63157894736842e-06 2.63157894736842e-06 0.999952631578947 2.63157894736842e-06 2.63157894736842e-06 2.63157894736842e-06 2.63157894736842e-06 2.63157894736842e-06; % l D=0.01
2.63157894736842e-06 2.63157894736842e-06 2.63157894736842e-06 2.63157894736842e-06 2.63157894736842e-06 2.63157894736842e-06 2.63157894736842e-06 2.63157894736842e-06 2.63157894736842e-06 0.999952631578947 2.63157894736842e-06 2.63157894736842e-06 2.63157894736842e-06 2.63157894736842e-06 2.63157894736842e-06 2.63157894736842e-06 2.63157894736842e-06 2.63157894736842e-06 2.63157894736842e-06; % p D=0.01
2.63157894736842e-06 2.63157894736842e-06 2.63157894736842e-06 2.63157894736842e-06 2.63157894736842e-06 2.63157894736842e-06 2.63157894736842e-06 2.63157894736842e-06 2.63157894736842e-06 2.63157894736842e-06 2.63157894736842e-06 2.63157894736842e-06 2.63157894736842e-06 2.63157894736842e-06 2.63157894736842e-06 0.999952631578947 2.63157894736842e-06 2.63157894736842e-06 2.63157894736842e-06; % t D=0.01
2.63157894736842e-06 2.63157894736842e-06 2.63157894736842e-06 0.999952631578947 2.63157894736842e-06 2.63157894736842e-06 2.63157894736842e-06 2.63157894736842e-06 2.63157894736842e-06 2.63157894736842e-06 2.63157894736842e-06 2.63157894736842e-06 2.63157894736842e-06 2.63157894736842e-06 2.63157894736842e-06 2.63157894736842e-06 2.63157894736842e-06 2.63157894736842e-06 2.63157894736842e-06; % v D=0.01
0.244965789473684 1.57894736842105e-05 1.57894736842105e-05 1.57894736842105e-05 0.119965789473684 1.57894736842105e-05 1.57894736842105e-05 0.169965789473684 0.134965789473684 1.57894736842105e-05 1.57894736842105e-05 1.57894736842105e-05 1.57894736842105e-05 1.57894736842105e-05 0.169965789473684 1.57894736842105e-05 0.159965789473684 1.57894736842105e-05 1.57894736842105e-05; % z D=0.01
