syllables = '$BFMRTdfmt';
discounts = [0.01 0.02 0.05 0.1 0.2 0.5 1 2 5];
kn_probs = [2e-05 2e-05 2e-05 2e-05 2e-05 2e-05 2e-05 0.32662 0.30662 0.36662; % $ D=0.01
0.234965 1.5e-05 1.5e-05 1.5e-05 1.5e-05 1.5e-05 1.5e-05 0.389965 1.5e-05 0.374965; % B D=0.01
0.259965 1.5e-05 1.5e-05 1.5e-05 1.5e-05 1.5e-05 1.5e-05 0.364965 0.374965 1.5e-05; % F D=0.01
5e-06 5e-06 0.999955 5e-06 5e-06 5e-06 5e-06 5e-06 5e-06 5e-06; % M D=0.01
5e-06 0.999955 5e-06 5e-06 5e-06 5e-06 5e-06 5e-06 5e-06 5e-06; % R D=0.01
5e-06 5e-06 5e-06 5e-06 0.999955 5e-06 5e-06 5e-06 5e-06 5e-06; % T D=0.01
0.254965 1.5e-05 1.5e-05 1.5e-05 1.5e-05 1.5e-05 1.5e-05 1.5e-05 0.394965 0.349965; % d D=0.01
5e-06 5e-06 5e-06 5e-06 5e-06 5e-06 0.999955 5e-06 5e-06 5e-06; % f D=0.01
5e-06 5e-06 5e-06 5e-06 5e-06 0.999955 5e-06 5e-06 5e-06 5e-06; % m D=0.01
5e-06 5e-06 5e-06 0.999955 5e-06 5e-06 5e-06 5e-06 5e-06 5e-06; % t D=0.01
4e-05 4e-05 4e-05 4e-05 4e-05 4e-05 4e-05 0.326573333333333 0.306573333333333 0.366573333333333; % $ D=0.02
0.23493 3e-05 3e-05 3e-05 3e-05 3e-05 3e-05 0.38993 3e-05 0.37493; % B D=0.02
0.25993 3e-05 3e-05 3e-05 3e-05 3e-05 3e-05 0.36493 0.37493 3e-05; % F D=0.02
1e-05 1e-05 0.99991 1e-05 1e-05 1e-05 1e-05 1e-05 1e-05 1e-05; % M D=0.02
1e-05 0.99991 1e-05 1e-05 1e-05 1e-05 1e-05 1e-05 1e-05 1e-05; % R D=0.02
1e-05 1e-05 1e-05 1e-05 0.99991 1e-05 1e-05 1e-05 1e-05 1e-05; % T D=0.02
0.25493 3e-05 3e-05 3e-05 3e-05 3e-05 3e-05 3e-05 0.39493 0.34993; % d D=0.02
1e-05 1e-05 1e-05 1e-05 1e-05 1e-05 0.99991 1e-05 1e-05 1e-05; % f D=0.02
1e-05 1e-05 1e-05 1e-05 1e-05 0.99991 1e-05 1e-05 1e-05 1e-05; % m D=0.02
1e-05 1e-05 1e-05 0.99991 1e-05 1e-05 1e-05 1e-05 1e-05 1e-05; % t D=0.02
0.0001 0.0001 0.0001 0.0001 0.0001 0.0001 0.0001 0.326433333333333 0.306433333333333 0.366433333333333; % $ D=0.05
0.234825 7.5e-05 7.5e-05 7.5e-05 7.5e-05 7.5e-05 7.5e-05 0.389825 7.5e-05 0.374825; % B D=0.05
0.259825 7.5e-05 7.5e-05 7.5e-05 7.5e-05 7.5e-05 7.5e-05 0.364825 0.374825 7.5e-05; % F D=0.05
2.5e-05 2.5e-05 0.999775 2.5e-05 2.5e-05 2.5e-05 2.5e-05 2.5e-05 2.5e-05 2.5e-05; % M D=0.05
2.5e-05 0.999775 2.5e-05 2.5e-05 2.5e-05 2.5e-05 2.5e-05 2.5e-05 2.5e-05 2.5e-05; % R D=0.05
2.5e-05 2.5e-05 2.5e-05 2.5e-05 0.999775 2.5e-05 2.5e-05 2.5e-05 2.5e-05 2.5e-05; % T D=0.05
0.254825 7.5e-05 7.5e-05 7.5e-05 7.5e-05 7.5e-05 7.5e-05 7.5e-05 0.394825 0.349825; % d D=0.05
2.5e-05 2.5e-05 2.5e-05 2.5e-05 2.5e-05 2.5e-05 0.999775 2.5e-05 2.5e-05 2.5e-05; % f D=0.05
2.5e-05 2.5e-05 2.5e-05 2.5e-05 2.5e-05 0.999775 2.5e-05 2.5e-05 2.5e-05 2.5e-05; % m D=0.05
2.5e-05 2.5e-05 2.5e-05 0.999775 2.5e-05 2.5e-05 2.5e-05 2.5e-05 2.5e-05 2.5e-05; % t D=0.05
0.0002 0.0002 0.0002 0.0002 0.0002 0.0002 0.0002 0.3262 0.3062 0.3662; % $ D=0.1
0.23465 0.00015 0.00015 0.00015 0.00015 0.00015 0.00015 0.38965 0.00015 0.37465; % B D=0.1
0.25965 0.00015 0.00015 0.00015 0.00015 0.00015 0.00015 0.36465 0.37465 0.00015; % F D=0.1
5e-05 5e-05 0.99955 5e-05 5e-05 5e-05 5e-05 5e-05 5e-05 5e-05; % M D=0.1
5e-05 0.99955 5e-05 5e-05 5e-05 5e-05 5e-05 5e-05 5e-05 5e-05; % R D=0.1
5e-05 5e-05 5e-05 5e-05 0.99955 5e-05 5e-05 5e-05 5e-05 5e-05; % T D=0.1
0.25465 0.00015 0.00015 0.00015 0.00015 0.00015 0.00015 0.00015 0.39465 0.34965; % d D=0.1
5e-05 5e-05 5e-05 5e-05 5e-05 5e-05 0.99955 5e-05 5e-05 5e-05; % f D=0.1
5e-05 5e-05 5e-05 5e-05 5e-05 0.99955 5e-05 5e-05 5e-05 5e-05; % m D=0.1
5e-05 5e-05 5e-05 0.99955 5e-05 5e-05 5e-05 5e-05 5e-05 5e-05; % t D=0.1
0.0004 0.0004 0.0004 0.0004 0.0004 0.0004 0.0004 0.325733333333333 0.305733333333333 0.365733333333333; % $ D=0.2
0.2343 0.0003 0.0003 0.0003 0.0003 0.0003 0.0003 0.3893 0.0003 0.3743; % B D=0.2
0.2593 0.0003 0.0003 0.0003 0.0003 0.0003 0.0003 0.3643 0.3743 0.0003; % F D=0.2
0.0001 0.0001 0.9991 0.0001 0.0001 0.0001 0.0001 0.0001 0.0001 0.0001; % M D=0.2
0.0001 0.9991 0.0001 0.0001 0.0001 0.0001 0.0001 0.0001 0.0001 0.0001; % R D=0.2
0.0001 0.0001 0.0001 0.0001 0.9991 0.0001 0.0001 0.0001 0.0001 0.0001; % T D=0.2
0.2543 0.0003 0.0003 0.0003 0.0003 0.0003 0.0003 0.0003 0.3943 0.3493; % d D=0.2
0.0001 0.0001 0.0001 0.0001 0.0001 0.0001 0.9991 0.0001 0.0001 0.0001; % f D=0.2
0.0001 0.0001 0.0001 0.0001 0.0001 0.9991 0.0001 0.0001 0.0001 0.0001; % m D=0.2
0.0001 0.0001 0.0001 0.9991 0.0001 0.0001 0.0001 0.0001 0.0001 0.0001; % t D=0.2
0.001 0.001 0.001 0.001 0.001 0.001 0.001 0.324333333333333 0.304333333333333 0.364333333333333; % $ D=0.5
0.23325 0.00075 0.00075 0.00075 0.00075 0.00075 0.00075 0.38825 0.00075 0.37325; % B D=0.5
0.25825 0.00075 0.00075 0.00075 0.00075 0.00075 0.00075 0.36325 0.37325 0.00075; % F D=0.5
0.00025 0.00025 0.99775 0.00025 0.00025 0.00025 0.00025 0.00025 0.00025 0.00025; % M D=0.5
0.00025 0.99775 0.00025 0.00025 0.00025 0.00025 0.00025 0.00025 0.00025 0.00025; % R D=0.5
0.00025 0.00025 0.00025 0.00025 0.99775 0.00025 0.00025 0.00025 0.00025 0.00025; % T D=0.5
0.25325 0.00075 0.00075 0.00075 0.00075 0.00075 0.00075 0.00075 0.39325 0.34825; % d D=0.5
0.00025 0.00025 0.00025 0.00025 0.00025 0.00025 0.99775 0.00025 0.00025 0.00025; % f D=0.5
0.00025 0.00025 0.00025 0.00025 0.00025 0.99775 0.00025 0.00025 0.00025 0.00025; % m D=0.5
0.00025 0.00025 0.00025 0.99775 0.00025 0.00025 0.00025 0.00025 0.00025 0.00025; % t D=0.5
0.002 0.002 0.002 0.002 0.002 0.002 0.002 0.322 0.302 0.362; % $ D=1
0.2315 0.0015 0.0015 0.0015 0.0015 0.0015 0.0015 0.3865 0.0015 0.3715; % B D=1
0.2565 0.0015 0.0015 0.0015 0.0015 0.0015 0.0015 0.3615 0.3715 0.0015; % F D=1
0.0005 0.0005 0.9955 0.0005 0.0005 0.0005 0.0005 0.0005 0.0005 0.0005; % M D=1
0.0005 0.9955 0.0005 0.0005 0.0005 0.0005 0.0005 0.0005 0.0005 0.0005; % R D=1
0.0005 0.0005 0.0005 0.0005 0.9955 0.0005 0.0005 0.0005 0.0005 0.0005; % T D=1
0.2515 0.0015 0.0015 0.0015 0.0015 0.0015 0.0015 0.0015 0.3915 0.3465; % d D=1
0.0005 0.0005 0.0005 0.0005 0.0005 0.0005 0.9955 0.0005 0.0005 0.0005; % f D=1
0.0005 0.0005 0.0005 0.0005 0.0005 0.9955 0.0005 0.0005 0.0005 0.0005; % m D=1
0.0005 0.0005 0.0005 0.9955 0.0005 0.0005 0.0005 0.0005 0.0005 0.0005; % t D=1
0.004 0.004 0.004 0.004 0.004 0.004 0.004 0.317333333333333 0.297333333333333 0.357333333333333; % $ D=2
0.228 0.003 0.003 0.003 0.003 0.003 0.003 0.383 0.003 0.368; % B D=2
0.253 0.003 0.003 0.003 0.003 0.003 0.003 0.358 0.368 0.003; % F D=2
0.001 0.001 0.991 0.001 0.001 0.001 0.001 0.001 0.001 0.001; % M D=2
0.001 0.991 0.001 0.001 0.001 0.001 0.001 0.001 0.001 0.001; % R D=2
0.001 0.001 0.001 0.001 0.991 0.001 0.001 0.001 0.001 0.001; % T D=2
0.248 0.003 0.003 0.003 0.003 0.003 0.003 0.003 0.388 0.343; % d D=2
0.001 0.001 0.001 0.001 0.001 0.001 0.991 0.001 0.001 0.001; % f D=2
0.001 0.001 0.001 0.001 0.001 0.991 0.001 0.001 0.001 0.001; % m D=2
0.001 0.001 0.001 0.991 0.001 0.001 0.001 0.001 0.001 0.001; % t D=2
0.01 0.01 0.01 0.01 0.01 0.01 0.01 0.303333333333333 0.283333333333333 0.343333333333333; % $ D=5
0.2175 0.0075 0.0075 0.0075 0.0075 0.0075 0.0075 0.3725 0.0075 0.3575; % B D=5
0.2425 0.0075 0.0075 0.0075 0.0075 0.0075 0.0075 0.3475 0.3575 0.0075; % F D=5
0.0025 0.0025 0.9775 0.0025 0.0025 0.0025 0.0025 0.0025 0.0025 0.0025; % M D=5
0.0025 0.9775 0.0025 0.0025 0.0025 0.0025 0.0025 0.0025 0.0025 0.0025; % R D=5
0.0025 0.0025 0.0025 0.0025 0.9775 0.0025 0.0025 0.0025 0.0025 0.0025; % T D=5
0.2375 0.0075 0.0075 0.0075 0.0075 0.0075 0.0075 0.0075 0.3775 0.3325; % d D=5
0.0025 0.0025 0.0025 0.0025 0.0025 0.0025 0.9775 0.0025 0.0025 0.0025; % f D=5
0.0025 0.0025 0.0025 0.0025 0.0025 0.9775 0.0025 0.0025 0.0025 0.0025; % m D=5
0.0025 0.0025 0.0025 0.9775 0.0025 0.0025 0.0025 0.0025 0.0025 0.0025]; % t D=5
