syllables = '$BFNPTZgkt';
discounts = [0.01 0.02 0.05 0.1 0.2 0.5 1 2 5];
kn_probs = [2e-05 0.279953333333333 2e-05 2e-05 2e-05 2e-05 0.32662 2e-05 0.393286666666667 2e-05; % $ D=0.01
5e-06 5e-06 5e-06 5e-06 0.999955 5e-06 5e-06 5e-06 5e-06 5e-06; % B D=0.01
0.18997 0.27997 2e-05 2e-05 2e-05 2e-05 0.29997 2e-05 0.22997 2e-05; % F D=0.01
0.29497 0.17497 2e-05 2e-05 2e-05 2e-05 0.28497 2e-05 0.24497 2e-05; % N D=0.01
5e-06 5e-06 5e-06 0.999955 5e-06 5e-06 5e-06 5e-06 5e-06 5e-06; % P D=0.01
5e-06 5e-06 5e-06 5e-06 5e-06 5e-06 5e-06 0.999955 5e-06 5e-06; % T D=0.01
5e-06 5e-06 5e-06 5e-06 5e-06 0.999955 5e-06 5e-06 5e-06 5e-06; % Z D=0.01
5e-06 5e-06 5e-06 5e-06 5e-06 5e-06 5e-06 5e-06 5e-06 0.999955; % g D=0.01
5e-06 5e-06 0.999955 5e-06 5e-06 5e-06 5e-06 5e-06 5e-06 5e-06; % k D=0.01
0.26497 0.33497 2e-05 2e-05 2e-05 2e-05 0.16997 2e-05 0.22997 2e-05; % t D=0.01
4e-05 0.279906666666667 4e-05 4e-05 4e-05 4e-05 0.326573333333333 4e-05 0.39324 4e-05; % $ D=0.02
1e-05 1e-05 1e-05 1e-05 0.99991 1e-05 1e-05 1e-05 1e-05 1e-05; % B D=0.02
0.18994 0.27994 4e-05 4e-05 4e-05 4e-05 0.29994 4e-05 0.22994 4e-05; % F D=0.02
0.29494 0.17494 4e-05 4e-05 4e-05 4e-05 0.28494 4e-05 0.24494 4e-05; % N D=0.02
1e-05 1e-05 1e-05 0.99991 1e-05 1e-05 1e-05 1e-05 1e-05 1e-05; % P D=0.02
1e-05 1e-05 1e-05 1e-05 1e-05 1e-05 1e-05 0.99991 1e-05 1e-05; % T D=0.02
1e-05 1e-05 1e-05 1e-05 1e-05 0.99991 1e-05 1e-05 1e-05 1e-05; % Z D=0.02
1e-05 1e-05 1e-05 1e-05 1e-05 1e-05 1e-05 1e-05 1e-05 0.99991; % g D=0.02
1e-05 1e-05 0.99991 1e-05 1e-05 1e-05 1e-05 1e-05 1e-05 1e-05; % k D=0.02
0.26494 0.33494 4e-05 4e-05 4e-05 4e-05 0.16994 4e-05 0.22994 4e-05; % t D=0.02
0.0001 0.279766666666667 0.0001 0.0001 0.0001 0.0001 0.326433333333333 0.0001 0.3931 0.0001; % $ D=0.05
2.5e-05 2.5e-05 2.5e-05 2.5e-05 0.999775 2.5e-05 2.5e-05 2.5e-05 2.5e-05 2.5e-05; % B D=0.05
0.18985 0.27985 0.0001 0.0001 0.0001 0.0001 0.29985 0.0001 0.22985 0.0001; % F D=0.05
0.29485 0.17485 0.0001 0.0001 0.0001 0.0001 0.28485 0.0001 0.24485 0.0001; % N D=0.05
2.5e-05 2.5e-05 2.5e-05 0.999775 2.5e-05 2.5e-05 2.5e-05 2.5e-05 2.5e-05 2.5e-05; % P D=0.05
2.5e-05 2.5e-05 2.5e-05 2.5e-05 2.5e-05 2.5e-05 2.5e-05 0.999775 2.5e-05 2.5e-05; % T D=0.05
2.5e-05 2.5e-05 2.5e-05 2.5e-05 2.5e-05 0.999775 2.5e-05 2.5e-05 2.5e-05 2.5e-05; % Z D=0.05
2.5e-05 2.5e-05 2.5e-05 2.5e-05 2.5e-05 2.5e-05 2.5e-05 2.5e-05 2.5e-05 0.999775; % g D=0.05
2.5e-05 2.5e-05 0.999775 2.5e-05 2.5e-05 2.5e-05 2.5e-05 2.5e-05 2.5e-05 2.5e-05; % k D=0.05
0.26485 0.33485 0.0001 0.0001 0.0001 0.0001 0.16985 0.0001 0.22985 0.0001; % t D=0.05
0.0002 0.279533333333333 0.0002 0.0002 0.0002 0.0002 0.3262 0.0002 0.392866666666667 0.0002; % $ D=0.1
5e-05 5e-05 5e-05 5e-05 0.99955 5e-05 5e-05 5e-05 5e-05 5e-05; % B D=0.1
0.1897 0.2797 0.0002 0.0002 0.0002 0.0002 0.2997 0.0002 0.2297 0.0002; % F D=0.1
0.2947 0.1747 0.0002 0.0002 0.0002 0.0002 0.2847 0.0002 0.2447 0.0002; % N D=0.1
5e-05 5e-05 5e-05 0.99955 5e-05 5e-05 5e-05 5e-05 5e-05 5e-05; % P D=0.1
5e-05 5e-05 5e-05 5e-05 5e-05 5e-05 5e-05 0.99955 5e-05 5e-05; % T D=0.1
5e-05 5e-05 5e-05 5e-05 5e-05 0.99955 5e-05 5e-05 5e-05 5e-05; % Z D=0.1
5e-05 5e-05 5e-05 5e-05 5e-05 5e-05 5e-05 5e-05 5e-05 0.99955; % g D=0.1
5e-05 5e-05 0.99955 5e-05 5e-05 5e-05 5e-05 5e-05 5e-05 5e-05; % k D=0.1
0.2647 0.3347 0.0002 0.0002 0.0002 0.0002 0.1697 0.0002 0.2297 0.0002; % t D=0.1
0.0004 0.279066666666667 0.0004 0.0004 0.0004 0.0004 0.325733333333333 0.0004 0.3924 0.0004; % $ D=0.2
0.0001 0.0001 0.0001 0.0001 0.9991 0.0001 0.0001 0.0001 0.0001 0.0001; % B D=0.2
0.1894 0.2794 0.0004 0.0004 0.0004 0.0004 0.2994 0.0004 0.2294 0.0004; % F D=0.2
0.2944 0.1744 0.0004 0.0004 0.0004 0.0004 0.2844 0.0004 0.2444 0.0004; % N D=0.2
0.0001 0.0001 0.0001 0.9991 0.0001 0.0001 0.0001 0.0001 0.0001 0.0001; % P D=0.2
0.0001 0.0001 0.0001 0.0001 0.0001 0.0001 0.0001 0.9991 0.0001 0.0001; % T D=0.2
0.0001 0.0001 0.0001 0.0001 0.0001 0.9991 0.0001 0.0001 0.0001 0.0001; % Z D=0.2
0.0001 0.0001 0.0001 0.0001 0.0001 0.0001 0.0001 0.0001 0.0001 0.9991; % g D=0.2
0.0001 0.0001 0.9991 0.0001 0.0001 0.0001 0.0001 0.0001 0.0001 0.0001; % k D=0.2
0.2644 0.3344 0.0004 0.0004 0.0004 0.0004 0.1694 0.0004 0.2294 0.0004; % t D=0.2
0.001 0.277666666666667 0.001 0.001 0.001 0.001 0.324333333333333 0.001 0.391 0.001; % $ D=0.5
0.00025 0.00025 0.00025 0.00025 0.99775 0.00025 0.00025 0.00025 0.00025 0.00025; % B D=0.5
0.1885 0.2785 0.001 0.001 0.001 0.001 0.2985 0.001 0.2285 0.001; % F D=0.5
0.2935 0.1735 0.001 0.001 0.001 0.001 0.2835 0.001 0.2435 0.001; % N D=0.5
0.00025 0.00025 0.00025 0.99775 0.00025 0.00025 0.00025 0.00025 0.00025 0.00025; % P D=0.5
0.00025 0.00025 0.00025 0.00025 0.00025 0.00025 0.00025 0.99775 0.00025 0.00025; % T D=0.5
0.00025 0.00025 0.00025 0.00025 0.00025 0.99775 0.00025 0.00025 0.00025 0.00025; % Z D=0.5
0.00025 0.00025 0.00025 0.00025 0.00025 0.00025 0.00025 0.00025 0.00025 0.99775; % g D=0.5
0.00025 0.00025 0.99775 0.00025 0.00025 0.00025 0.00025 0.00025 0.00025 0.00025; % k D=0.5
0.2635 0.3335 0.001 0.001 0.001 0.001 0.1685 0.001 0.2285 0.001; % t D=0.5
0.002 0.275333333333333 0.002 0.002 0.002 0.002 0.322 0.002 0.388666666666667 0.002; % $ D=1
0.0005 0.0005 0.0005 0.0005 0.9955 0.0005 0.0005 0.0005 0.0005 0.0005; % B D=1
0.187 0.277 0.002 0.002 0.002 0.002 0.297 0.002 0.227 0.002; % F D=1
0.292 0.172 0.002 0.002 0.002 0.002 0.282 0.002 0.242 0.002; % N D=1
0.0005 0.0005 0.0005 0.9955 0.0005 0.0005 0.0005 0.0005 0.0005 0.0005; % P D=1
0.0005 0.0005 0.0005 0.0005 0.0005 0.0005 0.0005 0.9955 0.0005 0.0005; % T D=1
0.0005 0.0005 0.0005 0.0005 0.0005 0.9955 0.0005 0.0005 0.0005 0.0005; % Z D=1
0.0005 0.0005 0.0005 0.0005 0.0005 0.0005 0.0005 0.0005 0.0005 0.9955; % g D=1
0.0005 0.0005 0.9955 0.0005 0.0005 0.0005 0.0005 0.0005 0.0005 0.0005; % k D=1
0.262 0.332 0.002 0.002 0.002 0.002 0.167 0.002 0.227 0.002; % t D=1
0.004 0.270666666666667 0.004 0.004 0.004 0.004 0.317333333333333 0.004 0.384 0.004; % $ D=2
0.001 0.001 0.001 0.001 0.991 0.001 0.001 0.001 0.001 0.001; % B D=2
0.184 0.274 0.004 0.004 0.004 0.004 0.294 0.004 0.224 0.004; % F D=2
0.289 0.169 0.004 0.004 0.004 0.004 0.279 0.004 0.239 0.004; % N D=2
0.001 0.001 0.001 0.991 0.001 0.001 0.001 0.001 0.001 0.001; % P D=2
0.001 0.001 0.001 0.001 0.001 0.001 0.001 0.991 0.001 0.001; % T D=2
0.001 0.001 0.001 0.001 0.001 0.991 0.001 0.001 0.001 0.001; % Z D=2
0.001 0.001 0.001 0.001 0.001 0.001 0.001 0.001 0.001 0.991; % g D=2
0.001 0.001 0.991 0.001 0.001 0.001 0.001 0.001 0.001 0.001; % k D=2
0.259 0.329 0.004 0.004 0.004 0.004 0.164 0.004 0.224 0.004; % t D=2
0.01 0.256666666666667 0.01 0.01 0.01 0.01 0.303333333333333 0.01 0.37 0.01; % $ D=5
0.0025 0.0025 0.0025 0.0025 0.9775 0.0025 0.0025 0.0025 0.0025 0.0025; % B D=5
0.175 0.265 0.01 0.01 0.01 0.01 0.285 0.01 0.215 0.01; % F D=5
0.28 0.16 0.01 0.01 0.01 0.01 0.27 0.01 0.23 0.01; % N D=5
0.0025 0.0025 0.0025 0.9775 0.0025 0.0025 0.0025 0.0025 0.0025 0.0025; % P D=5
0.0025 0.0025 0.0025 0.0025 0.0025 0.0025 0.0025 0.9775 0.0025 0.0025; % T D=5
0.0025 0.0025 0.0025 0.0025 0.0025 0.9775 0.0025 0.0025 0.0025 0.0025; % Z D=5
0.0025 0.0025 0.0025 0.0025 0.0025 0.0025 0.0025 0.0025 0.0025 0.9775; % g D=5
0.0025 0.0025 0.9775 0.0025 0.0025 0.0025 0.0025 0.0025 0.0025 0.0025; % k D=5
0.25 0.32 0.01 0.01 0.01 0.01 0.155 0.01 0.215 0.01]; % t D=5
