syllables = '$BFMRVZklm';
discounts = [0.01 0.02 0.05 0.1 0.2 0.5 1 2 5];
kn_probs = [2e-05 2e-05 0.299953333333333 2e-05 2e-05 0.36662 2e-05 0.333286666666667 2e-05 2e-05; % $ D=0.01
0.26997 2e-05 0.28497 2e-05 2e-05 0.25997 2e-05 0.18497 2e-05 2e-05; % B D=0.01
5e-06 5e-06 5e-06 5e-06 5e-06 5e-06 0.999955 5e-06 5e-06 5e-06; % F D=0.01
0.25497 2e-05 0.18997 2e-05 2e-05 0.25497 2e-05 0.29997 2e-05 2e-05; % M D=0.01
5e-06 0.999955 5e-06 5e-06 5e-06 5e-06 5e-06 5e-06 5e-06 5e-06; % R D=0.01
5e-06 5e-06 5e-06 5e-06 5e-06 5e-06 5e-06 5e-06 0.999955 5e-06; % V D=0.01
5e-06 5e-06 5e-06 0.999955 5e-06 5e-06 5e-06 5e-06 5e-06 5e-06; % Z D=0.01
5e-06 5e-06 5e-06 5e-06 5e-06 5e-06 5e-06 5e-06 5e-06 0.999955; % k D=0.01
0.22497 2e-05 0.29997 2e-05 2e-05 0.20997 2e-05 0.26497 2e-05 2e-05; % l D=0.01
5e-06 5e-06 5e-06 5e-06 0.999955 5e-06 5e-06 5e-06 5e-06 5e-06; % m D=0.01
4e-05 4e-05 0.299906666666667 4e-05 4e-05 0.366573333333333 4e-05 0.33324 4e-05 4e-05; % $ D=0.02
0.26994 4e-05 0.28494 4e-05 4e-05 0.25994 4e-05 0.18494 4e-05 4e-05; % B D=0.02
1e-05 1e-05 1e-05 1e-05 1e-05 1e-05 0.99991 1e-05 1e-05 1e-05; % F D=0.02
0.25494 4e-05 0.18994 4e-05 4e-05 0.25494 4e-05 0.29994 4e-05 4e-05; % M D=0.02
1e-05 0.99991 1e-05 1e-05 1e-05 1e-05 1e-05 1e-05 1e-05 1e-05; % R D=0.02
1e-05 1e-05 1e-05 1e-05 1e-05 1e-05 1e-05 1e-05 0.99991 1e-05; % V D=0.02
1e-05 1e-05 1e-05 0.99991 1e-05 1e-05 1e-05 1e-05 1e-05 1e-05; % Z D=0.02
1e-05 1e-05 1e-05 1e-05 1e-05 1e-05 1e-05 1e-05 1e-05 0.99991; % k D=0.02
0.22494 4e-05 0.29994 4e-05 4e-05 0.20994 4e-05 0.26494 4e-05 4e-05; % l D=0.02
1e-05 1e-05 1e-05 1e-05 0.99991 1e-05 1e-05 1e-05 1e-05 1e-05; % m D=0.02
0.0001 0.0001 0.299766666666667 0.0001 0.0001 0.366433333333333 0.0001 0.3331 0.0001 0.0001; % $ D=0.05
0.26985 0.0001 0.28485 0.0001 0.0001 0.25985 0.0001 0.18485 0.0001 0.0001; % B D=0.05
2.5e-05 2.5e-05 2.5e-05 2.5e-05 2.5e-05 2.5e-05 0.999775 2.5e-05 2.5e-05 2.5e-05; % F D=0.05
0.25485 0.0001 0.18985 0.0001 0.0001 0.25485 0.0001 0.29985 0.0001 0.0001; % M D=0.05
2.5e-05 0.999775 2.5e-05 2.5e-05 2.5e-05 2.5e-05 2.5e-05 2.5e-05 2.5e-05 2.5e-05; % R D=0.05
2.5e-05 2.5e-05 2.5e-05 2.5e-05 2.5e-05 2.5e-05 2.5e-05 2.5e-05 0.999775 2.5e-05; % V D=0.05
2.5e-05 2.5e-05 2.5e-05 0.999775 2.5e-05 2.5e-05 2.5e-05 2.5e-05 2.5e-05 2.5e-05; % Z D=0.05
2.5e-05 2.5e-05 2.5e-05 2.5e-05 2.5e-05 2.5e-05 2.5e-05 2.5e-05 2.5e-05 0.999775; % k D=0.05
0.22485 0.0001 0.29985 0.0001 0.0001 0.20985 0.0001 0.26485 0.0001 0.0001; % l D=0.05
2.5e-05 2.5e-05 2.5e-05 2.5e-05 0.999775 2.5e-05 2.5e-05 2.5e-05 2.5e-05 2.5e-05; % m D=0.05
0.0002 0.0002 0.299533333333333 0.0002 0.0002 0.3662 0.0002 0.332866666666667 0.0002 0.0002; % $ D=0.1
0.2697 0.0002 0.2847 0.0002 0.0002 0.2597 0.0002 0.1847 0.0002 0.0002; % B D=0.1
5e-05 5e-05 5e-05 5e-05 5e-05 5e-05 0.99955 5e-05 5e-05 5e-05; % F D=0.1
0.2547 0.0002 0.1897 0.0002 0.0002 0.2547 0.0002 0.2997 0.0002 0.0002; % M D=0.1
5e-05 0.99955 5e-05 5e-05 5e-05 5e-05 5e-05 5e-05 5e-05 5e-05; % R D=0.1
5e-05 5e-05 5e-05 5e-05 5e-05 5e-05 5e-05 5e-05 0.99955 5e-05; % V D=0.1
5e-05 5e-05 5e-05 0.99955 5e-05 5e-05 5e-05 5e-05 5e-05 5e-05; % Z D=0.1
5e-05 5e-05 5e-05 5e-05 5e-05 5e-05 5e-05 5e-05 5e-05 0.99955; % k D=0.1
0.2247 0.0002 0.2997 0.0002 0.0002 0.2097 0.0002 0.2647 0.0002 0.0002; % l D=0.1
5e-05 5e-05 5e-05 5e-05 0.99955 5e-05 5e-05 5e-05 5e-05 5e-05; % m D=0.1
0.0004 0.0004 0.299066666666667 0.0004 0.0004 0.365733333333333 0.0004 0.3324 0.0004 0.0004; % $ D=0.2
0.2694 0.0004 0.2844 0.0004 0.0004 0.2594 0.0004 0.1844 0.0004 0.0004; % B D=0.2
0.0001 0.0001 0.0001 0.0001 0.0001 0.0001 0.9991 0.0001 0.0001 0.0001; % F D=0.2
0.2544 0.0004 0.1894 0.0004 0.0004 0.2544 0.0004 0.2994 0.0004 0.0004; % M D=0.2
0.0001 0.9991 0.0001 0.0001 0.0001 0.0001 0.0001 0.0001 0.0001 0.0001; % R D=0.2
0.0001 0.0001 0.0001 0.0001 0.0001 0.0001 0.0001 0.0001 0.9991 0.0001; % V D=0.2
0.0001 0.0001 0.0001 0.9991 0.0001 0.0001 0.0001 0.0001 0.0001 0.0001; % Z D=0.2
0.0001 0.0001 0.0001 0.0001 0.0001 0.0001 0.0001 0.0001 0.0001 0.9991; % k D=0.2
0.2244 0.0004 0.2994 0.0004 0.0004 0.2094 0.0004 0.2644 0.0004 0.0004; % l D=0.2
0.0001 0.0001 0.0001 0.0001 0.9991 0.0001 0.0001 0.0001 0.0001 0.0001; % m D=0.2
0.001 0.001 0.297666666666667 0.001 0.001 0.364333333333333 0.001 0.331 0.001 0.001; % $ D=0.5
0.2685 0.001 0.2835 0.001 0.001 0.2585 0.001 0.1835 0.001 0.001; % B D=0.5
0.00025 0.00025 0.00025 0.00025 0.00025 0.00025 0.99775 0.00025 0.00025 0.00025; % F D=0.5
0.2535 0.001 0.1885 0.001 0.001 0.2535 0.001 0.2985 0.001 0.001; % M D=0.5
0.00025 0.99775 0.00025 0.00025 0.00025 0.00025 0.00025 0.00025 0.00025 0.00025; % R D=0.5
0.00025 0.00025 0.00025 0.00025 0.00025 0.00025 0.00025 0.00025 0.99775 0.00025; % V D=0.5
0.00025 0.00025 0.00025 0.99775 0.00025 0.00025 0.00025 0.00025 0.00025 0.00025; % Z D=0.5
0.00025 0.00025 0.00025 0.00025 0.00025 0.00025 0.00025 0.00025 0.00025 0.99775; % k D=0.5
0.2235 0.001 0.2985 0.001 0.001 0.2085 0.001 0.2635 0.001 0.001; % l D=0.5
0.00025 0.00025 0.00025 0.00025 0.99775 0.00025 0.00025 0.00025 0.00025 0.00025; % m D=0.5
0.002 0.002 0.295333333333333 0.002 0.002 0.362 0.002 0.328666666666667 0.002 0.002; % $ D=1
0.267 0.002 0.282 0.002 0.002 0.257 0.002 0.182 0.002 0.002; % B D=1
0.0005 0.0005 0.0005 0.0005 0.0005 0.0005 0.9955 0.0005 0.0005 0.0005; % F D=1
0.252 0.002 0.187 0.002 0.002 0.252 0.002 0.297 0.002 0.002; % M D=1
0.0005 0.9955 0.0005 0.0005 0.0005 0.0005 0.0005 0.0005 0.0005 0.0005; % R D=1
0.0005 0.0005 0.0005 0.0005 0.0005 0.0005 0.0005 0.0005 0.9955 0.0005; % V D=1
0.0005 0.0005 0.0005 0.9955 0.0005 0.0005 0.0005 0.0005 0.0005 0.0005; % Z D=1
0.0005 0.0005 0.0005 0.0005 0.0005 0.0005 0.0005 0.0005 0.0005 0.9955; % k D=1
0.222 0.002 0.297 0.002 0.002 0.207 0.002 0.262 0.002 0.002; % l D=1
0.0005 0.0005 0.0005 0.0005 0.9955 0.0005 0.0005 0.0005 0.0005 0.0005; % m D=1
0.004 0.004 0.290666666666667 0.004 0.004 0.357333333333333 0.004 0.324 0.004 0.004; % $ D=2
0.264 0.004 0.279 0.004 0.004 0.254 0.004 0.179 0.004 0.004; % B D=2
0.001 0.001 0.001 0.001 0.001 0.001 0.991 0.001 0.001 0.001; % F D=2
0.249 0.004 0.184 0.004 0.004 0.249 0.004 0.294 0.004 0.004; % M D=2
0.001 0.991 0.001 0.001 0.001 0.001 0.001 0.001 0.001 0.001; % R D=2
0.001 0.001 0.001 0.001 0.001 0.001 0.001 0.001 0.991 0.001; % V D=2
0.001 0.001 0.001 0.991 0.001 0.001 0.001 0.001 0.001 0.001; % Z D=2
0.001 0.001 0.001 0.001 0.001 0.001 0.001 0.001 0.001 0.991; % k D=2
0.219 0.004 0.294 0.004 0.004 0.204 0.004 0.259 0.004 0.004; % l D=2
0.001 0.001 0.001 0.001 0.991 0.001 0.001 0.001 0.001 0.001; % m D=2
0.01 0.01 0.276666666666667 0.01 0.01 0.343333333333333 0.01 0.31 0.01 0.01; % $ D=5
0.255 0.01 0.27 0.01 0.01 0.245 0.01 0.17 0.01 0.01; % B D=5
0.0025 0.0025 0.0025 0.0025 0.0025 0.0025 0.9775 0.0025 0.0025 0.0025; % F D=5
0.24 0.01 0.175 0.01 0.01 0.24 0.01 0.285 0.01 0.01; % M D=5
0.0025 0.9775 0.0025 0.0025 0.0025 0.0025 0.0025 0.0025 0.0025 0.0025; % R D=5
0.0025 0.0025 0.0025 0.0025 0.0025 0.0025 0.0025 0.0025 0.9775 0.0025; % V D=5
0.0025 0.0025 0.0025 0.9775 0.0025 0.0025 0.0025 0.0025 0.0025 0.0025; % Z D=5
0.0025 0.0025 0.0025 0.0025 0.0025 0.0025 0.0025 0.0025 0.0025 0.9775; % k D=5
0.21 0.01 0.285 0.01 0.01 0.195 0.01 0.25 0.01 0.01; % l D=5
0.0025 0.0025 0.0025 0.0025 0.9775 0.0025 0.0025 0.0025 0.0025 0.0025]; % m D=5
