syllables = '$FGKTVdfln';
discounts = [0.01 0.02 0.05 0.1 0.2 0.5 1 2 5];
kn_probs = [2e-05 2e-05 2e-05 2e-05 0.339953333333333 2e-05 2e-05 0.30662 2e-05 0.353286666666667; % $ D=0.01
0.264965 1.5e-05 1.5e-05 1.5e-05 0.379965 1.5e-05 1.5e-05 1.5e-05 1.5e-05 0.354965; % F D=0.01
5e-06 5e-06 5e-06 5e-06 5e-06 5e-06 5e-06 5e-06 0.999955 5e-06; % G D=0.01
5e-06 5e-06 5e-06 5e-06 5e-06 0.999955 5e-06 5e-06 5e-06 5e-06; % K D=0.01
5e-06 5e-06 5e-06 5e-06 5e-06 5e-06 0.999955 5e-06 5e-06 5e-06; % T D=0.01
0.279965 1.5e-05 1.5e-05 1.5e-05 0.349965 1.5e-05 1.5e-05 0.369965 1.5e-05 1.5e-05; % V D=0.01
5e-06 5e-06 0.999955 5e-06 5e-06 5e-06 5e-06 5e-06 5e-06 5e-06; % d D=0.01
5e-06 0.999955 5e-06 5e-06 5e-06 5e-06 5e-06 5e-06 5e-06 5e-06; % f D=0.01
0.20497 2e-05 2e-05 2e-05 0.01497 2e-05 2e-05 0.39997 2e-05 0.37997; % l D=0.01
5e-06 5e-06 5e-06 0.999955 5e-06 5e-06 5e-06 5e-06 5e-06 5e-06; % n D=0.01
4e-05 4e-05 4e-05 4e-05 0.339906666666667 4e-05 4e-05 0.306573333333333 4e-05 0.35324; % $ D=0.02
0.26493 3e-05 3e-05 3e-05 0.37993 3e-05 3e-05 3e-05 3e-05 0.35493; % F D=0.02
1e-05 1e-05 1e-05 1e-05 1e-05 1e-05 1e-05 1e-05 0.99991 1e-05; % G D=0.02
1e-05 1e-05 1e-05 1e-05 1e-05 0.99991 1e-05 1e-05 1e-05 1e-05; % K D=0.02
1e-05 1e-05 1e-05 1e-05 1e-05 1e-05 0.99991 1e-05 1e-05 1e-05; % T D=0.02
0.27993 3e-05 3e-05 3e-05 0.34993 3e-05 3e-05 0.36993 3e-05 3e-05; % V D=0.02
1e-05 1e-05 0.99991 1e-05 1e-05 1e-05 1e-05 1e-05 1e-05 1e-05; % d D=0.02
1e-05 0.99991 1e-05 1e-05 1e-05 1e-05 1e-05 1e-05 1e-05 1e-05; % f D=0.02
0.20494 4e-05 4e-05 4e-05 0.01494 4e-05 4e-05 0.39994 4e-05 0.37994; % l D=0.02
1e-05 1e-05 1e-05 0.99991 1e-05 1e-05 1e-05 1e-05 1e-05 1e-05; % n D=0.02
0.0001 0.0001 0.0001 0.0001 0.339766666666667 0.0001 0.0001 0.306433333333333 0.0001 0.3531; % $ D=0.05
0.264825 7.5e-05 7.5e-05 7.5e-05 0.379825 7.5e-05 7.5e-05 7.5e-05 7.5e-05 0.354825; % F D=0.05
2.5e-05 2.5e-05 2.5e-05 2.5e-05 2.5e-05 2.5e-05 2.5e-05 2.5e-05 0.999775 2.5e-05; % G D=0.05
2.5e-05 2.5e-05 2.5e-05 2.5e-05 2.5e-05 0.999775 2.5e-05 2.5e-05 2.5e-05 2.5e-05; % K D=0.05
2.5e-05 2.5e-05 2.5e-05 2.5e-05 2.5e-05 2.5e-05 0.999775 2.5e-05 2.5e-05 2.5e-05; % T D=0.05
0.279825 7.5e-05 7.5e-05 7.5e-05 0.349825 7.5e-05 7.5e-05 0.369825 7.5e-05 7.5e-05; % V D=0.05
2.5e-05 2.5e-05 0.999775 2.5e-05 2.5e-05 2.5e-05 2.5e-05 2.5e-05 2.5e-05 2.5e-05; % d D=0.05
2.5e-05 0.999775 2.5e-05 2.5e-05 2.5e-05 2.5e-05 2.5e-05 2.5e-05 2.5e-05 2.5e-05; % f D=0.05
0.20485 0.0001 0.0001 0.0001 0.01485 0.0001 0.0001 0.39985 0.0001 0.37985; % l D=0.05
2.5e-05 2.5e-05 2.5e-05 0.999775 2.5e-05 2.5e-05 2.5e-05 2.5e-05 2.5e-05 2.5e-05; % n D=0.05
0.0002 0.0002 0.0002 0.0002 0.339533333333333 0.0002 0.0002 0.3062 0.0002 0.352866666666667; % $ D=0.1
0.26465 0.00015 0.00015 0.00015 0.37965 0.00015 0.00015 0.00015 0.00015 0.35465; % F D=0.1
5e-05 5e-05 5e-05 5e-05 5e-05 5e-05 5e-05 5e-05 0.99955 5e-05; % G D=0.1
5e-05 5e-05 5e-05 5e-05 5e-05 0.99955 5e-05 5e-05 5e-05 5e-05; % K D=0.1
5e-05 5e-05 5e-05 5e-05 5e-05 5e-05 0.99955 5e-05 5e-05 5e-05; % T D=0.1
0.27965 0.00015 0.00015 0.00015 0.34965 0.00015 0.00015 0.36965 0.00015 0.00015; % V D=0.1
5e-05 5e-05 0.99955 5e-05 5e-05 5e-05 5e-05 5e-05 5e-05 5e-05; % d D=0.1
5e-05 0.99955 5e-05 5e-05 5e-05 5e-05 5e-05 5e-05 5e-05 5e-05; % f D=0.1
0.2047 0.0002 0.0002 0.0002 0.0147 0.0002 0.0002 0.3997 0.0002 0.3797; % l D=0.1
5e-05 5e-05 5e-05 0.99955 5e-05 5e-05 5e-05 5e-05 5e-05 5e-05; % n D=0.1
0.0004 0.0004 0.0004 0.0004 0.339066666666667 0.0004 0.0004 0.305733333333333 0.0004 0.3524; % $ D=0.2
0.2643 0.0003 0.0003 0.0003 0.3793 0.0003 0.0003 0.0003 0.0003 0.3543; % F D=0.2
0.0001 0.0001 0.0001 0.0001 0.0001 0.0001 0.0001 0.0001 0.9991 0.0001; % G D=0.2
0.0001 0.0001 0.0001 0.0001 0.0001 0.9991 0.0001 0.0001 0.0001 0.0001; % K D=0.2
0.0001 0.0001 0.0001 0.0001 0.0001 0.0001 0.9991 0.0001 0.0001 0.0001; % T D=0.2
0.2793 0.0003 0.0003 0.0003 0.3493 0.0003 0.0003 0.3693 0.0003 0.0003; % V D=0.2
0.0001 0.0001 0.9991 0.0001 0.0001 0.0001 0.0001 0.0001 0.0001 0.0001; % d D=0.2
0.0001 0.9991 0.0001 0.0001 0.0001 0.0001 0.0001 0.0001 0.0001 0.0001; % f D=0.2
0.2044 0.0004 0.0004 0.0004 0.0144 0.0004 0.0004 0.3994 0.0004 0.3794; % l D=0.2
0.0001 0.0001 0.0001 0.9991 0.0001 0.0001 0.0001 0.0001 0.0001 0.0001; % n D=0.2
0.001 0.001 0.001 0.001 0.337666666666667 0.001 0.001 0.304333333333333 0.001 0.351; % $ D=0.5
0.26325 0.00075 0.00075 0.00075 0.37825 0.00075 0.00075 0.00075 0.00075 0.35325; % F D=0.5
0.00025 0.00025 0.00025 0.00025 0.00025 0.00025 0.00025 0.00025 0.99775 0.00025; % G D=0.5
0.00025 0.00025 0.00025 0.00025 0.00025 0.99775 0.00025 0.00025 0.00025 0.00025; % K D=0.5
0.00025 0.00025 0.00025 0.00025 0.00025 0.00025 0.99775 0.00025 0.00025 0.00025; % T D=0.5
0.27825 0.00075 0.00075 0.00075 0.34825 0.00075 0.00075 0.36825 0.00075 0.00075; % V D=0.5
0.00025 0.00025 0.99775 0.00025 0.00025 0.00025 0.00025 0.00025 0.00025 0.00025; % d D=0.5
0.00025 0.99775 0.00025 0.00025 0.00025 0.00025 0.00025 0.00025 0.00025 0.00025; % f D=0.5
0.2035 0.001 0.001 0.001 0.0135 0.001 0.001 0.3985 0.001 0.3785; % l D=0.5
0.00025 0.00025 0.00025 0.99775 0.00025 0.00025 0.00025 0.00025 0.00025 0.00025; % n D=0.5
0.002 0.002 0.002 0.002 0.335333333333333 0.002 0.002 0.302 0.002 0.348666666666667; % $ D=1
0.2615 0.0015 0.0015 0.0015 0.3765 0.0015 0.0015 0.0015 0.0015 0.3515; % F D=1
0.0005 0.0005 0.0005 0.0005 0.0005 0.0005 0.0005 0.0005 0.9955 0.0005; % G D=1
0.0005 0.0005 0.0005 0.0005 0.0005 0.9955 0.0005 0.0005 0.0005 0.0005; % K D=1
0.0005 0.0005 0.0005 0.0005 0.0005 0.0005 0.9955 0.0005 0.0005 0.0005; % T D=1
0.2765 0.0015 0.0015 0.0015 0.3465 0.0015 0.0015 0.3665 0.0015 0.0015; % V D=1
0.0005 0.0005 0.9955 0.0005 0.0005 0.0005 0.0005 0.0005 0.0005 0.0005; % d D=1
0.0005 0.9955 0.0005 0.0005 0.0005 0.0005 0.0005 0.0005 0.0005 0.0005; % f D=1
0.202 0.002 0.002 0.002 0.012 0.002 0.002 0.397 0.002 0.377; % l D=1
0.0005 0.0005 0.0005 0.9955 0.0005 0.0005 0.0005 0.0005 0.0005 0.0005; % n D=1
0.004 0.004 0.004 0.004 0.330666666666667 0.004 0.004 0.297333333333333 0.004 0.344; % $ D=2
0.258 0.003 0.003 0.003 0.373 0.003 0.003 0.003 0.003 0.348; % F D=2
0.001 0.001 0.001 0.001 0.001 0.001 0.001 0.001 0.991 0.001; % G D=2
0.001 0.001 0.001 0.001 0.001 0.991 0.001 0.001 0.001 0.001; % K D=2
0.001 0.001 0.001 0.001 0.001 0.001 0.991 0.001 0.001 0.001; % T D=2
0.273 0.003 0.003 0.003 0.343 0.003 0.003 0.363 0.003 0.003; % V D=2
0.001 0.001 0.991 0.001 0.001 0.001 0.001 0.001 0.001 0.001; % d D=2
0.001 0.991 0.001 0.001 0.001 0.001 0.001 0.001 0.001 0.001; % f D=2
0.199 0.004 0.004 0.004 0.009 0.004 0.004 0.394 0.004 0.374; % l D=2
0.001 0.001 0.001 0.991 0.001 0.001 0.001 0.001 0.001 0.001; % n D=2
0.01 0.01 0.01 0.01 0.316666666666667 0.01 0.01 0.283333333333333 0.01 0.33; % $ D=5
0.2475 0.0075 0.0075 0.0075 0.3625 0.0075 0.0075 0.0075 0.0075 0.3375; % F D=5
0.0025 0.0025 0.0025 0.0025 0.0025 0.0025 0.0025 0.0025 0.9775 0.0025; % G D=5
0.0025 0.0025 0.0025 0.0025 0.0025 0.9775 0.0025 0.0025 0.0025 0.0025; % K D=5
0.0025 0.0025 0.0025 0.0025 0.0025 0.0025 0.9775 0.0025 0.0025 0.0025; % T D=5
0.2625 0.0075 0.0075 0.0075 0.3325 0.0075 0.0075 0.3525 0.0075 0.0075; % V D=5
0.0025 0.0025 0.9775 0.0025 0.0025 0.0025 0.0025 0.0025 0.0025 0.0025; % d D=5
0.0025 0.9775 0.0025 0.0025 0.0025 0.0025 0.0025 0.0025 0.0025 0.0025; % f D=5
0.19 0.01 0.01 0.01 0.01 0.01 0.01 0.385 0.01 0.365; % l D=5
0.0025 0.0025 0.0025 0.9775 0.0025 0.0025 0.0025 0.0025 0.0025 0.0025]; % n D=5
