syllables = '$FGKPRTVdtvz';
discounts = [0.01 0.02 0.05 0.1 0.2 0.5 1 2 5];
kn_probs = [2.22222222222222e-05 2.22222222222222e-05 0.259955555555556 2.22222222222222e-05 0.246622222222222 2.22222222222222e-05 2.22222222222222e-05 0.266622222222222 2.22222222222222e-05 0.226622222222222 2.22222222222222e-05 2.22222222222222e-05; % $ D=0.01
0.239955555555556 2.22222222222222e-05 2.22222222222222e-05 2.22222222222222e-05 0.206622222222222 2.22222222222222e-05 2.22222222222222e-05 0.259955555555556 2.22222222222222e-05 0.293288888888889 2.22222222222222e-05 2.22222222222222e-05; % F D=0.01
5.55555555555556e-06 5.55555555555556e-06 5.55555555555556e-06 5.55555555555556e-06 5.55555555555556e-06 0.999938888888889 5.55555555555556e-06 5.55555555555556e-06 5.55555555555556e-06 5.55555555555556e-06 5.55555555555556e-06 5.55555555555556e-06; % G D=0.01
5.55555555555556e-06 5.55555555555556e-06 5.55555555555556e-06 5.55555555555556e-06 5.55555555555556e-06 5.55555555555556e-06 0.999938888888889 5.55555555555556e-06 5.55555555555556e-06 5.55555555555556e-06 5.55555555555556e-06 5.55555555555556e-06; % K D=0.01
5.55555555555556e-06 5.55555555555556e-06 5.55555555555556e-06 5.55555555555556e-06 5.55555555555556e-06 5.55555555555556e-06 5.55555555555556e-06 5.55555555555556e-06 5.55555555555556e-06 5.55555555555556e-06 5.55555555555556e-06 0.999938888888889; % P D=0.01
5.55555555555556e-06 0.999938888888889 5.55555555555556e-06 5.55555555555556e-06 5.55555555555556e-06 5.55555555555556e-06 5.55555555555556e-06 5.55555555555556e-06 5.55555555555556e-06 5.55555555555556e-06 5.55555555555556e-06 5.55555555555556e-06; % R D=0.01
5.55555555555556e-06 5.55555555555556e-06 5.55555555555556e-06 5.55555555555556e-06 5.55555555555556e-06 5.55555555555556e-06 5.55555555555556e-06 5.55555555555556e-06 5.55555555555556e-06 5.55555555555556e-06 0.999938888888889 5.55555555555556e-06; % T D=0.01
5.55555555555556e-06 5.55555555555556e-06 5.55555555555556e-06 0.999938888888889 5.55555555555556e-06 5.55555555555556e-06 5.55555555555556e-06 5.55555555555556e-06 5.55555555555556e-06 5.55555555555556e-06 5.55555555555556e-06 5.55555555555556e-06; % V D=0.01
0.199955555555556 2.22222222222222e-05 0.246622222222222 2.22222222222222e-05 0.293288888888889 2.22222222222222e-05 2.22222222222222e-05 0.259955555555556 2.22222222222222e-05 2.22222222222222e-05 2.22222222222222e-05 2.22222222222222e-05; % d D=0.01
5.55555555555556e-06 5.55555555555556e-06 5.55555555555556e-06 5.55555555555556e-06 5.55555555555556e-06 5.55555555555556e-06 5.55555555555556e-06 5.55555555555556e-06 0.999938888888889 5.55555555555556e-06 5.55555555555556e-06 5.55555555555556e-06; % t D=0.01
0.246622222222222 2.22222222222222e-05 0.213288888888889 2.22222222222222e-05 0.253288888888889 2.22222222222222e-05 2.22222222222222e-05 2.22222222222222e-05 2.22222222222222e-05 0.286622222222222 2.22222222222222e-05 2.22222222222222e-05; % v D=0.01
0.313288888888889 2.22222222222222e-05 0.279955555555556 2.22222222222222e-05 2.22222222222222e-05 2.22222222222222e-05 2.22222222222222e-05 0.213288888888889 2.22222222222222e-05 0.193288888888889 2.22222222222222e-05 2.22222222222222e-05; % z D=0.01
4.44444444444444e-05 4.44444444444444e-05 0.259911111111111 4.44444444444444e-05 0.246577777777778 4.44444444444444e-05 4.44444444444444e-05 0.266577777777778 4.44444444444444e-05 0.226577777777778 4.44444444444444e-05 4.44444444444444e-05; % $ D=0.02
0.239911111111111 4.44444444444444e-05 4.44444444444444e-05 4.44444444444444e-05 0.206577777777778 4.44444444444444e-05 4.44444444444444e-05 0.259911111111111 4.44444444444444e-05 0.293244444444444 4.44444444444444e-05 4.44444444444444e-05; % F D=0.02
1.11111111111111e-05 1.11111111111111e-05 1.11111111111111e-05 1.11111111111111e-05 1.11111111111111e-05 0.999877777777778 1.11111111111111e-05 1.11111111111111e-05 1.11111111111111e-05 1.11111111111111e-05 1.11111111111111e-05 1.11111111111111e-05; % G D=0.02
1.11111111111111e-05 1.11111111111111e-05 1.11111111111111e-05 1.11111111111111e-05 1.11111111111111e-05 1.11111111111111e-05 0.999877777777778 1.11111111111111e-05 1.11111111111111e-05 1.11111111111111e-05 1.11111111111111e-05 1.11111111111111e-05; % K D=0.02
1.11111111111111e-05 1.11111111111111e-05 1.11111111111111e-05 1.11111111111111e-05 1.11111111111111e-05 1.11111111111111e-05 1.11111111111111e-05 1.11111111111111e-05 1.11111111111111e-05 1.11111111111111e-05 1.11111111111111e-05 0.999877777777778; % P D=0.02
1.11111111111111e-05 0.999877777777778 1.11111111111111e-05 1.11111111111111e-05 1.11111111111111e-05 1.11111111111111e-05 1.11111111111111e-05 1.11111111111111e-05 1.11111111111111e-05 1.11111111111111e-05 1.11111111111111e-05 1.11111111111111e-05; % R D=0.02
1.11111111111111e-05 1.11111111111111e-05 1.11111111111111e-05 1.11111111111111e-05 1.11111111111111e-05 1.11111111111111e-05 1.11111111111111e-05 1.11111111111111e-05 1.11111111111111e-05 1.11111111111111e-05 0.999877777777778 1.11111111111111e-05; % T D=0.02
1.11111111111111e-05 1.11111111111111e-05 1.11111111111111e-05 0.999877777777778 1.11111111111111e-05 1.11111111111111e-05 1.11111111111111e-05 1.11111111111111e-05 1.11111111111111e-05 1.11111111111111e-05 1.11111111111111e-05 1.11111111111111e-05; % V D=0.02
0.199911111111111 4.44444444444444e-05 0.246577777777778 4.44444444444444e-05 0.293244444444444 4.44444444444444e-05 4.44444444444444e-05 0.259911111111111 4.44444444444444e-05 4.44444444444444e-05 4.44444444444444e-05 4.44444444444444e-05; % d D=0.02
1.11111111111111e-05 1.11111111111111e-05 1.11111111111111e-05 1.11111111111111e-05 1.11111111111111e-05 1.11111111111111e-05 1.11111111111111e-05 1.11111111111111e-05 0.999877777777778 1.11111111111111e-05 1.11111111111111e-05 1.11111111111111e-05; % t D=0.02
0.246577777777778 4.44444444444444e-05 0.213244444444444 4.44444444444444e-05 0.253244444444444 4.44444444444444e-05 4.44444444444444e-05 4.44444444444444e-05 4.44444444444444e-05 0.286577777777778 4.44444444444444e-05 4.44444444444444e-05; % v D=0.02
0.313244444444444 4.44444444444444e-05 0.279911111111111 4.44444444444444e-05 4.44444444444444e-05 4.44444444444444e-05 4.44444444444444e-05 0.213244444444444 4.44444444444444e-05 0.193244444444444 4.44444444444444e-05 4.44444444444444e-05; % z D=0.02
0.000111111111111111 0.000111111111111111 0.259777777777778 0.000111111111111111 0.246444444444444 0.000111111111111111 0.000111111111111111 0.266444444444444 0.000111111111111111 0.226444444444444 0.000111111111111111 0.000111111111111111; % $ D=0.05
0.239777777777778 0.000111111111111111 0.000111111111111111 0.000111111111111111 0.206444444444444 0.000111111111111111 0.000111111111111111 0.259777777777778 0.000111111111111111 0.293111111111111 0.000111111111111111 0.000111111111111111; % F D=0.05
2.77777777777778e-05 2.77777777777778e-05 2.77777777777778e-05 2.77777777777778e-05 2.77777777777778e-05 0.999694444444444 2.77777777777778e-05 2.77777777777778e-05 2.77777777777778e-05 2.77777777777778e-05 2.77777777777778e-05 2.77777777777778e-05; % G D=0.05
2.77777777777778e-05 2.77777777777778e-05 2.77777777777778e-05 2.77777777777778e-05 2.77777777777778e-05 2.77777777777778e-05 0.999694444444444 2.77777777777778e-05 2.77777777777778e-05 2.77777777777778e-05 2.77777777777778e-05 2.77777777777778e-05; % K D=0.05
2.77777777777778e-05 2.77777777777778e-05 2.77777777777778e-05 2.77777777777778e-05 2.77777777777778e-05 2.77777777777778e-05 2.77777777777778e-05 2.77777777777778e-05 2.77777777777778e-05 2.77777777777778e-05 2.77777777777778e-05 0.999694444444444; % P D=0.05
2.77777777777778e-05 0.999694444444444 2.77777777777778e-05 2.77777777777778e-05 2.77777777777778e-05 2.77777777777778e-05 2.77777777777778e-05 2.77777777777778e-05 2.77777777777778e-05 2.77777777777778e-05 2.77777777777778e-05 2.77777777777778e-05; % R D=0.05
2.77777777777778e-05 2.77777777777778e-05 2.77777777777778e-05 2.77777777777778e-05 2.77777777777778e-05 2.77777777777778e-05 2.77777777777778e-05 2.77777777777778e-05 2.77777777777778e-05 2.77777777777778e-05 0.999694444444444 2.77777777777778e-05; % T D=0.05
2.77777777777778e-05 2.77777777777778e-05 2.77777777777778e-05 0.999694444444444 2.77777777777778e-05 2.77777777777778e-05 2.77777777777778e-05 2.77777777777778e-05 2.77777777777778e-05 2.77777777777778e-05 2.77777777777778e-05 2.77777777777778e-05; % V D=0.05
0.199777777777778 0.000111111111111111 0.246444444444444 0.000111111111111111 0.293111111111111 0.000111111111111111 0.000111111111111111 0.259777777777778 0.000111111111111111 0.000111111111111111 0.000111111111111111 0.000111111111111111; % d D=0.05
2.77777777777778e-05 2.77777777777778e-05 2.77777777777778e-05 2.77777777777778e-05 2.77777777777778e-05 2.77777777777778e-05 2.77777777777778e-05 2.77777777777778e-05 0.999694444444444 2.77777777777778e-05 2.77777777777778e-05 2.77777777777778e-05; % t D=0.05
0.246444444444444 0.000111111111111111 0.213111111111111 0.000111111111111111 0.253111111111111 0.000111111111111111 0.000111111111111111 0.000111111111111111 0.000111111111111111 0.286444444444444 0.000111111111111111 0.000111111111111111; % v D=0.05
0.313111111111111 0.000111111111111111 0.279777777777778 0.000111111111111111 0.000111111111111111 0.000111111111111111 0.000111111111111111 0.213111111111111 0.000111111111111111 0.193111111111111 0.000111111111111111 0.000111111111111111; % z D=0.05
0.000222222222222222 0.000222222222222222 0.259555555555556 0.000222222222222222 0.246222222222222 0.000222222222222222 0.000222222222222222 0.266222222222222 0.000222222222222222 0.226222222222222 0.000222222222222222 0.000222222222222222; % $ D=0.1
0.239555555555556 0.000222222222222222 0.000222222222222222 0.000222222222222222 0.206222222222222 0.000222222222222222 0.000222222222222222 0.259555555555556 0.000222222222222222 0.292888888888889 0.000222222222222222 0.000222222222222222; % F D=0.1
5.55555555555556e-05 5.55555555555556e-05 5.55555555555556e-05 5.55555555555556e-05 5.55555555555556e-05 0.999388888888889 5.55555555555556e-05 5.55555555555556e-05 5.55555555555556e-05 5.55555555555556e-05 5.55555555555556e-05 5.55555555555556e-05; % G D=0.1
5.55555555555556e-05 5.55555555555556e-05 5.55555555555556e-05 5.55555555555556e-05 5.55555555555556e-05 5.55555555555556e-05 0.999388888888889 5.55555555555556e-05 5.55555555555556e-05 5.55555555555556e-05 5.55555555555556e-05 5.55555555555556e-05; % K D=0.1
5.55555555555556e-05 5.55555555555556e-05 5.55555555555556e-05 5.55555555555556e-05 5.55555555555556e-05 5.55555555555556e-05 5.55555555555556e-05 5.55555555555556e-05 5.55555555555556e-05 5.55555555555556e-05 5.55555555555556e-05 0.999388888888889; % P D=0.1
5.55555555555556e-05 0.999388888888889 5.55555555555556e-05 5.55555555555556e-05 5.55555555555556e-05 5.55555555555556e-05 5.55555555555556e-05 5.55555555555556e-05 5.55555555555556e-05 5.55555555555556e-05 5.55555555555556e-05 5.55555555555556e-05; % R D=0.1
5.55555555555556e-05 5.55555555555556e-05 5.55555555555556e-05 5.55555555555556e-05 5.55555555555556e-05 5.55555555555556e-05 5.55555555555556e-05 5.55555555555556e-05 5.55555555555556e-05 5.55555555555556e-05 0.999388888888889 5.55555555555556e-05; % T D=0.1
5.55555555555556e-05 5.55555555555556e-05 5.55555555555556e-05 0.999388888888889 5.55555555555556e-05 5.55555555555556e-05 5.55555555555556e-05 5.55555555555556e-05 5.55555555555556e-05 5.55555555555556e-05 5.55555555555556e-05 5.55555555555556e-05; % V D=0.1
0.199555555555556 0.000222222222222222 0.246222222222222 0.000222222222222222 0.292888888888889 0.000222222222222222 0.000222222222222222 0.259555555555556 0.000222222222222222 0.000222222222222222 0.000222222222222222 0.000222222222222222; % d D=0.1
5.55555555555556e-05 5.55555555555556e-05 5.55555555555556e-05 5.55555555555556e-05 5.55555555555556e-05 5.55555555555556e-05 5.55555555555556e-05 5.55555555555556e-05 0.999388888888889 5.55555555555556e-05 5.55555555555556e-05 5.55555555555556e-05; % t D=0.1
0.246222222222222 0.000222222222222222 0.212888888888889 0.000222222222222222 0.252888888888889 0.000222222222222222 0.000222222222222222 0.000222222222222222 0.000222222222222222 0.286222222222222 0.000222222222222222 0.000222222222222222; % v D=0.1
0.312888888888889 0.000222222222222222 0.279555555555556 0.000222222222222222 0.000222222222222222 0.000222222222222222 0.000222222222222222 0.212888888888889 0.000222222222222222 0.192888888888889 0.000222222222222222 0.000222222222222222; % z D=0.1
0.000444444444444444 0.000444444444444444 0.259111111111111 0.000444444444444444 0.245777777777778 0.000444444444444444 0.000444444444444444 0.265777777777778 0.000444444444444444 0.225777777777778 0.000444444444444444 0.000444444444444444; % $ D=0.2
0.239111111111111 0.000444444444444444 0.000444444444444444 0.000444444444444444 0.205777777777778 0.000444444444444444 0.000444444444444444 0.259111111111111 0.000444444444444444 0.292444444444444 0.000444444444444444 0.000444444444444444; % F D=0.2
0.000111111111111111 0.000111111111111111 0.000111111111111111 0.000111111111111111 0.000111111111111111 0.998777777777778 0.000111111111111111 0.000111111111111111 0.000111111111111111 0.000111111111111111 0.000111111111111111 0.000111111111111111; % G D=0.2
0.000111111111111111 0.000111111111111111 0.000111111111111111 0.000111111111111111 0.000111111111111111 0.000111111111111111 0.998777777777778 0.000111111111111111 0.000111111111111111 0.000111111111111111 0.000111111111111111 0.000111111111111111; % K D=0.2
0.000111111111111111 0.000111111111111111 0.000111111111111111 0.000111111111111111 0.000111111111111111 0.000111111111111111 0.000111111111111111 0.000111111111111111 0.000111111111111111 0.000111111111111111 0.000111111111111111 0.998777777777778; % P D=0.2
0.000111111111111111 0.998777777777778 0.000111111111111111 0.000111111111111111 0.000111111111111111 0.000111111111111111 0.000111111111111111 0.000111111111111111 0.000111111111111111 0.000111111111111111 0.000111111111111111 0.000111111111111111; % R D=0.2
0.000111111111111111 0.000111111111111111 0.000111111111111111 0.000111111111111111 0.000111111111111111 0.000111111111111111 0.000111111111111111 0.000111111111111111 0.000111111111111111 0.000111111111111111 0.998777777777778 0.000111111111111111; % T D=0.2
0.000111111111111111 0.000111111111111111 0.000111111111111111 0.998777777777778 0.000111111111111111 0.000111111111111111 0.000111111111111111 0.000111111111111111 0.000111111111111111 0.000111111111111111 0.000111111111111111 0.000111111111111111; % V D=0.2
0.199111111111111 0.000444444444444444 0.245777777777778 0.000444444444444444 0.292444444444444 0.000444444444444444 0.000444444444444444 0.259111111111111 0.000444444444444444 0.000444444444444444 0.000444444444444444 0.000444444444444444; % d D=0.2
0.000111111111111111 0.000111111111111111 0.000111111111111111 0.000111111111111111 0.000111111111111111 0.000111111111111111 0.000111111111111111 0.000111111111111111 0.998777777777778 0.000111111111111111 0.000111111111111111 0.000111111111111111; % t D=0.2
0.245777777777778 0.000444444444444444 0.212444444444444 0.000444444444444444 0.252444444444444 0.000444444444444444 0.000444444444444444 0.000444444444444444 0.000444444444444444 0.285777777777778 0.000444444444444444 0.000444444444444444; % v D=0.2
0.312444444444444 0.000444444444444444 0.279111111111111 0.000444444444444444 0.000444444444444444 0.000444444444444444 0.000444444444444444 0.212444444444444 0.000444444444444444 0.192444444444444 0.000444444444444444 0.000444444444444444; % z D=0.2
0.00111111111111111 0.00111111111111111 0.257777777777778 0.00111111111111111 0.244444444444444 0.00111111111111111 0.00111111111111111 0.264444444444444 0.00111111111111111 0.224444444444444 0.00111111111111111 0.00111111111111111; % $ D=0.5
0.237777777777778 0.00111111111111111 0.00111111111111111 0.00111111111111111 0.204444444444444 0.00111111111111111 0.00111111111111111 0.257777777777778 0.00111111111111111 0.291111111111111 0.00111111111111111 0.00111111111111111; % F D=0.5
0.000277777777777778 0.000277777777777778 0.000277777777777778 0.000277777777777778 0.000277777777777778 0.996944444444445 0.000277777777777778 0.000277777777777778 0.000277777777777778 0.000277777777777778 0.000277777777777778 0.000277777777777778; % G D=0.5
0.000277777777777778 0.000277777777777778 0.000277777777777778 0.000277777777777778 0.000277777777777778 0.000277777777777778 0.996944444444445 0.000277777777777778 0.000277777777777778 0.000277777777777778 0.000277777777777778 0.000277777777777778; % K D=0.5
0.000277777777777778 0.000277777777777778 0.000277777777777778 0.000277777777777778 0.000277777777777778 0.000277777777777778 0.000277777777777778 0.000277777777777778 0.000277777777777778 0.000277777777777778 0.000277777777777778 0.996944444444445; % P D=0.5
0.000277777777777778 0.996944444444445 0.000277777777777778 0.000277777777777778 0.000277777777777778 0.000277777777777778 0.000277777777777778 0.000277777777777778 0.000277777777777778 0.000277777777777778 0.000277777777777778 0.000277777777777778; % R D=0.5
0.000277777777777778 0.000277777777777778 0.000277777777777778 0.000277777777777778 0.000277777777777778 0.000277777777777778 0.000277777777777778 0.000277777777777778 0.000277777777777778 0.000277777777777778 0.996944444444445 0.000277777777777778; % T D=0.5
0.000277777777777778 0.000277777777777778 0.000277777777777778 0.996944444444445 0.000277777777777778 0.000277777777777778 0.000277777777777778 0.000277777777777778 0.000277777777777778 0.000277777777777778 0.000277777777777778 0.000277777777777778; % V D=0.5
0.197777777777778 0.00111111111111111 0.244444444444444 0.00111111111111111 0.291111111111111 0.00111111111111111 0.00111111111111111 0.257777777777778 0.00111111111111111 0.00111111111111111 0.00111111111111111 0.00111111111111111; % d D=0.5
0.000277777777777778 0.000277777777777778 0.000277777777777778 0.000277777777777778 0.000277777777777778 0.000277777777777778 0.000277777777777778 0.000277777777777778 0.996944444444445 0.000277777777777778 0.000277777777777778 0.000277777777777778; % t D=0.5
0.244444444444444 0.00111111111111111 0.211111111111111 0.00111111111111111 0.251111111111111 0.00111111111111111 0.00111111111111111 0.00111111111111111 0.00111111111111111 0.284444444444444 0.00111111111111111 0.00111111111111111; % v D=0.5
0.311111111111111 0.00111111111111111 0.277777777777778 0.00111111111111111 0.00111111111111111 0.00111111111111111 0.00111111111111111 0.211111111111111 0.00111111111111111 0.191111111111111 0.00111111111111111 0.00111111111111111; % z D=0.5
0.00222222222222222 0.00222222222222222 0.255555555555556 0.00222222222222222 0.242222222222222 0.00222222222222222 0.00222222222222222 0.262222222222222 0.00222222222222222 0.222222222222222 0.00222222222222222 0.00222222222222222; % $ D=1
0.235555555555556 0.00222222222222222 0.00222222222222222 0.00222222222222222 0.202222222222222 0.00222222222222222 0.00222222222222222 0.255555555555556 0.00222222222222222 0.288888888888889 0.00222222222222222 0.00222222222222222; % F D=1
0.000555555555555556 0.000555555555555556 0.000555555555555556 0.000555555555555556 0.000555555555555556 0.993888888888889 0.000555555555555556 0.000555555555555556 0.000555555555555556 0.000555555555555556 0.000555555555555556 0.000555555555555556; % G D=1
0.000555555555555556 0.000555555555555556 0.000555555555555556 0.000555555555555556 0.000555555555555556 0.000555555555555556 0.993888888888889 0.000555555555555556 0.000555555555555556 0.000555555555555556 0.000555555555555556 0.000555555555555556; % K D=1
0.000555555555555556 0.000555555555555556 0.000555555555555556 0.000555555555555556 0.000555555555555556 0.000555555555555556 0.000555555555555556 0.000555555555555556 0.000555555555555556 0.000555555555555556 0.000555555555555556 0.993888888888889; % P D=1
0.000555555555555556 0.993888888888889 0.000555555555555556 0.000555555555555556 0.000555555555555556 0.000555555555555556 0.000555555555555556 0.000555555555555556 0.000555555555555556 0.000555555555555556 0.000555555555555556 0.000555555555555556; % R D=1
0.000555555555555556 0.000555555555555556 0.000555555555555556 0.000555555555555556 0.000555555555555556 0.000555555555555556 0.000555555555555556 0.000555555555555556 0.000555555555555556 0.000555555555555556 0.993888888888889 0.000555555555555556; % T D=1
0.000555555555555556 0.000555555555555556 0.000555555555555556 0.993888888888889 0.000555555555555556 0.000555555555555556 0.000555555555555556 0.000555555555555556 0.000555555555555556 0.000555555555555556 0.000555555555555556 0.000555555555555556; % V D=1
0.195555555555556 0.00222222222222222 0.242222222222222 0.00222222222222222 0.288888888888889 0.00222222222222222 0.00222222222222222 0.255555555555556 0.00222222222222222 0.00222222222222222 0.00222222222222222 0.00222222222222222; % d D=1
0.000555555555555556 0.000555555555555556 0.000555555555555556 0.000555555555555556 0.000555555555555556 0.000555555555555556 0.000555555555555556 0.000555555555555556 0.993888888888889 0.000555555555555556 0.000555555555555556 0.000555555555555556; % t D=1
0.242222222222222 0.00222222222222222 0.208888888888889 0.00222222222222222 0.248888888888889 0.00222222222222222 0.00222222222222222 0.00222222222222222 0.00222222222222222 0.282222222222222 0.00222222222222222 0.00222222222222222; % v D=1
0.308888888888889 0.00222222222222222 0.275555555555556 0.00222222222222222 0.00222222222222222 0.00222222222222222 0.00222222222222222 0.208888888888889 0.00222222222222222 0.188888888888889 0.00222222222222222 0.00222222222222222; % z D=1
0.00444444444444444 0.00444444444444444 0.251111111111111 0.00444444444444444 0.237777777777778 0.00444444444444444 0.00444444444444444 0.257777777777778 0.00444444444444444 0.217777777777778 0.00444444444444444 0.00444444444444444; % $ D=2
0.231111111111111 0.00444444444444444 0.00444444444444444 0.00444444444444444 0.197777777777778 0.00444444444444444 0.00444444444444444 0.251111111111111 0.00444444444444444 0.284444444444444 0.00444444444444444 0.00444444444444444; % F D=2
0.00111111111111111 0.00111111111111111 0.00111111111111111 0.00111111111111111 0.00111111111111111 0.987777777777778 0.00111111111111111 0.00111111111111111 0.00111111111111111 0.00111111111111111 0.00111111111111111 0.00111111111111111; % G D=2
0.00111111111111111 0.00111111111111111 0.00111111111111111 0.00111111111111111 0.00111111111111111 0.00111111111111111 0.987777777777778 0.00111111111111111 0.00111111111111111 0.00111111111111111 0.00111111111111111 0.00111111111111111; % K D=2
0.00111111111111111 0.00111111111111111 0.00111111111111111 0.00111111111111111 0.00111111111111111 0.00111111111111111 0.00111111111111111 0.00111111111111111 0.00111111111111111 0.00111111111111111 0.00111111111111111 0.987777777777778; % P D=2
0.00111111111111111 0.987777777777778 0.00111111111111111 0.00111111111111111 0.00111111111111111 0.00111111111111111 0.00111111111111111 0.00111111111111111 0.00111111111111111 0.00111111111111111 0.00111111111111111 0.00111111111111111; % R D=2
0.00111111111111111 0.00111111111111111 0.00111111111111111 0.00111111111111111 0.00111111111111111 0.00111111111111111 0.00111111111111111 0.00111111111111111 0.00111111111111111 0.00111111111111111 0.987777777777778 0.00111111111111111; % T D=2
0.00111111111111111 0.00111111111111111 0.00111111111111111 0.987777777777778 0.00111111111111111 0.00111111111111111 0.00111111111111111 0.00111111111111111 0.00111111111111111 0.00111111111111111 0.00111111111111111 0.00111111111111111; % V D=2
0.191111111111111 0.00444444444444444 0.237777777777778 0.00444444444444444 0.284444444444444 0.00444444444444444 0.00444444444444444 0.251111111111111 0.00444444444444444 0.00444444444444444 0.00444444444444444 0.00444444444444444; % d D=2
0.00111111111111111 0.00111111111111111 0.00111111111111111 0.00111111111111111 0.00111111111111111 0.00111111111111111 0.00111111111111111 0.00111111111111111 0.987777777777778 0.00111111111111111 0.00111111111111111 0.00111111111111111; % t D=2
0.237777777777778 0.00444444444444444 0.204444444444444 0.00444444444444444 0.244444444444444 0.00444444444444444 0.00444444444444444 0.00444444444444444 0.00444444444444444 0.277777777777778 0.00444444444444444 0.00444444444444444; % v D=2
0.304444444444444 0.00444444444444444 0.271111111111111 0.00444444444444444 0.00444444444444444 0.00444444444444444 0.00444444444444444 0.204444444444444 0.00444444444444444 0.184444444444444 0.00444444444444444 0.00444444444444444; % z D=2
0.0111111111111111 0.0111111111111111 0.237777777777778 0.0111111111111111 0.224444444444444 0.0111111111111111 0.0111111111111111 0.244444444444444 0.0111111111111111 0.204444444444444 0.0111111111111111 0.0111111111111111; % $ D=5
0.217777777777778 0.0111111111111111 0.0111111111111111 0.0111111111111111 0.184444444444444 0.0111111111111111 0.0111111111111111 0.237777777777778 0.0111111111111111 0.271111111111111 0.0111111111111111 0.0111111111111111; % F D=5
0.00277777777777778 0.00277777777777778 0.00277777777777778 0.00277777777777778 0.00277777777777778 0.969444444444444 0.00277777777777778 0.00277777777777778 0.00277777777777778 0.00277777777777778 0.00277777777777778 0.00277777777777778; % G D=5
0.00277777777777778 0.00277777777777778 0.00277777777777778 0.00277777777777778 0.00277777777777778 0.00277777777777778 0.969444444444444 0.00277777777777778 0.00277777777777778 0.00277777777777778 0.00277777777777778 0.00277777777777778; % K D=5
0.00277777777777778 0.00277777777777778 0.00277777777777778 0.00277777777777778 0.00277777777777778 0.00277777777777778 0.00277777777777778 0.00277777777777778 0.00277777777777778 0.00277777777777778 0.00277777777777778 0.969444444444444; % P D=5
0.00277777777777778 0.969444444444444 0.00277777777777778 0.00277777777777778 0.00277777777777778 0.00277777777777778 0.00277777777777778 0.00277777777777778 0.00277777777777778 0.00277777777777778 0.00277777777777778 0.00277777777777778; % R D=5
0.00277777777777778 0.00277777777777778 0.00277777777777778 0.00277777777777778 0.00277777777777778 0.00277777777777778 0.00277777777777778 0.00277777777777778 0.00277777777777778 0.00277777777777778 0.969444444444444 0.00277777777777778; % T D=5
0.00277777777777778 0.00277777777777778 0.00277777777777778 0.969444444444444 0.00277777777777778 0.00277777777777778 0.00277777777777778 0.00277777777777778 0.00277777777777778 0.00277777777777778 0.00277777777777778 0.00277777777777778; % V D=5
0.177777777777778 0.0111111111111111 0.224444444444444 0.0111111111111111 0.271111111111111 0.0111111111111111 0.0111111111111111 0.237777777777778 0.0111111111111111 0.0111111111111111 0.0111111111111111 0.0111111111111111; % d D=5
0.00277777777777778 0.00277777777777778 0.00277777777777778 0.00277777777777778 0.00277777777777778 0.00277777777777778 0.00277777777777778 0.00277777777777778 0.969444444444444 0.00277777777777778 0.00277777777777778 0.00277777777777778; % t D=5
0.224444444444444 0.0111111111111111 0.191111111111111 0.0111111111111111 0.231111111111111 0.0111111111111111 0.0111111111111111 0.0111111111111111 0.0111111111111111 0.264444444444444 0.0111111111111111 0.0111111111111111; % v D=5
0.291111111111111 0.0111111111111111 0.257777777777778 0.0111111111111111 0.0111111111111111 0.0111111111111111 0.0111111111111111 0.191111111111111 0.0111111111111111 0.171111111111111 0.0111111111111111 0.0111111111111111]; % z D=5
