syllables = '$BLTZglntv';
discounts = [0.01 0.02 0.05 0.1 0.2 0.5 1 2 5];
kn_probs = [2e-05 2e-05 0.373286666666667 2e-05 0.34662 2e-05 0.279953333333333 2e-05 2e-05 2e-05; % $ D=0.01
5e-06 5e-06 5e-06 5e-06 5e-06 5e-06 5e-06 5e-06 5e-06 0.999955; % B D=0.01
5e-06 5e-06 5e-06 5e-06 5e-06 5e-06 5e-06 5e-06 0.999955 5e-06; % L D=0.01
5e-06 5e-06 5e-06 5e-06 5e-06 5e-06 5e-06 0.999955 5e-06 5e-06; % T D=0.01
5e-06 5e-06 5e-06 5e-06 5e-06 0.999955 5e-06 5e-06 5e-06 5e-06; % Z D=0.01
0.23497 2e-05 0.29997 2e-05 0.17997 2e-05 0.28497 2e-05 2e-05 2e-05; % g D=0.01
5e-06 5e-06 5e-06 0.999955 5e-06 5e-06 5e-06 5e-06 5e-06 5e-06; % l D=0.01
0.25997 2e-05 0.23997 2e-05 0.31997 2e-05 0.17997 2e-05 2e-05 2e-05; % n D=0.01
5e-06 0.999955 5e-06 5e-06 5e-06 5e-06 5e-06 5e-06 5e-06 5e-06; % t D=0.01
0.25497 2e-05 0.17997 2e-05 0.23997 2e-05 0.32497 2e-05 2e-05 2e-05; % v D=0.01
4e-05 4e-05 0.37324 4e-05 0.346573333333333 4e-05 0.279906666666667 4e-05 4e-05 4e-05; % $ D=0.02
1e-05 1e-05 1e-05 1e-05 1e-05 1e-05 1e-05 1e-05 1e-05 0.99991; % B D=0.02
1e-05 1e-05 1e-05 1e-05 1e-05 1e-05 1e-05 1e-05 0.99991 1e-05; % L D=0.02
1e-05 1e-05 1e-05 1e-05 1e-05 1e-05 1e-05 0.99991 1e-05 1e-05; % T D=0.02
1e-05 1e-05 1e-05 1e-05 1e-05 0.99991 1e-05 1e-05 1e-05 1e-05; % Z D=0.02
0.23494 4e-05 0.29994 4e-05 0.17994 4e-05 0.28494 4e-05 4e-05 4e-05; % g D=0.02
1e-05 1e-05 1e-05 0.99991 1e-05 1e-05 1e-05 1e-05 1e-05 1e-05; % l D=0.02
0.25994 4e-05 0.23994 4e-05 0.31994 4e-05 0.17994 4e-05 4e-05 4e-05; % n D=0.02
1e-05 0.99991 1e-05 1e-05 1e-05 1e-05 1e-05 1e-05 1e-05 1e-05; % t D=0.02
0.25494 4e-05 0.17994 4e-05 0.23994 4e-05 0.32494 4e-05 4e-05 4e-05; % v D=0.02
0.0001 0.0001 0.3731 0.0001 0.346433333333333 0.0001 0.279766666666667 0.0001 0.0001 0.0001; % $ D=0.05
2.5e-05 2.5e-05 2.5e-05 2.5e-05 2.5e-05 2.5e-05 2.5e-05 2.5e-05 2.5e-05 0.999775; % B D=0.05
2.5e-05 2.5e-05 2.5e-05 2.5e-05 2.5e-05 2.5e-05 2.5e-05 2.5e-05 0.999775 2.5e-05; % L D=0.05
2.5e-05 2.5e-05 2.5e-05 2.5e-05 2.5e-05 2.5e-05 2.5e-05 0.999775 2.5e-05 2.5e-05; % T D=0.05
2.5e-05 2.5e-05 2.5e-05 2.5e-05 2.5e-05 0.999775 2.5e-05 2.5e-05 2.5e-05 2.5e-05; % Z D=0.05
0.23485 0.0001 0.29985 0.0001 0.17985 0.0001 0.28485 0.0001 0.0001 0.0001; % g D=0.05
2.5e-05 2.5e-05 2.5e-05 0.999775 2.5e-05 2.5e-05 2.5e-05 2.5e-05 2.5e-05 2.5e-05; % l D=0.05
0.25985 0.0001 0.23985 0.0001 0.31985 0.0001 0.17985 0.0001 0.0001 0.0001; % n D=0.05
2.5e-05 0.999775 2.5e-05 2.5e-05 2.5e-05 2.5e-05 2.5e-05 2.5e-05 2.5e-05 2.5e-05; % t D=0.05
0.25485 0.0001 0.17985 0.0001 0.23985 0.0001 0.32485 0.0001 0.0001 0.0001; % v D=0.05
0.0002 0.0002 0.372866666666667 0.0002 0.3462 0.0002 0.279533333333333 0.0002 0.0002 0.0002; % $ D=0.1
5e-05 5e-05 5e-05 5e-05 5e-05 5e-05 5e-05 5e-05 5e-05 0.99955; % B D=0.1
5e-05 5e-05 5e-05 5e-05 5e-05 5e-05 5e-05 5e-05 0.99955 5e-05; % L D=0.1
5e-05 5e-05 5e-05 5e-05 5e-05 5e-05 5e-05 0.99955 5e-05 5e-05; % T D=0.1
5e-05 5e-05 5e-05 5e-05 5e-05 0.99955 5e-05 5e-05 5e-05 5e-05; % Z D=0.1
0.2347 0.0002 0.2997 0.0002 0.1797 0.0002 0.2847 0.0002 0.0002 0.0002; % g D=0.1
5e-05 5e-05 5e-05 0.99955 5e-05 5e-05 5e-05 5e-05 5e-05 5e-05; % l D=0.1
0.2597 0.0002 0.2397 0.0002 0.3197 0.0002 0.1797 0.0002 0.0002 0.0002; % n D=0.1
5e-05 0.99955 5e-05 5e-05 5e-05 5e-05 5e-05 5e-05 5e-05 5e-05; % t D=0.1
0.2547 0.0002 0.1797 0.0002 0.2397 0.0002 0.3247 0.0002 0.0002 0.0002; % v D=0.1
0.0004 0.0004 0.3724 0.0004 0.345733333333333 0.0004 0.279066666666667 0.0004 0.0004 0.0004; % $ D=0.2
0.0001 0.0001 0.0001 0.0001 0.0001 0.0001 0.0001 0.0001 0.0001 0.9991; % B D=0.2
0.0001 0.0001 0.0001 0.0001 0.0001 0.0001 0.0001 0.0001 0.9991 0.0001; % L D=0.2
0.0001 0.0001 0.0001 0.0001 0.0001 0.0001 0.0001 0.9991 0.0001 0.0001; % T D=0.2
0.0001 0.0001 0.0001 0.0001 0.0001 0.9991 0.0001 0.0001 0.0001 0.0001; % Z D=0.2
0.2344 0.0004 0.2994 0.0004 0.1794 0.0004 0.2844 0.0004 0.0004 0.0004; % g D=0.2
0.0001 0.0001 0.0001 0.9991 0.0001 0.0001 0.0001 0.0001 0.0001 0.0001; % l D=0.2
0.2594 0.0004 0.2394 0.0004 0.3194 0.0004 0.1794 0.0004 0.0004 0.0004; % n D=0.2
0.0001 0.9991 0.0001 0.0001 0.0001 0.0001 0.0001 0.0001 0.0001 0.0001; % t D=0.2
0.2544 0.0004 0.1794 0.0004 0.2394 0.0004 0.3244 0.0004 0.0004 0.0004; % v D=0.2
0.001 0.001 0.371 0.001 0.344333333333333 0.001 0.277666666666667 0.001 0.001 0.001; % $ D=0.5
0.00025 0.00025 0.00025 0.00025 0.00025 0.00025 0.00025 0.00025 0.00025 0.99775; % B D=0.5
0.00025 0.00025 0.00025 0.00025 0.00025 0.00025 0.00025 0.00025 0.99775 0.00025; % L D=0.5
0.00025 0.00025 0.00025 0.00025 0.00025 0.00025 0.00025 0.99775 0.00025 0.00025; % T D=0.5
0.00025 0.00025 0.00025 0.00025 0.00025 0.99775 0.00025 0.00025 0.00025 0.00025; % Z D=0.5
0.2335 0.001 0.2985 0.001 0.1785 0.001 0.2835 0.001 0.001 0.001; % g D=0.5
0.00025 0.00025 0.00025 0.99775 0.00025 0.00025 0.00025 0.00025 0.00025 0.00025; % l D=0.5
0.2585 0.001 0.2385 0.001 0.3185 0.001 0.1785 0.001 0.001 0.001; % n D=0.5
0.00025 0.99775 0.00025 0.00025 0.00025 0.00025 0.00025 0.00025 0.00025 0.00025; % t D=0.5
0.2535 0.001 0.1785 0.001 0.2385 0.001 0.3235 0.001 0.001 0.001; % v D=0.5
0.002 0.002 0.368666666666667 0.002 0.342 0.002 0.275333333333333 0.002 0.002 0.002; % $ D=1
0.0005 0.0005 0.0005 0.0005 0.0005 0.0005 0.0005 0.0005 0.0005 0.9955; % B D=1
0.0005 0.0005 0.0005 0.0005 0.0005 0.0005 0.0005 0.0005 0.9955 0.0005; % L D=1
0.0005 0.0005 0.0005 0.0005 0.0005 0.0005 0.0005 0.9955 0.0005 0.0005; % T D=1
0.0005 0.0005 0.0005 0.0005 0.0005 0.9955 0.0005 0.0005 0.0005 0.0005; % Z D=1
0.232 0.002 0.297 0.002 0.177 0.002 0.282 0.002 0.002 0.002; % g D=1
0.0005 0.0005 0.0005 0.9955 0.0005 0.0005 0.0005 0.0005 0.0005 0.0005; % l D=1
0.257 0.002 0.237 0.002 0.317 0.002 0.177 0.002 0.002 0.002; % n D=1
0.0005 0.9955 0.0005 0.0005 0.0005 0.0005 0.0005 0.0005 0.0005 0.0005; % t D=1
0.252 0.002 0.177 0.002 0.237 0.002 0.322 0.002 0.002 0.002; % v D=1
0.004 0.004 0.364 0.004 0.337333333333333 0.004 0.270666666666667 0.004 0.004 0.004; % $ D=2
0.001 0.001 0.001 0.001 0.001 0.001 0.001 0.001 0.001 0.991; % B D=2
0.001 0.001 0.001 0.001 0.001 0.001 0.001 0.001 0.991 0.001; % L D=2
0.001 0.001 0.001 0.001 0.001 0.001 0.001 0.991 0.001 0.001; % T D=2
0.001 0.001 0.001 0.001 0.001 0.991 0.001 0.001 0.001 0.001; % Z D=2
0.229 0.004 0.294 0.004 0.174 0.004 0.279 0.004 0.004 0.004; % g D=2
0.001 0.001 0.001 0.991 0.001 0.001 0.001 0.001 0.001 0.001; % l D=2
0.254 0.004 0.234 0.004 0.314 0.004 0.174 0.004 0.004 0.004; % n D=2
0.001 0.991 0.001 0.001 0.001 0.001 0.001 0.001 0.001 0.001; % t D=2
0.249 0.004 0.174 0.004 0.234 0.004 0.319 0.004 0.004 0.004; % v D=2
0.01 0.01 0.35 0.01 0.323333333333333 0.01 0.256666666666667 0.01 0.01 0.01; % $ D=5
0.0025 0.0025 0.0025 0.0025 0.0025 0.0025 0.0025 0.0025 0.0025 0.9775; % B D=5
0.0025 0.0025 0.0025 0.0025 0.0025 0.0025 0.0025 0.0025 0.9775 0.0025; % L D=5
0.0025 0.0025 0.0025 0.0025 0.0025 0.0025 0.0025 0.9775 0.0025 0.0025; % T D=5
0.0025 0.0025 0.0025 0.0025 0.0025 0.9775 0.0025 0.0025 0.0025 0.0025; % Z D=5
0.22 0.01 0.285 0.01 0.165 0.01 0.27 0.01 0.01 0.01; % g D=5
0.0025 0.0025 0.0025 0.9775 0.0025 0.0025 0.0025 0.0025 0.0025 0.0025; % l D=5
0.245 0.01 0.225 0.01 0.305 0.01 0.165 0.01 0.01 0.01; % n D=5
0.0025 0.9775 0.0025 0.0025 0.0025 0.0025 0.0025 0.0025 0.0025 0.0025; % t D=5
0.24 0.01 0.165 0.01 0.225 0.01 0.31 0.01 0.01 0.01]; % v D=5
