syllables = '$FLNTVZblmvz';
discounts = [0.01 0.02 0.05 0.1 0.2 0.5 1 2 5];
kn_probs = [2.22222222222222e-05 2.22222222222222e-05 2.22222222222222e-05 2.22222222222222e-05 0.206622222222222 2.22222222222222e-05 0.273288888888889 0.213288888888889 2.22222222222222e-05 2.22222222222222e-05 2.22222222222222e-05 0.306622222222222; % $ D=0.01
0.213288888888889 2.22222222222222e-05 2.22222222222222e-05 2.22222222222222e-05 0.273288888888889 2.22222222222222e-05 0.273288888888889 0.239955555555556 2.22222222222222e-05 2.22222222222222e-05 2.22222222222222e-05 2.22222222222222e-05; % F D=0.01
0.259955555555556 2.22222222222222e-05 2.22222222222222e-05 2.22222222222222e-05 2.22222222222222e-05 2.22222222222222e-05 0.233288888888889 0.259955555555556 2.22222222222222e-05 2.22222222222222e-05 2.22222222222222e-05 0.246622222222222; % L D=0.01
5.55555555555556e-06 5.55555555555556e-06 5.55555555555556e-06 5.55555555555556e-06 5.55555555555556e-06 5.55555555555556e-06 5.55555555555556e-06 5.55555555555556e-06 0.999938888888889 5.55555555555556e-06 5.55555555555556e-06 5.55555555555556e-06; % N D=0.01
5.55555555555556e-06 5.55555555555556e-06 0.999938888888889 5.55555555555556e-06 5.55555555555556e-06 5.55555555555556e-06 5.55555555555556e-06 5.55555555555556e-06 5.55555555555556e-06 5.55555555555556e-06 5.55555555555556e-06 5.55555555555556e-06; % T D=0.01
0.286622222222222 2.22222222222222e-05 2.22222222222222e-05 2.22222222222222e-05 0.239955555555556 2.22222222222222e-05 0.219955555555556 2.22222222222222e-05 2.22222222222222e-05 2.22222222222222e-05 2.22222222222222e-05 0.253288888888889; % V D=0.01
5.55555555555556e-06 5.55555555555556e-06 5.55555555555556e-06 0.999938888888889 5.55555555555556e-06 5.55555555555556e-06 5.55555555555556e-06 5.55555555555556e-06 5.55555555555556e-06 5.55555555555556e-06 5.55555555555556e-06 5.55555555555556e-06; % Z D=0.01
5.55555555555556e-06 5.55555555555556e-06 5.55555555555556e-06 5.55555555555556e-06 5.55555555555556e-06 0.999938888888889 5.55555555555556e-06 5.55555555555556e-06 5.55555555555556e-06 5.55555555555556e-06 5.55555555555556e-06 5.55555555555556e-06; % b D=0.01
5.55555555555556e-06 5.55555555555556e-06 5.55555555555556e-06 5.55555555555556e-06 5.55555555555556e-06 5.55555555555556e-06 5.55555555555556e-06 5.55555555555556e-06 5.55555555555556e-06 0.999938888888889 5.55555555555556e-06 5.55555555555556e-06; % l D=0.01
0.239955555555556 2.22222222222222e-05 2.22222222222222e-05 2.22222222222222e-05 0.279955555555556 2.22222222222222e-05 2.22222222222222e-05 0.286622222222222 2.22222222222222e-05 2.22222222222222e-05 2.22222222222222e-05 0.193288888888889; % m D=0.01
5.55555555555556e-06 0.999938888888889 5.55555555555556e-06 5.55555555555556e-06 5.55555555555556e-06 5.55555555555556e-06 5.55555555555556e-06 5.55555555555556e-06 5.55555555555556e-06 5.55555555555556e-06 5.55555555555556e-06 5.55555555555556e-06; % v D=0.01
5.55555555555556e-06 5.55555555555556e-06 5.55555555555556e-06 5.55555555555556e-06 5.55555555555556e-06 5.55555555555556e-06 5.55555555555556e-06 5.55555555555556e-06 5.55555555555556e-06 5.55555555555556e-06 0.999938888888889 5.55555555555556e-06; % z D=0.01
4.44444444444444e-05 4.44444444444444e-05 4.44444444444444e-05 4.44444444444444e-05 0.206577777777778 4.44444444444444e-05 0.273244444444444 0.213244444444444 4.44444444444444e-05 4.44444444444444e-05 4.44444444444444e-05 0.306577777777778; % $ D=0.02
0.213244444444444 4.44444444444444e-05 4.44444444444444e-05 4.44444444444444e-05 0.273244444444444 4.44444444444444e-05 0.273244444444444 0.239911111111111 4.44444444444444e-05 4.44444444444444e-05 4.44444444444444e-05 4.44444444444444e-05; % F D=0.02
0.259911111111111 4.44444444444444e-05 4.44444444444444e-05 4.44444444444444e-05 4.44444444444444e-05 4.44444444444444e-05 0.233244444444444 0.259911111111111 4.44444444444444e-05 4.44444444444444e-05 4.44444444444444e-05 0.246577777777778; % L D=0.02
1.11111111111111e-05 1.11111111111111e-05 1.11111111111111e-05 1.11111111111111e-05 1.11111111111111e-05 1.11111111111111e-05 1.11111111111111e-05 1.11111111111111e-05 0.999877777777778 1.11111111111111e-05 1.11111111111111e-05 1.11111111111111e-05; % N D=0.02
1.11111111111111e-05 1.11111111111111e-05 0.999877777777778 1.11111111111111e-05 1.11111111111111e-05 1.11111111111111e-05 1.11111111111111e-05 1.11111111111111e-05 1.11111111111111e-05 1.11111111111111e-05 1.11111111111111e-05 1.11111111111111e-05; % T D=0.02
0.286577777777778 4.44444444444444e-05 4.44444444444444e-05 4.44444444444444e-05 0.239911111111111 4.44444444444444e-05 0.219911111111111 4.44444444444444e-05 4.44444444444444e-05 4.44444444444444e-05 4.44444444444444e-05 0.253244444444444; % V D=0.02
1.11111111111111e-05 1.11111111111111e-05 1.11111111111111e-05 0.999877777777778 1.11111111111111e-05 1.11111111111111e-05 1.11111111111111e-05 1.11111111111111e-05 1.11111111111111e-05 1.11111111111111e-05 1.11111111111111e-05 1.11111111111111e-05; % Z D=0.02
1.11111111111111e-05 1.11111111111111e-05 1.11111111111111e-05 1.11111111111111e-05 1.11111111111111e-05 0.999877777777778 1.11111111111111e-05 1.11111111111111e-05 1.11111111111111e-05 1.11111111111111e-05 1.11111111111111e-05 1.11111111111111e-05; % b D=0.02
1.11111111111111e-05 1.11111111111111e-05 1.11111111111111e-05 1.11111111111111e-05 1.11111111111111e-05 1.11111111111111e-05 1.11111111111111e-05 1.11111111111111e-05 1.11111111111111e-05 0.999877777777778 1.11111111111111e-05 1.11111111111111e-05; % l D=0.02
0.239911111111111 4.44444444444444e-05 4.44444444444444e-05 4.44444444444444e-05 0.279911111111111 4.44444444444444e-05 4.44444444444444e-05 0.286577777777778 4.44444444444444e-05 4.44444444444444e-05 4.44444444444444e-05 0.193244444444444; % m D=0.02
1.11111111111111e-05 0.999877777777778 1.11111111111111e-05 1.11111111111111e-05 1.11111111111111e-05 1.11111111111111e-05 1.11111111111111e-05 1.11111111111111e-05 1.11111111111111e-05 1.11111111111111e-05 1.11111111111111e-05 1.11111111111111e-05; % v D=0.02
1.11111111111111e-05 1.11111111111111e-05 1.11111111111111e-05 1.11111111111111e-05 1.11111111111111e-05 1.11111111111111e-05 1.11111111111111e-05 1.11111111111111e-05 1.11111111111111e-05 1.11111111111111e-05 0.999877777777778 1.11111111111111e-05; % z D=0.02
0.000111111111111111 0.000111111111111111 0.000111111111111111 0.000111111111111111 0.206444444444444 0.000111111111111111 0.273111111111111 0.213111111111111 0.000111111111111111 0.000111111111111111 0.000111111111111111 0.306444444444444; % $ D=0.05
0.213111111111111 0.000111111111111111 0.000111111111111111 0.000111111111111111 0.273111111111111 0.000111111111111111 0.273111111111111 0.239777777777778 0.000111111111111111 0.000111111111111111 0.000111111111111111 0.000111111111111111; % F D=0.05
0.259777777777778 0.000111111111111111 0.000111111111111111 0.000111111111111111 0.000111111111111111 0.000111111111111111 0.233111111111111 0.259777777777778 0.000111111111111111 0.000111111111111111 0.000111111111111111 0.246444444444444; % L D=0.05
2.77777777777778e-05 2.77777777777778e-05 2.77777777777778e-05 2.77777777777778e-05 2.77777777777778e-05 2.77777777777778e-05 2.77777777777778e-05 2.77777777777778e-05 0.999694444444444 2.77777777777778e-05 2.77777777777778e-05 2.77777777777778e-05; % N D=0.05
2.77777777777778e-05 2.77777777777778e-05 0.999694444444444 2.77777777777778e-05 2.77777777777778e-05 2.77777777777778e-05 2.77777777777778e-05 2.77777777777778e-05 2.77777777777778e-05 2.77777777777778e-05 2.77777777777778e-05 2.77777777777778e-05; % T D=0.05
0.286444444444444 0.000111111111111111 0.000111111111111111 0.000111111111111111 0.239777777777778 0.000111111111111111 0.219777777777778 0.000111111111111111 0.000111111111111111 0.000111111111111111 0.000111111111111111 0.253111111111111; % V D=0.05
