syllables = '$DKRVZdgklpz';
discounts = [0.01 0.02 0.05 0.1 0.2 0.5 1 2 5];
kn_probs = [2.22222222222222e-05 2.22222222222222e-05 2.22222222222222e-05 2.22222222222222e-05 0.206622222222222 0.213288888888889 2.22222222222222e-05 2.22222222222222e-05 0.293288888888889 2.22222222222222e-05 2.22222222222222e-05 0.286622222222222; % $ D=0.01
5.55555555555556e-06 5.55555555555556e-06 5.55555555555556e-06 5.55555555555556e-06 5.55555555555556e-06 5.55555555555556e-06 5.55555555555556e-06 0.999938888888889 5.55555555555556e-06 5.55555555555556e-06 5.55555555555556e-06 5.55555555555556e-06; % D D=0.01
0.186622222222222 2.22222222222222e-05 2.22222222222222e-05 2.22222222222222e-05 0.286622222222222 0.293288888888889 2.22222222222222e-05 2.22222222222222e-05 0.233288888888889 2.22222222222222e-05 2.22222222222222e-05 2.22222222222222e-05; % K D=0.01
5.55555555555556e-06 5.55555555555556e-06 5.55555555555556e-06 5.55555555555556e-06 5.55555555555556e-06 5.55555555555556e-06 5.55555555555556e-06 5.55555555555556e-06 5.55555555555556e-06 5.55555555555556e-06 0.999938888888889 5.55555555555556e-06; % R D=0.01
5.55555555555556e-06 5.55555555555556e-06 5.55555555555556e-06 0.999938888888889 5.55555555555556e-06 5.55555555555556e-06 5.55555555555556e-06 5.55555555555556e-06 5.55555555555556e-06 5.55555555555556e-06 5.55555555555556e-06 5.55555555555556e-06; % V D=0.01
5.55555555555556e-06 0.999938888888889 5.55555555555556e-06 5.55555555555556e-06 5.55555555555556e-06 5.55555555555556e-06 5.55555555555556e-06 5.55555555555556e-06 5.55555555555556e-06 5.55555555555556e-06 5.55555555555556e-06 5.55555555555556e-06; % Z D=0.01
0.239955555555556 2.22222222222222e-05 2.22222222222222e-05 2.22222222222222e-05 0.233288888888889 0.253288888888889 2.22222222222222e-05 2.22222222222222e-05 2.22222222222222e-05 2.22222222222222e-05 2.22222222222222e-05 0.273288888888889; % d D=0.01
5.55555555555556e-06 5.55555555555556e-06 5.55555555555556e-06 5.55555555555556e-06 5.55555555555556e-06 5.55555555555556e-06 5.55555555555556e-06 5.55555555555556e-06 5.55555555555556e-06 0.999938888888889 5.55555555555556e-06 5.55555555555556e-06; % g D=0.01
5.55555555555556e-06 5.55555555555556e-06 5.55555555555556e-06 5.55555555555556e-06 5.55555555555556e-06 5.55555555555556e-06 0.999938888888889 5.55555555555556e-06 5.55555555555556e-06 5.55555555555556e-06 5.55555555555556e-06 5.55555555555556e-06; % k D=0.01
0.319955555555556 2.22222222222222e-05 2.22222222222222e-05 2.22222222222222e-05 0.273288888888889 2.22222222222222e-05 2.22222222222222e-05 2.22222222222222e-05 0.239955555555556 2.22222222222222e-05 2.22222222222222e-05 0.166622222222222; % l D=0.01
0.253288888888889 2.22222222222222e-05 2.22222222222222e-05 2.22222222222222e-05 2.22222222222222e-05 0.239955555555556 2.22222222222222e-05 2.22222222222222e-05 0.233288888888889 2.22222222222222e-05 2.22222222222222e-05 0.273288888888889; % p D=0.01
5.55555555555556e-06 5.55555555555556e-06 0.999938888888889 5.55555555555556e-06 5.55555555555556e-06 5.55555555555556e-06 5.55555555555556e-06 5.55555555555556e-06 5.55555555555556e-06 5.55555555555556e-06 5.55555555555556e-06 5.55555555555556e-06; % z D=0.01
4.44444444444444e-05 4.44444444444444e-05 4.44444444444444e-05 4.44444444444444e-05 0.206577777777778 0.213244444444444 4.44444444444444e-05 4.44444444444444e-05 0.293244444444444 4.44444444444444e-05 4.44444444444444e-05 0.286577777777778; % $ D=0.02
1.11111111111111e-05 1.11111111111111e-05 1.11111111111111e-05 1.11111111111111e-05 1.11111111111111e-05 1.11111111111111e-05 1.11111111111111e-05 0.999877777777778 1.11111111111111e-05 1.11111111111111e-05 1.11111111111111e-05 1.11111111111111e-05; % D D=0.02
0.186577777777778 4.44444444444444e-05 4.44444444444444e-05 4.44444444444444e-05 0.286577777777778 0.293244444444444 4.44444444444444e-05 4.44444444444444e-05 0.233244444444444 4.44444444444444e-05 4.44444444444444e-05 4.44444444444444e-05; % K D=0.02
1.11111111111111e-05 1.11111111111111e-05 1.11111111111111e-05 1.11111111111111e-05 1.11111111111111e-05 1.11111111111111e-05 1.11111111111111e-05 1.11111111111111e-05 1.11111111111111e-05 1.11111111111111e-05 0.999877777777778 1.11111111111111e-05; % R D=0.02
1.11111111111111e-05 1.11111111111111e-05 1.11111111111111e-05 0.999877777777778 1.11111111111111e-05 1.11111111111111e-05 1.11111111111111e-05 1.11111111111111e-05 1.11111111111111e-05 1.11111111111111e-05 1.11111111111111e-05 1.11111111111111e-05; % V D=0.02
1.11111111111111e-05 0.999877777777778 1.11111111111111e-05 1.11111111111111e-05 1.11111111111111e-05 1.11111111111111e-05 1.11111111111111e-05 1.11111111111111e-05 1.11111111111111e-05 1.11111111111111e-05 1.11111111111111e-05 1.11111111111111e-05; % Z D=0.02
0.239911111111111 4.44444444444444e-05 4.44444444444444e-05 4.44444444444444e-05 0.233244444444444 0.253244444444444 4.44444444444444e-05 4.44444444444444e-05 4.44444444444444e-05 4.44444444444444e-05 4.44444444444444e-05 0.273244444444444; % d D=0.02
1.11111111111111e-05 1.11111111111111e-05 1.11111111111111e-05 1.11111111111111e-05 1.11111111111111e-05 1.11111111111111e-05 1.11111111111111e-05 1.11111111111111e-05 1.11111111111111e-05 0.999877777777778 1.11111111111111e-05 1.11111111111111e-05; % g D=0.02
1.11111111111111e-05 1.11111111111111e-05 1.11111111111111e-05 1.11111111111111e-05 1.11111111111111e-05 1.11111111111111e-05 0.999877777777778 1.11111111111111e-05 1.11111111111111e-05 1.11111111111111e-05 1.11111111111111e-05 1.11111111111111e-05; % k D=0.02
0.319911111111111 4.44444444444444e-05 4.44444444444444e-05 4.44444444444444e-05 0.273244444444444 4.44444444444444e-05 4.44444444444444e-05 4.44444444444444e-05 0.239911111111111 4.44444444444444e-05 4.44444444444444e-05 0.166577777777778; % l D=0.02
0.253244444444444 4.44444444444444e-05 4.44444444444444e-05 4.44444444444444e-05 4.44444444444444e-05 0.239911111111111 4.44444444444444e-05 4.44444444444444e-05 0.233244444444444 4.44444444444444e-05 4.44444444444444e-05 0.273244444444444; % p D=0.02
1.11111111111111e-05 1.11111111111111e-05 0.999877777777778 1.11111111111111e-05 1.11111111111111e-05 1.11111111111111e-05 1.11111111111111e-05 1.11111111111111e-05 1.11111111111111e-05 1.11111111111111e-05 1.11111111111111e-05 1.11111111111111e-05; % z D=0.02
0.000111111111111111 0.000111111111111111 0.000111111111111111 0.000111111111111111 0.206444444444444 0.213111111111111 0.000111111111111111 0.000111111111111111 0.293111111111111 0.000111111111111111 0.000111111111111111 0.286444444444444; % $ D=0.05
2.77777777777778e-05 2.77777777777778e-05 2.77777777777778e-05 2.77777777777778e-05 2.77777777777778e-05 2.77777777777778e-05 2.77777777777778e-05 0.999694444444444 2.77777777777778e-05 2.77777777777778e-05 2.77777777777778e-05 2.77777777777778e-05; % D D=0.05
0.186444444444444 0.000111111111111111 0.000111111111111111 0.000111111111111111 0.286444444444444 0.293111111111111 0.000111111111111111 0.000111111111111111 0.233111111111111 0.000111111111111111 0.000111111111111111 0.000111111111111111; % K D=0.05
2.77777777777778e-05 2.77777777777778e-05 2.77777777777778e-05 2.77777777777778e-05 2.77777777777778e-05 2.77777777777778e-05 2.77777777777778e-05 2.77777777777778e-05 2.77777777777778e-05 2.77777777777778e-05 0.999694444444444 2.77777777777778e-05; % R D=0.05
2.77777777777778e-05 2.77777777777778e-05 2.77777777777778e-05 0.999694444444444 2.77777777777778e-05 2.77777777777778e-05 2.77777777777778e-05 2.77777777777778e-05 2.77777777777778e-05 2.77777777777778e-05 2.77777777777778e-05 2.77777777777778e-05; % V D=0.05
2.77777777777778e-05 0.999694444444444 2.77777777777778e-05 2.77777777777778e-05 2.77777777777778e-05 2.77777777777778e-05 2.77777777777778e-05 2.77777777777778e-05 2.77777777777778e-05 2.77777777777778e-05 2.77777777777778e-05 2.77777777777778e-05; % Z D=0.05
