syllables = '$DFGJKPZfltz';
discounts = [0.01 0.02 0.05 0.1 0.2 0.5 1 2 5];
kn_probs = [2.22222222222222e-05 0.306622222222222 2.22222222222222e-05 2.22222222222222e-05 0.213288888888889 2.22222222222222e-05 2.22222222222222e-05 2.22222222222222e-05 2.22222222222222e-05 0.273288888888889 2.22222222222222e-05 0.206622222222222; % $ D=0.01
5.55555555555556e-06 5.55555555555556e-06 5.55555555555556e-06 5.55555555555556e-06 5.55555555555556e-06 5.55555555555556e-06 0.999938888888889 5.55555555555556e-06 5.55555555555556e-06 5.55555555555556e-06 5.55555555555556e-06 5.55555555555556e-06; % D D=0.01
0.333288888888889 0.166622222222222 2.22222222222222e-05 2.22222222222222e-05 0.233288888888889 2.22222222222222e-05 2.22222222222222e-05 2.22222222222222e-05 2.22222222222222e-05 0.266622222222222 2.22222222222222e-05 2.22222222222222e-05; % F D=0.01
0.133288888888889 0.266622222222222 2.22222222222222e-05 2.22222222222222e-05 0.346622222222222 2.22222222222222e-05 2.22222222222222e-05 2.22222222222222e-05 2.22222222222222e-05 2.22222222222222e-05 2.22222222222222e-05 0.253288888888889; % G D=0.01
5.55555555555556e-06 5.55555555555556e-06 5.55555555555556e-06 5.55555555555556e-06 5.55555555555556e-06 0.999938888888889 5.55555555555556e-06 5.55555555555556e-06 5.55555555555556e-06 5.55555555555556e-06 5.55555555555556e-06 5.55555555555556e-06; % J D=0.01
5.55555555555556e-06 5.55555555555556e-06 5.55555555555556e-06 5.55555555555556e-06 5.55555555555556e-06 5.55555555555556e-06 5.55555555555556e-06 5.55555555555556e-06 0.999938888888889 5.55555555555556e-06 5.55555555555556e-06 5.55555555555556e-06; % K D=0.01
0.293288888888889 2.22222222222222e-05 2.22222222222222e-05 2.22222222222222e-05 0.206622222222222 2.22222222222222e-05 2.22222222222222e-05 2.22222222222222e-05 2.22222222222222e-05 0.233288888888889 2.22222222222222e-05 0.266622222222222; % P D=0.01
0.239955555555556 0.259955555555556 2.22222222222222e-05 2.22222222222222e-05 2.22222222222222e-05 2.22222222222222e-05 2.22222222222222e-05 2.22222222222222e-05 2.22222222222222e-05 0.226622222222222 2.22222222222222e-05 0.273288888888889; % Z D=0.01
5.55555555555556e-06 5.55555555555556e-06 5.55555555555556e-06 5.55555555555556e-06 5.55555555555556e-06 5.55555555555556e-06 5.55555555555556e-06 0.999938888888889 5.55555555555556e-06 5.55555555555556e-06 5.55555555555556e-06 5.55555555555556e-06; % f D=0.01
5.55555555555556e-06 5.55555555555556e-06 5.55555555555556e-06 0.999938888888889 5.55555555555556e-06 5.55555555555556e-06 5.55555555555556e-06 5.55555555555556e-06 5.55555555555556e-06 5.55555555555556e-06 5.55555555555556e-06 5.55555555555556e-06; % l D=0.01
5.55555555555556e-06 5.55555555555556e-06 0.999938888888889 5.55555555555556e-06 5.55555555555556e-06 5.55555555555556e-06 5.55555555555556e-06 5.55555555555556e-06 5.55555555555556e-06 5.55555555555556e-06 5.55555555555556e-06 5.55555555555556e-06; % t D=0.01
5.55555555555556e-06 5.55555555555556e-06 5.55555555555556e-06 5.55555555555556e-06 5.55555555555556e-06 5.55555555555556e-06 5.55555555555556e-06 5.55555555555556e-06 5.55555555555556e-06 5.55555555555556e-06 0.999938888888889 5.55555555555556e-06; % z D=0.01
4.44444444444444e-05 0.306577777777778 4.44444444444444e-05 4.44444444444444e-05 0.213244444444444 4.44444444444444e-05 4.44444444444444e-05 4.44444444444444e-05 4.44444444444444e-05 0.273244444444444 4.44444444444444e-05 0.206577777777778; % $ D=0.02
1.11111111111111e-05 1.11111111111111e-05 1.11111111111111e-05 1.11111111111111e-05 1.11111111111111e-05 1.11111111111111e-05 0.999877777777778 1.11111111111111e-05 1.11111111111111e-05 1.11111111111111e-05 1.11111111111111e-05 1.11111111111111e-05; % D D=0.02
0.333244444444444 0.166577777777778 4.44444444444444e-05 4.44444444444444e-05 0.233244444444444 4.44444444444444e-05 4.44444444444444e-05 4.44444444444444e-05 4.44444444444444e-05 0.266577777777778 4.44444444444444e-05 4.44444444444444e-05; % F D=0.02
0.133244444444444 0.266577777777778 4.44444444444444e-05 4.44444444444444e-05 0.346577777777778 4.44444444444444e-05 4.44444444444444e-05 4.44444444444444e-05 4.44444444444444e-05 4.44444444444444e-05 4.44444444444444e-05 0.253244444444444; % G D=0.02
1.11111111111111e-05 1.11111111111111e-05 1.11111111111111e-05 1.11111111111111e-05 1.11111111111111e-05 0.999877777777778 1.11111111111111e-05 1.11111111111111e-05 1.11111111111111e-05 1.11111111111111e-05 1.11111111111111e-05 1.11111111111111e-05; % J D=0.02
1.11111111111111e-05 1.11111111111111e-05 1.11111111111111e-05 1.11111111111111e-05 1.11111111111111e-05 1.11111111111111e-05 1.11111111111111e-05 1.11111111111111e-05 0.999877777777778 1.11111111111111e-05 1.11111111111111e-05 1.11111111111111e-05; % K D=0.02
0.293244444444444 4.44444444444444e-05 4.44444444444444e-05 4.44444444444444e-05 0.206577777777778 4.44444444444444e-05 4.44444444444444e-05 4.44444444444444e-05 4.44444444444444e-05 0.233244444444444 4.44444444444444e-05 0.266577777777778; % P D=0.02
0.239911111111111 0.259911111111111 4.44444444444444e-05 4.44444444444444e-05 4.44444444444444e-05 4.44444444444444e-05 4.44444444444444e-05 4.44444444444444e-05 4.44444444444444e-05 0.226577777777778 4.44444444444444e-05 0.273244444444444; % Z D=0.02
1.11111111111111e-05 1.11111111111111e-05 1.11111111111111e-05 1.11111111111111e-05 1.11111111111111e-05 1.11111111111111e-05 1.11111111111111e-05 0.999877777777778 1.11111111111111e-05 1.11111111111111e-05 1.11111111111111e-05 1.11111111111111e-05; % f D=0.02
1.11111111111111e-05 1.11111111111111e-05 1.11111111111111e-05 0.999877777777778 1.11111111111111e-05 1.11111111111111e-05 1.11111111111111e-05 1.11111111111111e-05 1.11111111111111e-05 1.11111111111111e-05 1.11111111111111e-05 1.11111111111111e-05; % l D=0.02
1.11111111111111e-05 1.11111111111111e-05 0.999877777777778 1.11111111111111e-05 1.11111111111111e-05 1.11111111111111e-05 1.11111111111111e-05 1.11111111111111e-05 1.11111111111111e-05 1.11111111111111e-05 1.11111111111111e-05 1.11111111111111e-05; % t D=0.02
1.11111111111111e-05 1.11111111111111e-05 1.11111111111111e-05 1.11111111111111e-05 1.11111111111111e-05 1.11111111111111e-05 1.11111111111111e-05 1.11111111111111e-05 1.11111111111111e-05 1.11111111111111e-05 0.999877777777778 1.11111111111111e-05; % z D=0.02
0.000111111111111111 0.306444444444444 0.000111111111111111 0.000111111111111111 0.213111111111111 0.000111111111111111 0.000111111111111111 0.000111111111111111 0.000111111111111111 0.273111111111111 0.000111111111111111 0.206444444444444; % $ D=0.05
2.77777777777778e-05 2.77777777777778e-05 2.77777777777778e-05 2.77777777777778e-05 2.77777777777778e-05 2.77777777777778e-05 0.999694444444444 2.77777777777778e-05 2.77777777777778e-05 2.77777777777778e-05 2.77777777777778e-05 2.77777777777778e-05; % D D=0.05
0.333111111111111 0.166444444444444 0.000111111111111111 0.000111111111111111 0.233111111111111 0.000111111111111111 0.000111111111111111 0.000111111111111111 0.000111111111111111 0.266444444444444 0.000111111111111111 0.000111111111111111; % F D=0.05
0.133111111111111 0.266444444444444 0.000111111111111111 0.000111111111111111 0.346444444444444 0.000111111111111111 0.000111111111111111 0.000111111111111111 0.000111111111111111 0.000111111111111111 0.000111111111111111 0.253111111111111; % G D=0.05
2.77777777777778e-05 2.77777777777778e-05 2.77777777777778e-05 2.77777777777778e-05 2.77777777777778e-05 0.999694444444444 2.77777777777778e-05 2.77777777777778e-05 2.77777777777778e-05 2.77777777777778e-05 2.77777777777778e-05 2.77777777777778e-05; % J D=0.05
2.77777777777778e-05 2.77777777777778e-05 2.77777777777778e-05 2.77777777777778e-05 2.77777777777778e-05 2.77777777777778e-05 2.77777777777778e-05 2.77777777777778e-05 0.999694444444444 2.77777777777778e-05 2.77777777777778e-05 2.77777777777778e-05; % K D=0.05
