syllables = '$KMVfkmnpr';
discounts = [0.01 0.02 0.05 0.1 0.2 0.5 1 2 5];
kn_probs = [2e-05 2e-05 2e-05 2e-05 0.30662 0.359953333333333 0.333286666666667 2e-05 2e-05 2e-05; % $ D=0.01
0.21497 2e-05 2e-05 2e-05 0.27497 0.21497 0.29497 2e-05 2e-05 2e-05; % K D=0.01
0.29997 2e-05 2e-05 2e-05 0.26497 0.26497 0.16997 2e-05 2e-05 2e-05; % M D=0.01
5e-06 5e-06 5e-06 5e-06 5e-06 5e-06 5e-06 5e-06 0.999955 5e-06; % V D=0.01
5e-06 5e-06 5e-06 0.999955 5e-06 5e-06 5e-06 5e-06 5e-06 5e-06; % f D=0.01
5e-06 0.999955 5e-06 5e-06 5e-06 5e-06 5e-06 5e-06 5e-06 5e-06; % k D=0.01
5e-06 5e-06 5e-06 5e-06 5e-06 5e-06 5e-06 0.999955 5e-06 5e-06; % m D=0.01
5e-06 5e-06 5e-06 5e-06 5e-06 5e-06 5e-06 5e-06 5e-06 0.999955; % n D=0.01
0.23497 2e-05 2e-05 2e-05 0.22997 0.24997 0.28497 2e-05 2e-05 2e-05; % p D=0.01
5e-06 5e-06 0.999955 5e-06 5e-06 5e-06 5e-06 5e-06 5e-06 5e-06; % r D=0.01
4e-05 4e-05 4e-05 4e-05 0.306573333333333 0.359906666666667 0.33324 4e-05 4e-05 4e-05; % $ D=0.02
0.21494 4e-05 4e-05 4e-05 0.27494 0.21494 0.29494 4e-05 4e-05 4e-05; % K D=0.02
0.29994 4e-05 4e-05 4e-05 0.26494 0.26494 0.16994 4e-05 4e-05 4e-05; % M D=0.02
1e-05 1e-05 1e-05 1e-05 1e-05 1e-05 1e-05 1e-05 0.99991 1e-05; % V D=0.02
1e-05 1e-05 1e-05 0.99991 1e-05 1e-05 1e-05 1e-05 1e-05 1e-05; % f D=0.02
1e-05 0.99991 1e-05 1e-05 1e-05 1e-05 1e-05 1e-05 1e-05 1e-05; % k D=0.02
1e-05 1e-05 1e-05 1e-05 1e-05 1e-05 1e-05 0.99991 1e-05 1e-05; % m D=0.02
1e-05 1e-05 1e-05 1e-05 1e-05 1e-05 1e-05 1e-05 1e-05 0.99991; % n D=0.02
0.23494 4e-05 4e-05 4e-05 0.22994 0.24994 0.28494 4e-05 4e-05 4e-05; % p D=0.02
1e-05 1e-05 0.99991 1e-05 1e-05 1e-05 1e-05 1e-05 1e-05 1e-05; % r D=0.02
0.0001 0.0001 0.0001 0.0001 0.306433333333333 0.359766666666667 0.3331 0.0001 0.0001 0.0001; % $ D=0.05
0.21485 0.0001 0.0001 0.0001 0.27485 0.21485 0.29485 0.0001 0.0001 0.0001; % K D=0.05
0.29985 0.0001 0.0001 0.0001 0.26485 0.26485 0.16985 0.0001 0.0001 0.0001; % M D=0.05
2.5e-05 2.5e-05 2.5e-05 2.5e-05 2.5e-05 2.5e-05 2.5e-05 2.5e-05 0.999775 2.5e-05; % V D=0.05
2.5e-05 2.5e-05 2.5e-05 0.999775 2.5e-05 2.5e-05 2.5e-05 2.5e-05 2.5e-05 2.5e-05; % f D=0.05
2.5e-05 0.999775 2.5e-05 2.5e-05 2.5e-05 2.5e-05 2.5e-05 2.5e-05 2.5e-05 2.5e-05; % k D=0.05
2.5e-05 2.5e-05 2.5e-05 2.5e-05 2.5e-05 2.5e-05 2.5e-05 0.999775 2.5e-05 2.5e-05; % m D=0.05
2.5e-05 2.5e-05 2.5e-05 2.5e-05 2.5e-05 2.5e-05 2.5e-05 2.5e-05 2.5e-05 0.999775; % n D=0.05
0.23485 0.0001 0.0001 0.0001 0.22985 0.24985 0.28485 0.0001 0.0001 0.0001; % p D=0.05
2.5e-05 2.5e-05 0.999775 2.5e-05 2.5e-05 2.5e-05 2.5e-05 2.5e-05 2.5e-05 2.5e-05; % r D=0.05
0.0002 0.0002 0.0002 0.0002 0.3062 0.359533333333333 0.332866666666667 0.0002 0.0002 0.0002; % $ D=0.1
0.2147 0.0002 0.0002 0.0002 0.2747 0.2147 0.2947 0.0002 0.0002 0.0002; % K D=0.1
0.2997 0.0002 0.0002 0.0002 0.2647 0.2647 0.1697 0.0002 0.0002 0.0002; % M D=0.1
5e-05 5e-05 5e-05 5e-05 5e-05 5e-05 5e-05 5e-05 0.99955 5e-05; % V D=0.1
5e-05 5e-05 5e-05 0.99955 5e-05 5e-05 5e-05 5e-05 5e-05 5e-05; % f D=0.1
5e-05 0.99955 5e-05 5e-05 5e-05 5e-05 5e-05 5e-05 5e-05 5e-05; % k D=0.1
5e-05 5e-05 5e-05 5e-05 5e-05 5e-05 5e-05 0.99955 5e-05 5e-05; % m D=0.1
5e-05 5e-05 5e-05 5e-05 5e-05 5e-05 5e-05 5e-05 5e-05 0.99955; % n D=0.1
0.2347 0.0002 0.0002 0.0002 0.2297 0.2497 0.2847 0.0002 0.0002 0.0002; % p D=0.1
5e-05 5e-05 0.99955 5e-05 5e-05 5e-05 5e-05 5e-05 5e-05 5e-05; % r D=0.1
0.0004 0.0004 0.0004 0.0004 0.305733333333333 0.359066666666667 0.3324 0.0004 0.0004 0.0004; % $ D=0.2
0.2144 0.0004 0.0004 0.0004 0.2744 0.2144 0.2944 0.0004 0.0004 0.0004; % K D=0.2
0.2994 0.0004 0.0004 0.0004 0.2644 0.2644 0.1694 0.0004 0.0004 0.0004; % M D=0.2
0.0001 0.0001 0.0001 0.0001 0.0001 0.0001 0.0001 0.0001 0.9991 0.0001; % V D=0.2
0.0001 0.0001 0.0001 0.9991 0.0001 0.0001 0.0001 0.0001 0.0001 0.0001; % f D=0.2
0.0001 0.9991 0.0001 0.0001 0.0001 0.0001 0.0001 0.0001 0.0001 0.0001; % k D=0.2
0.0001 0.0001 0.0001 0.0001 0.0001 0.0001 0.0001 0.9991 0.0001 0.0001; % m D=0.2
0.0001 0.0001 0.0001 0.0001 0.0001 0.0001 0.0001 0.0001 0.0001 0.9991; % n D=0.2
0.2344 0.0004 0.0004 0.0004 0.2294 0.2494 0.2844 0.0004 0.0004 0.0004; % p D=0.2
0.0001 0.0001 0.9991 0.0001 0.0001 0.0001 0.0001 0.0001 0.0001 0.0001; % r D=0.2
0.001 0.001 0.001 0.001 0.304333333333333 0.357666666666667 0.331 0.001 0.001 0.001; % $ D=0.5
0.2135 0.001 0.001 0.001 0.2735 0.2135 0.2935 0.001 0.001 0.001; % K D=0.5
0.2985 0.001 0.001 0.001 0.2635 0.2635 0.1685 0.001 0.001 0.001; % M D=0.5
0.00025 0.00025 0.00025 0.00025 0.00025 0.00025 0.00025 0.00025 0.99775 0.00025; % V D=0.5
0.00025 0.00025 0.00025 0.99775 0.00025 0.00025 0.00025 0.00025 0.00025 0.00025; % f D=0.5
0.00025 0.99775 0.00025 0.00025 0.00025 0.00025 0.00025 0.00025 0.00025 0.00025; % k D=0.5
0.00025 0.00025 0.00025 0.00025 0.00025 0.00025 0.00025 0.99775 0.00025 0.00025; % m D=0.5
0.00025 0.00025 0.00025 0.00025 0.00025 0.00025 0.00025 0.00025 0.00025 0.99775; % n D=0.5
0.2335 0.001 0.001 0.001 0.2285 0.2485 0.2835 0.001 0.001 0.001; % p D=0.5
0.00025 0.00025 0.99775 0.00025 0.00025 0.00025 0.00025 0.00025 0.00025 0.00025; % r D=0.5
0.002 0.002 0.002 0.002 0.302 0.355333333333333 0.328666666666667 0.002 0.002 0.002; % $ D=1
0.212 0.002 0.002 0.002 0.272 0.212 0.292 0.002 0.002 0.002; % K D=1
0.297 0.002 0.002 0.002 0.262 0.262 0.167 0.002 0.002 0.002; % M D=1
0.0005 0.0005 0.0005 0.0005 0.0005 0.0005 0.0005 0.0005 0.9955 0.0005; % V D=1
0.0005 0.0005 0.0005 0.9955 0.0005 0.0005 0.0005 0.0005 0.0005 0.0005; % f D=1
0.0005 0.9955 0.0005 0.0005 0.0005 0.0005 0.0005 0.0005 0.0005 0.0005; % k D=1
0.0005 0.0005 0.0005 0.0005 0.0005 0.0005 0.0005 0.9955 0.0005 0.0005; % m D=1
0.0005 0.0005 0.0005 0.0005 0.0005 0.0005 0.0005 0.0005 0.0005 0.9955; % n D=1
0.232 0.002 0.002 0.002 0.227 0.247 0.282 0.002 0.002 0.002; % p D=1
0.0005 0.0005 0.9955 0.0005 0.0005 0.0005 0.0005 0.0005 0.0005 0.0005; % r D=1
0.004 0.004 0.004 0.004 0.297333333333333 0.350666666666667 0.324 0.004 0.004 0.004; % $ D=2
0.209 0.004 0.004 0.004 0.269 0.209 0.289 0.004 0.004 0.004; % K D=2
0.294 0.004 0.004 0.004 0.259 0.259 0.164 0.004 0.004 0.004; % M D=2
0.001 0.001 0.001 0.001 0.001 0.001 0.001 0.001 0.991 0.001; % V D=2
0.001 0.001 0.001 0.991 0.001 0.001 0.001 0.001 0.001 0.001; % f D=2
0.001 0.991 0.001 0.001 0.001 0.001 0.001 0.001 0.001 0.001; % k D=2
0.001 0.001 0.001 0.001 0.001 0.001 0.001 0.991 0.001 0.001; % m D=2
0.001 0.001 0.001 0.001 0.001 0.001 0.001 0.001 0.001 0.991; % n D=2
0.229 0.004 0.004 0.004 0.224 0.244 0.279 0.004 0.004 0.004; % p D=2
0.001 0.001 0.991 0.001 0.001 0.001 0.001 0.001 0.001 0.001; % r D=2
0.01 0.01 0.01 0.01 0.283333333333333 0.336666666666667 0.31 0.01 0.01 0.01; % $ D=5
0.2 0.01 0.01 0.01 0.26 0.2 0.28 0.01 0.01 0.01; % K D=5
0.285 0.01 0.01 0.01 0.25 0.25 0.155 0.01 0.01 0.01; % M D=5
0.0025 0.0025 0.0025 0.0025 0.0025 0.0025 0.0025 0.0025 0.9775 0.0025; % V D=5
0.0025 0.0025 0.0025 0.9775 0.0025 0.0025 0.0025 0.0025 0.0025 0.0025; % f D=5
0.0025 0.9775 0.0025 0.0025 0.0025 0.0025 0.0025 0.0025 0.0025 0.0025; % k D=5
0.0025 0.0025 0.0025 0.0025 0.0025 0.0025 0.0025 0.9775 0.0025 0.0025; % m D=5
0.0025 0.0025 0.0025 0.0025 0.0025 0.0025 0.0025 0.0025 0.0025 0.9775; % n D=5
0.22 0.01 0.01 0.01 0.215 0.235 0.27 0.01 0.01 0.01; % p D=5
0.0025 0.0025 0.9775 0.0025 0.0025 0.0025 0.0025 0.0025 0.0025 0.0025]; % r D=5
