syllables = '$BJLfglnrt';
discounts = [0.01 0.02 0.05 0.1 0.2 0.5 1 2 5];
kn_probs = [2e-05 2e-05 0.339953333333333 2e-05 2e-05 2e-05 0.339953333333333 2e-05 0.319953333333333 2e-05; % $ D=0.01
0.249965 1.5e-05 0.389965 1.5e-05 1.5e-05 1.5e-05 1.5e-05 1.5e-05 0.359965 1.5e-05; % B D=0.01
5e-06 5e-06 5e-06 0.999955 5e-06 5e-06 5e-06 5e-06 5e-06 5e-06; % J D=0.01
5e-06 5e-06 5e-06 5e-06 5e-06 5e-06 5e-06 0.999955 5e-06 5e-06; % L D=0.01
0.264965 1.5e-05 0.354965 1.5e-05 1.5e-05 1.5e-05 0.379965 1.5e-05 1.5e-05 1.5e-05; % f D=0.01
5e-06 0.999955 5e-06 5e-06 5e-06 5e-06 5e-06 5e-06 5e-06 5e-06; % g D=0.01
5e-06 5e-06 5e-06 5e-06 5e-06 5e-06 5e-06 5e-06 5e-06 0.999955; % l D=0.01
0.234965 1.5e-05 1.5e-05 1.5e-05 1.5e-05 1.5e-05 0.364965 1.5e-05 0.399965 1.5e-05; % n D=0.01
5e-06 5e-06 5e-06 5e-06 0.999955 5e-06 5e-06 5e-06 5e-06 5e-06; % r D=0.01
5e-06 5e-06 5e-06 5e-06 5e-06 0.999955 5e-06 5e-06 5e-06 5e-06; % t D=0.01
4e-05 4e-05 0.339906666666667 4e-05 4e-05 4e-05 0.339906666666667 4e-05 0.319906666666667 4e-05; % $ D=0.02
0.24993 3e-05 0.38993 3e-05 3e-05 3e-05 3e-05 3e-05 0.35993 3e-05; % B D=0.02
1e-05 1e-05 1e-05 0.99991 1e-05 1e-05 1e-05 1e-05 1e-05 1e-05; % J D=0.02
1e-05 1e-05 1e-05 1e-05 1e-05 1e-05 1e-05 0.99991 1e-05 1e-05; % L D=0.02
0.26493 3e-05 0.35493 3e-05 3e-05 3e-05 0.37993 3e-05 3e-05 3e-05; % f D=0.02
1e-05 0.99991 1e-05 1e-05 1e-05 1e-05 1e-05 1e-05 1e-05 1e-05; % g D=0.02
1e-05 1e-05 1e-05 1e-05 1e-05 1e-05 1e-05 1e-05 1e-05 0.99991; % l D=0.02
0.23493 3e-05 3e-05 3e-05 3e-05 3e-05 0.36493 3e-05 0.39993 3e-05; % n D=0.02
1e-05 1e-05 1e-05 1e-05 0.99991 1e-05 1e-05 1e-05 1e-05 1e-05; % r D=0.02
1e-05 1e-05 1e-05 1e-05 1e-05 0.99991 1e-05 1e-05 1e-05 1e-05; % t D=0.02
0.0001 0.0001 0.339766666666667 0.0001 0.0001 0.0001 0.339766666666667 0.0001 0.319766666666667 0.0001; % $ D=0.05
0.249825 7.5e-05 0.389825 7.5e-05 7.5e-05 7.5e-05 7.5e-05 7.5e-05 0.359825 7.5e-05; % B D=0.05
2.5e-05 2.5e-05 2.5e-05 0.999775 2.5e-05 2.5e-05 2.5e-05 2.5e-05 2.5e-05 2.5e-05; % J D=0.05
2.5e-05 2.5e-05 2.5e-05 2.5e-05 2.5e-05 2.5e-05 2.5e-05 0.999775 2.5e-05 2.5e-05; % L D=0.05
0.264825 7.5e-05 0.354825 7.5e-05 7.5e-05 7.5e-05 0.379825 7.5e-05 7.5e-05 7.5e-05; % f D=0.05
2.5e-05 0.999775 2.5e-05 2.5e-05 2.5e-05 2.5e-05 2.5e-05 2.5e-05 2.5e-05 2.5e-05; % g D=0.05
2.5e-05 2.5e-05 2.5e-05 2.5e-05 2.5e-05 2.5e-05 2.5e-05 2.5e-05 2.5e-05 0.999775; % l D=0.05
0.234825 7.5e-05 7.5e-05 7.5e-05 7.5e-05 7.5e-05 0.364825 7.5e-05 0.399825 7.5e-05; % n D=0.05
2.5e-05 2.5e-05 2.5e-05 2.5e-05 0.999775 2.5e-05 2.5e-05 2.5e-05 2.5e-05 2.5e-05; % r D=0.05
2.5e-05 2.5e-05 2.5e-05 2.5e-05 2.5e-05 0.999775 2.5e-05 2.5e-05 2.5e-05 2.5e-05; % t D=0.05
0.0002 0.0002 0.339533333333333 0.0002 0.0002 0.0002 0.339533333333333 0.0002 0.319533333333333 0.0002; % $ D=0.1
0.24965 0.00015 0.38965 0.00015 0.00015 0.00015 0.00015 0.00015 0.35965 0.00015; % B D=0.1
5e-05 5e-05 5e-05 0.99955 5e-05 5e-05 5e-05 5e-05 5e-05 5e-05; % J D=0.1
5e-05 5e-05 5e-05 5e-05 5e-05 5e-05 5e-05 0.99955 5e-05 5e-05; % L D=0.1
0.26465 0.00015 0.35465 0.00015 0.00015 0.00015 0.37965 0.00015 0.00015 0.00015; % f D=0.1
5e-05 0.99955 5e-05 5e-05 5e-05 5e-05 5e-05 5e-05 5e-05 5e-05; % g D=0.1
5e-05 5e-05 5e-05 5e-05 5e-05 5e-05 5e-05 5e-05 5e-05 0.99955; % l D=0.1
0.23465 0.00015 0.00015 0.00015 0.00015 0.00015 0.36465 0.00015 0.39965 0.00015; % n D=0.1
5e-05 5e-05 5e-05 5e-05 0.99955 5e-05 5e-05 5e-05 5e-05 5e-05; % r D=0.1
5e-05 5e-05 5e-05 5e-05 5e-05 0.99955 5e-05 5e-05 5e-05 5e-05; % t D=0.1
0.0004 0.0004 0.339066666666667 0.0004 0.0004 0.0004 0.339066666666667 0.0004 0.319066666666667 0.0004; % $ D=0.2
0.2493 0.0003 0.3893 0.0003 0.0003 0.0003 0.0003 0.0003 0.3593 0.0003; % B D=0.2
0.0001 0.0001 0.0001 0.9991 0.0001 0.0001 0.0001 0.0001 0.0001 0.0001; % J D=0.2
0.0001 0.0001 0.0001 0.0001 0.0001 0.0001 0.0001 0.9991 0.0001 0.0001; % L D=0.2
0.2643 0.0003 0.3543 0.0003 0.0003 0.0003 0.3793 0.0003 0.0003 0.0003; % f D=0.2
0.0001 0.9991 0.0001 0.0001 0.0001 0.0001 0.0001 0.0001 0.0001 0.0001; % g D=0.2
0.0001 0.0001 0.0001 0.0001 0.0001 0.0001 0.0001 0.0001 0.0001 0.9991; % l D=0.2
0.2343 0.0003 0.0003 0.0003 0.0003 0.0003 0.3643 0.0003 0.3993 0.0003; % n D=0.2
0.0001 0.0001 0.0001 0.0001 0.9991 0.0001 0.0001 0.0001 0.0001 0.0001; % r D=0.2
0.0001 0.0001 0.0001 0.0001 0.0001 0.9991 0.0001 0.0001 0.0001 0.0001; % t D=0.2
0.001 0.001 0.337666666666667 0.001 0.001 0.001 0.337666666666667 0.001 0.317666666666667 0.001; % $ D=0.5
0.24825 0.00075 0.38825 0.00075 0.00075 0.00075 0.00075 0.00075 0.35825 0.00075; % B D=0.5
0.00025 0.00025 0.00025 0.99775 0.00025 0.00025 0.00025 0.00025 0.00025 0.00025; % J D=0.5
0.00025 0.00025 0.00025 0.00025 0.00025 0.00025 0.00025 0.99775 0.00025 0.00025; % L D=0.5
0.26325 0.00075 0.35325 0.00075 0.00075 0.00075 0.37825 0.00075 0.00075 0.00075; % f D=0.5
0.00025 0.99775 0.00025 0.00025 0.00025 0.00025 0.00025 0.00025 0.00025 0.00025; % g D=0.5
0.00025 0.00025 0.00025 0.00025 0.00025 0.00025 0.00025 0.00025 0.00025 0.99775; % l D=0.5
0.23325 0.00075 0.00075 0.00075 0.00075 0.00075 0.36325 0.00075 0.39825 0.00075; % n D=0.5
0.00025 0.00025 0.00025 0.00025 0.99775 0.00025 0.00025 0.00025 0.00025 0.00025; % r D=0.5
0.00025 0.00025 0.00025 0.00025 0.00025 0.99775 0.00025 0.00025 0.00025 0.00025; % t D=0.5
0.002 0.002 0.335333333333333 0.002 0.002 0.002 0.335333333333333 0.002 0.315333333333333 0.002; % $ D=1
0.2465 0.0015 0.3865 0.0015 0.0015 0.0015 0.0015 0.0015 0.3565 0.0015; % B D=1
0.0005 0.0005 0.0005 0.9955 0.0005 0.0005 0.0005 0.0005 0.0005 0.0005; % J D=1
0.0005 0.0005 0.0005 0.0005 0.0005 0.0005 0.0005 0.9955 0.0005 0.0005; % L D=1
0.2615 0.0015 0.3515 0.0015 0.0015 0.0015 0.3765 0.0015 0.0015 0.0015; % f D=1
0.0005 0.9955 0.0005 0.0005 0.0005 0.0005 0.0005 0.0005 0.0005 0.0005; % g D=1
0.0005 0.0005 0.0005 0.0005 0.0005 0.0005 0.0005 0.0005 0.0005 0.9955; % l D=1
0.2315 0.0015 0.0015 0.0015 0.0015 0.0015 0.3615 0.0015 0.3965 0.0015; % n D=1
0.0005 0.0005 0.0005 0.0005 0.9955 0.0005 0.0005 0.0005 0.0005 0.0005; % r D=1
0.0005 0.0005 0.0005 0.0005 0.0005 0.9955 0.0005 0.0005 0.0005 0.0005; % t D=1
0.004 0.004 0.330666666666667 0.004 0.004 0.004 0.330666666666667 0.004 0.310666666666667 0.004; % $ D=2
0.243 0.003 0.383 0.003 0.003 0.003 0.003 0.003 0.353 0.003; % B D=2
0.001 0.001 0.001 0.991 0.001 0.001 0.001 0.001 0.001 0.001; % J D=2
0.001 0.001 0.001 0.001 0.001 0.001 0.001 0.991 0.001 0.001; % L D=2
0.258 0.003 0.348 0.003 0.003 0.003 0.373 0.003 0.003 0.003; % f D=2
0.001 0.991 0.001 0.001 0.001 0.001 0.001 0.001 0.001 0.001; % g D=2
0.001 0.001 0.001 0.001 0.001 0.001 0.001 0.001 0.001 0.991; % l D=2
0.228 0.003 0.003 0.003 0.003 0.003 0.358 0.003 0.393 0.003; % n D=2
0.001 0.001 0.001 0.001 0.991 0.001 0.001 0.001 0.001 0.001; % r D=2
0.001 0.001 0.001 0.001 0.001 0.991 0.001 0.001 0.001 0.001; % t D=2
0.01 0.01 0.316666666666667 0.01 0.01 0.01 0.316666666666667 0.01 0.296666666666667 0.01; % $ D=5
0.2325 0.0075 0.3725 0.0075 0.0075 0.0075 0.0075 0.0075 0.3425 0.0075; % B D=5
0.0025 0.0025 0.0025 0.9775 0.0025 0.0025 0.0025 0.0025 0.0025 0.0025; % J D=5
0.0025 0.0025 0.0025 0.0025 0.0025 0.0025 0.0025 0.9775 0.0025 0.0025; % L D=5
0.2475 0.0075 0.3375 0.0075 0.0075 0.0075 0.3625 0.0075 0.0075 0.0075; % f D=5
0.0025 0.9775 0.0025 0.0025 0.0025 0.0025 0.0025 0.0025 0.0025 0.0025; % g D=5
0.0025 0.0025 0.0025 0.0025 0.0025 0.0025 0.0025 0.0025 0.0025 0.9775; % l D=5
0.2175 0.0075 0.0075 0.0075 0.0075 0.0075 0.3475 0.0075 0.3825 0.0075; % n D=5
0.0025 0.0025 0.0025 0.0025 0.9775 0.0025 0.0025 0.0025 0.0025 0.0025; % r D=5
0.0025 0.0025 0.0025 0.0025 0.0025 0.9775 0.0025 0.0025 0.0025 0.0025]; % t D=5
