syllables = '$BDMNPRfgklm';
discounts = [0.01 0.02 0.05 0.1 0.2 0.5 1 2 5];
kn_probs = [2.22222222222222e-05 0.239955555555556 2.22222222222222e-05 2.22222222222222e-05 0.233288888888889 0.173288888888889 2.22222222222222e-05 2.22222222222222e-05 2.22222222222222e-05 0.353288888888889 2.22222222222222e-05 2.22222222222222e-05; % $ D=0.01
5.55555555555556e-06 5.55555555555556e-06 5.55555555555556e-06 5.55555555555556e-06 5.55555555555556e-06 5.55555555555556e-06 5.55555555555556e-06 5.55555555555556e-06 0.999938888888889 5.55555555555556e-06 5.55555555555556e-06 5.55555555555556e-06; % B D=0.01
0.286622222222222 0.239955555555556 2.22222222222222e-05 2.22222222222222e-05 2.22222222222222e-05 0.299955555555556 2.22222222222222e-05 2.22222222222222e-05 2.22222222222222e-05 0.173288888888889 2.22222222222222e-05 2.22222222222222e-05; % D D=0.01
5.55555555555556e-06 5.55555555555556e-06 5.55555555555556e-06 5.55555555555556e-06 5.55555555555556e-06 5.55555555555556e-06 5.55555555555556e-06 5.55555555555556e-06 5.55555555555556e-06 5.55555555555556e-06 5.55555555555556e-06 0.999938888888889; % M D=0.01
5.55555555555556e-06 5.55555555555556e-06 5.55555555555556e-06 5.55555555555556e-06 5.55555555555556e-06 5.55555555555556e-06 0.999938888888889 5.55555555555556e-06 5.55555555555556e-06 5.55555555555556e-06 5.55555555555556e-06 5.55555555555556e-06; % N D=0.01
5.55555555555556e-06 5.55555555555556e-06 5.55555555555556e-06 5.55555555555556e-06 5.55555555555556e-06 5.55555555555556e-06 5.55555555555556e-06 5.55555555555556e-06 5.55555555555556e-06 5.55555555555556e-06 0.999938888888889 5.55555555555556e-06; % P D=0.01
5.55555555555556e-06 5.55555555555556e-06 0.999938888888889 5.55555555555556e-06 5.55555555555556e-06 5.55555555555556e-06 5.55555555555556e-06 5.55555555555556e-06 5.55555555555556e-06 5.55555555555556e-06 5.55555555555556e-06 5.55555555555556e-06; % R D=0.01
0.299955555555556 0.159955555555556 2.22222222222222e-05 2.22222222222222e-05 0.239955555555556 0.299955555555556 2.22222222222222e-05 2.22222222222222e-05 2.22222222222222e-05 2.22222222222222e-05 2.22222222222222e-05 2.22222222222222e-05; % f D=0.01
5.55555555555556e-06 5.55555555555556e-06 5.55555555555556e-06 0.999938888888889 5.55555555555556e-06 5.55555555555556e-06 5.55555555555556e-06 5.55555555555556e-06 5.55555555555556e-06 5.55555555555556e-06 5.55555555555556e-06 5.55555555555556e-06; % g D=0.01
5.55555555555556e-06 5.55555555555556e-06 5.55555555555556e-06 5.55555555555556e-06 5.55555555555556e-06 5.55555555555556e-06 5.55555555555556e-06 0.999938888888889 5.55555555555556e-06 5.55555555555556e-06 5.55555555555556e-06 5.55555555555556e-06; % k D=0.01
0.173288888888889 0.359955555555556 2.22222222222222e-05 2.22222222222222e-05 0.246622222222222 2.22222222222222e-05 2.22222222222222e-05 2.22222222222222e-05 2.22222222222222e-05 0.219955555555556 2.22222222222222e-05 2.22222222222222e-05; % l D=0.01
0.239955555555556 2.22222222222222e-05 2.22222222222222e-05 2.22222222222222e-05 0.279955555555556 0.226622222222222 2.22222222222222e-05 2.22222222222222e-05 2.22222222222222e-05 0.253288888888889 2.22222222222222e-05 2.22222222222222e-05; % m D=0.01
4.44444444444444e-05 0.239911111111111 4.44444444444444e-05 4.44444444444444e-05 0.233244444444444 0.173244444444444 4.44444444444444e-05 4.44444444444444e-05 4.44444444444444e-05 0.353244444444444 4.44444444444444e-05 4.44444444444444e-05; % $ D=0.02
1.11111111111111e-05 1.11111111111111e-05 1.11111111111111e-05 1.11111111111111e-05 1.11111111111111e-05 1.11111111111111e-05 1.11111111111111e-05 1.11111111111111e-05 0.999877777777778 1.11111111111111e-05 1.11111111111111e-05 1.11111111111111e-05; % B D=0.02
0.286577777777778 0.239911111111111 4.44444444444444e-05 4.44444444444444e-05 4.44444444444444e-05 0.299911111111111 4.44444444444444e-05 4.44444444444444e-05 4.44444444444444e-05 0.173244444444444 4.44444444444444e-05 4.44444444444444e-05; % D D=0.02
1.11111111111111e-05 1.11111111111111e-05 1.11111111111111e-05 1.11111111111111e-05 1.11111111111111e-05 1.11111111111111e-05 1.11111111111111e-05 1.11111111111111e-05 1.11111111111111e-05 1.11111111111111e-05 1.11111111111111e-05 0.999877777777778; % M D=0.02
1.11111111111111e-05 1.11111111111111e-05 1.11111111111111e-05 1.11111111111111e-05 1.11111111111111e-05 1.11111111111111e-05 0.999877777777778 1.11111111111111e-05 1.11111111111111e-05 1.11111111111111e-05 1.11111111111111e-05 1.11111111111111e-05; % N D=0.02
1.11111111111111e-05 1.11111111111111e-05 1.11111111111111e-05 1.11111111111111e-05 1.11111111111111e-05 1.11111111111111e-05 1.11111111111111e-05 1.11111111111111e-05 1.11111111111111e-05 1.11111111111111e-05 0.999877777777778 1.11111111111111e-05; % P D=0.02
1.11111111111111e-05 1.11111111111111e-05 0.999877777777778 1.11111111111111e-05 1.11111111111111e-05 1.11111111111111e-05 1.11111111111111e-05 1.11111111111111e-05 1.11111111111111e-05 1.11111111111111e-05 1.11111111111111e-05 1.11111111111111e-05; % R D=0.02
0.299911111111111 0.159911111111111 4.44444444444444e-05 4.44444444444444e-05 0.239911111111111 0.299911111111111 4.44444444444444e-05 4.44444444444444e-05 4.44444444444444e-05 4.44444444444444e-05 4.44444444444444e-05 4.44444444444444e-05; % f D=0.02
1.11111111111111e-05 1.11111111111111e-05 1.11111111111111e-05 0.999877777777778 1.11111111111111e-05 1.11111111111111e-05 1.11111111111111e-05 1.11111111111111e-05 1.11111111111111e-05 1.11111111111111e-05 1.11111111111111e-05 1.11111111111111e-05; % g D=0.02
1.11111111111111e-05 1.11111111111111e-05 1.11111111111111e-05 1.11111111111111e-05 1.11111111111111e-05 1.11111111111111e-05 1.11111111111111e-05 0.999877777777778 1.11111111111111e-05 1.11111111111111e-05 1.11111111111111e-05 1.11111111111111e-05; % k D=0.02
0.173244444444444 0.359911111111111 4.44444444444444e-05 4.44444444444444e-05 0.246577777777778 4.44444444444444e-05 4.44444444444444e-05 4.44444444444444e-05 4.44444444444444e-05 0.219911111111111 4.44444444444444e-05 4.44444444444444e-05; % l D=0.02
0.239911111111111 4.44444444444444e-05 4.44444444444444e-05 4.44444444444444e-05 0.279911111111111 0.226577777777778 4.44444444444444e-05 4.44444444444444e-05 4.44444444444444e-05 0.253244444444444 4.44444444444444e-05 4.44444444444444e-05; % m D=0.02
0.000111111111111111 0.239777777777778 0.000111111111111111 0.000111111111111111 0.233111111111111 0.173111111111111 0.000111111111111111 0.000111111111111111 0.000111111111111111 0.353111111111111 0.000111111111111111 0.000111111111111111; % $ D=0.05
2.77777777777778e-05 2.77777777777778e-05 2.77777777777778e-05 2.77777777777778e-05 2.77777777777778e-05 2.77777777777778e-05 2.77777777777778e-05 2.77777777777778e-05 0.999694444444444 2.77777777777778e-05 2.77777777777778e-05 2.77777777777778e-05; % B D=0.05
0.286444444444444 0.239777777777778 0.000111111111111111 0.000111111111111111 0.000111111111111111 0.299777777777778 0.000111111111111111 0.000111111111111111 0.000111111111111111 0.173111111111111 0.000111111111111111 0.000111111111111111; % D D=0.05
2.77777777777778e-05 2.77777777777778e-05 2.77777777777778e-05 2.77777777777778e-05 2.77777777777778e-05 2.77777777777778e-05 2.77777777777778e-05 2.77777777777778e-05 2.77777777777778e-05 2.77777777777778e-05 2.77777777777778e-05 0.999694444444444; % M D=0.05
2.77777777777778e-05 2.77777777777778e-05 2.77777777777778e-05 2.77777777777778e-05 2.77777777777778e-05 2.77777777777778e-05 0.999694444444444 2.77777777777778e-05 2.77777777777778e-05 2.77777777777778e-05 2.77777777777778e-05 2.77777777777778e-05; % N D=0.05
2.77777777777778e-05 2.77777777777778e-05 2.77777777777778e-05 2.77777777777778e-05 2.77777777777778e-05 2.77777777777778e-05 2.77777777777778e-05 2.77777777777778e-05 2.77777777777778e-05 2.77777777777778e-05 0.999694444444444 2.77777777777778e-05; % P D=0.05
2.77777777777778e-05 2.77777777777778e-05 0.999694444444444 2.77777777777778e-05 2.77777777777778e-05 2.77777777777778e-05 2.77777777777778e-05 2.77777777777778e-05 2.77777777777778e-05 2.77777777777778e-05 2.77777777777778e-05 2.77777777777778e-05; % R D=0.05
0.299777777777778 0.159777777777778 0.000111111111111111 0.000111111111111111 0.239777777777778 0.299777777777778 0.000111111111111111 0.000111111111111111 0.000111111111111111 0.000111111111111111 0.000111111111111111 0.000111111111111111; % f D=0.05
2.77777777777778e-05 2.77777777777778e-05 2.77777777777778e-05 0.999694444444444 2.77777777777778e-05 2.77777777777778e-05 2.77777777777778e-05 2.77777777777778e-05 2.77777777777778e-05 2.77777777777778e-05 2.77777777777778e-05 2.77777777777778e-05; % g D=0.05
2.77777777777778e-05 2.77777777777778e-05 2.77777777777778e-05 2.77777777777778e-05 2.77777777777778e-05 2.77777777777778e-05 2.77777777777778e-05 0.999694444444444 2.77777777777778e-05 2.77777777777778e-05 2.77777777777778e-05 2.77777777777778e-05; % k D=0.05
0.173111111111111 0.359777777777778 0.000111111111111111 0.000111111111111111 0.246444444444444 0.000111111111111111 0.000111111111111111 0.000111111111111111 0.000111111111111111 0.219777777777778 0.000111111111111111 0.000111111111111111; % l D=0.05
0.239777777777778 0.000111111111111111 0.000111111111111111 0.000111111111111111 0.279777777777778 0.226444444444444 0.000111111111111111 0.000111111111111111 0.000111111111111111 0.253111111111111 0.000111111111111111 0.000111111111111111; % m D=0.05
0.000222222222222222 0.239555555555556 0.000222222222222222 0.000222222222222222 0.232888888888889 0.172888888888889 0.000222222222222222 0.000222222222222222 0.000222222222222222 0.352888888888889 0.000222222222222222 0.000222222222222222; % $ D=0.1
5.55555555555556e-05 5.55555555555556e-05 5.55555555555556e-05 5.55555555555556e-05 5.55555555555556e-05 5.55555555555556e-05 5.55555555555556e-05 5.55555555555556e-05 0.999388888888889 5.55555555555556e-05 5.55555555555556e-05 5.55555555555556e-05; % B D=0.1
0.286222222222222 0.239555555555556 0.000222222222222222 0.000222222222222222 0.000222222222222222 0.299555555555556 0.000222222222222222 0.000222222222222222 0.000222222222222222 0.172888888888889 0.000222222222222222 0.000222222222222222; % D D=0.1
5.55555555555556e-05 5.55555555555556e-05 5.55555555555556e-05 5.55555555555556e-05 5.55555555555556e-05 5.55555555555556e-05 5.55555555555556e-05 5.55555555555556e-05 5.55555555555556e-05 5.55555555555556e-05 5.55555555555556e-05 0.999388888888889; % M D=0.1
5.55555555555556e-05 5.55555555555556e-05 5.55555555555556e-05 5.55555555555556e-05 5.55555555555556e-05 5.55555555555556e-05 0.999388888888889 5.55555555555556e-05 5.55555555555556e-05 5.55555555555556e-05 5.55555555555556e-05 5.55555555555556e-05; % N D=0.1
5.55555555555556e-05 5.55555555555556e-05 5.55555555555556e-05 5.55555555555556e-05 5.55555555555556e-05 5.55555555555556e-05 5.55555555555556e-05 5.55555555555556e-05 5.55555555555556e-05 5.55555555555556e-05 0.999388888888889 5.55555555555556e-05; % P D=0.1
5.55555555555556e-05 5.55555555555556e-05 0.999388888888889 5.55555555555556e-05 5.55555555555556e-05 5.55555555555556e-05 5.55555555555556e-05 5.55555555555556e-05 5.55555555555556e-05 5.55555555555556e-05 5.55555555555556e-05 5.55555555555556e-05; % R D=0.1
0.299555555555556 0.159555555555556 0.000222222222222222 0.000222222222222222 0.239555555555556 0.299555555555556 0.000222222222222222 0.000222222222222222 0.000222222222222222 0.000222222222222222 0.000222222222222222 0.000222222222222222; % f D=0.1
5.55555555555556e-05 5.55555555555556e-05 5.55555555555556e-05 0.999388888888889 5.55555555555556e-05 5.55555555555556e-05 5.55555555555556e-05 5.55555555555556e-05 5.55555555555556e-05 5.55555555555556e-05 5.55555555555556e-05 5.55555555555556e-05; % g D=0.1
5.55555555555556e-05 5.55555555555556e-05 5.55555555555556e-05 5.55555555555556e-05 5.55555555555556e-05 5.55555555555556e-05 5.55555555555556e-05 0.999388888888889 5.55555555555556e-05 5.55555555555556e-05 5.55555555555556e-05 5.55555555555556e-05; % k D=0.1
0.172888888888889 0.359555555555556 0.000222222222222222 0.000222222222222222 0.246222222222222 0.000222222222222222 0.000222222222222222 0.000222222222222222 0.000222222222222222 0.219555555555556 0.000222222222222222 0.000222222222222222; % l D=0.1
0.239555555555556 0.000222222222222222 0.000222222222222222 0.000222222222222222 0.279555555555556 0.226222222222222 0.000222222222222222 0.000222222222222222 0.000222222222222222 0.252888888888889 0.000222222222222222 0.000222222222222222; % m D=0.1
0.000444444444444444 0.239111111111111 0.000444444444444444 0.000444444444444444 0.232444444444444 0.172444444444444 0.000444444444444444 0.000444444444444444 0.000444444444444444 0.352444444444444 0.000444444444444444 0.000444444444444444; % $ D=0.2
0.000111111111111111 0.000111111111111111 0.000111111111111111 0.000111111111111111 0.000111111111111111 0.000111111111111111 0.000111111111111111 0.000111111111111111 0.998777777777778 0.000111111111111111 0.000111111111111111 0.000111111111111111; % B D=0.2
0.285777777777778 0.239111111111111 0.000444444444444444 0.000444444444444444 0.000444444444444444 0.299111111111111 0.000444444444444444 0.000444444444444444 0.000444444444444444 0.172444444444444 0.000444444444444444 0.000444444444444444; % D D=0.2
0.000111111111111111 0.000111111111111111 0.000111111111111111 0.000111111111111111 0.000111111111111111 0.000111111111111111 0.000111111111111111 0.000111111111111111 0.000111111111111111 0.000111111111111111 0.000111111111111111 0.998777777777778; % M D=0.2
0.000111111111111111 0.000111111111111111 0.000111111111111111 0.000111111111111111 0.000111111111111111 0.000111111111111111 0.998777777777778 0.000111111111111111 0.000111111111111111 0.000111111111111111 0.000111111111111111 0.000111111111111111; % N D=0.2
0.000111111111111111 0.000111111111111111 0.000111111111111111 0.000111111111111111 0.000111111111111111 0.000111111111111111 0.000111111111111111 0.000111111111111111 0.000111111111111111 0.000111111111111111 0.998777777777778 0.000111111111111111; % P D=0.2
0.000111111111111111 0.000111111111111111 0.998777777777778 0.000111111111111111 0.000111111111111111 0.000111111111111111 0.000111111111111111 0.000111111111111111 0.000111111111111111 0.000111111111111111 0.000111111111111111 0.000111111111111111; % R D=0.2
0.299111111111111 0.159111111111111 0.000444444444444444 0.000444444444444444 0.239111111111111 0.299111111111111 0.000444444444444444 0.000444444444444444 0.000444444444444444 0.000444444444444444 0.000444444444444444 0.000444444444444444; % f D=0.2
0.000111111111111111 0.000111111111111111 0.000111111111111111 0.998777777777778 0.000111111111111111 0.000111111111111111 0.000111111111111111 0.000111111111111111 0.000111111111111111 0.000111111111111111 0.000111111111111111 0.000111111111111111; % g D=0.2
0.000111111111111111 0.000111111111111111 0.000111111111111111 0.000111111111111111 0.000111111111111111 0.000111111111111111 0.000111111111111111 0.998777777777778 0.000111111111111111 0.000111111111111111 0.000111111111111111 0.000111111111111111; % k D=0.2
0.172444444444444 0.359111111111111 0.000444444444444444 0.000444444444444444 0.245777777777778 0.000444444444444444 0.000444444444444444 0.000444444444444444 0.000444444444444444 0.219111111111111 0.000444444444444444 0.000444444444444444; % l D=0.2
0.239111111111111 0.000444444444444444 0.000444444444444444 0.000444444444444444 0.279111111111111 0.225777777777778 0.000444444444444444 0.000444444444444444 0.000444444444444444 0.252444444444444 0.000444444444444444 0.000444444444444444; % m D=0.2
0.00111111111111111 0.237777777777778 0.00111111111111111 0.00111111111111111 0.231111111111111 0.171111111111111 0.00111111111111111 0.00111111111111111 0.00111111111111111 0.351111111111111 0.00111111111111111 0.00111111111111111; % $ D=0.5
0.000277777777777778 0.000277777777777778 0.000277777777777778 0.000277777777777778 0.000277777777777778 0.000277777777777778 0.000277777777777778 0.000277777777777778 0.996944444444445 0.000277777777777778 0.000277777777777778 0.000277777777777778; % B D=0.5
0.284444444444444 0.237777777777778 0.00111111111111111 0.00111111111111111 0.00111111111111111 0.297777777777778 0.00111111111111111 0.00111111111111111 0.00111111111111111 0.171111111111111 0.00111111111111111 0.00111111111111111; % D D=0.5
0.000277777777777778 0.000277777777777778 0.000277777777777778 0.000277777777777778 0.000277777777777778 0.000277777777777778 0.000277777777777778 0.000277777777777778 0.000277777777777778 0.000277777777777778 0.000277777777777778 0.996944444444445; % M D=0.5
0.000277777777777778 0.000277777777777778 0.000277777777777778 0.000277777777777778 0.000277777777777778 0.000277777777777778 0.996944444444445 0.000277777777777778 0.000277777777777778 0.000277777777777778 0.000277777777777778 0.000277777777777778; % N D=0.5
0.000277777777777778 0.000277777777777778 0.000277777777777778 0.000277777777777778 0.000277777777777778 0.000277777777777778 0.000277777777777778 0.000277777777777778 0.000277777777777778 0.000277777777777778 0.996944444444445 0.000277777777777778; % P D=0.5
0.000277777777777778 0.000277777777777778 0.996944444444445 0.000277777777777778 0.000277777777777778 0.000277777777777778 0.000277777777777778 0.000277777777777778 0.000277777777777778 0.000277777777777778 0.000277777777777778 0.000277777777777778; % R D=0.5
0.297777777777778 0.157777777777778 0.00111111111111111 0.00111111111111111 0.237777777777778 0.297777777777778 0.00111111111111111 0.00111111111111111 0.00111111111111111 0.00111111111111111 0.00111111111111111 0.00111111111111111; % f D=0.5
0.000277777777777778 0.000277777777777778 0.000277777777777778 0.996944444444445 0.000277777777777778 0.000277777777777778 0.000277777777777778 0.000277777777777778 0.000277777777777778 0.000277777777777778 0.000277777777777778 0.000277777777777778; % g D=0.5
0.000277777777777778 0.000277777777777778 0.000277777777777778 0.000277777777777778 0.000277777777777778 0.000277777777777778 0.000277777777777778 0.996944444444445 0.000277777777777778 0.000277777777777778 0.000277777777777778 0.000277777777777778; % k D=0.5
0.171111111111111 0.357777777777778 0.00111111111111111 0.00111111111111111 0.244444444444444 0.00111111111111111 0.00111111111111111 0.00111111111111111 0.00111111111111111 0.217777777777778 0.00111111111111111 0.00111111111111111; % l D=0.5
0.237777777777778 0.00111111111111111 0.00111111111111111 0.00111111111111111 0.277777777777778 0.224444444444444 0.00111111111111111 0.00111111111111111 0.00111111111111111 0.251111111111111 0.00111111111111111 0.00111111111111111; % m D=0.5
0.00222222222222222 0.235555555555556 0.00222222222222222 0.00222222222222222 0.228888888888889 0.168888888888889 0.00222222222222222 0.00222222222222222 0.00222222222222222 0.348888888888889 0.00222222222222222 0.00222222222222222; % $ D=1
0.000555555555555556 0.000555555555555556 0.000555555555555556 0.000555555555555556 0.000555555555555556 0.000555555555555556 0.000555555555555556 0.000555555555555556 0.993888888888889 0.000555555555555556 0.000555555555555556 0.000555555555555556; % B D=1
0.282222222222222 0.235555555555556 0.00222222222222222 0.00222222222222222 0.00222222222222222 0.295555555555556 0.00222222222222222 0.00222222222222222 0.00222222222222222 0.168888888888889 0.00222222222222222 0.00222222222222222; % D D=1
0.000555555555555556 0.000555555555555556 0.000555555555555556 0.000555555555555556 0.000555555555555556 0.000555555555555556 0.000555555555555556 0.000555555555555556 0.000555555555555556 0.000555555555555556 0.000555555555555556 0.993888888888889; % M D=1
0.000555555555555556 0.000555555555555556 0.000555555555555556 0.000555555555555556 0.000555555555555556 0.000555555555555556 0.993888888888889 0.000555555555555556 0.000555555555555556 0.000555555555555556 0.000555555555555556 0.000555555555555556; % N D=1
0.000555555555555556 0.000555555555555556 0.000555555555555556 0.000555555555555556 0.000555555555555556 0.000555555555555556 0.000555555555555556 0.000555555555555556 0.000555555555555556 0.000555555555555556 0.993888888888889 0.000555555555555556; % P D=1
0.000555555555555556 0.000555555555555556 0.993888888888889 0.000555555555555556 0.000555555555555556 0.000555555555555556 0.000555555555555556 0.000555555555555556 0.000555555555555556 0.000555555555555556 0.000555555555555556 0.000555555555555556; % R D=1
0.295555555555556 0.155555555555556 0.00222222222222222 0.00222222222222222 0.235555555555556 0.295555555555556 0.00222222222222222 0.00222222222222222 0.00222222222222222 0.00222222222222222 0.00222222222222222 0.00222222222222222; % f D=1
0.000555555555555556 0.000555555555555556 0.000555555555555556 0.993888888888889 0.000555555555555556 0.000555555555555556 0.000555555555555556 0.000555555555555556 0.000555555555555556 0.000555555555555556 0.000555555555555556 0.000555555555555556; % g D=1
0.000555555555555556 0.000555555555555556 0.000555555555555556 0.000555555555555556 0.000555555555555556 0.000555555555555556 0.000555555555555556 0.993888888888889 0.000555555555555556 0.000555555555555556 0.000555555555555556 0.000555555555555556; % k D=1
0.168888888888889 0.355555555555556 0.00222222222222222 0.00222222222222222 0.242222222222222 0.00222222222222222 0.00222222222222222 0.00222222222222222 0.00222222222222222 0.215555555555556 0.00222222222222222 0.00222222222222222; % l D=1
0.235555555555556 0.00222222222222222 0.00222222222222222 0.00222222222222222 0.275555555555556 0.222222222222222 0.00222222222222222 0.00222222222222222 0.00222222222222222 0.248888888888889 0.00222222222222222 0.00222222222222222; % m D=1
0.00444444444444444 0.231111111111111 0.00444444444444444 0.00444444444444444 0.224444444444444 0.164444444444444 0.00444444444444444 0.00444444444444444 0.00444444444444444 0.344444444444444 0.00444444444444444 0.00444444444444444; % $ D=2
0.00111111111111111 0.00111111111111111 0.00111111111111111 0.00111111111111111 0.00111111111111111 0.00111111111111111 0.00111111111111111 0.00111111111111111 0.987777777777778 0.00111111111111111 0.00111111111111111 0.00111111111111111; % B D=2
0.277777777777778 0.231111111111111 0.00444444444444444 0.00444444444444444 0.00444444444444444 0.291111111111111 0.00444444444444444 0.00444444444444444 0.00444444444444444 0.164444444444444 0.00444444444444444 0.00444444444444444; % D D=2
0.00111111111111111 0.00111111111111111 0.00111111111111111 0.00111111111111111 0.00111111111111111 0.00111111111111111 0.00111111111111111 0.00111111111111111 0.00111111111111111 0.00111111111111111 0.00111111111111111 0.987777777777778; % M D=2
0.00111111111111111 0.00111111111111111 0.00111111111111111 0.00111111111111111 0.00111111111111111 0.00111111111111111 0.987777777777778 0.00111111111111111 0.00111111111111111 0.00111111111111111 0.00111111111111111 0.00111111111111111; % N D=2
0.00111111111111111 0.00111111111111111 0.00111111111111111 0.00111111111111111 0.00111111111111111 0.00111111111111111 0.00111111111111111 0.00111111111111111 0.00111111111111111 0.00111111111111111 0.987777777777778 0.00111111111111111; % P D=2
0.00111111111111111 0.00111111111111111 0.987777777777778 0.00111111111111111 0.00111111111111111 0.00111111111111111 0.00111111111111111 0.00111111111111111 0.00111111111111111 0.00111111111111111 0.00111111111111111 0.00111111111111111; % R D=2
0.291111111111111 0.151111111111111 0.00444444444444444 0.00444444444444444 0.231111111111111 0.291111111111111 0.00444444444444444 0.00444444444444444 0.00444444444444444 0.00444444444444444 0.00444444444444444 0.00444444444444444; % f D=2
0.00111111111111111 0.00111111111111111 0.00111111111111111 0.987777777777778 0.00111111111111111 0.00111111111111111 0.00111111111111111 0.00111111111111111 0.00111111111111111 0.00111111111111111 0.00111111111111111 0.00111111111111111; % g D=2
0.00111111111111111 0.00111111111111111 0.00111111111111111 0.00111111111111111 0.00111111111111111 0.00111111111111111 0.00111111111111111 0.987777777777778 0.00111111111111111 0.00111111111111111 0.00111111111111111 0.00111111111111111; % k D=2
0.164444444444444 0.351111111111111 0.00444444444444444 0.00444444444444444 0.237777777777778 0.00444444444444444 0.00444444444444444 0.00444444444444444 0.00444444444444444 0.211111111111111 0.00444444444444444 0.00444444444444444; % l D=2
0.231111111111111 0.00444444444444444 0.00444444444444444 0.00444444444444444 0.271111111111111 0.217777777777778 0.00444444444444444 0.00444444444444444 0.00444444444444444 0.244444444444444 0.00444444444444444 0.00444444444444444; % m D=2
0.0111111111111111 0.217777777777778 0.0111111111111111 0.0111111111111111 0.211111111111111 0.151111111111111 0.0111111111111111 0.0111111111111111 0.0111111111111111 0.331111111111111 0.0111111111111111 0.0111111111111111; % $ D=5
0.00277777777777778 0.00277777777777778 0.00277777777777778 0.00277777777777778 0.00277777777777778 0.00277777777777778 0.00277777777777778 0.00277777777777778 0.969444444444444 0.00277777777777778 0.00277777777777778 0.00277777777777778; % B D=5
0.264444444444444 0.217777777777778 0.0111111111111111 0.0111111111111111 0.0111111111111111 0.277777777777778 0.0111111111111111 0.0111111111111111 0.0111111111111111 0.151111111111111 0.0111111111111111 0.0111111111111111; % D D=5
0.00277777777777778 0.00277777777777778 0.00277777777777778 0.00277777777777778 0.00277777777777778 0.00277777777777778 0.00277777777777778 0.00277777777777778 0.00277777777777778 0.00277777777777778 0.00277777777777778 0.969444444444444; % M D=5
0.00277777777777778 0.00277777777777778 0.00277777777777778 0.00277777777777778 0.00277777777777778 0.00277777777777778 0.969444444444444 0.00277777777777778 0.00277777777777778 0.00277777777777778 0.00277777777777778 0.00277777777777778; % N D=5
0.00277777777777778 0.00277777777777778 0.00277777777777778 0.00277777777777778 0.00277777777777778 0.00277777777777778 0.00277777777777778 0.00277777777777778 0.00277777777777778 0.00277777777777778 0.969444444444444 0.00277777777777778; % P D=5
0.00277777777777778 0.00277777777777778 0.969444444444444 0.00277777777777778 0.00277777777777778 0.00277777777777778 0.00277777777777778 0.00277777777777778 0.00277777777777778 0.00277777777777778 0.00277777777777778 0.00277777777777778; % R D=5
0.277777777777778 0.137777777777778 0.0111111111111111 0.0111111111111111 0.217777777777778 0.277777777777778 0.0111111111111111 0.0111111111111111 0.0111111111111111 0.0111111111111111 0.0111111111111111 0.0111111111111111; % f D=5
0.00277777777777778 0.00277777777777778 0.00277777777777778 0.969444444444444 0.00277777777777778 0.00277777777777778 0.00277777777777778 0.00277777777777778 0.00277777777777778 0.00277777777777778 0.00277777777777778 0.00277777777777778; % g D=5
0.00277777777777778 0.00277777777777778 0.00277777777777778 0.00277777777777778 0.00277777777777778 0.00277777777777778 0.00277777777777778 0.969444444444444 0.00277777777777778 0.00277777777777778 0.00277777777777778 0.00277777777777778; % k D=5
0.151111111111111 0.337777777777778 0.0111111111111111 0.0111111111111111 0.224444444444444 0.0111111111111111 0.0111111111111111 0.0111111111111111 0.0111111111111111 0.197777777777778 0.0111111111111111 0.0111111111111111; % l D=5
0.217777777777778 0.0111111111111111 0.0111111111111111 0.0111111111111111 0.257777777777778 0.204444444444444 0.0111111111111111 0.0111111111111111 0.0111111111111111 0.231111111111111 0.0111111111111111 0.0111111111111111]; % m D=5
