syllables = '$GRTdkprvz';
discounts = [0.01 0.02 0.05 0.1 0.2 0.5 1 2 5];
kn_probs = [2e-05 0.333286666666667 2e-05 2e-05 2e-05 0.313286666666667 2e-05 2e-05 0.353286666666667 2e-05; % $ D=0.01
5e-06 5e-06 5e-06 0.999955 5e-06 5e-06 5e-06 5e-06 5e-06 5e-06; % G D=0.01
5e-06 5e-06 5e-06 5e-06 0.999955 5e-06 5e-06 5e-06 5e-06 5e-06; % R D=0.01
0.239965 1.5e-05 1.5e-05 1.5e-05 1.5e-05 0.389965 1.5e-05 1.5e-05 0.369965 1.5e-05; % T D=0.01
0.28997 0.33497 2e-05 2e-05 2e-05 0.00997 2e-05 2e-05 0.36497 2e-05; % d D=0.01
5e-06 5e-06 5e-06 5e-06 5e-06 5e-06 5e-06 5e-06 5e-06 0.999955; % k D=0.01
0.219965 0.414965 1.5e-05 1.5e-05 1.5e-05 0.364965 1.5e-05 1.5e-05 1.5e-05 1.5e-05; % p D=0.01
5e-06 5e-06 5e-06 5e-06 5e-06 5e-06 0.999955 5e-06 5e-06 5e-06; % r D=0.01
5e-06 5e-06 5e-06 5e-06 5e-06 5e-06 5e-06 0.999955 5e-06 5e-06; % v D=0.01
5e-06 5e-06 0.999955 5e-06 5e-06 5e-06 5e-06 5e-06 5e-06 5e-06; % z D=0.01
4e-05 0.33324 4e-05 4e-05 4e-05 0.31324 4e-05 4e-05 0.35324 4e-05; % $ D=0.02
1e-05 1e-05 1e-05 0.99991 1e-05 1e-05 1e-05 1e-05 1e-05 1e-05; % G D=0.02
1e-05 1e-05 1e-05 1e-05 0.99991 1e-05 1e-05 1e-05 1e-05 1e-05; % R D=0.02
0.23993 3e-05 3e-05 3e-05 3e-05 0.38993 3e-05 3e-05 0.36993 3e-05; % T D=0.02
0.28994 0.33494 4e-05 4e-05 4e-05 0.00994 4e-05 4e-05 0.36494 4e-05; % d D=0.02
1e-05 1e-05 1e-05 1e-05 1e-05 1e-05 1e-05 1e-05 1e-05 0.99991; % k D=0.02
0.21993 0.41493 3e-05 3e-05 3e-05 0.36493 3e-05 3e-05 3e-05 3e-05; % p D=0.02
1e-05 1e-05 1e-05 1e-05 1e-05 1e-05 0.99991 1e-05 1e-05 1e-05; % r D=0.02
1e-05 1e-05 1e-05 1e-05 1e-05 1e-05 1e-05 0.99991 1e-05 1e-05; % v D=0.02
1e-05 1e-05 0.99991 1e-05 1e-05 1e-05 1e-05 1e-05 1e-05 1e-05; % z D=0.02
0.0001 0.3331 0.0001 0.0001 0.0001 0.3131 0.0001 0.0001 0.3531 0.0001; % $ D=0.05
2.5e-05 2.5e-05 2.5e-05 0.999775 2.5e-05 2.5e-05 2.5e-05 2.5e-05 2.5e-05 2.5e-05; % G D=0.05
2.5e-05 2.5e-05 2.5e-05 2.5e-05 0.999775 2.5e-05 2.5e-05 2.5e-05 2.5e-05 2.5e-05; % R D=0.05
0.239825 7.5e-05 7.5e-05 7.5e-05 7.5e-05 0.389825 7.5e-05 7.5e-05 0.369825 7.5e-05; % T D=0.05
0.28985 0.33485 0.0001 0.0001 0.0001 0.00985 0.0001 0.0001 0.36485 0.0001; % d D=0.05
2.5e-05 2.5e-05 2.5e-05 2.5e-05 2.5e-05 2.5e-05 2.5e-05 2.5e-05 2.5e-05 0.999775; % k D=0.05
0.219825 0.414825 7.5e-05 7.5e-05 7.5e-05 0.364825 7.5e-05 7.5e-05 7.5e-05 7.5e-05; % p D=0.05
2.5e-05 2.5e-05 2.5e-05 2.5e-05 2.5e-05 2.5e-05 0.999775 2.5e-05 2.5e-05 2.5e-05; % r D=0.05
2.5e-05 2.5e-05 2.5e-05 2.5e-05 2.5e-05 2.5e-05 2.5e-05 0.999775 2.5e-05 2.5e-05; % v D=0.05
2.5e-05 2.5e-05 0.999775 2.5e-05 2.5e-05 2.5e-05 2.5e-05 2.5e-05 2.5e-05 2.5e-05; % z D=0.05
0.0002 0.332866666666667 0.0002 0.0002 0.0002 0.312866666666667 0.0002 0.0002 0.352866666666667 0.0002; % $ D=0.1
5e-05 5e-05 5e-05 0.99955 5e-05 5e-05 5e-05 5e-05 5e-05 5e-05; % G D=0.1
5e-05 5e-05 5e-05 5e-05 0.99955 5e-05 5e-05 5e-05 5e-05 5e-05; % R D=0.1
0.23965 0.00015 0.00015 0.00015 0.00015 0.38965 0.00015 0.00015 0.36965 0.00015; % T D=0.1
0.2897 0.3347 0.0002 0.0002 0.0002 0.0097 0.0002 0.0002 0.3647 0.0002; % d D=0.1
5e-05 5e-05 5e-05 5e-05 5e-05 5e-05 5e-05 5e-05 5e-05 0.99955; % k D=0.1
0.21965 0.41465 0.00015 0.00015 0.00015 0.36465 0.00015 0.00015 0.00015 0.00015; % p D=0.1
5e-05 5e-05 5e-05 5e-05 5e-05 5e-05 0.99955 5e-05 5e-05 5e-05; % r D=0.1
5e-05 5e-05 5e-05 5e-05 5e-05 5e-05 5e-05 0.99955 5e-05 5e-05; % v D=0.1
5e-05 5e-05 0.99955 5e-05 5e-05 5e-05 5e-05 5e-05 5e-05 5e-05; % z D=0.1
0.0004 0.3324 0.0004 0.0004 0.0004 0.3124 0.0004 0.0004 0.3524 0.0004; % $ D=0.2
0.0001 0.0001 0.0001 0.9991 0.0001 0.0001 0.0001 0.0001 0.0001 0.0001; % G D=0.2
0.0001 0.0001 0.0001 0.0001 0.9991 0.0001 0.0001 0.0001 0.0001 0.0001; % R D=0.2
0.2393 0.0003 0.0003 0.0003 0.0003 0.3893 0.0003 0.0003 0.3693 0.0003; % T D=0.2
0.2894 0.3344 0.0004 0.0004 0.0004 0.0094 0.0004 0.0004 0.3644 0.0004; % d D=0.2
0.0001 0.0001 0.0001 0.0001 0.0001 0.0001 0.0001 0.0001 0.0001 0.9991; % k D=0.2
0.2193 0.4143 0.0003 0.0003 0.0003 0.3643 0.0003 0.0003 0.0003 0.0003; % p D=0.2
0.0001 0.0001 0.0001 0.0001 0.0001 0.0001 0.9991 0.0001 0.0001 0.0001; % r D=0.2
0.0001 0.0001 0.0001 0.0001 0.0001 0.0001 0.0001 0.9991 0.0001 0.0001; % v D=0.2
0.0001 0.0001 0.9991 0.0001 0.0001 0.0001 0.0001 0.0001 0.0001 0.0001; % z D=0.2
0.001 0.331 0.001 0.001 0.001 0.311 0.001 0.001 0.351 0.001; % $ D=0.5
0.00025 0.00025 0.00025 0.99775 0.00025 0.00025 0.00025 0.00025 0.00025 0.00025; % G D=0.5
0.00025 0.00025 0.00025 0.00025 0.99775 0.00025 0.00025 0.00025 0.00025 0.00025; % R D=0.5
0.23825 0.00075 0.00075 0.00075 0.00075 0.38825 0.00075 0.00075 0.36825 0.00075; % T D=0.5
0.2885 0.3335 0.001 0.001 0.001 0.0085 0.001 0.001 0.3635 0.001; % d D=0.5
0.00025 0.00025 0.00025 0.00025 0.00025 0.00025 0.00025 0.00025 0.00025 0.99775; % k D=0.5
0.21825 0.41325 0.00075 0.00075 0.00075 0.36325 0.00075 0.00075 0.00075 0.00075; % p D=0.5
0.00025 0.00025 0.00025 0.00025 0.00025 0.00025 0.99775 0.00025 0.00025 0.00025; % r D=0.5
0.00025 0.00025 0.00025 0.00025 0.00025 0.00025 0.00025 0.99775 0.00025 0.00025; % v D=0.5
0.00025 0.00025 0.99775 0.00025 0.00025 0.00025 0.00025 0.00025 0.00025 0.00025; % z D=0.5
0.002 0.328666666666667 0.002 0.002 0.002 0.308666666666667 0.002 0.002 0.348666666666667 0.002; % $ D=1
0.0005 0.0005 0.0005 0.9955 0.0005 0.0005 0.0005 0.0005 0.0005 0.0005; % G D=1
0.0005 0.0005 0.0005 0.0005 0.9955 0.0005 0.0005 0.0005 0.0005 0.0005; % R D=1
0.2365 0.0015 0.0015 0.0015 0.0015 0.3865 0.0015 0.0015 0.3665 0.0015; % T D=1
0.287 0.332 0.002 0.002 0.002 0.007 0.002 0.002 0.362 0.002; % d D=1
0.0005 0.0005 0.0005 0.0005 0.0005 0.0005 0.0005 0.0005 0.0005 0.9955; % k D=1
0.2165 0.4115 0.0015 0.0015 0.0015 0.3615 0.0015 0.0015 0.0015 0.0015; % p D=1
0.0005 0.0005 0.0005 0.0005 0.0005 0.0005 0.9955 0.0005 0.0005 0.0005; % r D=1
0.0005 0.0005 0.0005 0.0005 0.0005 0.0005 0.0005 0.9955 0.0005 0.0005; % v D=1
0.0005 0.0005 0.9955 0.0005 0.0005 0.0005 0.0005 0.0005 0.0005 0.0005; % z D=1
0.004 0.324 0.004 0.004 0.004 0.304 0.004 0.004 0.344 0.004; % $ D=2
0.001 0.001 0.001 0.991 0.001 0.001 0.001 0.001 0.001 0.001; % G D=2
0.001 0.001 0.001 0.001 0.991 0.001 0.001 0.001 0.001 0.001; % R D=2
0.233 0.003 0.003 0.003 0.003 0.383 0.003 0.003 0.363 0.003; % T D=2
0.284 0.329 0.004 0.004 0.004 0.004 0.004 0.004 0.359 0.004; % d D=2
0.001 0.001 0.001 0.001 0.001 0.001 0.001 0.001 0.001 0.991; % k D=2
0.213 0.408 0.003 0.003 0.003 0.358 0.003 0.003 0.003 0.003; % p D=2
0.001 0.001 0.001 0.001 0.001 0.001 0.991 0.001 0.001 0.001; % r D=2
0.001 0.001 0.001 0.001 0.001 0.001 0.001 0.991 0.001 0.001; % v D=2
0.001 0.001 0.991 0.001 0.001 0.001 0.001 0.001 0.001 0.001; % z D=2
0.01 0.31 0.01 0.01 0.01 0.29 0.01 0.01 0.33 0.01; % $ D=5
0.0025 0.0025 0.0025 0.9775 0.0025 0.0025 0.0025 0.0025 0.0025 0.0025; % G D=5
0.0025 0.0025 0.0025 0.0025 0.9775 0.0025 0.0025 0.0025 0.0025 0.0025; % R D=5
0.2225 0.0075 0.0075 0.0075 0.0075 0.3725 0.0075 0.0075 0.3525 0.0075; % T D=5
0.275 0.32 0.01 0.01 0.01 0.01 0.01 0.01 0.35 0.01; % d D=5
0.0025 0.0025 0.0025 0.0025 0.0025 0.0025 0.0025 0.0025 0.0025 0.9775; % k D=5
0.2025 0.3975 0.0075 0.0075 0.0075 0.3475 0.0075 0.0075 0.0075 0.0075; % p D=5
0.0025 0.0025 0.0025 0.0025 0.0025 0.0025 0.9775 0.0025 0.0025 0.0025; % r D=5
0.0025 0.0025 0.0025 0.0025 0.0025 0.0025 0.0025 0.9775 0.0025 0.0025; % v D=5
0.0025 0.0025 0.9775 0.0025 0.0025 0.0025 0.0025 0.0025 0.0025 0.0025]; % z D=5
