syllables = '$KPTVdfgkz';
discounts = [0.01 0.02 0.05 0.1 0.2 0.5 1 2 5];
kn_probs = [2e-05 2e-05 2e-05 2e-05 2e-05 0.34662 0.36662 2e-05 0.28662 2e-05; % $ D=0.01
0.27997 2e-05 2e-05 2e-05 2e-05 0.24497 0.25497 2e-05 0.21997 2e-05; % K D=0.01
5e-06 0.999955 5e-06 5e-06 5e-06 5e-06 5e-06 5e-06 5e-06 5e-06; % P D=0.01
0.23497 2e-05 2e-05 2e-05 2e-05 0.27497 0.23497 2e-05 0.25497 2e-05; % T D=0.01
5e-06 5e-06 5e-06 5e-06 5e-06 5e-06 5e-06 0.999955 5e-06 5e-06; % V D=0.01
5e-06 5e-06 5e-06 5e-06 0.999955 5e-06 5e-06 5e-06 5e-06 5e-06; % d D=0.01
5e-06 5e-06 5e-06 0.999955 5e-06 5e-06 5e-06 5e-06 5e-06 5e-06; % f D=0.01
0.23497 2e-05 2e-05 2e-05 2e-05 0.21997 0.23497 2e-05 0.30997 2e-05; % g D=0.01
5e-06 5e-06 5e-06 5e-06 5e-06 5e-06 5e-06 5e-06 5e-06 0.999955; % k D=0.01
5e-06 5e-06 0.999955 5e-06 5e-06 5e-06 5e-06 5e-06 5e-06 5e-06; % z D=0.01
4e-05 4e-05 4e-05 4e-05 4e-05 0.346573333333333 0.366573333333333 4e-05 0.286573333333333 4e-05; % $ D=0.02
0.27994 4e-05 4e-05 4e-05 4e-05 0.24494 0.25494 4e-05 0.21994 4e-05; % K D=0.02
1e-05 0.99991 1e-05 1e-05 1e-05 1e-05 1e-05 1e-05 1e-05 1e-05; % P D=0.02
0.23494 4e-05 4e-05 4e-05 4e-05 0.27494 0.23494 4e-05 0.25494 4e-05; % T D=0.02
1e-05 1e-05 1e-05 1e-05 1e-05 1e-05 1e-05 0.99991 1e-05 1e-05; % V D=0.02
1e-05 1e-05 1e-05 1e-05 0.99991 1e-05 1e-05 1e-05 1e-05 1e-05; % d D=0.02
1e-05 1e-05 1e-05 0.99991 1e-05 1e-05 1e-05 1e-05 1e-05 1e-05; % f D=0.02
0.23494 4e-05 4e-05 4e-05 4e-05 0.21994 0.23494 4e-05 0.30994 4e-05; % g D=0.02
1e-05 1e-05 1e-05 1e-05 1e-05 1e-05 1e-05 1e-05 1e-05 0.99991; % k D=0.02
1e-05 1e-05 0.99991 1e-05 1e-05 1e-05 1e-05 1e-05 1e-05 1e-05; % z D=0.02
0.0001 0.0001 0.0001 0.0001 0.0001 0.346433333333333 0.366433333333333 0.0001 0.286433333333333 0.0001; % $ D=0.05
0.27985 0.0001 0.0001 0.0001 0.0001 0.24485 0.25485 0.0001 0.21985 0.0001; % K D=0.05
2.5e-05 0.999775 2.5e-05 2.5e-05 2.5e-05 2.5e-05 2.5e-05 2.5e-05 2.5e-05 2.5e-05; % P D=0.05
0.23485 0.0001 0.0001 0.0001 0.0001 0.27485 0.23485 0.0001 0.25485 0.0001; % T D=0.05
2.5e-05 2.5e-05 2.5e-05 2.5e-05 2.5e-05 2.5e-05 2.5e-05 0.999775 2.5e-05 2.5e-05; % V D=0.05
2.5e-05 2.5e-05 2.5e-05 2.5e-05 0.999775 2.5e-05 2.5e-05 2.5e-05 2.5e-05 2.5e-05; % d D=0.05
2.5e-05 2.5e-05 2.5e-05 0.999775 2.5e-05 2.5e-05 2.5e-05 2.5e-05 2.5e-05 2.5e-05; % f D=0.05
0.23485 0.0001 0.0001 0.0001 0.0001 0.21985 0.23485 0.0001 0.30985 0.0001; % g D=0.05
2.5e-05 2.5e-05 2.5e-05 2.5e-05 2.5e-05 2.5e-05 2.5e-05 2.5e-05 2.5e-05 0.999775; % k D=0.05
2.5e-05 2.5e-05 0.999775 2.5e-05 2.5e-05 2.5e-05 2.5e-05 2.5e-05 2.5e-05 2.5e-05; % z D=0.05
0.0002 0.0002 0.0002 0.0002 0.0002 0.3462 0.3662 0.0002 0.2862 0.0002; % $ D=0.1
0.2797 0.0002 0.0002 0.0002 0.0002 0.2447 0.2547 0.0002 0.2197 0.0002; % K D=0.1
5e-05 0.99955 5e-05 5e-05 5e-05 5e-05 5e-05 5e-05 5e-05 5e-05; % P D=0.1
0.2347 0.0002 0.0002 0.0002 0.0002 0.2747 0.2347 0.0002 0.2547 0.0002; % T D=0.1
5e-05 5e-05 5e-05 5e-05 5e-05 5e-05 5e-05 0.99955 5e-05 5e-05; % V D=0.1
5e-05 5e-05 5e-05 5e-05 0.99955 5e-05 5e-05 5e-05 5e-05 5e-05; % d D=0.1
5e-05 5e-05 5e-05 0.99955 5e-05 5e-05 5e-05 5e-05 5e-05 5e-05; % f D=0.1
0.2347 0.0002 0.0002 0.0002 0.0002 0.2197 0.2347 0.0002 0.3097 0.0002; % g D=0.1
5e-05 5e-05 5e-05 5e-05 5e-05 5e-05 5e-05 5e-05 5e-05 0.99955; % k D=0.1
5e-05 5e-05 0.99955 5e-05 5e-05 5e-05 5e-05 5e-05 5e-05 5e-05; % z D=0.1
0.0004 0.0004 0.0004 0.0004 0.0004 0.345733333333333 0.365733333333333 0.0004 0.285733333333333 0.0004; % $ D=0.2
0.2794 0.0004 0.0004 0.0004 0.0004 0.2444 0.2544 0.0004 0.2194 0.0004; % K D=0.2
0.0001 0.9991 0.0001 0.0001 0.0001 0.0001 0.0001 0.0001 0.0001 0.0001; % P D=0.2
0.2344 0.0004 0.0004 0.0004 0.0004 0.2744 0.2344 0.0004 0.2544 0.0004; % T D=0.2
0.0001 0.0001 0.0001 0.0001 0.0001 0.0001 0.0001 0.9991 0.0001 0.0001; % V D=0.2
0.0001 0.0001 0.0001 0.0001 0.9991 0.0001 0.0001 0.0001 0.0001 0.0001; % d D=0.2
0.0001 0.0001 0.0001 0.9991 0.0001 0.0001 0.0001 0.0001 0.0001 0.0001; % f D=0.2
0.2344 0.0004 0.0004 0.0004 0.0004 0.2194 0.2344 0.0004 0.3094 0.0004; % g D=0.2
0.0001 0.0001 0.0001 0.0001 0.0001 0.0001 0.0001 0.0001 0.0001 0.9991; % k D=0.2
0.0001 0.0001 0.9991 0.0001 0.0001 0.0001 0.0001 0.0001 0.0001 0.0001; % z D=0.2
0.001 0.001 0.001 0.001 0.001 0.344333333333333 0.364333333333333 0.001 0.284333333333333 0.001; % $ D=0.5
0.2785 0.001 0.001 0.001 0.001 0.2435 0.2535 0.001 0.2185 0.001; % K D=0.5
0.00025 0.99775 0.00025 0.00025 0.00025 0.00025 0.00025 0.00025 0.00025 0.00025; % P D=0.5
0.2335 0.001 0.001 0.001 0.001 0.2735 0.2335 0.001 0.2535 0.001; % T D=0.5
0.00025 0.00025 0.00025 0.00025 0.00025 0.00025 0.00025 0.99775 0.00025 0.00025; % V D=0.5
0.00025 0.00025 0.00025 0.00025 0.99775 0.00025 0.00025 0.00025 0.00025 0.00025; % d D=0.5
0.00025 0.00025 0.00025 0.99775 0.00025 0.00025 0.00025 0.00025 0.00025 0.00025; % f D=0.5
0.2335 0.001 0.001 0.001 0.001 0.2185 0.2335 0.001 0.3085 0.001; % g D=0.5
0.00025 0.00025 0.00025 0.00025 0.00025 0.00025 0.00025 0.00025 0.00025 0.99775; % k D=0.5
0.00025 0.00025 0.99775 0.00025 0.00025 0.00025 0.00025 0.00025 0.00025 0.00025; % z D=0.5
0.002 0.002 0.002 0.002 0.002 0.342 0.362 0.002 0.282 0.002; % $ D=1
0.277 0.002 0.002 0.002 0.002 0.242 0.252 0.002 0.217 0.002; % K D=1
0.0005 0.9955 0.0005 0.0005 0.0005 0.0005 0.0005 0.0005 0.0005 0.0005; % P D=1
0.232 0.002 0.002 0.002 0.002 0.272 0.232 0.002 0.252 0.002; % T D=1
0.0005 0.0005 0.0005 0.0005 0.0005 0.0005 0.0005 0.9955 0.0005 0.0005; % V D=1
0.0005 0.0005 0.0005 0.0005 0.9955 0.0005 0.0005 0.0005 0.0005 0.0005; % d D=1
0.0005 0.0005 0.0005 0.9955 0.0005 0.0005 0.0005 0.0005 0.0005 0.0005; % f D=1
0.232 0.002 0.002 0.002 0.002 0.217 0.232 0.002 0.307 0.002; % g D=1
0.0005 0.0005 0.0005 0.0005 0.0005 0.0005 0.0005 0.0005 0.0005 0.9955; % k D=1
0.0005 0.0005 0.9955 0.0005 0.0005 0.0005 0.0005 0.0005 0.0005 0.0005; % z D=1
0.004 0.004 0.004 0.004 0.004 0.337333333333333 0.357333333333333 0.004 0.277333333333333 0.004; % $ D=2
0.274 0.004 0.004 0.004 0.004 0.239 0.249 0.004 0.214 0.004; % K D=2
0.001 0.991 0.001 0.001 0.001 0.001 0.001 0.001 0.001 0.001; % P D=2
0.229 0.004 0.004 0.004 0.004 0.269 0.229 0.004 0.249 0.004; % T D=2
0.001 0.001 0.001 0.001 0.001 0.001 0.001 0.991 0.001 0.001; % V D=2
0.001 0.001 0.001 0.001 0.991 0.001 0.001 0.001 0.001 0.001; % d D=2
0.001 0.001 0.001 0.991 0.001 0.001 0.001 0.001 0.001 0.001; % f D=2
0.229 0.004 0.004 0.004 0.004 0.214 0.229 0.004 0.304 0.004; % g D=2
0.001 0.001 0.001 0.001 0.001 0.001 0.001 0.001 0.001 0.991; % k D=2
0.001 0.001 0.991 0.001 0.001 0.001 0.001 0.001 0.001 0.001; % z D=2
0.01 0.01 0.01 0.01 0.01 0.323333333333333 0.343333333333333 0.01 0.263333333333333 0.01; % $ D=5
0.265 0.01 0.01 0.01 0.01 0.23 0.24 0.01 0.205 0.01; % K D=5
0.0025 0.9775 0.0025 0.0025 0.0025 0.0025 0.0025 0.0025 0.0025 0.0025; % P D=5
0.22 0.01 0.01 0.01 0.01 0.26 0.22 0.01 0.24 0.01; % T D=5
0.0025 0.0025 0.0025 0.0025 0.0025 0.0025 0.0025 0.9775 0.0025 0.0025; % V D=5
0.0025 0.0025 0.0025 0.0025 0.9775 0.0025 0.0025 0.0025 0.0025 0.0025; % d D=5
0.0025 0.0025 0.0025 0.9775 0.0025 0.0025 0.0025 0.0025 0.0025 0.0025; % f D=5
0.22 0.01 0.01 0.01 0.01 0.205 0.22 0.01 0.295 0.01; % g D=5
0.0025 0.0025 0.0025 0.0025 0.0025 0.0025 0.0025 0.0025 0.0025 0.9775; % k D=5
0.0025 0.0025 0.9775 0.0025 0.0025 0.0025 0.0025 0.0025 0.0025 0.0025]; % z D=5
