syllables = '$NVZbdmrvz';
discounts = [0.01 0.02 0.05 0.1 0.2 0.5 1 2 5];
kn_probs = [2e-05 2e-05 0.313286666666667 2e-05 0.333286666666667 2e-05 2e-05 2e-05 0.353286666666667 2e-05; % $ D=0.01
0.30497 2e-05 0.16497 2e-05 0.29997 2e-05 2e-05 2e-05 0.22997 2e-05; % N D=0.01
5e-06 5e-06 5e-06 5e-06 5e-06 0.999955 5e-06 5e-06 5e-06 5e-06; % V D=0.01
5e-06 5e-06 5e-06 5e-06 5e-06 5e-06 5e-06 0.999955 5e-06 5e-06; % Z D=0.01
5e-06 5e-06 5e-06 5e-06 5e-06 5e-06 5e-06 5e-06 5e-06 0.999955; % b D=0.01
5e-06 0.999955 5e-06 5e-06 5e-06 5e-06 5e-06 5e-06 5e-06 5e-06; % d D=0.01
0.20997 2e-05 0.32997 2e-05 0.25497 2e-05 2e-05 2e-05 0.20497 2e-05; % m D=0.01
0.23497 2e-05 0.26997 2e-05 0.19497 2e-05 2e-05 2e-05 0.29997 2e-05; % r D=0.01
5e-06 5e-06 5e-06 5e-06 5e-06 5e-06 0.999955 5e-06 5e-06 5e-06; % v D=0.01
5e-06 5e-06 5e-06 0.999955 5e-06 5e-06 5e-06 5e-06 5e-06 5e-06; % z D=0.01
4e-05 4e-05 0.31324 4e-05 0.33324 4e-05 4e-05 4e-05 0.35324 4e-05; % $ D=0.02
0.30494 4e-05 0.16494 4e-05 0.29994 4e-05 4e-05 4e-05 0.22994 4e-05; % N D=0.02
1e-05 1e-05 1e-05 1e-05 1e-05 0.99991 1e-05 1e-05 1e-05 1e-05; % V D=0.02
1e-05 1e-05 1e-05 1e-05 1e-05 1e-05 1e-05 0.99991 1e-05 1e-05; % Z D=0.02
1e-05 1e-05 1e-05 1e-05 1e-05 1e-05 1e-05 1e-05 1e-05 0.99991; % b D=0.02
1e-05 0.99991 1e-05 1e-05 1e-05 1e-05 1e-05 1e-05 1e-05 1e-05; % d D=0.02
0.20994 4e-05 0.32994 4e-05 0.25494 4e-05 4e-05 4e-05 0.20494 4e-05; % m D=0.02
0.23494 4e-05 0.26994 4e-05 0.19494 4e-05 4e-05 4e-05 0.29994 4e-05; % r D=0.02
1e-05 1e-05 1e-05 1e-05 1e-05 1e-05 0.99991 1e-05 1e-05 1e-05; % v D=0.02
1e-05 1e-05 1e-05 0.99991 1e-05 1e-05 1e-05 1e-05 1e-05 1e-05; % z D=0.02
0.0001 0.0001 0.3131 0.0001 0.3331 0.0001 0.0001 0.0001 0.3531 0.0001; % $ D=0.05
0.30485 0.0001 0.16485 0.0001 0.29985 0.0001 0.0001 0.0001 0.22985 0.0001; % N D=0.05
2.5e-05 2.5e-05 2.5e-05 2.5e-05 2.5e-05 0.999775 2.5e-05 2.5e-05 2.5e-05 2.5e-05; % V D=0.05
2.5e-05 2.5e-05 2.5e-05 2.5e-05 2.5e-05 2.5e-05 2.5e-05 0.999775 2.5e-05 2.5e-05; % Z D=0.05
2.5e-05 2.5e-05 2.5e-05 2.5e-05 2.5e-05 2.5e-05 2.5e-05 2.5e-05 2.5e-05 0.999775; % b D=0.05
2.5e-05 0.999775 2.5e-05 2.5e-05 2.5e-05 2.5e-05 2.5e-05 2.5e-05 2.5e-05 2.5e-05; % d D=0.05
0.20985 0.0001 0.32985 0.0001 0.25485 0.0001 0.0001 0.0001 0.20485 0.0001; % m D=0.05
0.23485 0.0001 0.26985 0.0001 0.19485 0.0001 0.0001 0.0001 0.29985 0.0001; % r D=0.05
2.5e-05 2.5e-05 2.5e-05 2.5e-05 2.5e-05 2.5e-05 0.999775 2.5e-05 2.5e-05 2.5e-05; % v D=0.05
2.5e-05 2.5e-05 2.5e-05 0.999775 2.5e-05 2.5e-05 2.5e-05 2.5e-05 2.5e-05 2.5e-05; % z D=0.05
0.0002 0.0002 0.312866666666667 0.0002 0.332866666666667 0.0002 0.0002 0.0002 0.352866666666667 0.0002; % $ D=0.1
0.3047 0.0002 0.1647 0.0002 0.2997 0.0002 0.0002 0.0002 0.2297 0.0002; % N D=0.1
5e-05 5e-05 5e-05 5e-05 5e-05 0.99955 5e-05 5e-05 5e-05 5e-05; % V D=0.1
5e-05 5e-05 5e-05 5e-05 5e-05 5e-05 5e-05 0.99955 5e-05 5e-05; % Z D=0.1
5e-05 5e-05 5e-05 5e-05 5e-05 5e-05 5e-05 5e-05 5e-05 0.99955; % b D=0.1
5e-05 0.99955 5e-05 5e-05 5e-05 5e-05 5e-05 5e-05 5e-05 5e-05; % d D=0.1
0.2097 0.0002 0.3297 0.0002 0.2547 0.0002 0.0002 0.0002 0.2047 0.0002; % m D=0.1
0.2347 0.0002 0.2697 0.0002 0.1947 0.0002 0.0002 0.0002 0.2997 0.0002; % r D=0.1
5e-05 5e-05 5e-05 5e-05 5e-05 5e-05 0.99955 5e-05 5e-05 5e-05; % v D=0.1
5e-05 5e-05 5e-05 0.99955 5e-05 5e-05 5e-05 5e-05 5e-05 5e-05; % z D=0.1
0.0004 0.0004 0.3124 0.0004 0.3324 0.0004 0.0004 0.0004 0.3524 0.0004; % $ D=0.2
0.3044 0.0004 0.1644 0.0004 0.2994 0.0004 0.0004 0.0004 0.2294 0.0004; % N D=0.2
0.0001 0.0001 0.0001 0.0001 0.0001 0.9991 0.0001 0.0001 0.0001 0.0001; % V D=0.2
0.0001 0.0001 0.0001 0.0001 0.0001 0.0001 0.0001 0.9991 0.0001 0.0001; % Z D=0.2
0.0001 0.0001 0.0001 0.0001 0.0001 0.0001 0.0001 0.0001 0.0001 0.9991; % b D=0.2
0.0001 0.9991 0.0001 0.0001 0.0001 0.0001 0.0001 0.0001 0.0001 0.0001; % d D=0.2
0.2094 0.0004 0.3294 0.0004 0.2544 0.0004 0.0004 0.0004 0.2044 0.0004; % m D=0.2
0.2344 0.0004 0.2694 0.0004 0.1944 0.0004 0.0004 0.0004 0.2994 0.0004; % r D=0.2
0.0001 0.0001 0.0001 0.0001 0.0001 0.0001 0.9991 0.0001 0.0001 0.0001; % v D=0.2
0.0001 0.0001 0.0001 0.9991 0.0001 0.0001 0.0001 0.0001 0.0001 0.0001; % z D=0.2
0.001 0.001 0.311 0.001 0.331 0.001 0.001 0.001 0.351 0.001; % $ D=0.5
0.3035 0.001 0.1635 0.001 0.2985 0.001 0.001 0.001 0.2285 0.001; % N D=0.5
0.00025 0.00025 0.00025 0.00025 0.00025 0.99775 0.00025 0.00025 0.00025 0.00025; % V D=0.5
0.00025 0.00025 0.00025 0.00025 0.00025 0.00025 0.00025 0.99775 0.00025 0.00025; % Z D=0.5
0.00025 0.00025 0.00025 0.00025 0.00025 0.00025 0.00025 0.00025 0.00025 0.99775; % b D=0.5
0.00025 0.99775 0.00025 0.00025 0.00025 0.00025 0.00025 0.00025 0.00025 0.00025; % d D=0.5
0.2085 0.001 0.3285 0.001 0.2535 0.001 0.001 0.001 0.2035 0.001; % m D=0.5
0.2335 0.001 0.2685 0.001 0.1935 0.001 0.001 0.001 0.2985 0.001; % r D=0.5
0.00025 0.00025 0.00025 0.00025 0.00025 0.00025 0.99775 0.00025 0.00025 0.00025; % v D=0.5
0.00025 0.00025 0.00025 0.99775 0.00025 0.00025 0.00025 0.00025 0.00025 0.00025; % z D=0.5
0.002 0.002 0.308666666666667 0.002 0.328666666666667 0.002 0.002 0.002 0.348666666666667 0.002; % $ D=1
0.302 0.002 0.162 0.002 0.297 0.002 0.002 0.002 0.227 0.002; % N D=1
0.0005 0.0005 0.0005 0.0005 0.0005 0.9955 0.0005 0.0005 0.0005 0.0005; % V D=1
0.0005 0.0005 0.0005 0.0005 0.0005 0.0005 0.0005 0.9955 0.0005 0.0005; % Z D=1
0.0005 0.0005 0.0005 0.0005 0.0005 0.0005 0.0005 0.0005 0.0005 0.9955; % b D=1
0.0005 0.9955 0.0005 0.0005 0.0005 0.0005 0.0005 0.0005 0.0005 0.0005; % d D=1
0.207 0.002 0.327 0.002 0.252 0.002 0.002 0.002 0.202 0.002; % m D=1
0.232 0.002 0.267 0.002 0.192 0.002 0.002 0.002 0.297 0.002; % r D=1
0.0005 0.0005 0.0005 0.0005 0.0005 0.0005 0.9955 0.0005 0.0005 0.0005; % v D=1
0.0005 0.0005 0.0005 0.9955 0.0005 0.0005 0.0005 0.0005 0.0005 0.0005; % z D=1
0.004 0.004 0.304 0.004 0.324 0.004 0.004 0.004 0.344 0.004; % $ D=2
0.299 0.004 0.159 0.004 0.294 0.004 0.004 0.004 0.224 0.004; % N D=2
0.001 0.001 0.001 0.001 0.001 0.991 0.001 0.001 0.001 0.001; % V D=2
0.001 0.001 0.001 0.001 0.001 0.001 0.001 0.991 0.001 0.001; % Z D=2
0.001 0.001 0.001 0.001 0.001 0.001 0.001 0.001 0.001 0.991; % b D=2
0.001 0.991 0.001 0.001 0.001 0.001 0.001 0.001 0.001 0.001; % d D=2
0.204 0.004 0.324 0.004 0.249 0.004 0.004 0.004 0.199 0.004; % m D=2
0.229 0.004 0.264 0.004 0.189 0.004 0.004 0.004 0.294 0.004; % r D=2
0.001 0.001 0.001 0.001 0.001 0.001 0.991 0.001 0.001 0.001; % v D=2
0.001 0.001 0.001 0.991 0.001 0.001 0.001 0.001 0.001 0.001; % z D=2
0.01 0.01 0.29 0.01 0.31 0.01 0.01 0.01 0.33 0.01; % $ D=5
0.29 0.01 0.15 0.01 0.285 0.01 0.01 0.01 0.215 0.01; % N D=5
0.0025 0.0025 0.0025 0.0025 0.0025 0.9775 0.0025 0.0025 0.0025 0.0025; % V D=5
0.0025 0.0025 0.0025 0.0025 0.0025 0.0025 0.0025 0.9775 0.0025 0.0025; % Z D=5
0.0025 0.0025 0.0025 0.0025 0.0025 0.0025 0.0025 0.0025 0.0025 0.9775; % b D=5
0.0025 0.9775 0.0025 0.0025 0.0025 0.0025 0.0025 0.0025 0.0025 0.0025; % d D=5
0.195 0.01 0.315 0.01 0.24 0.01 0.01 0.01 0.19 0.01; % m D=5
0.22 0.01 0.255 0.01 0.18 0.01 0.01 0.01 0.285 0.01; % r D=5
0.0025 0.0025 0.0025 0.0025 0.0025 0.0025 0.9775 0.0025 0.0025 0.0025; % v D=5
0.0025 0.0025 0.0025 0.9775 0.0025 0.0025 0.0025 0.0025 0.0025 0.0025]; % z D=5
