syllables = '$BGJPTmnrv';
discounts = [0.01 0.02 0.05 0.1 0.2 0.5 1 2 5];
kn_probs = [2e-05 0.353286666666667 2e-05 2e-05 2e-05 2e-05 0.353286666666667 0.293286666666667 2e-05 2e-05; % $ D=0.01
5e-06 5e-06 5e-06 5e-06 0.999955 5e-06 5e-06 5e-06 5e-06 5e-06; % B D=0.01
5e-06 5e-06 5e-06 5e-06 5e-06 5e-06 5e-06 5e-06 5e-06 0.999955; % G D=0.01
5e-06 5e-06 5e-06 5e-06 5e-06 0.999955 5e-06 5e-06 5e-06 5e-06; % J D=0.01
0.24997 0.18997 2e-05 2e-05 2e-05 2e-05 0.30997 0.24997 2e-05 2e-05; % P D=0.01
0.24497 0.25497 2e-05 2e-05 2e-05 2e-05 0.17997 0.31997 2e-05 2e-05; % T D=0.01
5e-06 5e-06 5e-06 0.999955 5e-06 5e-06 5e-06 5e-06 5e-06 5e-06; % m D=0.01
5e-06 5e-06 5e-06 5e-06 5e-06 5e-06 5e-06 5e-06 0.999955 5e-06; % n D=0.01
5e-06 5e-06 0.999955 5e-06 5e-06 5e-06 5e-06 5e-06 5e-06 5e-06; % r D=0.01
0.25497 0.28997 2e-05 2e-05 2e-05 2e-05 0.24497 0.20997 2e-05 2e-05; % v D=0.01
4e-05 0.35324 4e-05 4e-05 4e-05 4e-05 0.35324 0.29324 4e-05 4e-05; % $ D=0.02
1e-05 1e-05 1e-05 1e-05 0.99991 1e-05 1e-05 1e-05 1e-05 1e-05; % B D=0.02
1e-05 1e-05 1e-05 1e-05 1e-05 1e-05 1e-05 1e-05 1e-05 0.99991; % G D=0.02
1e-05 1e-05 1e-05 1e-05 1e-05 0.99991 1e-05 1e-05 1e-05 1e-05; % J D=0.02
0.24994 0.18994 4e-05 4e-05 4e-05 4e-05 0.30994 0.24994 4e-05 4e-05; % P D=0.02
0.24494 0.25494 4e-05 4e-05 4e-05 4e-05 0.17994 0.31994 4e-05 4e-05; % T D=0.02
1e-05 1e-05 1e-05 0.99991 1e-05 1e-05 1e-05 1e-05 1e-05 1e-05; % m D=0.02
1e-05 1e-05 1e-05 1e-05 1e-05 1e-05 1e-05 1e-05 0.99991 1e-05; % n D=0.02
1e-05 1e-05 0.99991 1e-05 1e-05 1e-05 1e-05 1e-05 1e-05 1e-05; % r D=0.02
0.25494 0.28994 4e-05 4e-05 4e-05 4e-05 0.24494 0.20994 4e-05 4e-05; % v D=0.02
0.0001 0.3531 0.0001 0.0001 0.0001 0.0001 0.3531 0.2931 0.0001 0.0001; % $ D=0.05
2.5e-05 2.5e-05 2.5e-05 2.5e-05 0.999775 2.5e-05 2.5e-05 2.5e-05 2.5e-05 2.5e-05; % B D=0.05
2.5e-05 2.5e-05 2.5e-05 2.5e-05 2.5e-05 2.5e-05 2.5e-05 2.5e-05 2.5e-05 0.999775; % G D=0.05
2.5e-05 2.5e-05 2.5e-05 2.5e-05 2.5e-05 0.999775 2.5e-05 2.5e-05 2.5e-05 2.5e-05; % J D=0.05
0.24985 0.18985 0.0001 0.0001 0.0001 0.0001 0.30985 0.24985 0.0001 0.0001; % P D=0.05
0.24485 0.25485 0.0001 0.0001 0.0001 0.0001 0.17985 0.31985 0.0001 0.0001; % T D=0.05
2.5e-05 2.5e-05 2.5e-05 0.999775 2.5e-05 2.5e-05 2.5e-05 2.5e-05 2.5e-05 2.5e-05; % m D=0.05
2.5e-05 2.5e-05 2.5e-05 2.5e-05 2.5e-05 2.5e-05 2.5e-05 2.5e-05 0.999775 2.5e-05; % n D=0.05
2.5e-05 2.5e-05 0.999775 2.5e-05 2.5e-05 2.5e-05 2.5e-05 2.5e-05 2.5e-05 2.5e-05; % r D=0.05
0.25485 0.28985 0.0001 0.0001 0.0001 0.0001 0.24485 0.20985 0.0001 0.0001; % v D=0.05
0.0002 0.352866666666667 0.0002 0.0002 0.0002 0.0002 0.352866666666667 0.292866666666667 0.0002 0.0002; % $ D=0.1
5e-05 5e-05 5e-05 5e-05 0.99955 5e-05 5e-05 5e-05 5e-05 5e-05; % B D=0.1
5e-05 5e-05 5e-05 5e-05 5e-05 5e-05 5e-05 5e-05 5e-05 0.99955; % G D=0.1
5e-05 5e-05 5e-05 5e-05 5e-05 0.99955 5e-05 5e-05 5e-05 5e-05; % J D=0.1
0.2497 0.1897 0.0002 0.0002 0.0002 0.0002 0.3097 0.2497 0.0002 0.0002; % P D=0.1
0.2447 0.2547 0.0002 0.0002 0.0002 0.0002 0.1797 0.3197 0.0002 0.0002; % T D=0.1
5e-05 5e-05 5e-05 0.99955 5e-05 5e-05 5e-05 5e-05 5e-05 5e-05; % m D=0.1
5e-05 5e-05 5e-05 5e-05 5e-05 5e-05 5e-05 5e-05 0.99955 5e-05; % n D=0.1
5e-05 5e-05 0.99955 5e-05 5e-05 5e-05 5e-05 5e-05 5e-05 5e-05; % r D=0.1
0.2547 0.2897 0.0002 0.0002 0.0002 0.0002 0.2447 0.2097 0.0002 0.0002; % v D=0.1
0.0004 0.3524 0.0004 0.0004 0.0004 0.0004 0.3524 0.2924 0.0004 0.0004; % $ D=0.2
0.0001 0.0001 0.0001 0.0001 0.9991 0.0001 0.0001 0.0001 0.0001 0.0001; % B D=0.2
0.0001 0.0001 0.0001 0.0001 0.0001 0.0001 0.0001 0.0001 0.0001 0.9991; % G D=0.2
0.0001 0.0001 0.0001 0.0001 0.0001 0.9991 0.0001 0.0001 0.0001 0.0001; % J D=0.2
0.2494 0.1894 0.0004 0.0004 0.0004 0.0004 0.3094 0.2494 0.0004 0.0004; % P D=0.2
0.2444 0.2544 0.0004 0.0004 0.0004 0.0004 0.1794 0.3194 0.0004 0.0004; % T D=0.2
0.0001 0.0001 0.0001 0.9991 0.0001 0.0001 0.0001 0.0001 0.0001 0.0001; % m D=0.2
0.0001 0.0001 0.0001 0.0001 0.0001 0.0001 0.0001 0.0001 0.9991 0.0001; % n D=0.2
0.0001 0.0001 0.9991 0.0001 0.0001 0.0001 0.0001 0.0001 0.0001 0.0001; % r D=0.2
0.2544 0.2894 0.0004 0.0004 0.0004 0.0004 0.2444 0.2094 0.0004 0.0004; % v D=0.2
0.001 0.351 0.001 0.001 0.001 0.001 0.351 0.291 0.001 0.001; % $ D=0.5
0.00025 0.00025 0.00025 0.00025 0.99775 0.00025 0.00025 0.00025 0.00025 0.00025; % B D=0.5
0.00025 0.00025 0.00025 0.00025 0.00025 0.00025 0.00025 0.00025 0.00025 0.99775; % G D=0.5
0.00025 0.00025 0.00025 0.00025 0.00025 0.99775 0.00025 0.00025 0.00025 0.00025; % J D=0.5
0.2485 0.1885 0.001 0.001 0.001 0.001 0.3085 0.2485 0.001 0.001; % P D=0.5
0.2435 0.2535 0.001 0.001 0.001 0.001 0.1785 0.3185 0.001 0.001; % T D=0.5
0.00025 0.00025 0.00025 0.99775 0.00025 0.00025 0.00025 0.00025 0.00025 0.00025; % m D=0.5
0.00025 0.00025 0.00025 0.00025 0.00025 0.00025 0.00025 0.00025 0.99775 0.00025; % n D=0.5
0.00025 0.00025 0.99775 0.00025 0.00025 0.00025 0.00025 0.00025 0.00025 0.00025; % r D=0.5
0.2535 0.2885 0.001 0.001 0.001 0.001 0.2435 0.2085 0.001 0.001; % v D=0.5
0.002 0.348666666666667 0.002 0.002 0.002 0.002 0.348666666666667 0.288666666666667 0.002 0.002; % $ D=1
0.0005 0.0005 0.0005 0.0005 0.9955 0.0005 0.0005 0.0005 0.0005 0.0005; % B D=1
0.0005 0.0005 0.0005 0.0005 0.0005 0.0005 0.0005 0.0005 0.0005 0.9955; % G D=1
0.0005 0.0005 0.0005 0.0005 0.0005 0.9955 0.0005 0.0005 0.0005 0.0005; % J D=1
0.247 0.187 0.002 0.002 0.002 0.002 0.307 0.247 0.002 0.002; % P D=1
0.242 0.252 0.002 0.002 0.002 0.002 0.177 0.317 0.002 0.002; % T D=1
0.0005 0.0005 0.0005 0.9955 0.0005 0.0005 0.0005 0.0005 0.0005 0.0005; % m D=1
0.0005 0.0005 0.0005 0.0005 0.0005 0.0005 0.0005 0.0005 0.9955 0.0005; % n D=1
0.0005 0.0005 0.9955 0.0005 0.0005 0.0005 0.0005 0.0005 0.0005 0.0005; % r D=1
0.252 0.287 0.002 0.002 0.002 0.002 0.242 0.207 0.002 0.002; % v D=1
0.004 0.344 0.004 0.004 0.004 0.004 0.344 0.284 0.004 0.004; % $ D=2
0.001 0.001 0.001 0.001 0.991 0.001 0.001 0.001 0.001 0.001; % B D=2
0.001 0.001 0.001 0.001 0.001 0.001 0.001 0.001 0.001 0.991; % G D=2
0.001 0.001 0.001 0.001 0.001 0.991 0.001 0.001 0.001 0.001; % J D=2
0.244 0.184 0.004 0.004 0.004 0.004 0.304 0.244 0.004 0.004; % P D=2
0.239 0.249 0.004 0.004 0.004 0.004 0.174 0.314 0.004 0.004; % T D=2
0.001 0.001 0.001 0.991 0.001 0.001 0.001 0.001 0.001 0.001; % m D=2
0.001 0.001 0.001 0.001 0.001 0.001 0.001 0.001 0.991 0.001; % n D=2
0.001 0.001 0.991 0.001 0.001 0.001 0.001 0.001 0.001 0.001; % r D=2
0.249 0.284 0.004 0.004 0.004 0.004 0.239 0.204 0.004 0.004; % v D=2
0.01 0.33 0.01 0.01 0.01 0.01 0.33 0.27 0.01 0.01; % $ D=5
0.0025 0.0025 0.0025 0.0025 0.9775 0.0025 0.0025 0.0025 0.0025 0.0025; % B D=5
0.0025 0.0025 0.0025 0.0025 0.0025 0.0025 0.0025 0.0025 0.0025 0.9775; % G D=5
0.0025 0.0025 0.0025 0.0025 0.0025 0.9775 0.0025 0.0025 0.0025 0.0025; % J D=5
0.235 0.175 0.01 0.01 0.01 0.01 0.295 0.235 0.01 0.01; % P D=5
0.23 0.24 0.01 0.01 0.01 0.01 0.165 0.305 0.01 0.01; % T D=5
0.0025 0.0025 0.0025 0.9775 0.0025 0.0025 0.0025 0.0025 0.0025 0.0025; % m D=5
0.0025 0.0025 0.0025 0.0025 0.0025 0.0025 0.0025 0.0025 0.9775 0.0025; % n D=5
0.0025 0.0025 0.9775 0.0025 0.0025 0.0025 0.0025 0.0025 0.0025 0.0025; % r D=5
0.24 0.275 0.01 0.01 0.01 0.01 0.23 0.195 0.01 0.01]; % v D=5
