syllables = '$BDJKLMPRTbgkmnptvz';
discounts = [0.01 0.02 0.05 0.1 0.2 0.5 1 2 5];
kn_probs = [2.10526315789474e-05 2.10526315789474e-05 2.10526315789474e-05 2.10526315789474e-05 2.10526315789474e-05 0.173287719298246 2.10526315789474e-05 0.213287719298246 2.10526315789474e-05 2.10526315789474e-05 2.10526315789474e-05 0.139954385964912 2.10526315789474e-05 0.139954385964912 0.179954385964912 0.153287719298246 2.10526315789474e-05 2.10526315789474e-05 2.10526315789474e-05; % $ D=0.01
0.269931578947368 3.15789473684211e-05 3.15789473684211e-05 3.15789473684211e-05 3.15789473684211e-05 3.15789473684211e-05 3.15789473684211e-05 0.129931578947368 3.15789473684211e-05 3.15789473684211e-05 3.15789473684211e-05 0.129931578947368 3.15789473684211e-05 0.199931578947368 0.119931578947368 0.149931578947368 3.15789473684211e-05 3.15789473684211e-05 3.15789473684211e-05; % B D=0.01
5.26315789473684e-06 5.26315789473684e-06 5.26315789473684e-06 0.999905263157895 5.26315789473684e-06 5.26315789473684e-06 5.26315789473684e-06 5.26315789473684e-06 5.26315789473684e-06 5.26315789473684e-06 5.26315789473684e-06 5.26315789473684e-06 5.26315789473684e-06 5.26315789473684e-06 5.26315789473684e-06 5.26315789473684e-06 5.26315789473684e-06 5.26315789473684e-06 5.26315789473684e-06; % D D=0.01
5.26315789473684e-06 5.26315789473684e-06 5.26315789473684e-06 5.26315789473684e-06 5.26315789473684e-06 5.26315789473684e-06 5.26315789473684e-06 5.26315789473684e-06 5.26315789473684e-06 0.999905263157895 5.26315789473684e-06 5.26315789473684e-06 5.26315789473684e-06 5.26315789473684e-06 5.26315789473684e-06 5.26315789473684e-06 5.26315789473684e-06 5.26315789473684e-06 5.26315789473684e-06; % J D=0.01
5.26315789473684e-06 5.26315789473684e-06 5.26315789473684e-06 5.26315789473684e-06 5.26315789473684e-06 5.26315789473684e-06 5.26315789473684e-06 5.26315789473684e-06 5.26315789473684e-06 5.26315789473684e-06 0.999905263157895 5.26315789473684e-06 5.26315789473684e-06 5.26315789473684e-06 5.26315789473684e-06 5.26315789473684e-06 5.26315789473684e-06 5.26315789473684e-06 5.26315789473684e-06; % K D=0.01
5.26315789473684e-06 0.999905263157895 5.26315789473684e-06 5.26315789473684e-06 5.26315789473684e-06 5.26315789473684e-06 5.26315789473684e-06 5.26315789473684e-06 5.26315789473684e-06 5.26315789473684e-06 5.26315789473684e-06 5.26315789473684e-06 5.26315789473684e-06 5.26315789473684e-06 5.26315789473684e-06 5.26315789473684e-06 5.26315789473684e-06 5.26315789473684e-06 5.26315789473684e-06; % L D=0.01
5.26315789473684e-06 5.26315789473684e-06 5.26315789473684e-06 5.26315789473684e-06 5.26315789473684e-06 5.26315789473684e-06 5.26315789473684e-06 5.26315789473684e-06 5.26315789473684e-06 5.26315789473684e-06 5.26315789473684e-06 5.26315789473684e-06 5.26315789473684e-06 5.26315789473684e-06 5.26315789473684e-06 5.26315789473684e-06 5.26315789473684e-06 0.999905263157895 5.26315789473684e-06; % M D=0.01
5.26315789473684e-06 5.26315789473684e-06 5.26315789473684e-06 5.26315789473684e-06 5.26315789473684e-06 5.26315789473684e-06 5.26315789473684e-06 5.26315789473684e-06 5.26315789473684e-06 5.26315789473684e-06 5.26315789473684e-06 5.26315789473684e-06 5.26315789473684e-06 5.26315789473684e-06 5.26315789473684e-06 5.26315789473684e-06 0.999905263157895 5.26315789473684e-06 5.26315789473684e-06; % P D=0.01
0.279931578947368 3.15789473684211e-05 3.15789473684211e-05 3.15789473684211e-05 3.15789473684211e-05 0.139931578947368 3.15789473684211e-05 3.15789473684211e-05 3.15789473684211e-05 3.15789473684211e-05 3.15789473684211e-05 0.159931578947368 3.15789473684211e-05 0.159931578947368 0.109931578947368 0.149931578947368 3.15789473684211e-05 3.15789473684211e-05 3.15789473684211e-05; % R D=0.01
0.239931578947368 3.15789473684211e-05 3.15789473684211e-05 3.15789473684211e-05 3.15789473684211e-05 0.169931578947368 3.15789473684211e-05 0.0999315789473684 3.15789473684211e-05 3.15789473684211e-05 3.15789473684211e-05 3.15789473684211e-05 3.15789473684211e-05 0.179931578947368 0.209931578947368 0.0999315789473684 3.15789473684211e-05 3.15789473684211e-05 3.15789473684211e-05; % T D=0.01
0.249931578947368 3.15789473684211e-05 3.15789473684211e-05 3.15789473684211e-05 3.15789473684211e-05 0.129931578947368 3.15789473684211e-05 0.169931578947368 3.15789473684211e-05 3.15789473684211e-05 3.15789473684211e-05 0.149931578947368 3.15789473684211e-05 0.139931578947368 0.159931578947368 3.15789473684211e-05 3.15789473684211e-05 3.15789473684211e-05 3.15789473684211e-05; % b D=0.01
5.26315789473684e-06 5.26315789473684e-06 0.999905263157895 5.26315789473684e-06 5.26315789473684e-06 5.26315789473684e-06 5.26315789473684e-06 5.26315789473684e-06 5.26315789473684e-06 5.26315789473684e-06 5.26315789473684e-06 5.26315789473684e-06 5.26315789473684e-06 5.26315789473684e-06 5.26315789473684e-06 5.26315789473684e-06 5.26315789473684e-06 5.26315789473684e-06 5.26315789473684e-06; % g D=0.01
0.219931578947368 3.15789473684211e-05 3.15789473684211e-05 3.15789473684211e-05 3.15789473684211e-05 0.129931578947368 3.15789473684211e-05 0.139931578947368 3.15789473684211e-05 3.15789473684211e-05 3.15789473684211e-05 0.199931578947368 3.15789473684211e-05 3.15789473684211e-05 0.129931578947368 0.179931578947368 3.15789473684211e-05 3.15789473684211e-05 3.15789473684211e-05; % k D=0.01
5.26315789473684e-06 5.26315789473684e-06 5.26315789473684e-06 5.26315789473684e-06 5.26315789473684e-06 5.26315789473684e-06 0.999905263157895 5.26315789473684e-06 5.26315789473684e-06 5.26315789473684e-06 5.26315789473684e-06 5.26315789473684e-06 5.26315789473684e-06 5.26315789473684e-06 5.26315789473684e-06 5.26315789473684e-06 5.26315789473684e-06 5.26315789473684e-06 5.26315789473684e-06; % m D=0.01
5.26315789473684e-06 5.26315789473684e-06 5.26315789473684e-06 5.26315789473684e-06 5.26315789473684e-06 5.26315789473684e-06 5.26315789473684e-06 5.26315789473684e-06 5.26315789473684e-06 5.26315789473684e-06 5.26315789473684e-06 5.26315789473684e-06 5.26315789473684e-06 5.26315789473684e-06 5.26315789473684e-06 5.26315789473684e-06 5.26315789473684e-06 5.26315789473684e-06 0.999905263157895; % n D=0.01
5.26315789473684e-06 5.26315789473684e-06 5.26315789473684e-06 5.26315789473684e-06 0.999905263157895 5.26315789473684e-06 5.26315789473684e-06 5.26315789473684e-06 5.26315789473684e-06 5.26315789473684e-06 5.26315789473684e-06 5.26315789473684e-06 5.26315789473684e-06 5.26315789473684e-06 5.26315789473684e-06 5.26315789473684e-06 5.26315789473684e-06 5.26315789473684e-06 5.26315789473684e-06; % p D=0.01
5.26315789473684e-06 5.26315789473684e-06 5.26315789473684e-06 5.26315789473684e-06 5.26315789473684e-06 5.26315789473684e-06 5.26315789473684e-06 5.26315789473684e-06 0.999905263157895 5.26315789473684e-06 5.26315789473684e-06 5.26315789473684e-06 5.26315789473684e-06 5.26315789473684e-06 5.26315789473684e-06 5.26315789473684e-06 5.26315789473684e-06 5.26315789473684e-06 5.26315789473684e-06; % t D=0.01
5.26315789473684e-06 5.26315789473684e-06 5.26315789473684e-06 5.26315789473684e-06 5.26315789473684e-06 5.26315789473684e-06 5.26315789473684e-06 5.26315789473684e-06 5.26315789473684e-06 5.26315789473684e-06 5.26315789473684e-06 5.26315789473684e-06 0.999905263157895 5.26315789473684e-06 5.26315789473684e-06 5.26315789473684e-06 5.26315789473684e-06 5.26315789473684e-06 5.26315789473684e-06; % v D=0.01
0.239931578947368 3.15789473684211e-05 3.15789473684211e-05 3.15789473684211e-05 3.15789473684211e-05 0.169931578947368 3.15789473684211e-05 0.139931578947368 3.15789473684211e-05 3.15789473684211e-05 3.15789473684211e-05 0.149931578947368 3.15789473684211e-05 0.109931578947368 3.15789473684211e-05 0.189931578947368 3.15789473684211e-05 3.15789473684211e-05 3.15789473684211e-05; % z D=0.01
