syllables = '$JMNPRZbgmrv';
discounts = [0.01 0.02 0.05 0.1 0.2 0.5 1 2 5];
kn_probs = [2.22222222222222e-05 2.22222222222222e-05 0.239955555555556 2.22222222222222e-05 0.313288888888889 2.22222222222222e-05 2.22222222222222e-05 0.199955555555556 0.246622222222222 2.22222222222222e-05 2.22222222222222e-05 2.22222222222222e-05; % $ D=0.01
5.55555555555556e-06 5.55555555555556e-06 5.55555555555556e-06 5.55555555555556e-06 5.55555555555556e-06 5.55555555555556e-06 5.55555555555556e-06 5.55555555555556e-06 5.55555555555556e-06 5.55555555555556e-06 0.999938888888889 5.55555555555556e-06; % J D=0.01
5.55555555555556e-06 5.55555555555556e-06 5.55555555555556e-06 5.55555555555556e-06 5.55555555555556e-06 5.55555555555556e-06 5.55555555555556e-06 5.55555555555556e-06 5.55555555555556e-06 0.999938888888889 5.55555555555556e-06 5.55555555555556e-06; % M D=0.01
0.253288888888889 2.22222222222222e-05 0.246622222222222 2.22222222222222e-05 0.273288888888889 2.22222222222222e-05 2.22222222222222e-05 0.226622222222222 2.22222222222222e-05 2.22222222222222e-05 2.22222222222222e-05 2.22222222222222e-05; % N D=0.01
5.55555555555556e-06 5.55555555555556e-06 5.55555555555556e-06 5.55555555555556e-06 5.55555555555556e-06 5.55555555555556e-06 0.999938888888889 5.55555555555556e-06 5.55555555555556e-06 5.55555555555556e-06 5.55555555555556e-06 5.55555555555556e-06; % P D=0.01
5.55555555555556e-06 5.55555555555556e-06 5.55555555555556e-06 5.55555555555556e-06 5.55555555555556e-06 5.55555555555556e-06 5.55555555555556e-06 5.55555555555556e-06 5.55555555555556e-06 5.55555555555556e-06 5.55555555555556e-06 0.999938888888889; % R D=0.01
0.233288888888889 2.22222222222222e-05 0.266622222222222 2.22222222222222e-05 2.22222222222222e-05 2.22222222222222e-05 2.22222222222222e-05 0.259955555555556 0.239955555555556 2.22222222222222e-05 2.22222222222222e-05 2.22222222222222e-05; % Z D=0.01
5.55555555555556e-06 5.55555555555556e-06 5.55555555555556e-06 5.55555555555556e-06 5.55555555555556e-06 0.999938888888889 5.55555555555556e-06 5.55555555555556e-06 5.55555555555556e-06 5.55555555555556e-06 5.55555555555556e-06 5.55555555555556e-06; % b D=0.01
5.55555555555556e-06 5.55555555555556e-06 5.55555555555556e-06 0.999938888888889 5.55555555555556e-06 5.55555555555556e-06 5.55555555555556e-06 5.55555555555556e-06 5.55555555555556e-06 5.55555555555556e-06 5.55555555555556e-06 5.55555555555556e-06; % g D=0.01
5.55555555555556e-06 0.999938888888889 5.55555555555556e-06 5.55555555555556e-06 5.55555555555556e-06 5.55555555555556e-06 5.55555555555556e-06 5.55555555555556e-06 5.55555555555556e-06 5.55555555555556e-06 5.55555555555556e-06 5.55555555555556e-06; % m D=0.01
0.259955555555556 2.22222222222222e-05 2.22222222222222e-05 2.22222222222222e-05 0.199955555555556 2.22222222222222e-05 2.22222222222222e-05 0.313288888888889 0.226622222222222 2.22222222222222e-05 2.22222222222222e-05 2.22222222222222e-05; % r D=0.01
0.253288888888889 2.22222222222222e-05 0.246622222222222 2.22222222222222e-05 0.213288888888889 2.22222222222222e-05 2.22222222222222e-05 2.22222222222222e-05 0.286622222222222 2.22222222222222e-05 2.22222222222222e-05 2.22222222222222e-05; % v D=0.01
4.44444444444444e-05 4.44444444444444e-05 0.239911111111111 4.44444444444444e-05 0.313244444444444 4.44444444444444e-05 4.44444444444444e-05 0.199911111111111 0.246577777777778 4.44444444444444e-05 4.44444444444444e-05 4.44444444444444e-05; % $ D=0.02
1.11111111111111e-05 1.11111111111111e-05 1.11111111111111e-05 1.11111111111111e-05 1.11111111111111e-05 1.11111111111111e-05 1.11111111111111e-05 1.11111111111111e-05 1.11111111111111e-05 1.11111111111111e-05 0.999877777777778 1.11111111111111e-05; % J D=0.02
1.11111111111111e-05 1.11111111111111e-05 1.11111111111111e-05 1.11111111111111e-05 1.11111111111111e-05 1.11111111111111e-05 1.11111111111111e-05 1.11111111111111e-05 1.11111111111111e-05 0.999877777777778 1.11111111111111e-05 1.11111111111111e-05; % M D=0.02
0.253244444444444 4.44444444444444e-05 0.246577777777778 4.44444444444444e-05 0.273244444444444 4.44444444444444e-05 4.44444444444444e-05 0.226577777777778 4.44444444444444e-05 4.44444444444444e-05 4.44444444444444e-05 4.44444444444444e-05; % N D=0.02
1.11111111111111e-05 1.11111111111111e-05 1.11111111111111e-05 1.11111111111111e-05 1.11111111111111e-05 1.11111111111111e-05 0.999877777777778 1.11111111111111e-05 1.11111111111111e-05 1.11111111111111e-05 1.11111111111111e-05 1.11111111111111e-05; % P D=0.02
1.11111111111111e-05 1.11111111111111e-05 1.11111111111111e-05 1.11111111111111e-05 1.11111111111111e-05 1.11111111111111e-05 1.11111111111111e-05 1.11111111111111e-05 1.11111111111111e-05 1.11111111111111e-05 1.11111111111111e-05 0.999877777777778; % R D=0.02
0.233244444444444 4.44444444444444e-05 0.266577777777778 4.44444444444444e-05 4.44444444444444e-05 4.44444444444444e-05 4.44444444444444e-05 0.259911111111111 0.239911111111111 4.44444444444444e-05 4.44444444444444e-05 4.44444444444444e-05; % Z D=0.02
1.11111111111111e-05 1.11111111111111e-05 1.11111111111111e-05 1.11111111111111e-05 1.11111111111111e-05 0.999877777777778 1.11111111111111e-05 1.11111111111111e-05 1.11111111111111e-05 1.11111111111111e-05 1.11111111111111e-05 1.11111111111111e-05; % b D=0.02
1.11111111111111e-05 1.11111111111111e-05 1.11111111111111e-05 0.999877777777778 1.11111111111111e-05 1.11111111111111e-05 1.11111111111111e-05 1.11111111111111e-05 1.11111111111111e-05 1.11111111111111e-05 1.11111111111111e-05 1.11111111111111e-05; % g D=0.02
1.11111111111111e-05 0.999877777777778 1.11111111111111e-05 1.11111111111111e-05 1.11111111111111e-05 1.11111111111111e-05 1.11111111111111e-05 1.11111111111111e-05 1.11111111111111e-05 1.11111111111111e-05 1.11111111111111e-05 1.11111111111111e-05; % m D=0.02
0.259911111111111 4.44444444444444e-05 4.44444444444444e-05 4.44444444444444e-05 0.199911111111111 4.44444444444444e-05 4.44444444444444e-05 0.313244444444444 0.226577777777778 4.44444444444444e-05 4.44444444444444e-05 4.44444444444444e-05; % r D=0.02
0.253244444444444 4.44444444444444e-05 0.246577777777778 4.44444444444444e-05 0.213244444444444 4.44444444444444e-05 4.44444444444444e-05 4.44444444444444e-05 0.286577777777778 4.44444444444444e-05 4.44444444444444e-05 4.44444444444444e-05; % v D=0.02
0.000111111111111111 0.000111111111111111 0.239777777777778 0.000111111111111111 0.313111111111111 0.000111111111111111 0.000111111111111111 0.199777777777778 0.246444444444444 0.000111111111111111 0.000111111111111111 0.000111111111111111; % $ D=0.05
2.77777777777778e-05 2.77777777777778e-05 2.77777777777778e-05 2.77777777777778e-05 2.77777777777778e-05 2.77777777777778e-05 2.77777777777778e-05 2.77777777777778e-05 2.77777777777778e-05 2.77777777777778e-05 0.999694444444444 2.77777777777778e-05; % J D=0.05
2.77777777777778e-05 2.77777777777778e-05 2.77777777777778e-05 2.77777777777778e-05 2.77777777777778e-05 2.77777777777778e-05 2.77777777777778e-05 2.77777777777778e-05 2.77777777777778e-05 0.999694444444444 2.77777777777778e-05 2.77777777777778e-05; % M D=0.05
0.253111111111111 0.000111111111111111 0.246444444444444 0.000111111111111111 0.273111111111111 0.000111111111111111 0.000111111111111111 0.226444444444444 0.000111111111111111 0.000111111111111111 0.000111111111111111 0.000111111111111111; % N D=0.05
2.77777777777778e-05 2.77777777777778e-05 2.77777777777778e-05 2.77777777777778e-05 2.77777777777778e-05 2.77777777777778e-05 0.999694444444444 2.77777777777778e-05 2.77777777777778e-05 2.77777777777778e-05 2.77777777777778e-05 2.77777777777778e-05; % P D=0.05
2.77777777777778e-05 2.77777777777778e-05 2.77777777777778e-05 2.77777777777778e-05 2.77777777777778e-05 2.77777777777778e-05 2.77777777777778e-05 2.77777777777778e-05 2.77777777777778e-05 2.77777777777778e-05 2.77777777777778e-05 0.999694444444444; % R D=0.05
