syllables = '$BGZblntvz';
discounts = [0.01 0.02 0.05 0.1 0.2 0.5 1 2 5];
kn_probs = [2e-05 2e-05 2e-05 2e-05 2e-05 0.32662 0.333286666666667 2e-05 2e-05 0.339953333333333; % $ D=0.01
0.26497 2e-05 2e-05 2e-05 2e-05 0.19497 0.25997 2e-05 2e-05 0.27997; % B D=0.01
0.21997 2e-05 2e-05 2e-05 2e-05 0.28497 0.19497 2e-05 2e-05 0.29997; % G D=0.01
0.26497 2e-05 2e-05 2e-05 2e-05 0.27497 0.29497 2e-05 2e-05 0.16497; % Z D=0.01
5e-06 0.999955 5e-06 5e-06 5e-06 5e-06 5e-06 5e-06 5e-06 5e-06; % b D=0.01
5e-06 5e-06 5e-06 5e-06 5e-06 5e-06 5e-06 0.999955 5e-06 5e-06; % l D=0.01
5e-06 5e-06 5e-06 5e-06 5e-06 5e-06 5e-06 5e-06 0.999955 5e-06; % n D=0.01
5e-06 5e-06 5e-06 5e-06 0.999955 5e-06 5e-06 5e-06 5e-06 5e-06; % t D=0.01
5e-06 5e-06 0.999955 5e-06 5e-06 5e-06 5e-06 5e-06 5e-06 5e-06; % v D=0.01
5e-06 5e-06 5e-06 0.999955 5e-06 5e-06 5e-06 5e-06 5e-06 5e-06; % z D=0.01
4e-05 4e-05 4e-05 4e-05 4e-05 0.326573333333333 0.33324 4e-05 4e-05 0.339906666666667; % $ D=0.02
0.26494 4e-05 4e-05 4e-05 4e-05 0.19494 0.25994 4e-05 4e-05 0.27994; % B D=0.02
0.21994 4e-05 4e-05 4e-05 4e-05 0.28494 0.19494 4e-05 4e-05 0.29994; % G D=0.02
0.26494 4e-05 4e-05 4e-05 4e-05 0.27494 0.29494 4e-05 4e-05 0.16494; % Z D=0.02
1e-05 0.99991 1e-05 1e-05 1e-05 1e-05 1e-05 1e-05 1e-05 1e-05; % b D=0.02
1e-05 1e-05 1e-05 1e-05 1e-05 1e-05 1e-05 0.99991 1e-05 1e-05; % l D=0.02
1e-05 1e-05 1e-05 1e-05 1e-05 1e-05 1e-05 1e-05 0.99991 1e-05; % n D=0.02
1e-05 1e-05 1e-05 1e-05 0.99991 1e-05 1e-05 1e-05 1e-05 1e-05; % t D=0.02
1e-05 1e-05 0.99991 1e-05 1e-05 1e-05 1e-05 1e-05 1e-05 1e-05; % v D=0.02
1e-05 1e-05 1e-05 0.99991 1e-05 1e-05 1e-05 1e-05 1e-05 1e-05; % z D=0.02
0.0001 0.0001 0.0001 0.0001 0.0001 0.326433333333333 0.3331 0.0001 0.0001 0.339766666666667; % $ D=0.05
0.26485 0.0001 0.0001 0.0001 0.0001 0.19485 0.25985 0.0001 0.0001 0.27985; % B D=0.05
0.21985 0.0001 0.0001 0.0001 0.0001 0.28485 0.19485 0.0001 0.0001 0.29985; % G D=0.05
0.26485 0.0001 0.0001 0.0001 0.0001 0.27485 0.29485 0.0001 0.0001 0.16485; % Z D=0.05
2.5e-05 0.999775 2.5e-05 2.5e-05 2.5e-05 2.5e-05 2.5e-05 2.5e-05 2.5e-05 2.5e-05; % b D=0.05
2.5e-05 2.5e-05 2.5e-05 2.5e-05 2.5e-05 2.5e-05 2.5e-05 0.999775 2.5e-05 2.5e-05; % l D=0.05
2.5e-05 2.5e-05 2.5e-05 2.5e-05 2.5e-05 2.5e-05 2.5e-05 2.5e-05 0.999775 2.5e-05; % n D=0.05
2.5e-05 2.5e-05 2.5e-05 2.5e-05 0.999775 2.5e-05 2.5e-05 2.5e-05 2.5e-05 2.5e-05; % t D=0.05
2.5e-05 2.5e-05 0.999775 2.5e-05 2.5e-05 2.5e-05 2.5e-05 2.5e-05 2.5e-05 2.5e-05; % v D=0.05
2.5e-05 2.5e-05 2.5e-05 0.999775 2.5e-05 2.5e-05 2.5e-05 2.5e-05 2.5e-05 2.5e-05; % z D=0.05
0.0002 0.0002 0.0002 0.0002 0.0002 0.3262 0.332866666666667 0.0002 0.0002 0.339533333333333; % $ D=0.1
0.2647 0.0002 0.0002 0.0002 0.0002 0.1947 0.2597 0.0002 0.0002 0.2797; % B D=0.1
0.2197 0.0002 0.0002 0.0002 0.0002 0.2847 0.1947 0.0002 0.0002 0.2997; % G D=0.1
0.2647 0.0002 0.0002 0.0002 0.0002 0.2747 0.2947 0.0002 0.0002 0.1647; % Z D=0.1
5e-05 0.99955 5e-05 5e-05 5e-05 5e-05 5e-05 5e-05 5e-05 5e-05; % b D=0.1
5e-05 5e-05 5e-05 5e-05 5e-05 5e-05 5e-05 0.99955 5e-05 5e-05; % l D=0.1
5e-05 5e-05 5e-05 5e-05 5e-05 5e-05 5e-05 5e-05 0.99955 5e-05; % n D=0.1
5e-05 5e-05 5e-05 5e-05 0.99955 5e-05 5e-05 5e-05 5e-05 5e-05; % t D=0.1
5e-05 5e-05 0.99955 5e-05 5e-05 5e-05 5e-05 5e-05 5e-05 5e-05; % v D=0.1
5e-05 5e-05 5e-05 0.99955 5e-05 5e-05 5e-05 5e-05 5e-05 5e-05; % z D=0.1
0.0004 0.0004 0.0004 0.0004 0.0004 0.325733333333333 0.3324 0.0004 0.0004 0.339066666666667; % $ D=0.2
0.2644 0.0004 0.0004 0.0004 0.0004 0.1944 0.2594 0.0004 0.0004 0.2794; % B D=0.2
0.2194 0.0004 0.0004 0.0004 0.0004 0.2844 0.1944 0.0004 0.0004 0.2994; % G D=0.2
0.2644 0.0004 0.0004 0.0004 0.0004 0.2744 0.2944 0.0004 0.0004 0.1644; % Z D=0.2
0.0001 0.9991 0.0001 0.0001 0.0001 0.0001 0.0001 0.0001 0.0001 0.0001; % b D=0.2
0.0001 0.0001 0.0001 0.0001 0.0001 0.0001 0.0001 0.9991 0.0001 0.0001; % l D=0.2
0.0001 0.0001 0.0001 0.0001 0.0001 0.0001 0.0001 0.0001 0.9991 0.0001; % n D=0.2
0.0001 0.0001 0.0001 0.0001 0.9991 0.0001 0.0001 0.0001 0.0001 0.0001; % t D=0.2
0.0001 0.0001 0.9991 0.0001 0.0001 0.0001 0.0001 0.0001 0.0001 0.0001; % v D=0.2
0.0001 0.0001 0.0001 0.9991 0.0001 0.0001 0.0001 0.0001 0.0001 0.0001; % z D=0.2
0.001 0.001 0.001 0.001 0.001 0.324333333333333 0.331 0.001 0.001 0.337666666666667; % $ D=0.5
0.2635 0.001 0.001 0.001 0.001 0.1935 0.2585 0.001 0.001 0.2785; % B D=0.5
0.2185 0.001 0.001 0.001 0.001 0.2835 0.1935 0.001 0.001 0.2985; % G D=0.5
0.2635 0.001 0.001 0.001 0.001 0.2735 0.2935 0.001 0.001 0.1635; % Z D=0.5
0.00025 0.99775 0.00025 0.00025 0.00025 0.00025 0.00025 0.00025 0.00025 0.00025; % b D=0.5
0.00025 0.00025 0.00025 0.00025 0.00025 0.00025 0.00025 0.99775 0.00025 0.00025; % l D=0.5
0.00025 0.00025 0.00025 0.00025 0.00025 0.00025 0.00025 0.00025 0.99775 0.00025; % n D=0.5
0.00025 0.00025 0.00025 0.00025 0.99775 0.00025 0.00025 0.00025 0.00025 0.00025; % t D=0.5
0.00025 0.00025 0.99775 0.00025 0.00025 0.00025 0.00025 0.00025 0.00025 0.00025; % v D=0.5
0.00025 0.00025 0.00025 0.99775 0.00025 0.00025 0.00025 0.00025 0.00025 0.00025; % z D=0.5
0.002 0.002 0.002 0.002 0.002 0.322 0.328666666666667 0.002 0.002 0.335333333333333; % $ D=1
0.262 0.002 0.002 0.002 0.002 0.192 0.257 0.002 0.002 0.277; % B D=1
0.217 0.002 0.002 0.002 0.002 0.282 0.192 0.002 0.002 0.297; % G D=1
0.262 0.002 0.002 0.002 0.002 0.272 0.292 0.002 0.002 0.162; % Z D=1
0.0005 0.9955 0.0005 0.0005 0.0005 0.0005 0.0005 0.0005 0.0005 0.0005; % b D=1
0.0005 0.0005 0.0005 0.0005 0.0005 0.0005 0.0005 0.9955 0.0005 0.0005; % l D=1
0.0005 0.0005 0.0005 0.0005 0.0005 0.0005 0.0005 0.0005 0.9955 0.0005; % n D=1
0.0005 0.0005 0.0005 0.0005 0.9955 0.0005 0.0005 0.0005 0.0005 0.0005; % t D=1
0.0005 0.0005 0.9955 0.0005 0.0005 0.0005 0.0005 0.0005 0.0005 0.0005; % v D=1
0.0005 0.0005 0.0005 0.9955 0.0005 0.0005 0.0005 0.0005 0.0005 0.0005; % z D=1
0.004 0.004 0.004 0.004 0.004 0.317333333333333 0.324 0.004 0.004 0.330666666666667; % $ D=2
0.259 0.004 0.004 0.004 0.004 0.189 0.254 0.004 0.004 0.274; % B D=2
0.214 0.004 0.004 0.004 0.004 0.279 0.189 0.004 0.004 0.294; % G D=2
0.259 0.004 0.004 0.004 0.004 0.269 0.289 0.004 0.004 0.159; % Z D=2
0.001 0.991 0.001 0.001 0.001 0.001 0.001 0.001 0.001 0.001; % b D=2
0.001 0.001 0.001 0.001 0.001 0.001 0.001 0.991 0.001 0.001; % l D=2
0.001 0.001 0.001 0.001 0.001 0.001 0.001 0.001 0.991 0.001; % n D=2
0.001 0.001 0.001 0.001 0.991 0.001 0.001 0.001 0.001 0.001; % t D=2
0.001 0.001 0.991 0.001 0.001 0.001 0.001 0.001 0.001 0.001; % v D=2
0.001 0.001 0.001 0.991 0.001 0.001 0.001 0.001 0.001 0.001; % z D=2
0.01 0.01 0.01 0.01 0.01 0.303333333333333 0.31 0.01 0.01 0.316666666666667; % $ D=5
0.25 0.01 0.01 0.01 0.01 0.18 0.245 0.01 0.01 0.265; % B D=5
0.205 0.01 0.01 0.01 0.01 0.27 0.18 0.01 0.01 0.285; % G D=5
0.25 0.01 0.01 0.01 0.01 0.26 0.28 0.01 0.01 0.15; % Z D=5
0.0025 0.9775 0.0025 0.0025 0.0025 0.0025 0.0025 0.0025 0.0025 0.0025; % b D=5
0.0025 0.0025 0.0025 0.0025 0.0025 0.0025 0.0025 0.9775 0.0025 0.0025; % l D=5
0.0025 0.0025 0.0025 0.0025 0.0025 0.0025 0.0025 0.0025 0.9775 0.0025; % n D=5
0.0025 0.0025 0.0025 0.0025 0.9775 0.0025 0.0025 0.0025 0.0025 0.0025; % t D=5
0.0025 0.0025 0.9775 0.0025 0.0025 0.0025 0.0025 0.0025 0.0025 0.0025; % v D=5
0.0025 0.0025 0.0025 0.9775 0.0025 0.0025 0.0025 0.0025 0.0025 0.0025]; % z D=5
