syllables = '$DGNdgklrt';
discounts = [0.01 0.02 0.05 0.1 0.2 0.5 1 2 5];
kn_probs = [2e-05 0.339953333333333 2e-05 2e-05 0.273286666666667 2e-05 2e-05 0.38662 2e-05 2e-05; % $ D=0.01
5e-06 5e-06 5e-06 0.999955 5e-06 5e-06 5e-06 5e-06 5e-06 5e-06; % D D=0.01
0.26497 0.26497 2e-05 2e-05 0.29497 2e-05 2e-05 0.17497 2e-05 2e-05; % G D=0.01
5e-06 5e-06 5e-06 5e-06 5e-06 5e-06 5e-06 5e-06 5e-06 0.999955; % N D=0.01
5e-06 5e-06 5e-06 5e-06 5e-06 5e-06 5e-06 5e-06 0.999955 5e-06; % d D=0.01
0.23497 0.27497 2e-05 2e-05 0.19997 2e-05 2e-05 0.28997 2e-05 2e-05; % g D=0.01
5e-06 5e-06 5e-06 5e-06 5e-06 0.999955 5e-06 5e-06 5e-06 5e-06; % k D=0.01
5e-06 5e-06 0.999955 5e-06 5e-06 5e-06 5e-06 5e-06 5e-06 5e-06; % l D=0.01
5e-06 5e-06 5e-06 5e-06 5e-06 5e-06 0.999955 5e-06 5e-06 5e-06; % r D=0.01
0.24997 0.20497 2e-05 2e-05 0.29997 2e-05 2e-05 0.24497 2e-05 2e-05; % t D=0.01
4e-05 0.339906666666667 4e-05 4e-05 0.27324 4e-05 4e-05 0.386573333333333 4e-05 4e-05; % $ D=0.02
1e-05 1e-05 1e-05 0.99991 1e-05 1e-05 1e-05 1e-05 1e-05 1e-05; % D D=0.02
0.26494 0.26494 4e-05 4e-05 0.29494 4e-05 4e-05 0.17494 4e-05 4e-05; % G D=0.02
1e-05 1e-05 1e-05 1e-05 1e-05 1e-05 1e-05 1e-05 1e-05 0.99991; % N D=0.02
1e-05 1e-05 1e-05 1e-05 1e-05 1e-05 1e-05 1e-05 0.99991 1e-05; % d D=0.02
0.23494 0.27494 4e-05 4e-05 0.19994 4e-05 4e-05 0.28994 4e-05 4e-05; % g D=0.02
1e-05 1e-05 1e-05 1e-05 1e-05 0.99991 1e-05 1e-05 1e-05 1e-05; % k D=0.02
1e-05 1e-05 0.99991 1e-05 1e-05 1e-05 1e-05 1e-05 1e-05 1e-05; % l D=0.02
1e-05 1e-05 1e-05 1e-05 1e-05 1e-05 0.99991 1e-05 1e-05 1e-05; % r D=0.02
0.24994 0.20494 4e-05 4e-05 0.29994 4e-05 4e-05 0.24494 4e-05 4e-05; % t D=0.02
0.0001 0.339766666666667 0.0001 0.0001 0.2731 0.0001 0.0001 0.386433333333333 0.0001 0.0001; % $ D=0.05
2.5e-05 2.5e-05 2.5e-05 0.999775 2.5e-05 2.5e-05 2.5e-05 2.5e-05 2.5e-05 2.5e-05; % D D=0.05
0.26485 0.26485 0.0001 0.0001 0.29485 0.0001 0.0001 0.17485 0.0001 0.0001; % G D=0.05
2.5e-05 2.5e-05 2.5e-05 2.5e-05 2.5e-05 2.5e-05 2.5e-05 2.5e-05 2.5e-05 0.999775; % N D=0.05
2.5e-05 2.5e-05 2.5e-05 2.5e-05 2.5e-05 2.5e-05 2.5e-05 2.5e-05 0.999775 2.5e-05; % d D=0.05
0.23485 0.27485 0.0001 0.0001 0.19985 0.0001 0.0001 0.28985 0.0001 0.0001; % g D=0.05
2.5e-05 2.5e-05 2.5e-05 2.5e-05 2.5e-05 0.999775 2.5e-05 2.5e-05 2.5e-05 2.5e-05; % k D=0.05
2.5e-05 2.5e-05 0.999775 2.5e-05 2.5e-05 2.5e-05 2.5e-05 2.5e-05 2.5e-05 2.5e-05; % l D=0.05
2.5e-05 2.5e-05 2.5e-05 2.5e-05 2.5e-05 2.5e-05 0.999775 2.5e-05 2.5e-05 2.5e-05; % r D=0.05
0.24985 0.20485 0.0001 0.0001 0.29985 0.0001 0.0001 0.24485 0.0001 0.0001; % t D=0.05
0.0002 0.339533333333333 0.0002 0.0002 0.272866666666667 0.0002 0.0002 0.3862 0.0002 0.0002; % $ D=0.1
5e-05 5e-05 5e-05 0.99955 5e-05 5e-05 5e-05 5e-05 5e-05 5e-05; % D D=0.1
0.2647 0.2647 0.0002 0.0002 0.2947 0.0002 0.0002 0.1747 0.0002 0.0002; % G D=0.1
5e-05 5e-05 5e-05 5e-05 5e-05 5e-05 5e-05 5e-05 5e-05 0.99955; % N D=0.1
5e-05 5e-05 5e-05 5e-05 5e-05 5e-05 5e-05 5e-05 0.99955 5e-05; % d D=0.1
0.2347 0.2747 0.0002 0.0002 0.1997 0.0002 0.0002 0.2897 0.0002 0.0002; % g D=0.1
5e-05 5e-05 5e-05 5e-05 5e-05 0.99955 5e-05 5e-05 5e-05 5e-05; % k D=0.1
5e-05 5e-05 0.99955 5e-05 5e-05 5e-05 5e-05 5e-05 5e-05 5e-05; % l D=0.1
5e-05 5e-05 5e-05 5e-05 5e-05 5e-05 0.99955 5e-05 5e-05 5e-05; % r D=0.1
0.2497 0.2047 0.0002 0.0002 0.2997 0.0002 0.0002 0.2447 0.0002 0.0002; % t D=0.1
0.0004 0.339066666666667 0.0004 0.0004 0.2724 0.0004 0.0004 0.385733333333333 0.0004 0.0004; % $ D=0.2
0.0001 0.0001 0.0001 0.9991 0.0001 0.0001 0.0001 0.0001 0.0001 0.0001; % D D=0.2
0.2644 0.2644 0.0004 0.0004 0.2944 0.0004 0.0004 0.1744 0.0004 0.0004; % G D=0.2
0.0001 0.0001 0.0001 0.0001 0.0001 0.0001 0.0001 0.0001 0.0001 0.9991; % N D=0.2
0.0001 0.0001 0.0001 0.0001 0.0001 0.0001 0.0001 0.0001 0.9991 0.0001; % d D=0.2
0.2344 0.2744 0.0004 0.0004 0.1994 0.0004 0.0004 0.2894 0.0004 0.0004; % g D=0.2
0.0001 0.0001 0.0001 0.0001 0.0001 0.9991 0.0001 0.0001 0.0001 0.0001; % k D=0.2
0.0001 0.0001 0.9991 0.0001 0.0001 0.0001 0.0001 0.0001 0.0001 0.0001; % l D=0.2
0.0001 0.0001 0.0001 0.0001 0.0001 0.0001 0.9991 0.0001 0.0001 0.0001; % r D=0.2
0.2494 0.2044 0.0004 0.0004 0.2994 0.0004 0.0004 0.2444 0.0004 0.0004; % t D=0.2
0.001 0.337666666666667 0.001 0.001 0.271 0.001 0.001 0.384333333333333 0.001 0.001; % $ D=0.5
0.00025 0.00025 0.00025 0.99775 0.00025 0.00025 0.00025 0.00025 0.00025 0.00025; % D D=0.5
0.2635 0.2635 0.001 0.001 0.2935 0.001 0.001 0.1735 0.001 0.001; % G D=0.5
0.00025 0.00025 0.00025 0.00025 0.00025 0.00025 0.00025 0.00025 0.00025 0.99775; % N D=0.5
0.00025 0.00025 0.00025 0.00025 0.00025 0.00025 0.00025 0.00025 0.99775 0.00025; % d D=0.5
0.2335 0.2735 0.001 0.001 0.1985 0.001 0.001 0.2885 0.001 0.001; % g D=0.5
0.00025 0.00025 0.00025 0.00025 0.00025 0.99775 0.00025 0.00025 0.00025 0.00025; % k D=0.5
0.00025 0.00025 0.99775 0.00025 0.00025 0.00025 0.00025 0.00025 0.00025 0.00025; % l D=0.5
0.00025 0.00025 0.00025 0.00025 0.00025 0.00025 0.99775 0.00025 0.00025 0.00025; % r D=0.5
0.2485 0.2035 0.001 0.001 0.2985 0.001 0.001 0.2435 0.001 0.001; % t D=0.5
0.002 0.335333333333333 0.002 0.002 0.268666666666667 0.002 0.002 0.382 0.002 0.002; % $ D=1
0.0005 0.0005 0.0005 0.9955 0.0005 0.0005 0.0005 0.0005 0.0005 0.0005; % D D=1
0.262 0.262 0.002 0.002 0.292 0.002 0.002 0.172 0.002 0.002; % G D=1
0.0005 0.0005 0.0005 0.0005 0.0005 0.0005 0.0005 0.0005 0.0005 0.9955; % N D=1
0.0005 0.0005 0.0005 0.0005 0.0005 0.0005 0.0005 0.0005 0.9955 0.0005; % d D=1
0.232 0.272 0.002 0.002 0.197 0.002 0.002 0.287 0.002 0.002; % g D=1
0.0005 0.0005 0.0005 0.0005 0.0005 0.9955 0.0005 0.0005 0.0005 0.0005; % k D=1
0.0005 0.0005 0.9955 0.0005 0.0005 0.0005 0.0005 0.0005 0.0005 0.0005; % l D=1
0.0005 0.0005 0.0005 0.0005 0.0005 0.0005 0.9955 0.0005 0.0005 0.0005; % r D=1
0.247 0.202 0.002 0.002 0.297 0.002 0.002 0.242 0.002 0.002; % t D=1
0.004 0.330666666666667 0.004 0.004 0.264 0.004 0.004 0.377333333333333 0.004 0.004; % $ D=2
0.001 0.001 0.001 0.991 0.001 0.001 0.001 0.001 0.001 0.001; % D D=2
0.259 0.259 0.004 0.004 0.289 0.004 0.004 0.169 0.004 0.004; % G D=2
0.001 0.001 0.001 0.001 0.001 0.001 0.001 0.001 0.001 0.991; % N D=2
0.001 0.001 0.001 0.001 0.001 0.001 0.001 0.001 0.991 0.001; % d D=2
0.229 0.269 0.004 0.004 0.194 0.004 0.004 0.284 0.004 0.004; % g D=2
0.001 0.001 0.001 0.001 0.001 0.991 0.001 0.001 0.001 0.001; % k D=2
0.001 0.001 0.991 0.001 0.001 0.001 0.001 0.001 0.001 0.001; % l D=2
0.001 0.001 0.001 0.001 0.001 0.001 0.991 0.001 0.001 0.001; % r D=2
0.244 0.199 0.004 0.004 0.294 0.004 0.004 0.239 0.004 0.004; % t D=2
0.01 0.316666666666667 0.01 0.01 0.25 0.01 0.01 0.363333333333333 0.01 0.01; % $ D=5
0.0025 0.0025 0.0025 0.9775 0.0025 0.0025 0.0025 0.0025 0.0025 0.0025; % D D=5
0.25 0.25 0.01 0.01 0.28 0.01 0.01 0.16 0.01 0.01; % G D=5
0.0025 0.0025 0.0025 0.0025 0.0025 0.0025 0.0025 0.0025 0.0025 0.9775; % N D=5
0.0025 0.0025 0.0025 0.0025 0.0025 0.0025 0.0025 0.0025 0.9775 0.0025; % d D=5
0.22 0.26 0.01 0.01 0.185 0.01 0.01 0.275 0.01 0.01; % g D=5
0.0025 0.0025 0.0025 0.0025 0.0025 0.9775 0.0025 0.0025 0.0025 0.0025; % k D=5
0.0025 0.0025 0.9775 0.0025 0.0025 0.0025 0.0025 0.0025 0.0025 0.0025; % l D=5
0.0025 0.0025 0.0025 0.0025 0.0025 0.0025 0.9775 0.0025 0.0025 0.0025; % r D=5
0.235 0.19 0.01 0.01 0.285 0.01 0.01 0.23 0.01 0.01]; % t D=5
