syllables = '$JMNPRZbgmrv';
discounts = [0.01 0.02 0.05 0.1 0.2 0.5 1 2 5];
kn_probs = [2.22222222222222e-05 2.22222222222222e-05 0.239955555555556 2.22222222222222e-05 0.313288888888889 2.22222222222222e-05 2.22222222222222e-05 0.199955555555556 0.246622222222222 2.22222222222222e-05 2.22222222222222e-05 2.22222222222222e-05; % $ D=0.01
5.55555555555556e-06 5.55555555555556e-06 5.55555555555556e-06 5.55555555555556e-06 5.55555555555556e-06 5.55555555555556e-06 5.55555555555556e-06 5.55555555555556e-06 5.55555555555556e-06 5.55555555555556e-06 0.999938888888889 5.55555555555556e-06; % J D=0.01
5.55555555555556e-06 5.55555555555556e-06 5.55555555555556e-06 5.55555555555556e-06 5.55555555555556e-06 5.55555555555556e-06 5.55555555555556e-06 5.55555555555556e-06 5.55555555555556e-06 0.999938888888889 5.55555555555556e-06 5.55555555555556e-06; % M D=0.01
0.253288888888889 2.22222222222222e-05 0.246622222222222 2.22222222222222e-05 0.273288888888889 2.22222222222222e-05 2.22222222222222e-05 0.226622222222222 2.22222222222222e-05 2.22222222222222e-05 2.22222222222222e-05 2.22222222222222e-05; % N D=0.01
5.55555555555556e-06 5.55555555555556e-06 5.55555555555556e-06 5.55555555555556e-06 5.55555555555556e-06 5.55555555555556e-06 0.999938888888889 5.55555555555556e-06 5.55555555555556e-06 5.55555555555556e-06 5.55555555555556e-06 5.55555555555556e-06; % P D=0.01
5.55555555555556e-06 5.55555555555556e-06 5.55555555555556e-06 5.55555555555556e-06 5.55555555555556e-06 5.55555555555556e-06 5.55555555555556e-06 5.55555555555556e-06 5.55555555555556e-06 5.55555555555556e-06 5.55555555555556e-06 0.999938888888889; % R D=0.01
0.233288888888889 2.22222222222222e-05 0.266622222222222 2.22222222222222e-05 2.22222222222222e-05 2.22222222222222e-05 2.22222222222222e-05 0.259955555555556 0.239955555555556 2.22222222222222e-05 2.22222222222222e-05 2.22222222222222e-05; % Z D=0.01
5.55555555555556e-06 5.55555555555556e-06 5.55555555555556e-06 5.55555555555556e-06 5.55555555555556e-06 0.999938888888889 5.55555555555556e-06 5.55555555555556e-06 5.55555555555556e-06 5.55555555555556e-06 5.55555555555556e-06 5.55555555555556e-06; % b D=0.01
5.55555555555556e-06 5.55555555555556e-06 5.55555555555556e-06 0.999938888888889 5.55555555555556e-06 5.55555555555556e-06 5.55555555555556e-06 5.55555555555556e-06 5.55555555555556e-06 5.55555555555556e-06 5.55555555555556e-06 5.55555555555556e-06; % g D=0.01
5.55555555555556e-06 0.999938888888889 5.55555555555556e-06 5.55555555555556e-06 5.55555555555556e-06 5.55555555555556e-06 5.55555555555556e-06 5.55555555555556e-06 5.55555555555556e-06 5.55555555555556e-06 5.55555555555556e-06 5.55555555555556e-06; % m D=0.01
0.259955555555556 2.22222222222222e-05 2.22222222222222e-05 2.22222222222222e-05 0.199955555555556 2.22222222222222e-05 2.22222222222222e-05 0.313288888888889 0.226622222222222 2.22222222222222e-05 2.22222222222222e-05 2.22222222222222e-05; % r D=0.01
0.253288888888889 2.22222222222222e-05 0.246622222222222 2.22222222222222e-05 0.213288888888889 2.22222222222222e-05 2.22222222222222e-05 2.22222222222222e-05 0.286622222222222 2.22222222222222e-05 2.22222222222222e-05 2.22222222222222e-05; % v D=0.01
4.44444444444444e-05 4.44444444444444e-05 0.239911111111111 4.44444444444444e-05 0.313244444444444 4.44444444444444e-05 4.44444444444444e-05 0.199911111111111 0.246577777777778 4.44444444444444e-05 4.44444444444444e-05 4.44444444444444e-05; % $ D=0.02
1.11111111111111e-05 1.11111111111111e-05 1.11111111111111e-05 1.11111111111111e-05 1.11111111111111e-05 1.11111111111111e-05 1.11111111111111e-05 1.11111111111111e-05 1.11111111111111e-05 1.11111111111111e-05 0.999877777777778 1.11111111111111e-05; % J D=0.02
1.11111111111111e-05 1.11111111111111e-05 1.11111111111111e-05 1.11111111111111e-05 1.11111111111111e-05 1.11111111111111e-05 1.11111111111111e-05 1.11111111111111e-05 1.11111111111111e-05 0.999877777777778 1.11111111111111e-05 1.11111111111111e-05; % M D=0.02
0.253244444444444 4.44444444444444e-05 0.246577777777778 4.44444444444444e-05 0.273244444444444 4.44444444444444e-05 4.44444444444444e-05 0.226577777777778 4.44444444444444e-05 4.44444444444444e-05 4.44444444444444e-05 4.44444444444444e-05; % N D=0.02
1.11111111111111e-05 1.11111111111111e-05 1.11111111111111e-05 1.11111111111111e-05 1.11111111111111e-05 1.11111111111111e-05 0.999877777777778 1.11111111111111e-05 1.11111111111111e-05 1.11111111111111e-05 1.11111111111111e-05 1.11111111111111e-05; % P D=0.02
1.11111111111111e-05 1.11111111111111e-05 1.11111111111111e-05 1.11111111111111e-05 1.11111111111111e-05 1.11111111111111e-05 1.11111111111111e-05 1.11111111111111e-05 1.11111111111111e-05 1.11111111111111e-05 1.11111111111111e-05 0.999877777777778; % R D=0.02
0.233244444444444 4.44444444444444e-05 0.266577777777778 4.44444444444444e-05 4.44444444444444e-05 4.44444444444444e-05 4.44444444444444e-05 0.259911111111111 0.239911111111111 4.44444444444444e-05 4.44444444444444e-05 4.44444444444444e-05; % Z D=0.02
1.11111111111111e-05 1.11111111111111e-05 1.11111111111111e-05 1.11111111111111e-05 1.11111111111111e-05 0.999877777777778 1.11111111111111e-05 1.11111111111111e-05 1.11111111111111e-05 1.11111111111111e-05 1.11111111111111e-05 1.11111111111111e-05; % b D=0.02
1.11111111111111e-05 1.11111111111111e-05 1.11111111111111e-05 0.999877777777778 1.11111111111111e-05 1.11111111111111e-05 1.11111111111111e-05 1.11111111111111e-05 1.11111111111111e-05 1.11111111111111e-05 1.11111111111111e-05 1.11111111111111e-05; % g D=0.02
1.11111111111111e-05 0.999877777777778 1.11111111111111e-05 1.11111111111111e-05 1.11111111111111e-05 1.11111111111111e-05 1.11111111111111e-05 1.11111111111111e-05 1.11111111111111e-05 1.11111111111111e-05 1.11111111111111e-05 1.11111111111111e-05; % m D=0.02
0.259911111111111 4.44444444444444e-05 4.44444444444444e-05 4.44444444444444e-05 0.199911111111111 4.44444444444444e-05 4.44444444444444e-05 0.313244444444444 0.226577777777778 4.44444444444444e-05 4.44444444444444e-05 4.44444444444444e-05; % r D=0.02
0.253244444444444 4.44444444444444e-05 0.246577777777778 4.44444444444444e-05 0.213244444444444 4.44444444444444e-05 4.44444444444444e-05 4.44444444444444e-05 0.286577777777778 4.44444444444444e-05 4.44444444444444e-05 4.44444444444444e-05; % v D=0.02
0.000111111111111111 0.000111111111111111 0.239777777777778 0.000111111111111111 0.313111111111111 0.000111111111111111 0.000111111111111111 0.199777777777778 0.246444444444444 0.000111111111111111 0.000111111111111111 0.000111111111111111; % $ D=0.05
2.77777777777778e-05 2.77777777777778e-05 2.77777777777778e-05 2.77777777777778e-05 2.77777777777778e-05 2.77777777777778e-05 2.77777777777778e-05 2.77777777777778e-05 2.77777777777778e-05 2.77777777777778e-05 0.999694444444444 2.77777777777778e-05; % J D=0.05
2.77777777777778e-05 2.77777777777778e-05 2.77777777777778e-05 2.77777777777778e-05 2.77777777777778e-05 2.77777777777778e-05 2.77777777777778e-05 2.77777777777778e-05 2.77777777777778e-05 0.999694444444444 2.77777777777778e-05 2.77777777777778e-05; % M D=0.05
0.253111111111111 0.000111111111111111 0.246444444444444 0.000111111111111111 0.273111111111111 0.000111111111111111 0.000111111111111111 0.226444444444444 0.000111111111111111 0.000111111111111111 0.000111111111111111 0.000111111111111111; % N D=0.05
2.77777777777778e-05 2.77777777777778e-05 2.77777777777778e-05 2.77777777777778e-05 2.77777777777778e-05 2.77777777777778e-05 0.999694444444444 2.77777777777778e-05 2.77777777777778e-05 2.77777777777778e-05 2.77777777777778e-05 2.77777777777778e-05; % P D=0.05
2.77777777777778e-05 2.77777777777778e-05 2.77777777777778e-05 2.77777777777778e-05 2.77777777777778e-05 2.77777777777778e-05 2.77777777777778e-05 2.77777777777778e-05 2.77777777777778e-05 2.77777777777778e-05 2.77777777777778e-05 0.999694444444444; % R D=0.05
0.233111111111111 0.000111111111111111 0.266444444444444 0.000111111111111111 0.000111111111111111 0.000111111111111111 0.000111111111111111 0.259777777777778 0.239777777777778 0.000111111111111111 0.000111111111111111 0.000111111111111111; % Z D=0.05
2.77777777777778e-05 2.77777777777778e-05 2.77777777777778e-05 2.77777777777778e-05 2.77777777777778e-05 0.999694444444444 2.77777777777778e-05 2.77777777777778e-05 2.77777777777778e-05 2.77777777777778e-05 2.77777777777778e-05 2.77777777777778e-05; % b D=0.05
2.77777777777778e-05 2.77777777777778e-05 2.77777777777778e-05 0.999694444444444 2.77777777777778e-05 2.77777777777778e-05 2.77777777777778e-05 2.77777777777778e-05 2.77777777777778e-05 2.77777777777778e-05 2.77777777777778e-05 2.77777777777778e-05; % g D=0.05
2.77777777777778e-05 0.999694444444444 2.77777777777778e-05 2.77777777777778e-05 2.77777777777778e-05 2.77777777777778e-05 2.77777777777778e-05 2.77777777777778e-05 2.77777777777778e-05 2.77777777777778e-05 2.77777777777778e-05 2.77777777777778e-05; % m D=0.05
0.259777777777778 0.000111111111111111 0.000111111111111111 0.000111111111111111 0.199777777777778 0.000111111111111111 0.000111111111111111 0.313111111111111 0.226444444444444 0.000111111111111111 0.000111111111111111 0.000111111111111111; % r D=0.05
0.253111111111111 0.000111111111111111 0.246444444444444 0.000111111111111111 0.213111111111111 0.000111111111111111 0.000111111111111111 0.000111111111111111 0.286444444444444 0.000111111111111111 0.000111111111111111 0.000111111111111111; % v D=0.05
0.000222222222222222 0.000222222222222222 0.239555555555556 0.000222222222222222 0.312888888888889 0.000222222222222222 0.000222222222222222 0.199555555555556 0.246222222222222 0.000222222222222222 0.000222222222222222 0.000222222222222222; % $ D=0.1
5.55555555555556e-05 5.55555555555556e-05 5.55555555555556e-05 5.55555555555556e-05 5.55555555555556e-05 5.55555555555556e-05 5.55555555555556e-05 5.55555555555556e-05 5.55555555555556e-05 5.55555555555556e-05 0.999388888888889 5.55555555555556e-05; % J D=0.1
5.55555555555556e-05 5.55555555555556e-05 5.55555555555556e-05 5.55555555555556e-05 5.55555555555556e-05 5.55555555555556e-05 5.55555555555556e-05 5.55555555555556e-05 5.55555555555556e-05 0.999388888888889 5.55555555555556e-05 5.55555555555556e-05; % M D=0.1
0.252888888888889 0.000222222222222222 0.246222222222222 0.000222222222222222 0.272888888888889 0.000222222222222222 0.000222222222222222 0.226222222222222 0.000222222222222222 0.000222222222222222 0.000222222222222222 0.000222222222222222; % N D=0.1
5.55555555555556e-05 5.55555555555556e-05 5.55555555555556e-05 5.55555555555556e-05 5.55555555555556e-05 5.55555555555556e-05 0.999388888888889 5.55555555555556e-05 5.55555555555556e-05 5.55555555555556e-05 5.55555555555556e-05 5.55555555555556e-05; % P D=0.1
5.55555555555556e-05 5.55555555555556e-05 5.55555555555556e-05 5.55555555555556e-05 5.55555555555556e-05 5.55555555555556e-05 5.55555555555556e-05 5.55555555555556e-05 5.55555555555556e-05 5.55555555555556e-05 5.55555555555556e-05 0.999388888888889; % R D=0.1
0.232888888888889 0.000222222222222222 0.266222222222222 0.000222222222222222 0.000222222222222222 0.000222222222222222 0.000222222222222222 0.259555555555556 0.239555555555556 0.000222222222222222 0.000222222222222222 0.000222222222222222; % Z D=0.1
5.55555555555556e-05 5.55555555555556e-05 5.55555555555556e-05 5.55555555555556e-05 5.55555555555556e-05 0.999388888888889 5.55555555555556e-05 5.55555555555556e-05 5.55555555555556e-05 5.55555555555556e-05 5.55555555555556e-05 5.55555555555556e-05; % b D=0.1
5.55555555555556e-05 5.55555555555556e-05 5.55555555555556e-05 0.999388888888889 5.55555555555556e-05 5.55555555555556e-05 5.55555555555556e-05 5.55555555555556e-05 5.55555555555556e-05 5.55555555555556e-05 5.55555555555556e-05 5.55555555555556e-05; % g D=0.1
5.55555555555556e-05 0.999388888888889 5.55555555555556e-05 5.55555555555556e-05 5.55555555555556e-05 5.55555555555556e-05 5.55555555555556e-05 5.55555555555556e-05 5.55555555555556e-05 5.55555555555556e-05 5.55555555555556e-05 5.55555555555556e-05; % m D=0.1
0.259555555555556 0.000222222222222222 0.000222222222222222 0.000222222222222222 0.199555555555556 0.000222222222222222 0.000222222222222222 0.312888888888889 0.226222222222222 0.000222222222222222 0.000222222222222222 0.000222222222222222; % r D=0.1
0.252888888888889 0.000222222222222222 0.246222222222222 0.000222222222222222 0.212888888888889 0.000222222222222222 0.000222222222222222 0.000222222222222222 0.286222222222222 0.000222222222222222 0.000222222222222222 0.000222222222222222; % v D=0.1
0.000444444444444444 0.000444444444444444 0.239111111111111 0.000444444444444444 0.312444444444444 0.000444444444444444 0.000444444444444444 0.199111111111111 0.245777777777778 0.000444444444444444 0.000444444444444444 0.000444444444444444; % $ D=0.2
0.000111111111111111 0.000111111111111111 0.000111111111111111 0.000111111111111111 0.000111111111111111 0.000111111111111111 0.000111111111111111 0.000111111111111111 0.000111111111111111 0.000111111111111111 0.998777777777778 0.000111111111111111; % J D=0.2
0.000111111111111111 0.000111111111111111 0.000111111111111111 0.000111111111111111 0.000111111111111111 0.000111111111111111 0.000111111111111111 0.000111111111111111 0.000111111111111111 0.998777777777778 0.000111111111111111 0.000111111111111111; % M D=0.2
0.252444444444444 0.000444444444444444 0.245777777777778 0.000444444444444444 0.272444444444444 0.000444444444444444 0.000444444444444444 0.225777777777778 0.000444444444444444 0.000444444444444444 0.000444444444444444 0.000444444444444444; % N D=0.2
0.000111111111111111 0.000111111111111111 0.000111111111111111 0.000111111111111111 0.000111111111111111 0.000111111111111111 0.998777777777778 0.000111111111111111 0.000111111111111111 0.000111111111111111 0.000111111111111111 0.000111111111111111; % P D=0.2
0.000111111111111111 0.000111111111111111 0.000111111111111111 0.000111111111111111 0.000111111111111111 0.000111111111111111 0.000111111111111111 0.000111111111111111 0.000111111111111111 0.000111111111111111 0.000111111111111111 0.998777777777778; % R D=0.2
0.232444444444444 0.000444444444444444 0.265777777777778 0.000444444444444444 0.000444444444444444 0.000444444444444444 0.000444444444444444 0.259111111111111 0.239111111111111 0.000444444444444444 0.000444444444444444 0.000444444444444444; % Z D=0.2
0.000111111111111111 0.000111111111111111 0.000111111111111111 0.000111111111111111 0.000111111111111111 0.998777777777778 0.000111111111111111 0.000111111111111111 0.000111111111111111 0.000111111111111111 0.000111111111111111 0.000111111111111111; % b D=0.2
0.000111111111111111 0.000111111111111111 0.000111111111111111 0.998777777777778 0.000111111111111111 0.000111111111111111 0.000111111111111111 0.000111111111111111 0.000111111111111111 0.000111111111111111 0.000111111111111111 0.000111111111111111; % g D=0.2
0.000111111111111111 0.998777777777778 0.000111111111111111 0.000111111111111111 0.000111111111111111 0.000111111111111111 0.000111111111111111 0.000111111111111111 0.000111111111111111 0.000111111111111111 0.000111111111111111 0.000111111111111111; % m D=0.2
0.259111111111111 0.000444444444444444 0.000444444444444444 0.000444444444444444 0.199111111111111 0.000444444444444444 0.000444444444444444 0.312444444444444 0.225777777777778 0.000444444444444444 0.000444444444444444 0.000444444444444444; % r D=0.2
0.252444444444444 0.000444444444444444 0.245777777777778 0.000444444444444444 0.212444444444444 0.000444444444444444 0.000444444444444444 0.000444444444444444 0.285777777777778 0.000444444444444444 0.000444444444444444 0.000444444444444444; % v D=0.2
0.00111111111111111 0.00111111111111111 0.237777777777778 0.00111111111111111 0.311111111111111 0.00111111111111111 0.00111111111111111 0.197777777777778 0.244444444444444 0.00111111111111111 0.00111111111111111 0.00111111111111111; % $ D=0.5
0.000277777777777778 0.000277777777777778 0.000277777777777778 0.000277777777777778 0.000277777777777778 0.000277777777777778 0.000277777777777778 0.000277777777777778 0.000277777777777778 0.000277777777777778 0.996944444444445 0.000277777777777778; % J D=0.5
0.000277777777777778 0.000277777777777778 0.000277777777777778 0.000277777777777778 0.000277777777777778 0.000277777777777778 0.000277777777777778 0.000277777777777778 0.000277777777777778 0.996944444444445 0.000277777777777778 0.000277777777777778; % M D=0.5
0.251111111111111 0.00111111111111111 0.244444444444444 0.00111111111111111 0.271111111111111 0.00111111111111111 0.00111111111111111 0.224444444444444 0.00111111111111111 0.00111111111111111 0.00111111111111111 0.00111111111111111; % N D=0.5
0.000277777777777778 0.000277777777777778 0.000277777777777778 0.000277777777777778 0.000277777777777778 0.000277777777777778 0.996944444444445 0.000277777777777778 0.000277777777777778 0.000277777777777778 0.000277777777777778 0.000277777777777778; % P D=0.5
0.000277777777777778 0.000277777777777778 0.000277777777777778 0.000277777777777778 0.000277777777777778 0.000277777777777778 0.000277777777777778 0.000277777777777778 0.000277777777777778 0.000277777777777778 0.000277777777777778 0.996944444444445; % R D=0.5
0.231111111111111 0.00111111111111111 0.264444444444444 0.00111111111111111 0.00111111111111111 0.00111111111111111 0.00111111111111111 0.257777777777778 0.237777777777778 0.00111111111111111 0.00111111111111111 0.00111111111111111; % Z D=0.5
0.000277777777777778 0.000277777777777778 0.000277777777777778 0.000277777777777778 0.000277777777777778 0.996944444444445 0.000277777777777778 0.000277777777777778 0.000277777777777778 0.000277777777777778 0.000277777777777778 0.000277777777777778; % b D=0.5
0.000277777777777778 0.000277777777777778 0.000277777777777778 0.996944444444445 0.000277777777777778 0.000277777777777778 0.000277777777777778 0.000277777777777778 0.000277777777777778 0.000277777777777778 0.000277777777777778 0.000277777777777778; % g D=0.5
0.000277777777777778 0.996944444444445 0.000277777777777778 0.000277777777777778 0.000277777777777778 0.000277777777777778 0.000277777777777778 0.000277777777777778 0.000277777777777778 0.000277777777777778 0.000277777777777778 0.000277777777777778; % m D=0.5
0.257777777777778 0.00111111111111111 0.00111111111111111 0.00111111111111111 0.197777777777778 0.00111111111111111 0.00111111111111111 0.311111111111111 0.224444444444444 0.00111111111111111 0.00111111111111111 0.00111111111111111; % r D=0.5
0.251111111111111 0.00111111111111111 0.244444444444444 0.00111111111111111 0.211111111111111 0.00111111111111111 0.00111111111111111 0.00111111111111111 0.284444444444444 0.00111111111111111 0.00111111111111111 0.00111111111111111; % v D=0.5
0.00222222222222222 0.00222222222222222 0.235555555555556 0.00222222222222222 0.308888888888889 0.00222222222222222 0.00222222222222222 0.195555555555556 0.242222222222222 0.00222222222222222 0.00222222222222222 0.00222222222222222; % $ D=1
0.000555555555555556 0.000555555555555556 0.000555555555555556 0.000555555555555556 0.000555555555555556 0.000555555555555556 0.000555555555555556 0.000555555555555556 0.000555555555555556 0.000555555555555556 0.993888888888889 0.000555555555555556; % J D=1
0.000555555555555556 0.000555555555555556 0.000555555555555556 0.000555555555555556 0.000555555555555556 0.000555555555555556 0.000555555555555556 0.000555555555555556 0.000555555555555556 0.993888888888889 0.000555555555555556 0.000555555555555556; % M D=1
0.248888888888889 0.00222222222222222 0.242222222222222 0.00222222222222222 0.268888888888889 0.00222222222222222 0.00222222222222222 0.222222222222222 0.00222222222222222 0.00222222222222222 0.00222222222222222 0.00222222222222222; % N D=1
0.000555555555555556 0.000555555555555556 0.000555555555555556 0.000555555555555556 0.000555555555555556 0.000555555555555556 0.993888888888889 0.000555555555555556 0.000555555555555556 0.000555555555555556 0.000555555555555556 0.000555555555555556; % P D=1
0.000555555555555556 0.000555555555555556 0.000555555555555556 0.000555555555555556 0.000555555555555556 0.000555555555555556 0.000555555555555556 0.000555555555555556 0.000555555555555556 0.000555555555555556 0.000555555555555556 0.993888888888889; % R D=1
0.228888888888889 0.00222222222222222 0.262222222222222 0.00222222222222222 0.00222222222222222 0.00222222222222222 0.00222222222222222 0.255555555555556 0.235555555555556 0.00222222222222222 0.00222222222222222 0.00222222222222222; % Z D=1
0.000555555555555556 0.000555555555555556 0.000555555555555556 0.000555555555555556 0.000555555555555556 0.993888888888889 0.000555555555555556 0.000555555555555556 0.000555555555555556 0.000555555555555556 0.000555555555555556 0.000555555555555556; % b D=1
0.000555555555555556 0.000555555555555556 0.000555555555555556 0.993888888888889 0.000555555555555556 0.000555555555555556 0.000555555555555556 0.000555555555555556 0.000555555555555556 0.000555555555555556 0.000555555555555556 0.000555555555555556; % g D=1
0.000555555555555556 0.993888888888889 0.000555555555555556 0.000555555555555556 0.000555555555555556 0.000555555555555556 0.000555555555555556 0.000555555555555556 0.000555555555555556 0.000555555555555556 0.000555555555555556 0.000555555555555556; % m D=1
0.255555555555556 0.00222222222222222 0.00222222222222222 0.00222222222222222 0.195555555555556 0.00222222222222222 0.00222222222222222 0.308888888888889 0.222222222222222 0.00222222222222222 0.00222222222222222 0.00222222222222222; % r D=1
0.248888888888889 0.00222222222222222 0.242222222222222 0.00222222222222222 0.208888888888889 0.00222222222222222 0.00222222222222222 0.00222222222222222 0.282222222222222 0.00222222222222222 0.00222222222222222 0.00222222222222222; % v D=1
0.00444444444444444 0.00444444444444444 0.231111111111111 0.00444444444444444 0.304444444444444 0.00444444444444444 0.00444444444444444 0.191111111111111 0.237777777777778 0.00444444444444444 0.00444444444444444 0.00444444444444444; % $ D=2
0.00111111111111111 0.00111111111111111 0.00111111111111111 0.00111111111111111 0.00111111111111111 0.00111111111111111 0.00111111111111111 0.00111111111111111 0.00111111111111111 0.00111111111111111 0.987777777777778 0.00111111111111111; % J D=2
0.00111111111111111 0.00111111111111111 0.00111111111111111 0.00111111111111111 0.00111111111111111 0.00111111111111111 0.00111111111111111 0.00111111111111111 0.00111111111111111 0.987777777777778 0.00111111111111111 0.00111111111111111; % M D=2
0.244444444444444 0.00444444444444444 0.237777777777778 0.00444444444444444 0.264444444444444 0.00444444444444444 0.00444444444444444 0.217777777777778 0.00444444444444444 0.00444444444444444 0.00444444444444444 0.00444444444444444; % N D=2
0.00111111111111111 0.00111111111111111 0.00111111111111111 0.00111111111111111 0.00111111111111111 0.00111111111111111 0.987777777777778 0.00111111111111111 0.00111111111111111 0.00111111111111111 0.00111111111111111 0.00111111111111111; % P D=2
0.00111111111111111 0.00111111111111111 0.00111111111111111 0.00111111111111111 0.00111111111111111 0.00111111111111111 0.00111111111111111 0.00111111111111111 0.00111111111111111 0.00111111111111111 0.00111111111111111 0.987777777777778; % R D=2
0.224444444444444 0.00444444444444444 0.257777777777778 0.00444444444444444 0.00444444444444444 0.00444444444444444 0.00444444444444444 0.251111111111111 0.231111111111111 0.00444444444444444 0.00444444444444444 0.00444444444444444; % Z D=2
0.00111111111111111 0.00111111111111111 0.00111111111111111 0.00111111111111111 0.00111111111111111 0.987777777777778 0.00111111111111111 0.00111111111111111 0.00111111111111111 0.00111111111111111 0.00111111111111111 0.00111111111111111; % b D=2
0.00111111111111111 0.00111111111111111 0.00111111111111111 0.987777777777778 0.00111111111111111 0.00111111111111111 0.00111111111111111 0.00111111111111111 0.00111111111111111 0.00111111111111111 0.00111111111111111 0.00111111111111111; % g D=2
0.00111111111111111 0.987777777777778 0.00111111111111111 0.00111111111111111 0.00111111111111111 0.00111111111111111 0.00111111111111111 0.00111111111111111 0.00111111111111111 0.00111111111111111 0.00111111111111111 0.00111111111111111; % m D=2
0.251111111111111 0.00444444444444444 0.00444444444444444 0.00444444444444444 0.191111111111111 0.00444444444444444 0.00444444444444444 0.304444444444444 0.217777777777778 0.00444444444444444 0.00444444444444444 0.00444444444444444; % r D=2
0.244444444444444 0.00444444444444444 0.237777777777778 0.00444444444444444 0.204444444444444 0.00444444444444444 0.00444444444444444 0.00444444444444444 0.277777777777778 0.00444444444444444 0.00444444444444444 0.00444444444444444; % v D=2
0.0111111111111111 0.0111111111111111 0.217777777777778 0.0111111111111111 0.291111111111111 0.0111111111111111 0.0111111111111111 0.177777777777778 0.224444444444444 0.0111111111111111 0.0111111111111111 0.0111111111111111; % $ D=5
0.00277777777777778 0.00277777777777778 0.00277777777777778 0.00277777777777778 0.00277777777777778 0.00277777777777778 0.00277777777777778 0.00277777777777778 0.00277777777777778 0.00277777777777778 0.969444444444444 0.00277777777777778; % J D=5
0.00277777777777778 0.00277777777777778 0.00277777777777778 0.00277777777777778 0.00277777777777778 0.00277777777777778 0.00277777777777778 0.00277777777777778 0.00277777777777778 0.969444444444444 0.00277777777777778 0.00277777777777778; % M D=5
0.231111111111111 0.0111111111111111 0.224444444444444 0.0111111111111111 0.251111111111111 0.0111111111111111 0.0111111111111111 0.204444444444444 0.0111111111111111 0.0111111111111111 0.0111111111111111 0.0111111111111111; % N D=5
0.00277777777777778 0.00277777777777778 0.00277777777777778 0.00277777777777778 0.00277777777777778 0.00277777777777778 0.969444444444444 0.00277777777777778 0.00277777777777778 0.00277777777777778 0.00277777777777778 0.00277777777777778; % P D=5
0.00277777777777778 0.00277777777777778 0.00277777777777778 0.00277777777777778 0.00277777777777778 0.00277777777777778 0.00277777777777778 0.00277777777777778 0.00277777777777778 0.00277777777777778 0.00277777777777778 0.969444444444444; % R D=5
0.211111111111111 0.0111111111111111 0.244444444444444 0.0111111111111111 0.0111111111111111 0.0111111111111111 0.0111111111111111 0.237777777777778 0.217777777777778 0.0111111111111111 0.0111111111111111 0.0111111111111111; % Z D=5
0.00277777777777778 0.00277777777777778 0.00277777777777778 0.00277777777777778 0.00277777777777778 0.969444444444444 0.00277777777777778 0.00277777777777778 0.00277777777777778 0.00277777777777778 0.00277777777777778 0.00277777777777778; % b D=5
0.00277777777777778 0.00277777777777778 0.00277777777777778 0.969444444444444 0.00277777777777778 0.00277777777777778 0.00277777777777778 0.00277777777777778 0.00277777777777778 0.00277777777777778 0.00277777777777778 0.00277777777777778; % g D=5
0.00277777777777778 0.969444444444444 0.00277777777777778 0.00277777777777778 0.00277777777777778 0.00277777777777778 0.00277777777777778 0.00277777777777778 0.00277777777777778 0.00277777777777778 0.00277777777777778 0.00277777777777778; % m D=5
0.237777777777778 0.0111111111111111 0.0111111111111111 0.0111111111111111 0.177777777777778 0.0111111111111111 0.0111111111111111 0.291111111111111 0.204444444444444 0.0111111111111111 0.0111111111111111 0.0111111111111111; % r D=5
0.231111111111111 0.0111111111111111 0.224444444444444 0.0111111111111111 0.191111111111111 0.0111111111111111 0.0111111111111111 0.0111111111111111 0.264444444444444 0.0111111111111111 0.0111111111111111 0.0111111111111111]; % v D=5
