syllables = '$DNZgmptvz';
discounts = [0.01 0.02 0.05 0.1 0.2 0.5 1 2 5];
kn_probs = [2e-05 0.339953333333333 0.313286666666667 2e-05 2e-05 2e-05 2e-05 0.34662 2e-05 2e-05; % $ D=0.01
5e-06 5e-06 5e-06 5e-06 5e-06 5e-06 5e-06 5e-06 5e-06 0.999955; % D D=0.01
5e-06 5e-06 5e-06 0.999955 5e-06 5e-06 5e-06 5e-06 5e-06 5e-06; % N D=0.01
5e-06 5e-06 5e-06 5e-06 5e-06 5e-06 0.999955 5e-06 5e-06 5e-06; % Z D=0.01
5e-06 5e-06 5e-06 5e-06 5e-06 5e-06 5e-06 5e-06 0.999955 5e-06; % g D=0.01
0.25997 0.34997 0.38497 2e-05 2e-05 2e-05 2e-05 0.00497 2e-05 2e-05; % m D=0.01
0.219965 0.394965 1.5e-05 1.5e-05 1.5e-05 1.5e-05 1.5e-05 0.384965 1.5e-05 1.5e-05; % p D=0.01
5e-06 5e-06 5e-06 5e-06 0.999955 5e-06 5e-06 5e-06 5e-06 5e-06; % t D=0.01
5e-06 5e-06 5e-06 5e-06 5e-06 0.999955 5e-06 5e-06 5e-06 5e-06; % v D=0.01
0.269965 1.5e-05 0.379965 1.5e-05 1.5e-05 1.5e-05 1.5e-05 0.349965 1.5e-05 1.5e-05; % z D=0.01
4e-05 0.339906666666667 0.31324 4e-05 4e-05 4e-05 4e-05 0.346573333333333 4e-05 4e-05; % $ D=0.02
1e-05 1e-05 1e-05 1e-05 1e-05 1e-05 1e-05 1e-05 1e-05 0.99991; % D D=0.02
1e-05 1e-05 1e-05 0.99991 1e-05 1e-05 1e-05 1e-05 1e-05 1e-05; % N D=0.02
1e-05 1e-05 1e-05 1e-05 1e-05 1e-05 0.99991 1e-05 1e-05 1e-05; % Z D=0.02
1e-05 1e-05 1e-05 1e-05 1e-05 1e-05 1e-05 1e-05 0.99991 1e-05; % g D=0.02
0.25994 0.34994 0.38494 4e-05 4e-05 4e-05 4e-05 0.00494 4e-05 4e-05; % m D=0.02
0.21993 0.39493 3e-05 3e-05 3e-05 3e-05 3e-05 0.38493 3e-05 3e-05; % p D=0.02
1e-05 1e-05 1e-05 1e-05 0.99991 1e-05 1e-05 1e-05 1e-05 1e-05; % t D=0.02
1e-05 1e-05 1e-05 1e-05 1e-05 0.99991 1e-05 1e-05 1e-05 1e-05; % v D=0.02
0.26993 3e-05 0.37993 3e-05 3e-05 3e-05 3e-05 0.34993 3e-05 3e-05; % z D=0.02
0.0001 0.339766666666667 0.3131 0.0001 0.0001 0.0001 0.0001 0.346433333333333 0.0001 0.0001; % $ D=0.05
2.5e-05 2.5e-05 2.5e-05 2.5e-05 2.5e-05 2.5e-05 2.5e-05 2.5e-05 2.5e-05 0.999775; % D D=0.05
2.5e-05 2.5e-05 2.5e-05 0.999775 2.5e-05 2.5e-05 2.5e-05 2.5e-05 2.5e-05 2.5e-05; % N D=0.05
2.5e-05 2.5e-05 2.5e-05 2.5e-05 2.5e-05 2.5e-05 0.999775 2.5e-05 2.5e-05 2.5e-05; % Z D=0.05
2.5e-05 2.5e-05 2.5e-05 2.5e-05 2.5e-05 2.5e-05 2.5e-05 2.5e-05 0.999775 2.5e-05; % g D=0.05
0.25985 0.34985 0.38485 0.0001 0.0001 0.0001 0.0001 0.00485 0.0001 0.0001; % m D=0.05
0.219825 0.394825 7.5e-05 7.5e-05 7.5e-05 7.5e-05 7.5e-05 0.384825 7.5e-05 7.5e-05; % p D=0.05
2.5e-05 2.5e-05 2.5e-05 2.5e-05 0.999775 2.5e-05 2.5e-05 2.5e-05 2.5e-05 2.5e-05; % t D=0.05
2.5e-05 2.5e-05 2.5e-05 2.5e-05 2.5e-05 0.999775 2.5e-05 2.5e-05 2.5e-05 2.5e-05; % v D=0.05
0.269825 7.5e-05 0.379825 7.5e-05 7.5e-05 7.5e-05 7.5e-05 0.349825 7.5e-05 7.5e-05; % z D=0.05
0.0002 0.339533333333333 0.312866666666667 0.0002 0.0002 0.0002 0.0002 0.3462 0.0002 0.0002; % $ D=0.1
5e-05 5e-05 5e-05 5e-05 5e-05 5e-05 5e-05 5e-05 5e-05 0.99955; % D D=0.1
5e-05 5e-05 5e-05 0.99955 5e-05 5e-05 5e-05 5e-05 5e-05 5e-05; % N D=0.1
5e-05 5e-05 5e-05 5e-05 5e-05 5e-05 0.99955 5e-05 5e-05 5e-05; % Z D=0.1
5e-05 5e-05 5e-05 5e-05 5e-05 5e-05 5e-05 5e-05 0.99955 5e-05; % g D=0.1
0.2597 0.3497 0.3847 0.0002 0.0002 0.0002 0.0002 0.0047 0.0002 0.0002; % m D=0.1
0.21965 0.39465 0.00015 0.00015 0.00015 0.00015 0.00015 0.38465 0.00015 0.00015; % p D=0.1
5e-05 5e-05 5e-05 5e-05 0.99955 5e-05 5e-05 5e-05 5e-05 5e-05; % t D=0.1
5e-05 5e-05 5e-05 5e-05 5e-05 0.99955 5e-05 5e-05 5e-05 5e-05; % v D=0.1
0.26965 0.00015 0.37965 0.00015 0.00015 0.00015 0.00015 0.34965 0.00015 0.00015; % z D=0.1
0.0004 0.339066666666667 0.3124 0.0004 0.0004 0.0004 0.0004 0.345733333333333 0.0004 0.0004; % $ D=0.2
0.0001 0.0001 0.0001 0.0001 0.0001 0.0001 0.0001 0.0001 0.0001 0.9991; % D D=0.2
0.0001 0.0001 0.0001 0.9991 0.0001 0.0001 0.0001 0.0001 0.0001 0.0001; % N D=0.2
0.0001 0.0001 0.0001 0.0001 0.0001 0.0001 0.9991 0.0001 0.0001 0.0001; % Z D=0.2
0.0001 0.0001 0.0001 0.0001 0.0001 0.0001 0.0001 0.0001 0.9991 0.0001; % g D=0.2
0.2594 0.3494 0.3844 0.0004 0.0004 0.0004 0.0004 0.0044 0.0004 0.0004; % m D=0.2
0.2193 0.3943 0.0003 0.0003 0.0003 0.0003 0.0003 0.3843 0.0003 0.0003; % p D=0.2
0.0001 0.0001 0.0001 0.0001 0.9991 0.0001 0.0001 0.0001 0.0001 0.0001; % t D=0.2
0.0001 0.0001 0.0001 0.0001 0.0001 0.9991 0.0001 0.0001 0.0001 0.0001; % v D=0.2
0.2693 0.0003 0.3793 0.0003 0.0003 0.0003 0.0003 0.3493 0.0003 0.0003; % z D=0.2
0.001 0.337666666666667 0.311 0.001 0.001 0.001 0.001 0.344333333333333 0.001 0.001; % $ D=0.5
0.00025 0.00025 0.00025 0.00025 0.00025 0.00025 0.00025 0.00025 0.00025 0.99775; % D D=0.5
0.00025 0.00025 0.00025 0.99775 0.00025 0.00025 0.00025 0.00025 0.00025 0.00025; % N D=0.5
0.00025 0.00025 0.00025 0.00025 0.00025 0.00025 0.99775 0.00025 0.00025 0.00025; % Z D=0.5
0.00025 0.00025 0.00025 0.00025 0.00025 0.00025 0.00025 0.00025 0.99775 0.00025; % g D=0.5
0.2585 0.3485 0.3835 0.001 0.001 0.001 0.001 0.0035 0.001 0.001; % m D=0.5
0.21825 0.39325 0.00075 0.00075 0.00075 0.00075 0.00075 0.38325 0.00075 0.00075; % p D=0.5
0.00025 0.00025 0.00025 0.00025 0.99775 0.00025 0.00025 0.00025 0.00025 0.00025; % t D=0.5
0.00025 0.00025 0.00025 0.00025 0.00025 0.99775 0.00025 0.00025 0.00025 0.00025; % v D=0.5
0.26825 0.00075 0.37825 0.00075 0.00075 0.00075 0.00075 0.34825 0.00075 0.00075; % z D=0.5
0.002 0.335333333333333 0.308666666666667 0.002 0.002 0.002 0.002 0.342 0.002 0.002; % $ D=1
0.0005 0.0005 0.0005 0.0005 0.0005 0.0005 0.0005 0.0005 0.0005 0.9955; % D D=1
0.0005 0.0005 0.0005 0.9955 0.0005 0.0005 0.0005 0.0005 0.0005 0.0005; % N D=1
0.0005 0.0005 0.0005 0.0005 0.0005 0.0005 0.9955 0.0005 0.0005 0.0005; % Z D=1
0.0005 0.0005 0.0005 0.0005 0.0005 0.0005 0.0005 0.0005 0.9955 0.0005; % g D=1
0.257 0.347 0.382 0.002 0.002 0.002 0.002 0.002 0.002 0.002; % m D=1
0.2165 0.3915 0.0015 0.0015 0.0015 0.0015 0.0015 0.3815 0.0015 0.0015; % p D=1
0.0005 0.0005 0.0005 0.0005 0.9955 0.0005 0.0005 0.0005 0.0005 0.0005; % t D=1
0.0005 0.0005 0.0005 0.0005 0.0005 0.9955 0.0005 0.0005 0.0005 0.0005; % v D=1
0.2665 0.0015 0.3765 0.0015 0.0015 0.0015 0.0015 0.3465 0.0015 0.0015; % z D=1
0.004 0.330666666666667 0.304 0.004 0.004 0.004 0.004 0.337333333333333 0.004 0.004; % $ D=2
0.001 0.001 0.001 0.001 0.001 0.001 0.001 0.001 0.001 0.991; % D D=2
0.001 0.001 0.001 0.991 0.001 0.001 0.001 0.001 0.001 0.001; % N D=2
0.001 0.001 0.001 0.001 0.001 0.001 0.991 0.001 0.001 0.001; % Z D=2
0.001 0.001 0.001 0.001 0.001 0.001 0.001 0.001 0.991 0.001; % g D=2
0.254 0.344 0.379 0.004 0.004 0.004 0.004 0.004 0.004 0.004; % m D=2
0.213 0.388 0.003 0.003 0.003 0.003 0.003 0.378 0.003 0.003; % p D=2
0.001 0.001 0.001 0.001 0.991 0.001 0.001 0.001 0.001 0.001; % t D=2
0.001 0.001 0.001 0.001 0.001 0.991 0.001 0.001 0.001 0.001; % v D=2
0.263 0.003 0.373 0.003 0.003 0.003 0.003 0.343 0.003 0.003; % z D=2
0.01 0.316666666666667 0.29 0.01 0.01 0.01 0.01 0.323333333333333 0.01 0.01; % $ D=5
0.0025 0.0025 0.0025 0.0025 0.0025 0.0025 0.0025 0.0025 0.0025 0.9775; % D D=5
0.0025 0.0025 0.0025 0.9775 0.0025 0.0025 0.0025 0.0025 0.0025 0.0025; % N D=5
0.0025 0.0025 0.0025 0.0025 0.0025 0.0025 0.9775 0.0025 0.0025 0.0025; % Z D=5
0.0025 0.0025 0.0025 0.0025 0.0025 0.0025 0.0025 0.0025 0.9775 0.0025; % g D=5
0.245 0.335 0.37 0.01 0.01 0.01 0.01 0.01 0.01 0.01; % m D=5
0.2025 0.3775 0.0075 0.0075 0.0075 0.0075 0.0075 0.3675 0.0075 0.0075; % p D=5
0.0025 0.0025 0.0025 0.0025 0.9775 0.0025 0.0025 0.0025 0.0025 0.0025; % t D=5
0.0025 0.0025 0.0025 0.0025 0.0025 0.9775 0.0025 0.0025 0.0025 0.0025; % v D=5
0.2525 0.0075 0.3625 0.0075 0.0075 0.0075 0.0075 0.3325 0.0075 0.0075]; % z D=5
