syllables = '$DJLMPkltv';
discounts = [0.01 0.02 0.05 0.1 0.2 0.5 1 2 5];
kn_probs = [2e-05 2e-05 2e-05 2e-05 2e-05 0.36662 2e-05 0.34662 2e-05 0.28662; % $ D=0.01
0.23997 2e-05 2e-05 2e-05 2e-05 0.20997 2e-05 0.26497 2e-05 0.28497; % D D=0.01
0.23497 2e-05 2e-05 2e-05 2e-05 0.29997 2e-05 0.18497 2e-05 0.27997; % J D=0.01
5e-06 5e-06 5e-06 5e-06 5e-06 5e-06 5e-06 5e-06 0.999955 5e-06; % L D=0.01
5e-06 0.999955 5e-06 5e-06 5e-06 5e-06 5e-06 5e-06 5e-06 5e-06; % M D=0.01
5e-06 5e-06 5e-06 5e-06 0.999955 5e-06 5e-06 5e-06 5e-06 5e-06; % P D=0.01
0.27497 2e-05 2e-05 2e-05 2e-05 0.21497 2e-05 0.28997 2e-05 0.21997; % k D=0.01
5e-06 5e-06 5e-06 0.999955 5e-06 5e-06 5e-06 5e-06 5e-06 5e-06; % l D=0.01
5e-06 5e-06 0.999955 5e-06 5e-06 5e-06 5e-06 5e-06 5e-06 5e-06; % t D=0.01
5e-06 5e-06 5e-06 5e-06 5e-06 5e-06 0.999955 5e-06 5e-06 5e-06; % v D=0.01
4e-05 4e-05 4e-05 4e-05 4e-05 0.366573333333333 4e-05 0.346573333333333 4e-05 0.286573333333333; % $ D=0.02
0.23994 4e-05 4e-05 4e-05 4e-05 0.20994 4e-05 0.26494 4e-05 0.28494; % D D=0.02
0.23494 4e-05 4e-05 4e-05 4e-05 0.29994 4e-05 0.18494 4e-05 0.27994; % J D=0.02
1e-05 1e-05 1e-05 1e-05 1e-05 1e-05 1e-05 1e-05 0.99991 1e-05; % L D=0.02
1e-05 0.99991 1e-05 1e-05 1e-05 1e-05 1e-05 1e-05 1e-05 1e-05; % M D=0.02
1e-05 1e-05 1e-05 1e-05 0.99991 1e-05 1e-05 1e-05 1e-05 1e-05; % P D=0.02
0.27494 4e-05 4e-05 4e-05 4e-05 0.21494 4e-05 0.28994 4e-05 0.21994; % k D=0.02
1e-05 1e-05 1e-05 0.99991 1e-05 1e-05 1e-05 1e-05 1e-05 1e-05; % l D=0.02
1e-05 1e-05 0.99991 1e-05 1e-05 1e-05 1e-05 1e-05 1e-05 1e-05; % t D=0.02
1e-05 1e-05 1e-05 1e-05 1e-05 1e-05 0.99991 1e-05 1e-05 1e-05; % v D=0.02
0.0001 0.0001 0.0001 0.0001 0.0001 0.366433333333333 0.0001 0.346433333333333 0.0001 0.286433333333333; % $ D=0.05
0.23985 0.0001 0.0001 0.0001 0.0001 0.20985 0.0001 0.26485 0.0001 0.28485; % D D=0.05
0.23485 0.0001 0.0001 0.0001 0.0001 0.29985 0.0001 0.18485 0.0001 0.27985; % J D=0.05
2.5e-05 2.5e-05 2.5e-05 2.5e-05 2.5e-05 2.5e-05 2.5e-05 2.5e-05 0.999775 2.5e-05; % L D=0.05
2.5e-05 0.999775 2.5e-05 2.5e-05 2.5e-05 2.5e-05 2.5e-05 2.5e-05 2.5e-05 2.5e-05; % M D=0.05
2.5e-05 2.5e-05 2.5e-05 2.5e-05 0.999775 2.5e-05 2.5e-05 2.5e-05 2.5e-05 2.5e-05; % P D=0.05
0.27485 0.0001 0.0001 0.0001 0.0001 0.21485 0.0001 0.28985 0.0001 0.21985; % k D=0.05
2.5e-05 2.5e-05 2.5e-05 0.999775 2.5e-05 2.5e-05 2.5e-05 2.5e-05 2.5e-05 2.5e-05; % l D=0.05
2.5e-05 2.5e-05 0.999775 2.5e-05 2.5e-05 2.5e-05 2.5e-05 2.5e-05 2.5e-05 2.5e-05; % t D=0.05
2.5e-05 2.5e-05 2.5e-05 2.5e-05 2.5e-05 2.5e-05 0.999775 2.5e-05 2.5e-05 2.5e-05; % v D=0.05
0.0002 0.0002 0.0002 0.0002 0.0002 0.3662 0.0002 0.3462 0.0002 0.2862; % $ D=0.1
0.2397 0.0002 0.0002 0.0002 0.0002 0.2097 0.0002 0.2647 0.0002 0.2847; % D D=0.1
0.2347 0.0002 0.0002 0.0002 0.0002 0.2997 0.0002 0.1847 0.0002 0.2797; % J D=0.1
5e-05 5e-05 5e-05 5e-05 5e-05 5e-05 5e-05 5e-05 0.99955 5e-05; % L D=0.1
5e-05 0.99955 5e-05 5e-05 5e-05 5e-05 5e-05 5e-05 5e-05 5e-05; % M D=0.1
5e-05 5e-05 5e-05 5e-05 0.99955 5e-05 5e-05 5e-05 5e-05 5e-05; % P D=0.1
0.2747 0.0002 0.0002 0.0002 0.0002 0.2147 0.0002 0.2897 0.0002 0.2197; % k D=0.1
5e-05 5e-05 5e-05 0.99955 5e-05 5e-05 5e-05 5e-05 5e-05 5e-05; % l D=0.1
5e-05 5e-05 0.99955 5e-05 5e-05 5e-05 5e-05 5e-05 5e-05 5e-05; % t D=0.1
5e-05 5e-05 5e-05 5e-05 5e-05 5e-05 0.99955 5e-05 5e-05 5e-05; % v D=0.1
0.0004 0.0004 0.0004 0.0004 0.0004 0.365733333333333 0.0004 0.345733333333333 0.0004 0.285733333333333; % $ D=0.2
0.2394 0.0004 0.0004 0.0004 0.0004 0.2094 0.0004 0.2644 0.0004 0.2844; % D D=0.2
0.2344 0.0004 0.0004 0.0004 0.0004 0.2994 0.0004 0.1844 0.0004 0.2794; % J D=0.2
0.0001 0.0001 0.0001 0.0001 0.0001 0.0001 0.0001 0.0001 0.9991 0.0001; % L D=0.2
0.0001 0.9991 0.0001 0.0001 0.0001 0.0001 0.0001 0.0001 0.0001 0.0001; % M D=0.2
0.0001 0.0001 0.0001 0.0001 0.9991 0.0001 0.0001 0.0001 0.0001 0.0001; % P D=0.2
0.2744 0.0004 0.0004 0.0004 0.0004 0.2144 0.0004 0.2894 0.0004 0.2194; % k D=0.2
0.0001 0.0001 0.0001 0.9991 0.0001 0.0001 0.0001 0.0001 0.0001 0.0001; % l D=0.2
0.0001 0.0001 0.9991 0.0001 0.0001 0.0001 0.0001 0.0001 0.0001 0.0001; % t D=0.2
0.0001 0.0001 0.0001 0.0001 0.0001 0.0001 0.9991 0.0001 0.0001 0.0001; % v D=0.2
0.001 0.001 0.001 0.001 0.001 0.364333333333333 0.001 0.344333333333333 0.001 0.284333333333333; % $ D=0.5
0.2385 0.001 0.001 0.001 0.001 0.2085 0.001 0.2635 0.001 0.2835; % D D=0.5
0.2335 0.001 0.001 0.001 0.001 0.2985 0.001 0.1835 0.001 0.2785; % J D=0.5
0.00025 0.00025 0.00025 0.00025 0.00025 0.00025 0.00025 0.00025 0.99775 0.00025; % L D=0.5
0.00025 0.99775 0.00025 0.00025 0.00025 0.00025 0.00025 0.00025 0.00025 0.00025; % M D=0.5
0.00025 0.00025 0.00025 0.00025 0.99775 0.00025 0.00025 0.00025 0.00025 0.00025; % P D=0.5
0.2735 0.001 0.001 0.001 0.001 0.2135 0.001 0.2885 0.001 0.2185; % k D=0.5
0.00025 0.00025 0.00025 0.99775 0.00025 0.00025 0.00025 0.00025 0.00025 0.00025; % l D=0.5
0.00025 0.00025 0.99775 0.00025 0.00025 0.00025 0.00025 0.00025 0.00025 0.00025; % t D=0.5
0.00025 0.00025 0.00025 0.00025 0.00025 0.00025 0.99775 0.00025 0.00025 0.00025; % v D=0.5
0.002 0.002 0.002 0.002 0.002 0.362 0.002 0.342 0.002 0.282; % $ D=1
0.237 0.002 0.002 0.002 0.002 0.207 0.002 0.262 0.002 0.282; % D D=1
0.232 0.002 0.002 0.002 0.002 0.297 0.002 0.182 0.002 0.277; % J D=1
0.0005 0.0005 0.0005 0.0005 0.0005 0.0005 0.0005 0.0005 0.9955 0.0005; % L D=1
0.0005 0.9955 0.0005 0.0005 0.0005 0.0005 0.0005 0.0005 0.0005 0.0005; % M D=1
0.0005 0.0005 0.0005 0.0005 0.9955 0.0005 0.0005 0.0005 0.0005 0.0005; % P D=1
0.272 0.002 0.002 0.002 0.002 0.212 0.002 0.287 0.002 0.217; % k D=1
0.0005 0.0005 0.0005 0.9955 0.0005 0.0005 0.0005 0.0005 0.0005 0.0005; % l D=1
0.0005 0.0005 0.9955 0.0005 0.0005 0.0005 0.0005 0.0005 0.0005 0.0005; % t D=1
0.0005 0.0005 0.0005 0.0005 0.0005 0.0005 0.9955 0.0005 0.0005 0.0005; % v D=1
0.004 0.004 0.004 0.004 0.004 0.357333333333333 0.004 0.337333333333333 0.004 0.277333333333333; % $ D=2
0.234 0.004 0.004 0.004 0.004 0.204 0.004 0.259 0.004 0.279; % D D=2
0.229 0.004 0.004 0.004 0.004 0.294 0.004 0.179 0.004 0.274; % J D=2
0.001 0.001 0.001 0.001 0.001 0.001 0.001 0.001 0.991 0.001; % L D=2
0.001 0.991 0.001 0.001 0.001 0.001 0.001 0.001 0.001 0.001; % M D=2
0.001 0.001 0.001 0.001 0.991 0.001 0.001 0.001 0.001 0.001; % P D=2
0.269 0.004 0.004 0.004 0.004 0.209 0.004 0.284 0.004 0.214; % k D=2
0.001 0.001 0.001 0.991 0.001 0.001 0.001 0.001 0.001 0.001; % l D=2
0.001 0.001 0.991 0.001 0.001 0.001 0.001 0.001 0.001 0.001; % t D=2
0.001 0.001 0.001 0.001 0.001 0.001 0.991 0.001 0.001 0.001; % v D=2
0.01 0.01 0.01 0.01 0.01 0.343333333333333 0.01 0.323333333333333 0.01 0.263333333333333; % $ D=5
0.225 0.01 0.01 0.01 0.01 0.195 0.01 0.25 0.01 0.27; % D D=5
0.22 0.01 0.01 0.01 0.01 0.285 0.01 0.17 0.01 0.265; % J D=5
0.0025 0.0025 0.0025 0.0025 0.0025 0.0025 0.0025 0.0025 0.9775 0.0025; % L D=5
0.0025 0.9775 0.0025 0.0025 0.0025 0.0025 0.0025 0.0025 0.0025 0.0025; % M D=5
0.0025 0.0025 0.0025 0.0025 0.9775 0.0025 0.0025 0.0025 0.0025 0.0025; % P D=5
0.26 0.01 0.01 0.01 0.01 0.2 0.01 0.275 0.01 0.205; % k D=5
0.0025 0.0025 0.0025 0.9775 0.0025 0.0025 0.0025 0.0025 0.0025 0.0025; % l D=5
0.0025 0.0025 0.9775 0.0025 0.0025 0.0025 0.0025 0.0025 0.0025 0.0025; % t D=5
0.0025 0.0025 0.0025 0.0025 0.0025 0.0025 0.9775 0.0025 0.0025 0.0025]; % v D=5
