syllables = '$DFLMZkpvz';
discounts = [0.01 0.02 0.05 0.1 0.2 0.5 1 2 5];
kn_probs = [2e-05 0.34662 2e-05 2e-05 2e-05 0.333286666666667 2e-05 0.319953333333333 2e-05 2e-05; % $ D=0.01
5e-06 5e-06 5e-06 0.999955 5e-06 5e-06 5e-06 5e-06 5e-06 5e-06; % D D=0.01
0.244965 0.369965 1.5e-05 1.5e-05 1.5e-05 1.5e-05 1.5e-05 0.384965 1.5e-05 1.5e-05; % F D=0.01
5e-06 5e-06 5e-06 5e-06 5e-06 5e-06 5e-06 5e-06 5e-06 0.999955; % L D=0.01
0.254965 0.369965 1.5e-05 1.5e-05 1.5e-05 0.374965 1.5e-05 1.5e-05 1.5e-05 1.5e-05; % M D=0.01
5e-06 5e-06 5e-06 5e-06 5e-06 5e-06 5e-06 5e-06 0.999955 5e-06; % Z D=0.01
5e-06 5e-06 0.999955 5e-06 5e-06 5e-06 5e-06 5e-06 5e-06 5e-06; % k D=0.01
5e-06 5e-06 5e-06 5e-06 0.999955 5e-06 5e-06 5e-06 5e-06 5e-06; % p D=0.01
5e-06 5e-06 5e-06 5e-06 5e-06 5e-06 0.999955 5e-06 5e-06 5e-06; % v D=0.01
0.249965 1.5e-05 1.5e-05 1.5e-05 1.5e-05 0.374965 1.5e-05 0.374965 1.5e-05 1.5e-05; % z D=0.01
4e-05 0.346573333333333 4e-05 4e-05 4e-05 0.33324 4e-05 0.319906666666667 4e-05 4e-05; % $ D=0.02
1e-05 1e-05 1e-05 0.99991 1e-05 1e-05 1e-05 1e-05 1e-05 1e-05; % D D=0.02
0.24493 0.36993 3e-05 3e-05 3e-05 3e-05 3e-05 0.38493 3e-05 3e-05; % F D=0.02
1e-05 1e-05 1e-05 1e-05 1e-05 1e-05 1e-05 1e-05 1e-05 0.99991; % L D=0.02
0.25493 0.36993 3e-05 3e-05 3e-05 0.37493 3e-05 3e-05 3e-05 3e-05; % M D=0.02
1e-05 1e-05 1e-05 1e-05 1e-05 1e-05 1e-05 1e-05 0.99991 1e-05; % Z D=0.02
1e-05 1e-05 0.99991 1e-05 1e-05 1e-05 1e-05 1e-05 1e-05 1e-05; % k D=0.02
1e-05 1e-05 1e-05 1e-05 0.99991 1e-05 1e-05 1e-05 1e-05 1e-05; % p D=0.02
1e-05 1e-05 1e-05 1e-05 1e-05 1e-05 0.99991 1e-05 1e-05 1e-05; % v D=0.02
0.24993 3e-05 3e-05 3e-05 3e-05 0.37493 3e-05 0.37493 3e-05 3e-05; % z D=0.02
0.0001 0.346433333333333 0.0001 0.0001 0.0001 0.3331 0.0001 0.319766666666667 0.0001 0.0001; % $ D=0.05
2.5e-05 2.5e-05 2.5e-05 0.999775 2.5e-05 2.5e-05 2.5e-05 2.5e-05 2.5e-05 2.5e-05; % D D=0.05
0.244825 0.369825 7.5e-05 7.5e-05 7.5e-05 7.5e-05 7.5e-05 0.384825 7.5e-05 7.5e-05; % F D=0.05
2.5e-05 2.5e-05 2.5e-05 2.5e-05 2.5e-05 2.5e-05 2.5e-05 2.5e-05 2.5e-05 0.999775; % L D=0.05
0.254825 0.369825 7.5e-05 7.5e-05 7.5e-05 0.374825 7.5e-05 7.5e-05 7.5e-05 7.5e-05; % M D=0.05
2.5e-05 2.5e-05 2.5e-05 2.5e-05 2.5e-05 2.5e-05 2.5e-05 2.5e-05 0.999775 2.5e-05; % Z D=0.05
2.5e-05 2.5e-05 0.999775 2.5e-05 2.5e-05 2.5e-05 2.5e-05 2.5e-05 2.5e-05 2.5e-05; % k D=0.05
2.5e-05 2.5e-05 2.5e-05 2.5e-05 0.999775 2.5e-05 2.5e-05 2.5e-05 2.5e-05 2.5e-05; % p D=0.05
2.5e-05 2.5e-05 2.5e-05 2.5e-05 2.5e-05 2.5e-05 0.999775 2.5e-05 2.5e-05 2.5e-05; % v D=0.05
0.249825 7.5e-05 7.5e-05 7.5e-05 7.5e-05 0.374825 7.5e-05 0.374825 7.5e-05 7.5e-05; % z D=0.05
0.0002 0.3462 0.0002 0.0002 0.0002 0.332866666666667 0.0002 0.319533333333333 0.0002 0.0002; % $ D=0.1
5e-05 5e-05 5e-05 0.99955 5e-05 5e-05 5e-05 5e-05 5e-05 5e-05; % D D=0.1
0.24465 0.36965 0.00015 0.00015 0.00015 0.00015 0.00015 0.38465 0.00015 0.00015; % F D=0.1
5e-05 5e-05 5e-05 5e-05 5e-05 5e-05 5e-05 5e-05 5e-05 0.99955; % L D=0.1
0.25465 0.36965 0.00015 0.00015 0.00015 0.37465 0.00015 0.00015 0.00015 0.00015; % M D=0.1
5e-05 5e-05 5e-05 5e-05 5e-05 5e-05 5e-05 5e-05 0.99955 5e-05; % Z D=0.1
5e-05 5e-05 0.99955 5e-05 5e-05 5e-05 5e-05 5e-05 5e-05 5e-05; % k D=0.1
5e-05 5e-05 5e-05 5e-05 0.99955 5e-05 5e-05 5e-05 5e-05 5e-05; % p D=0.1
5e-05 5e-05 5e-05 5e-05 5e-05 5e-05 0.99955 5e-05 5e-05 5e-05; % v D=0.1
0.24965 0.00015 0.00015 0.00015 0.00015 0.37465 0.00015 0.37465 0.00015 0.00015; % z D=0.1
0.0004 0.345733333333333 0.0004 0.0004 0.0004 0.3324 0.0004 0.319066666666667 0.0004 0.0004; % $ D=0.2
0.0001 0.0001 0.0001 0.9991 0.0001 0.0001 0.0001 0.0001 0.0001 0.0001; % D D=0.2
0.2443 0.3693 0.0003 0.0003 0.0003 0.0003 0.0003 0.3843 0.0003 0.0003; % F D=0.2
0.0001 0.0001 0.0001 0.0001 0.0001 0.0001 0.0001 0.0001 0.0001 0.9991; % L D=0.2
0.2543 0.3693 0.0003 0.0003 0.0003 0.3743 0.0003 0.0003 0.0003 0.0003; % M D=0.2
0.0001 0.0001 0.0001 0.0001 0.0001 0.0001 0.0001 0.0001 0.9991 0.0001; % Z D=0.2
0.0001 0.0001 0.9991 0.0001 0.0001 0.0001 0.0001 0.0001 0.0001 0.0001; % k D=0.2
0.0001 0.0001 0.0001 0.0001 0.9991 0.0001 0.0001 0.0001 0.0001 0.0001; % p D=0.2
0.0001 0.0001 0.0001 0.0001 0.0001 0.0001 0.9991 0.0001 0.0001 0.0001; % v D=0.2
0.2493 0.0003 0.0003 0.0003 0.0003 0.3743 0.0003 0.3743 0.0003 0.0003; % z D=0.2
0.001 0.344333333333333 0.001 0.001 0.001 0.331 0.001 0.317666666666667 0.001 0.001; % $ D=0.5
0.00025 0.00025 0.00025 0.99775 0.00025 0.00025 0.00025 0.00025 0.00025 0.00025; % D D=0.5
0.24325 0.36825 0.00075 0.00075 0.00075 0.00075 0.00075 0.38325 0.00075 0.00075; % F D=0.5
0.00025 0.00025 0.00025 0.00025 0.00025 0.00025 0.00025 0.00025 0.00025 0.99775; % L D=0.5
0.25325 0.36825 0.00075 0.00075 0.00075 0.37325 0.00075 0.00075 0.00075 0.00075; % M D=0.5
0.00025 0.00025 0.00025 0.00025 0.00025 0.00025 0.00025 0.00025 0.99775 0.00025; % Z D=0.5
0.00025 0.00025 0.99775 0.00025 0.00025 0.00025 0.00025 0.00025 0.00025 0.00025; % k D=0.5
0.00025 0.00025 0.00025 0.00025 0.99775 0.00025 0.00025 0.00025 0.00025 0.00025; % p D=0.5
0.00025 0.00025 0.00025 0.00025 0.00025 0.00025 0.99775 0.00025 0.00025 0.00025; % v D=0.5
0.24825 0.00075 0.00075 0.00075 0.00075 0.37325 0.00075 0.37325 0.00075 0.00075; % z D=0.5
0.002 0.342 0.002 0.002 0.002 0.328666666666667 0.002 0.315333333333333 0.002 0.002; % $ D=1
0.0005 0.0005 0.0005 0.9955 0.0005 0.0005 0.0005 0.0005 0.0005 0.0005; % D D=1
0.2415 0.3665 0.0015 0.0015 0.0015 0.0015 0.0015 0.3815 0.0015 0.0015; % F D=1
0.0005 0.0005 0.0005 0.0005 0.0005 0.0005 0.0005 0.0005 0.0005 0.9955; % L D=1
0.2515 0.3665 0.0015 0.0015 0.0015 0.3715 0.0015 0.0015 0.0015 0.0015; % M D=1
0.0005 0.0005 0.0005 0.0005 0.0005 0.0005 0.0005 0.0005 0.9955 0.0005; % Z D=1
0.0005 0.0005 0.9955 0.0005 0.0005 0.0005 0.0005 0.0005 0.0005 0.0005; % k D=1
0.0005 0.0005 0.0005 0.0005 0.9955 0.0005 0.0005 0.0005 0.0005 0.0005; % p D=1
0.0005 0.0005 0.0005 0.0005 0.0005 0.0005 0.9955 0.0005 0.0005 0.0005; % v D=1
0.2465 0.0015 0.0015 0.0015 0.0015 0.3715 0.0015 0.3715 0.0015 0.0015; % z D=1
0.004 0.337333333333333 0.004 0.004 0.004 0.324 0.004 0.310666666666667 0.004 0.004; % $ D=2
0.001 0.001 0.001 0.991 0.001 0.001 0.001 0.001 0.001 0.001; % D D=2
0.238 0.363 0.003 0.003 0.003 0.003 0.003 0.378 0.003 0.003; % F D=2
0.001 0.001 0.001 0.001 0.001 0.001 0.001 0.001 0.001 0.991; % L D=2
0.248 0.363 0.003 0.003 0.003 0.368 0.003 0.003 0.003 0.003; % M D=2
0.001 0.001 0.001 0.001 0.001 0.001 0.001 0.001 0.991 0.001; % Z D=2
0.001 0.001 0.991 0.001 0.001 0.001 0.001 0.001 0.001 0.001; % k D=2
0.001 0.001 0.001 0.001 0.991 0.001 0.001 0.001 0.001 0.001; % p D=2
0.001 0.001 0.001 0.001 0.001 0.001 0.991 0.001 0.001 0.001; % v D=2
0.243 0.003 0.003 0.003 0.003 0.368 0.003 0.368 0.003 0.003; % z D=2
0.01 0.323333333333333 0.01 0.01 0.01 0.31 0.01 0.296666666666667 0.01 0.01; % $ D=5
0.0025 0.0025 0.0025 0.9775 0.0025 0.0025 0.0025 0.0025 0.0025 0.0025; % D D=5
0.2275 0.3525 0.0075 0.0075 0.0075 0.0075 0.0075 0.3675 0.0075 0.0075; % F D=5
0.0025 0.0025 0.0025 0.0025 0.0025 0.0025 0.0025 0.0025 0.0025 0.9775; % L D=5
0.2375 0.3525 0.0075 0.0075 0.0075 0.3575 0.0075 0.0075 0.0075 0.0075; % M D=5
0.0025 0.0025 0.0025 0.0025 0.0025 0.0025 0.0025 0.0025 0.9775 0.0025; % Z D=5
0.0025 0.0025 0.9775 0.0025 0.0025 0.0025 0.0025 0.0025 0.0025 0.0025; % k D=5
0.0025 0.0025 0.0025 0.0025 0.9775 0.0025 0.0025 0.0025 0.0025 0.0025; % p D=5
0.0025 0.0025 0.0025 0.0025 0.0025 0.0025 0.9775 0.0025 0.0025 0.0025; % v D=5
0.2325 0.0075 0.0075 0.0075 0.0075 0.3575 0.0075 0.3575 0.0075 0.0075]; % z D=5
