syllables = '$FJPRVbdlprt';
discounts = [0.01 0.02 0.05 0.1 0.2 0.5 1 2 5];
kn_probs = [2.22222222222222e-05 0.239955555555556 2.22222222222222e-05 2.22222222222222e-05 2.22222222222222e-05 2.22222222222222e-05 2.22222222222222e-05 0.259955555555556 2.22222222222222e-05 2.22222222222222e-05 0.299955555555556 0.199955555555556; % $ D=0.01
5.55555555555556e-06 5.55555555555556e-06 5.55555555555556e-06 5.55555555555556e-06 5.55555555555556e-06 5.55555555555556e-06 5.55555555555556e-06 5.55555555555556e-06 0.999938888888889 5.55555555555556e-06 5.55555555555556e-06 5.55555555555556e-06; % F D=0.01
0.246622222222222 0.293288888888889 2.22222222222222e-05 2.22222222222222e-05 2.22222222222222e-05 2.22222222222222e-05 2.22222222222222e-05 0.206622222222222 2.22222222222222e-05 2.22222222222222e-05 0.253288888888889 2.22222222222222e-05; % J D=0.01
0.226622222222222 0.266622222222222 2.22222222222222e-05 2.22222222222222e-05 2.22222222222222e-05 2.22222222222222e-05 2.22222222222222e-05 0.279955555555556 2.22222222222222e-05 2.22222222222222e-05 2.22222222222222e-05 0.226622222222222; % P D=0.01
5.55555555555556e-06 5.55555555555556e-06 0.999938888888889 5.55555555555556e-06 5.55555555555556e-06 5.55555555555556e-06 5.55555555555556e-06 5.55555555555556e-06 5.55555555555556e-06 5.55555555555556e-06 5.55555555555556e-06 5.55555555555556e-06; % R D=0.01
0.333288888888889 0.199955555555556 2.22222222222222e-05 2.22222222222222e-05 2.22222222222222e-05 2.22222222222222e-05 2.22222222222222e-05 2.22222222222222e-05 2.22222222222222e-05 2.22222222222222e-05 0.173288888888889 0.293288888888889; % V D=0.01
5.55555555555556e-06 5.55555555555556e-06 5.55555555555556e-06 0.999938888888889 5.55555555555556e-06 5.55555555555556e-06 5.55555555555556e-06 5.55555555555556e-06 5.55555555555556e-06 5.55555555555556e-06 5.55555555555556e-06 5.55555555555556e-06; % b D=0.01
5.55555555555556e-06 5.55555555555556e-06 5.55555555555556e-06 5.55555555555556e-06 5.55555555555556e-06 0.999938888888889 5.55555555555556e-06 5.55555555555556e-06 5.55555555555556e-06 5.55555555555556e-06 5.55555555555556e-06 5.55555555555556e-06; % d D=0.01
0.193288888888889 2.22222222222222e-05 2.22222222222222e-05 2.22222222222222e-05 2.22222222222222e-05 2.22222222222222e-05 2.22222222222222e-05 0.253288888888889 2.22222222222222e-05 2.22222222222222e-05 0.273288888888889 0.279955555555556; % l D=0.01
5.55555555555556e-06 5.55555555555556e-06 5.55555555555556e-06 5.55555555555556e-06 0.999938888888889 5.55555555555556e-06 5.55555555555556e-06 5.55555555555556e-06 5.55555555555556e-06 5.55555555555556e-06 5.55555555555556e-06 5.55555555555556e-06; % p D=0.01
5.55555555555556e-06 5.55555555555556e-06 5.55555555555556e-06 5.55555555555556e-06 5.55555555555556e-06 5.55555555555556e-06 0.999938888888889 5.55555555555556e-06 5.55555555555556e-06 5.55555555555556e-06 5.55555555555556e-06 5.55555555555556e-06; % r D=0.01
5.55555555555556e-06 5.55555555555556e-06 5.55555555555556e-06 5.55555555555556e-06 5.55555555555556e-06 5.55555555555556e-06 5.55555555555556e-06 5.55555555555556e-06 5.55555555555556e-06 0.999938888888889 5.55555555555556e-06 5.55555555555556e-06; % t D=0.01
4.44444444444444e-05 0.239911111111111 4.44444444444444e-05 4.44444444444444e-05 4.44444444444444e-05 4.44444444444444e-05 4.44444444444444e-05 0.259911111111111 4.44444444444444e-05 4.44444444444444e-05 0.299911111111111 0.199911111111111; % $ D=0.02
1.11111111111111e-05 1.11111111111111e-05 1.11111111111111e-05 1.11111111111111e-05 1.11111111111111e-05 1.11111111111111e-05 1.11111111111111e-05 1.11111111111111e-05 0.999877777777778 1.11111111111111e-05 1.11111111111111e-05 1.11111111111111e-05; % F D=0.02
0.246577777777778 0.293244444444444 4.44444444444444e-05 4.44444444444444e-05 4.44444444444444e-05 4.44444444444444e-05 4.44444444444444e-05 0.206577777777778 4.44444444444444e-05 4.44444444444444e-05 0.253244444444444 4.44444444444444e-05; % J D=0.02
0.226577777777778 0.266577777777778 4.44444444444444e-05 4.44444444444444e-05 4.44444444444444e-05 4.44444444444444e-05 4.44444444444444e-05 0.279911111111111 4.44444444444444e-05 4.44444444444444e-05 4.44444444444444e-05 0.226577777777778; % P D=0.02
1.11111111111111e-05 1.11111111111111e-05 0.999877777777778 1.11111111111111e-05 1.11111111111111e-05 1.11111111111111e-05 1.11111111111111e-05 1.11111111111111e-05 1.11111111111111e-05 1.11111111111111e-05 1.11111111111111e-05 1.11111111111111e-05; % R D=0.02
0.333244444444444 0.199911111111111 4.44444444444444e-05 4.44444444444444e-05 4.44444444444444e-05 4.44444444444444e-05 4.44444444444444e-05 4.44444444444444e-05 4.44444444444444e-05 4.44444444444444e-05 0.173244444444444 0.293244444444444; % V D=0.02
1.11111111111111e-05 1.11111111111111e-05 1.11111111111111e-05 0.999877777777778 1.11111111111111e-05 1.11111111111111e-05 1.11111111111111e-05 1.11111111111111e-05 1.11111111111111e-05 1.11111111111111e-05 1.11111111111111e-05 1.11111111111111e-05; % b D=0.02
1.11111111111111e-05 1.11111111111111e-05 1.11111111111111e-05 1.11111111111111e-05 1.11111111111111e-05 0.999877777777778 1.11111111111111e-05 1.11111111111111e-05 1.11111111111111e-05 1.11111111111111e-05 1.11111111111111e-05 1.11111111111111e-05; % d D=0.02
0.193244444444444 4.44444444444444e-05 4.44444444444444e-05 4.44444444444444e-05 4.44444444444444e-05 4.44444444444444e-05 4.44444444444444e-05 0.253244444444444 4.44444444444444e-05 4.44444444444444e-05 0.273244444444444 0.279911111111111; % l D=0.02
1.11111111111111e-05 1.11111111111111e-05 1.11111111111111e-05 1.11111111111111e-05 0.999877777777778 1.11111111111111e-05 1.11111111111111e-05 1.11111111111111e-05 1.11111111111111e-05 1.11111111111111e-05 1.11111111111111e-05 1.11111111111111e-05; % p D=0.02
1.11111111111111e-05 1.11111111111111e-05 1.11111111111111e-05 1.11111111111111e-05 1.11111111111111e-05 1.11111111111111e-05 0.999877777777778 1.11111111111111e-05 1.11111111111111e-05 1.11111111111111e-05 1.11111111111111e-05 1.11111111111111e-05; % r D=0.02
1.11111111111111e-05 1.11111111111111e-05 1.11111111111111e-05 1.11111111111111e-05 1.11111111111111e-05 1.11111111111111e-05 1.11111111111111e-05 1.11111111111111e-05 1.11111111111111e-05 0.999877777777778 1.11111111111111e-05 1.11111111111111e-05; % t D=0.02
0.000111111111111111 0.239777777777778 0.000111111111111111 0.000111111111111111 0.000111111111111111 0.000111111111111111 0.000111111111111111 0.259777777777778 0.000111111111111111 0.000111111111111111 0.299777777777778 0.199777777777778; % $ D=0.05
2.77777777777778e-05 2.77777777777778e-05 2.77777777777778e-05 2.77777777777778e-05 2.77777777777778e-05 2.77777777777778e-05 2.77777777777778e-05 2.77777777777778e-05 0.999694444444444 2.77777777777778e-05 2.77777777777778e-05 2.77777777777778e-05; % F D=0.05
0.246444444444444 0.293111111111111 0.000111111111111111 0.000111111111111111 0.000111111111111111 0.000111111111111111 0.000111111111111111 0.206444444444444 0.000111111111111111 0.000111111111111111 0.253111111111111 0.000111111111111111; % J D=0.05
0.226444444444444 0.266444444444444 0.000111111111111111 0.000111111111111111 0.000111111111111111 0.000111111111111111 0.000111111111111111 0.279777777777778 0.000111111111111111 0.000111111111111111 0.000111111111111111 0.226444444444444; % P D=0.05
2.77777777777778e-05 2.77777777777778e-05 0.999694444444444 2.77777777777778e-05 2.77777777777778e-05 2.77777777777778e-05 2.77777777777778e-05 2.77777777777778e-05 2.77777777777778e-05 2.77777777777778e-05 2.77777777777778e-05 2.77777777777778e-05; % R D=0.05
0.333111111111111 0.199777777777778 0.000111111111111111 0.000111111111111111 0.000111111111111111 0.000111111111111111 0.000111111111111111 0.000111111111111111 0.000111111111111111 0.000111111111111111 0.173111111111111 0.293111111111111; % V D=0.05
