syllables = '$BDGKLPTVZbdgklptvz';
discounts = [0.1 0.2 0.3 0.4 0.5 0.6 0.7 0.8 0.9 0.95];
kn_probs = [0.00128571428571429 0.139285714285714 0.119285714285714 0.0795 0.000214285714285714 0.000214285714285714 0.000214285714285714 0.239285714285714 0.2195 0.000214285714285714 0.000214285714285714 0.000214285714285714 0.000214285714285714 0.000214285714285714 0.000214285714285714 0.199285714285714 0.000214285714285714 0.000214285714285714 0.000214285714285714; % $ D=0.1
0.000107142857142857 0.000107142857142857 0.000107142857142857 0.000125 1.78571428571429e-05 1.78571428571429e-05 1.78571428571429e-05 0.000107142857142857 0.000125 1.78571428571429e-05 1.78571428571429e-05 1.78571428571429e-05 1.78571428571429e-05 1.78571428571429e-05 1.78571428571429e-05 0.000107142857142857 1.78571428571429e-05 0.999017857142857 1.78571428571429e-05; % B D=0.1
0.000107142857142857 0.000107142857142857 0.000107142857142857 0.000125 1.78571428571429e-05 1.78571428571429e-05 1.78571428571429e-05 0.000107142857142857 0.000125 1.78571428571429e-05 0.999017857142857 1.78571428571429e-05 1.78571428571429e-05 1.78571428571429e-05 1.78571428571429e-05 0.000107142857142857 1.78571428571429e-05 1.78571428571429e-05 1.78571428571429e-05; % D D=0.1
0.000107142857142857 0.000107142857142857 0.000107142857142857 0.000125 1.78571428571429e-05 1.78571428571429e-05 1.78571428571429e-05 0.000107142857142857 0.000125 1.78571428571429e-05 1.78571428571429e-05 1.78571428571429e-05 1.78571428571429e-05 1.78571428571429e-05 1.78571428571429e-05 0.000107142857142857 0.999017857142857 1.78571428571429e-05 1.78571428571429e-05; % G D=0.1
0.07975 0.16975 0.18975 0.009875 0.000125 0.000125 0.000125 0.18975 0.199875 0.000125 0.000125 0.000125 0.000125 0.000125 0.000125 0.15975 0.000125 0.000125 0.000125; % K D=0.1
0.000107142857142857 0.000107142857142857 0.000107142857142857 0.000125 1.78571428571429e-05 1.78571428571429e-05 1.78571428571429e-05 0.000107142857142857 0.000125 1.78571428571429e-05 1.78571428571429e-05 1.78571428571429e-05 1.78571428571429e-05 0.999017857142857 1.78571428571429e-05 0.000107142857142857 1.78571428571429e-05 1.78571428571429e-05 1.78571428571429e-05; % L D=0.1
0.000107142857142857 0.000107142857142857 0.000107142857142857 0.000125 1.78571428571429e-05 0.999017857142857 1.78571428571429e-05 0.000107142857142857 0.000125 1.78571428571429e-05 1.78571428571429e-05 1.78571428571429e-05 1.78571428571429e-05 1.78571428571429e-05 1.78571428571429e-05 0.000107142857142857 1.78571428571429e-05 1.78571428571429e-05 1.78571428571429e-05; % P D=0.1
0.000107142857142857 0.000107142857142857 0.000107142857142857 0.000125 1.78571428571429e-05 1.78571428571429e-05 0.999017857142857 0.000107142857142857 0.000125 1.78571428571429e-05 1.78571428571429e-05 1.78571428571429e-05 1.78571428571429e-05 1.78571428571429e-05 1.78571428571429e-05 0.000107142857142857 1.78571428571429e-05 1.78571428571429e-05 1.78571428571429e-05; % T D=0.1
0.000107142857142857 0.000107142857142857 0.000107142857142857 0.000125 1.78571428571429e-05 1.78571428571429e-05 1.78571428571429e-05 0.000107142857142857 0.000125 1.78571428571429e-05 1.78571428571429e-05 1.78571428571429e-05 0.999017857142857 1.78571428571429e-05 1.78571428571429e-05 0.000107142857142857 1.78571428571429e-05 1.78571428571429e-05 1.78571428571429e-05; % V D=0.1
0.109642857142857 0.259642857142857 0.189642857142857 0.14975 0.000107142857142857 0.000107142857142857 0.000107142857142857 0.169642857142857 0.11975 0.000107142857142857 0.000107142857142857 0.000107142857142857 0.000107142857142857 0.000107142857142857 0.000107142857142857 0.000642857142857143 0.000107142857142857 0.000107142857142857 0.000107142857142857; % Z D=0.1
0.0496428571428571 0.169642857142857 0.000642857142857143 0.18975 0.000107142857142857 0.000107142857142857 0.000107142857142857 0.179642857142857 0.21975 0.000107142857142857 0.000107142857142857 0.000107142857142857 0.000107142857142857 0.000107142857142857 0.000107142857142857 0.189642857142857 0.000107142857142857 0.000107142857142857 0.000107142857142857; % b D=0.1
0.000107142857142857 0.000107142857142857 0.000107142857142857 0.000125 0.999017857142857 1.78571428571429e-05 1.78571428571429e-05 0.000107142857142857 0.000125 1.78571428571429e-05 1.78571428571429e-05 1.78571428571429e-05 1.78571428571429e-05 1.78571428571429e-05 1.78571428571429e-05 0.000107142857142857 1.78571428571429e-05 1.78571428571429e-05 1.78571428571429e-05; % d D=0.1
0.05975 0.18975 0.15975 0.279875 0.000125 0.000125 0.000125 0.13975 0.009875 0.000125 0.000125 0.000125 0.000125 0.000125 0.000125 0.15975 0.000125 0.000125 0.000125; % g D=0.1
0.0296428571428571 0.139642857142857 0.219642857142857 0.20975 0.000107142857142857 0.000107142857142857 0.000107142857142857 0.000642857142857143 0.18975 0.000107142857142857 0.000107142857142857 0.000107142857142857 0.000107142857142857 0.000107142857142857 0.000107142857142857 0.209642857142857 0.000107142857142857 0.000107142857142857 0.000107142857142857; % k D=0.1
0.169642857142857 0.000642857142857143 0.179642857142857 0.11975 0.000107142857142857 0.000107142857142857 0.000107142857142857 0.199642857142857 0.14975 0.000107142857142857 0.000107142857142857 0.000107142857142857 0.000107142857142857 0.000107142857142857 0.000107142857142857 0.179642857142857 0.000107142857142857 0.000107142857142857 0.000107142857142857; % l D=0.1
0.000107142857142857 0.000107142857142857 0.000107142857142857 0.000125 1.78571428571429e-05 1.78571428571429e-05 1.78571428571429e-05 0.000107142857142857 0.000125 1.78571428571429e-05 1.78571428571429e-05 1.78571428571429e-05 1.78571428571429e-05 1.78571428571429e-05 1.78571428571429e-05 0.000107142857142857 1.78571428571429e-05 1.78571428571429e-05 0.999017857142857; % p D=0.1
0.000107142857142857 0.000107142857142857 0.000107142857142857 0.000125 1.78571428571429e-05 1.78571428571429e-05 1.78571428571429e-05 0.000107142857142857 0.000125 1.78571428571429e-05 1.78571428571429e-05 0.999017857142857 1.78571428571429e-05 1.78571428571429e-05 1.78571428571429e-05 0.000107142857142857 1.78571428571429e-05 1.78571428571429e-05 1.78571428571429e-05; % t D=0.1
0.000107142857142857 0.000107142857142857 0.000107142857142857 0.000125 1.78571428571429e-05 1.78571428571429e-05 1.78571428571429e-05 0.000107142857142857 0.000125 1.78571428571429e-05 1.78571428571429e-05 1.78571428571429e-05 1.78571428571429e-05 1.78571428571429e-05 0.999017857142857 0.000107142857142857 1.78571428571429e-05 1.78571428571429e-05 1.78571428571429e-05; % v D=0.1
0.000107142857142857 0.000107142857142857 0.000107142857142857 0.000125 1.78571428571429e-05 1.78571428571429e-05 1.78571428571429e-05 0.000107142857142857 0.000125 0.999017857142857 1.78571428571429e-05 1.78571428571429e-05 1.78571428571429e-05 1.78571428571429e-05 1.78571428571429e-05 0.000107142857142857 1.78571428571429e-05 1.78571428571429e-05 1.78571428571429e-05; % z D=0.1
0.00257142857142857 0.138571428571429 0.118571428571429 0.079 0.000428571428571429 0.000428571428571429 0.000428571428571429 0.238571428571429 0.219 0.000428571428571429 0.000428571428571429 0.000428571428571429 0.000428571428571429 0.000428571428571429 0.000428571428571429 0.198571428571429 0.000428571428571429 0.000428571428571429 0.000428571428571429; % $ D=0.2
0.000214285714285714 0.000214285714285714 0.000214285714285714 0.00025 3.57142857142857e-05 3.57142857142857e-05 3.57142857142857e-05 0.000214285714285714 0.00025 3.57142857142857e-05 3.57142857142857e-05 3.57142857142857e-05 3.57142857142857e-05 3.57142857142857e-05 3.57142857142857e-05 0.000214285714285714 3.57142857142857e-05 0.998035714285714 3.57142857142857e-05; % B D=0.2
