syllables = '$BDGKLPTVZbdgklptvz';
discounts = [0.1 0.2 0.3 0.4 0.5 0.6 0.7 0.8 0.9 0.95];
kn_probs = [0.000222222222222222 0.196555555555556 3.7037037037037e-05 3.7037037037037e-05 0.159888888888889 3.7037037037037e-05 0.179888888888889 3.7037037037037e-05 3.7037037037037e-05 3.7037037037037e-05 0.139888888888889 3.7037037037037e-05 0.146555555555556 3.7037037037037e-05 3.7037037037037e-05 0.176555555555556 3.7037037037037e-05 3.7037037037037e-05 3.7037037037037e-05; % $ D=0.1
0.000111111111111111 0.000111111111111111 1.85185185185185e-05 1.85185185185185e-05 0.000111111111111111 0.999018518518519 0.000111111111111111 1.85185185185185e-05 1.85185185185185e-05 1.85185185185185e-05 0.000111111111111111 1.85185185185185e-05 0.000111111111111111 1.85185185185185e-05 1.85185185185185e-05 0.000111111111111111 1.85185185185185e-05 1.85185185185185e-05 1.85185185185185e-05; % B D=0.1
0.469666666666667 0.0796666666666667 0.000111111111111111 0.000111111111111111 0.0996666666666667 0.000111111111111111 0.0896666666666667 0.000111111111111111 0.000111111111111111 0.000111111111111111 0.129666666666667 0.000111111111111111 0.129666666666667 0.000111111111111111 0.000111111111111111 0.000666666666666667 0.000111111111111111 0.000111111111111111 0.000111111111111111; % D D=0.1
0.579666666666667 0.0996666666666667 0.000111111111111111 0.000111111111111111 0.0396666666666667 0.000111111111111111 0.109666666666667 0.000111111111111111 0.000111111111111111 0.000111111111111111 0.000666666666666667 0.000111111111111111 0.0496666666666667 0.000111111111111111 0.000111111111111111 0.119666666666667 0.000111111111111111 0.000111111111111111 0.000111111111111111; % G D=0.1
0.000111111111111111 0.000111111111111111 1.85185185185185e-05 1.85185185185185e-05 0.000111111111111111 1.85185185185185e-05 0.000111111111111111 1.85185185185185e-05 1.85185185185185e-05 1.85185185185185e-05 0.000111111111111111 0.999018518518519 0.000111111111111111 1.85185185185185e-05 1.85185185185185e-05 0.000111111111111111 1.85185185185185e-05 1.85185185185185e-05 1.85185185185185e-05; % K D=0.1
0.000111111111111111 0.000111111111111111 1.85185185185185e-05 1.85185185185185e-05 0.000111111111111111 1.85185185185185e-05 0.000111111111111111 0.999018518518519 1.85185185185185e-05 1.85185185185185e-05 0.000111111111111111 1.85185185185185e-05 0.000111111111111111 1.85185185185185e-05 1.85185185185185e-05 0.000111111111111111 1.85185185185185e-05 1.85185185185185e-05 1.85185185185185e-05; % L D=0.1
0.000111111111111111 0.000111111111111111 1.85185185185185e-05 1.85185185185185e-05 0.000111111111111111 1.85185185185185e-05 0.000111111111111111 1.85185185185185e-05 1.85185185185185e-05 1.85185185185185e-05 0.000111111111111111 1.85185185185185e-05 0.000111111111111111 0.999018518518519 1.85185185185185e-05 0.000111111111111111 1.85185185185185e-05 1.85185185185185e-05 1.85185185185185e-05; % P D=0.1
0.409666666666667 0.000666666666666667 0.000111111111111111 0.000111111111111111 0.139666666666667 0.000111111111111111 0.0796666666666667 0.000111111111111111 0.000111111111111111 0.000111111111111111 0.119666666666667 0.000111111111111111 0.149666666666667 0.000111111111111111 0.000111111111111111 0.0996666666666667 0.000111111111111111 0.000111111111111111 0.000111111111111111; % T D=0.1
0.000111111111111111 0.000111111111111111 1.85185185185185e-05 1.85185185185185e-05 0.000111111111111111 1.85185185185185e-05 0.000111111111111111 1.85185185185185e-05 1.85185185185185e-05 1.85185185185185e-05 0.000111111111111111 1.85185185185185e-05 0.000111111111111111 1.85185185185185e-05 1.85185185185185e-05 0.000111111111111111 1.85185185185185e-05 0.999018518518519 1.85185185185185e-05; % V D=0.1
0.519666666666667 0.0996666666666667 0.000111111111111111 0.000111111111111111 0.000666666666666667 0.000111111111111111 0.109666666666667 0.000111111111111111 0.000111111111111111 0.000111111111111111 0.0996666666666667 0.000111111111111111 0.0996666666666667 0.000111111111111111 0.000111111111111111 0.0696666666666667 0.000111111111111111 0.000111111111111111 0.000111111111111111; % Z D=0.1
0.000111111111111111 0.000111111111111111 1.85185185185185e-05 0.999018518518519 0.000111111111111111 1.85185185185185e-05 0.000111111111111111 1.85185185185185e-05 1.85185185185185e-05 1.85185185185185e-05 0.000111111111111111 1.85185185185185e-05 0.000111111111111111 1.85185185185185e-05 1.85185185185185e-05 0.000111111111111111 1.85185185185185e-05 1.85185185185185e-05 1.85185185185185e-05; % b D=0.1
0.000111111111111111 0.000111111111111111 1.85185185185185e-05 1.85185185185185e-05 0.000111111111111111 1.85185185185185e-05 0.000111111111111111 1.85185185185185e-05 1.85185185185185e-05 0.999018518518519 0.000111111111111111 1.85185185185185e-05 0.000111111111111111 1.85185185185185e-05 1.85185185185185e-05 0.000111111111111111 1.85185185185185e-05 1.85185185185185e-05 1.85185185185185e-05; % d D=0.1
0.000111111111111111 0.000111111111111111 1.85185185185185e-05 1.85185185185185e-05 0.000111111111111111 1.85185185185185e-05 0.000111111111111111 1.85185185185185e-05 0.999018518518519 1.85185185185185e-05 0.000111111111111111 1.85185185185185e-05 0.000111111111111111 1.85185185185185e-05 1.85185185185185e-05 0.000111111111111111 1.85185185185185e-05 1.85185185185185e-05 1.85185185185185e-05; % g D=0.1
0.000111111111111111 0.000111111111111111 1.85185185185185e-05 1.85185185185185e-05 0.000111111111111111 1.85185185185185e-05 0.000111111111111111 1.85185185185185e-05 1.85185185185185e-05 1.85185185185185e-05 0.000111111111111111 1.85185185185185e-05 0.000111111111111111 1.85185185185185e-05 1.85185185185185e-05 0.000111111111111111 1.85185185185185e-05 1.85185185185185e-05 0.999018518518519; % k D=0.1
0.459666666666667 0.0496666666666667 0.000111111111111111 0.000111111111111111 0.159666666666667 0.000111111111111111 0.000666666666666667 0.000111111111111111 0.000111111111111111 0.000111111111111111 0.109666666666667 0.000111111111111111 0.129666666666667 0.000111111111111111 0.000111111111111111 0.0896666666666667 0.000111111111111111 0.000111111111111111 0.000111111111111111; % l D=0.1
0.000111111111111111 0.000111111111111111 0.999018518518519 1.85185185185185e-05 0.000111111111111111 1.85185185185185e-05 0.000111111111111111 1.85185185185185e-05 1.85185185185185e-05 1.85185185185185e-05 0.000111111111111111 1.85185185185185e-05 0.000111111111111111 1.85185185185185e-05 1.85185185185185e-05 0.000111111111111111 1.85185185185185e-05 1.85185185185185e-05 1.85185185185185e-05; % p D=0.1
0.559666666666667 0.0796666666666667 0.000111111111111111 0.000111111111111111 0.0796666666666667 0.000111111111111111 0.0696666666666667 0.000111111111111111 0.000111111111111111 0.000111111111111111 0.119666666666667 0.000111111111111111 0.000666666666666667 0.000111111111111111 0.000111111111111111 0.0896666666666667 0.000111111111111111 0.000111111111111111 0.000111111111111111; % t D=0.1
0.000111111111111111 0.000111111111111111 1.85185185185185e-05 1.85185185185185e-05 0.000111111111111111 1.85185185185185e-05 0.000111111111111111 1.85185185185185e-05 1.85185185185185e-05 1.85185185185185e-05 0.000111111111111111 1.85185185185185e-05 0.000111111111111111 1.85185185185185e-05 1.85185185185185e-05 0.000111111111111111 0.999018518518519 1.85185185185185e-05 1.85185185185185e-05; % v D=0.1
0.000111111111111111 0.000111111111111111 1.85185185185185e-05 1.85185185185185e-05 0.000111111111111111 1.85185185185185e-05 0.000111111111111111 1.85185185185185e-05 1.85185185185185e-05 1.85185185185185e-05 0.000111111111111111 1.85185185185185e-05 0.000111111111111111 1.85185185185185e-05 0.999018518518519 0.000111111111111111 1.85185185185185e-05 1.85185185185185e-05 1.85185185185185e-05; % z D=0.1
0.000444444444444445 0.196444444444444 7.40740740740741e-05 7.40740740740741e-05 0.159777777777778 7.40740740740741e-05 0.179777777777778 7.40740740740741e-05 7.40740740740741e-05 7.40740740740741e-05 0.139777777777778 7.40740740740741e-05 0.146444444444444 7.40740740740741e-05 7.40740740740741e-05 0.176444444444444 7.40740740740741e-05 7.40740740740741e-05 7.40740740740741e-05; % $ D=0.2
0.000222222222222222 0.000222222222222222 3.7037037037037e-05 3.7037037037037e-05 0.000222222222222222 0.998037037037037 0.000222222222222222 3.7037037037037e-05 3.7037037037037e-05 3.7037037037037e-05 0.000222222222222222 3.7037037037037e-05 0.000222222222222222 3.7037037037037e-05 3.7037037037037e-05 0.000222222222222222 3.7037037037037e-05 3.7037037037037e-05 3.7037037037037e-05; % B D=0.2
0.469333333333333 0.0793333333333333 0.000222222222222222 0.000222222222222222 0.0993333333333333 0.000222222222222222 0.0893333333333333 0.000222222222222222 0.000222222222222222 0.000222222222222222 0.129333333333333 0.000222222222222222 0.129333333333333 0.000222222222222222 0.000222222222222222 0.00133333333333333 0.000222222222222222 0.000222222222222222 0.000222222222222222; % D D=0.2
0.579333333333333 0.0993333333333333 0.000222222222222222 0.000222222222222222 0.0393333333333333 0.000222222222222222 0.109333333333333 0.000222222222222222 0.000222222222222222 0.000222222222222222 0.00133333333333333 0.000222222222222222 0.0493333333333333 0.000222222222222222 0.000222222222222222 0.119333333333333 0.000222222222222222 0.000222222222222222 0.000222222222222222; % G D=0.2
0.000222222222222222 0.000222222222222222 3.7037037037037e-05 3.7037037037037e-05 0.000222222222222222 3.7037037037037e-05 0.000222222222222222 3.7037037037037e-05 3.7037037037037e-05 3.7037037037037e-05 0.000222222222222222 0.998037037037037 0.000222222222222222 3.7037037037037e-05 3.7037037037037e-05 0.000222222222222222 3.7037037037037e-05 3.7037037037037e-05 3.7037037037037e-05; % K D=0.2
0.000222222222222222 0.000222222222222222 3.7037037037037e-05 3.7037037037037e-05 0.000222222222222222 3.7037037037037e-05 0.000222222222222222 0.998037037037037 3.7037037037037e-05 3.7037037037037e-05 0.000222222222222222 3.7037037037037e-05 0.000222222222222222 3.7037037037037e-05 3.7037037037037e-05 0.000222222222222222 3.7037037037037e-05 3.7037037037037e-05 3.7037037037037e-05; % L D=0.2
0.000222222222222222 0.000222222222222222 3.7037037037037e-05 3.7037037037037e-05 0.000222222222222222 3.7037037037037e-05 0.000222222222222222 3.7037037037037e-05 3.7037037037037e-05 3.7037037037037e-05 0.000222222222222222 3.7037037037037e-05 0.000222222222222222 0.998037037037037 3.7037037037037e-05 0.000222222222222222 3.7037037037037e-05 3.7037037037037e-05 3.7037037037037e-05; % P D=0.2
0.409333333333333 0.00133333333333333 0.000222222222222222 0.000222222222222222 0.139333333333333 0.000222222222222222 0.0793333333333333 0.000222222222222222 0.000222222222222222 0.000222222222222222 0.119333333333333 0.000222222222222222 0.149333333333333 0.000222222222222222 0.000222222222222222 0.0993333333333333 0.000222222222222222 0.000222222222222222 0.000222222222222222; % T D=0.2
0.000222222222222222 0.000222222222222222 3.7037037037037e-05 3.7037037037037e-05 0.000222222222222222 3.7037037037037e-05 0.000222222222222222 3.7037037037037e-05 3.7037037037037e-05 3.7037037037037e-05 0.000222222222222222 3.7037037037037e-05 0.000222222222222222 3.7037037037037e-05 3.7037037037037e-05 0.000222222222222222 3.7037037037037e-05 0.998037037037037 3.7037037037037e-05; % V D=0.2
0.519333333333333 0.0993333333333333 0.000222222222222222 0.000222222222222222 0.00133333333333333 0.000222222222222222 0.109333333333333 0.000222222222222222 0.000222222222222222 0.000222222222222222 0.0993333333333333 0.000222222222222222 0.0993333333333333 0.000222222222222222 0.000222222222222222 0.0693333333333333 0.000222222222222222 0.000222222222222222 0.000222222222222222; % Z D=0.2
0.000222222222222222 0.000222222222222222 3.7037037037037e-05 0.998037037037037 0.000222222222222222 3.7037037037037e-05 0.000222222222222222 3.7037037037037e-05 3.7037037037037e-05 3.7037037037037e-05 0.000222222222222222 3.7037037037037e-05 0.000222222222222222 3.7037037037037e-05 3.7037037037037e-05 0.000222222222222222 3.7037037037037e-05 3.7037037037037e-05 3.7037037037037e-05; % b D=0.2
0.000222222222222222 0.000222222222222222 3.7037037037037e-05 3.7037037037037e-05 0.000222222222222222 3.7037037037037e-05 0.000222222222222222 3.7037037037037e-05 3.7037037037037e-05 0.998037037037037 0.000222222222222222 3.7037037037037e-05 0.000222222222222222 3.7037037037037e-05 3.7037037037037e-05 0.000222222222222222 3.7037037037037e-05 3.7037037037037e-05 3.7037037037037e-05; % d D=0.2
0.000222222222222222 0.000222222222222222 3.7037037037037e-05 3.7037037037037e-05 0.000222222222222222 3.7037037037037e-05 0.000222222222222222 3.7037037037037e-05 0.998037037037037 3.7037037037037e-05 0.000222222222222222 3.7037037037037e-05 0.000222222222222222 3.7037037037037e-05 3.7037037037037e-05 0.000222222222222222 3.7037037037037e-05 3.7037037037037e-05 3.7037037037037e-05; % g D=0.2
0.000222222222222222 0.000222222222222222 3.7037037037037e-05 3.7037037037037e-05 0.000222222222222222 3.7037037037037e-05 0.000222222222222222 3.7037037037037e-05 3.7037037037037e-05 3.7037037037037e-05 0.000222222222222222 3.7037037037037e-05 0.000222222222222222 3.7037037037037e-05 3.7037037037037e-05 0.000222222222222222 3.7037037037037e-05 3.7037037037037e-05 0.998037037037037; % k D=0.2
0.459333333333333 0.0493333333333333 0.000222222222222222 0.000222222222222222 0.159333333333333 0.000222222222222222 0.00133333333333333 0.000222222222222222 0.000222222222222222 0.000222222222222222 0.109333333333333 0.000222222222222222 0.129333333333333 0.000222222222222222 0.000222222222222222 0.0893333333333333 0.000222222222222222 0.000222222222222222 0.000222222222222222; % l D=0.2
0.000222222222222222 0.000222222222222222 0.998037037037037 3.7037037037037e-05 0.000222222222222222 3.7037037037037e-05 0.000222222222222222 3.7037037037037e-05 3.7037037037037e-05 3.7037037037037e-05 0.000222222222222222 3.7037037037037e-05 0.000222222222222222 3.7037037037037e-05 3.7037037037037e-05 0.000222222222222222 3.7037037037037e-05 3.7037037037037e-05 3.7037037037037e-05; % p D=0.2
0.559333333333333 0.0793333333333333 0.000222222222222222 0.000222222222222222 0.0793333333333333 0.000222222222222222 0.0693333333333333 0.000222222222222222 0.000222222222222222 0.000222222222222222 0.119333333333333 0.000222222222222222 0.00133333333333333 0.000222222222222222 0.000222222222222222 0.0893333333333333 0.000222222222222222 0.000222222222222222 0.000222222222222222; % t D=0.2
0.000222222222222222 0.000222222222222222 3.7037037037037e-05 3.7037037037037e-05 0.000222222222222222 3.7037037037037e-05 0.000222222222222222 3.7037037037037e-05 3.7037037037037e-05 3.7037037037037e-05 0.000222222222222222 3.7037037037037e-05 0.000222222222222222 3.7037037037037e-05 3.7037037037037e-05 0.000222222222222222 0.998037037037037 3.7037037037037e-05 3.7037037037037e-05; % v D=0.2
0.000222222222222222 0.000222222222222222 3.7037037037037e-05 3.7037037037037e-05 0.000222222222222222 3.7037037037037e-05 0.000222222222222222 3.7037037037037e-05 3.7037037037037e-05 3.7037037037037e-05 0.000222222222222222 3.7037037037037e-05 0.000222222222222222 3.7037037037037e-05 0.998037037037037 0.000222222222222222 3.7037037037037e-05 3.7037037037037e-05 3.7037037037037e-05; % z D=0.2
0.000666666666666667 0.196333333333333 0.000111111111111111 0.000111111111111111 0.159666666666667 0.000111111111111111 0.179666666666667 0.000111111111111111 0.000111111111111111 0.000111111111111111 0.139666666666667 0.000111111111111111 0.146333333333333 0.000111111111111111 0.000111111111111111 0.176333333333333 0.000111111111111111 0.000111111111111111 0.000111111111111111; % $ D=0.3
0.000333333333333333 0.000333333333333333 5.55555555555556e-05 5.55555555555556e-05 0.000333333333333333 0.997055555555556 0.000333333333333333 5.55555555555556e-05 5.55555555555556e-05 5.55555555555556e-05 0.000333333333333333 5.55555555555556e-05 0.000333333333333333 5.55555555555556e-05 5.55555555555556e-05 0.000333333333333333 5.55555555555556e-05 5.55555555555556e-05 5.55555555555556e-05; % B D=0.3
0.469 0.079 0.000333333333333333 0.000333333333333333 0.099 0.000333333333333333 0.089 0.000333333333333333 0.000333333333333333 0.000333333333333333 0.129 0.000333333333333333 0.129 0.000333333333333333 0.000333333333333333 0.002 0.000333333333333333 0.000333333333333333 0.000333333333333333; % D D=0.3
0.579 0.099 0.000333333333333333 0.000333333333333333 0.039 0.000333333333333333 0.109 0.000333333333333333 0.000333333333333333 0.000333333333333333 0.002 0.000333333333333333 0.049 0.000333333333333333 0.000333333333333333 0.119 0.000333333333333333 0.000333333333333333 0.000333333333333333; % G D=0.3
0.000333333333333333 0.000333333333333333 5.55555555555556e-05 5.55555555555556e-05 0.000333333333333333 5.55555555555556e-05 0.000333333333333333 5.55555555555556e-05 5.55555555555556e-05 5.55555555555556e-05 0.000333333333333333 0.997055555555556 0.000333333333333333 5.55555555555556e-05 5.55555555555556e-05 0.000333333333333333 5.55555555555556e-05 5.55555555555556e-05 5.55555555555556e-05; % K D=0.3
0.000333333333333333 0.000333333333333333 5.55555555555556e-05 5.55555555555556e-05 0.000333333333333333 5.55555555555556e-05 0.000333333333333333 0.997055555555556 5.55555555555556e-05 5.55555555555556e-05 0.000333333333333333 5.55555555555556e-05 0.000333333333333333 5.55555555555556e-05 5.55555555555556e-05 0.000333333333333333 5.55555555555556e-05 5.55555555555556e-05 5.55555555555556e-05; % L D=0.3
0.000333333333333333 0.000333333333333333 5.55555555555556e-05 5.55555555555556e-05 0.000333333333333333 5.55555555555556e-05 0.000333333333333333 5.55555555555556e-05 5.55555555555556e-05 5.55555555555556e-05 0.000333333333333333 5.55555555555556e-05 0.000333333333333333 0.997055555555556 5.55555555555556e-05 0.000333333333333333 5.55555555555556e-05 5.55555555555556e-05 5.55555555555556e-05; % P D=0.3
0.409 0.002 0.000333333333333333 0.000333333333333333 0.139 0.000333333333333333 0.079 0.000333333333333333 0.000333333333333333 0.000333333333333333 0.119 0.000333333333333333 0.149 0.000333333333333333 0.000333333333333333 0.099 0.000333333333333333 0.000333333333333333 0.000333333333333333; % T D=0.3
0.000333333333333333 0.000333333333333333 5.55555555555556e-05 5.55555555555556e-05 0.000333333333333333 5.55555555555556e-05 0.000333333333333333 5.55555555555556e-05 5.55555555555556e-05 5.55555555555556e-05 0.000333333333333333 5.55555555555556e-05 0.000333333333333333 5.55555555555556e-05 5.55555555555556e-05 0.000333333333333333 5.55555555555556e-05 0.997055555555556 5.55555555555556e-05; % V D=0.3
0.519 0.099 0.000333333333333333 0.000333333333333333 0.002 0.000333333333333333 0.109 0.000333333333333333 0.000333333333333333 0.000333333333333333 0.099 0.000333333333333333 0.099 0.000333333333333333 0.000333333333333333 0.069 0.000333333333333333 0.000333333333333333 0.000333333333333333; % Z D=0.3
0.000333333333333333 0.000333333333333333 5.55555555555556e-05 0.997055555555556 0.000333333333333333 5.55555555555556e-05 0.000333333333333333 5.55555555555556e-05 5.55555555555556e-05 5.55555555555556e-05 0.000333333333333333 5.55555555555556e-05 0.000333333333333333 5.55555555555556e-05 5.55555555555556e-05 0.000333333333333333 5.55555555555556e-05 5.55555555555556e-05 5.55555555555556e-05; % b D=0.3
0.000333333333333333 0.000333333333333333 5.55555555555556e-05 5.55555555555556e-05 0.000333333333333333 5.55555555555556e-05 0.000333333333333333 5.55555555555556e-05 5.55555555555556e-05 0.997055555555556 0.000333333333333333 5.55555555555556e-05 0.000333333333333333 5.55555555555556e-05 5.55555555555556e-05 0.000333333333333333 5.55555555555556e-05 5.55555555555556e-05 5.55555555555556e-05; % d D=0.3
0.000333333333333333 0.000333333333333333 5.55555555555556e-05 5.55555555555556e-05 0.000333333333333333 5.55555555555556e-05 0.000333333333333333 5.55555555555556e-05 0.997055555555556 5.55555555555556e-05 0.000333333333333333 5.55555555555556e-05 0.000333333333333333 5.55555555555556e-05 5.55555555555556e-05 0.000333333333333333 5.55555555555556e-05 5.55555555555556e-05 5.55555555555556e-05; % g D=0.3
0.000333333333333333 0.000333333333333333 5.55555555555556e-05 5.55555555555556e-05 0.000333333333333333 5.55555555555556e-05 0.000333333333333333 5.55555555555556e-05 5.55555555555556e-05 5.55555555555556e-05 0.000333333333333333 5.55555555555556e-05 0.000333333333333333 5.55555555555556e-05 5.55555555555556e-05 0.000333333333333333 5.55555555555556e-05 5.55555555555556e-05 0.997055555555556; % k D=0.3
0.459 0.049 0.000333333333333333 0.000333333333333333 0.159 0.000333333333333333 0.002 0.000333333333333333 0.000333333333333333 0.000333333333333333 0.109 0.000333333333333333 0.129 0.000333333333333333 0.000333333333333333 0.089 0.000333333333333333 0.000333333333333333 0.000333333333333333; % l D=0.3
0.000333333333333333 0.000333333333333333 0.997055555555556 5.55555555555556e-05 0.000333333333333333 5.55555555555556e-05 0.000333333333333333 5.55555555555556e-05 5.55555555555556e-05 5.55555555555556e-05 0.000333333333333333 5.55555555555556e-05 0.000333333333333333 5.55555555555556e-05 5.55555555555556e-05 0.000333333333333333 5.55555555555556e-05 5.55555555555556e-05 5.55555555555556e-05; % p D=0.3
0.559 0.079 0.000333333333333333 0.000333333333333333 0.079 0.000333333333333333 0.069 0.000333333333333333 0.000333333333333333 0.000333333333333333 0.119 0.000333333333333333 0.002 0.000333333333333333 0.000333333333333333 0.089 0.000333333333333333 0.000333333333333333 0.000333333333333333; % t D=0.3
0.000333333333333333 0.000333333333333333 5.55555555555556e-05 5.55555555555556e-05 0.000333333333333333 5.55555555555556e-05 0.000333333333333333 5.55555555555556e-05 5.55555555555556e-05 5.55555555555556e-05 0.000333333333333333 5.55555555555556e-05 0.000333333333333333 5.55555555555556e-05 5.55555555555556e-05 0.000333333333333333 0.997055555555556 5.55555555555556e-05 5.55555555555556e-05; % v D=0.3
0.000333333333333333 0.000333333333333333 5.55555555555556e-05 5.55555555555556e-05 0.000333333333333333 5.55555555555556e-05 0.000333333333333333 5.55555555555556e-05 5.55555555555556e-05 5.55555555555556e-05 0.000333333333333333 5.55555555555556e-05 0.000333333333333333 5.55555555555556e-05 0.997055555555556 0.000333333333333333 5.55555555555556e-05 5.55555555555556e-05 5.55555555555556e-05; % z D=0.3
0.000888888888888889 0.196222222222222 0.000148148148148148 0.000148148148148148 0.159555555555556 0.000148148148148148 0.179555555555556 0.000148148148148148 0.000148148148148148 0.000148148148148148 0.139555555555556 0.000148148148148148 0.146222222222222 0.000148148148148148 0.000148148148148148 0.176222222222222 0.000148148148148148 0.000148148148148148 0.000148148148148148; % $ D=0.4
0.000444444444444445 0.000444444444444445 7.40740740740741e-05 7.40740740740741e-05 0.000444444444444445 0.996074074074074 0.000444444444444445 7.40740740740741e-05 7.40740740740741e-05 7.40740740740741e-05 0.000444444444444445 7.40740740740741e-05 0.000444444444444445 7.40740740740741e-05 7.40740740740741e-05 0.000444444444444445 7.40740740740741e-05 7.40740740740741e-05 7.40740740740741e-05; % B D=0.4
0.468666666666667 0.0786666666666667 0.000444444444444445 0.000444444444444445 0.0986666666666667 0.000444444444444445 0.0886666666666667 0.000444444444444445 0.000444444444444445 0.000444444444444445 0.128666666666667 0.000444444444444445 0.128666666666667 0.000444444444444445 0.000444444444444445 0.00266666666666667 0.000444444444444445 0.000444444444444445 0.000444444444444445; % D D=0.4
0.578666666666667 0.0986666666666667 0.000444444444444445 0.000444444444444445 0.0386666666666667 0.000444444444444445 0.108666666666667 0.000444444444444445 0.000444444444444445 0.000444444444444445 0.00266666666666667 0.000444444444444445 0.0486666666666667 0.000444444444444445 0.000444444444444445 0.118666666666667 0.000444444444444445 0.000444444444444445 0.000444444444444445; % G D=0.4
0.000444444444444445 0.000444444444444445 7.40740740740741e-05 7.40740740740741e-05 0.000444444444444445 7.40740740740741e-05 0.000444444444444445 7.40740740740741e-05 7.40740740740741e-05 7.40740740740741e-05 0.000444444444444445 0.996074074074074 0.000444444444444445 7.40740740740741e-05 7.40740740740741e-05 0.000444444444444445 7.40740740740741e-05 7.40740740740741e-05 7.40740740740741e-05; % K D=0.4
0.000444444444444445 0.000444444444444445 7.40740740740741e-05 7.40740740740741e-05 0.000444444444444445 7.40740740740741e-05 0.000444444444444445 0.996074074074074 7.40740740740741e-05 7.40740740740741e-05 0.000444444444444445 7.40740740740741e-05 0.000444444444444445 7.40740740740741e-05 7.40740740740741e-05 0.000444444444444445 7.40740740740741e-05 7.40740740740741e-05 7.40740740740741e-05; % L D=0.4
0.000444444444444445 0.000444444444444445 7.40740740740741e-05 7.40740740740741e-05 0.000444444444444445 7.40740740740741e-05 0.000444444444444445 7.40740740740741e-05 7.40740740740741e-05 7.40740740740741e-05 0.000444444444444445 7.40740740740741e-05 0.000444444444444445 0.996074074074074 7.40740740740741e-05 0.000444444444444445 7.40740740740741e-05 7.40740740740741e-05 7.40740740740741e-05; % P D=0.4
0.408666666666667 0.00266666666666667 0.000444444444444445 0.000444444444444445 0.138666666666667 0.000444444444444445 0.0786666666666667 0.000444444444444445 0.000444444444444445 0.000444444444444445 0.118666666666667 0.000444444444444445 0.148666666666667 0.000444444444444445 0.000444444444444445 0.0986666666666667 0.000444444444444445 0.000444444444444445 0.000444444444444445; % T D=0.4
0.000444444444444445 0.000444444444444445 7.40740740740741e-05 7.40740740740741e-05 0.000444444444444445 7.40740740740741e-05 0.000444444444444445 7.40740740740741e-05 7.40740740740741e-05 7.40740740740741e-05 0.000444444444444445 7.40740740740741e-05 0.000444444444444445 7.40740740740741e-05 7.40740740740741e-05 0.000444444444444445 7.40740740740741e-05 0.996074074074074 7.40740740740741e-05; % V D=0.4
0.518666666666667 0.0986666666666667 0.000444444444444445 0.000444444444444445 0.00266666666666667 0.000444444444444445 0.108666666666667 0.000444444444444445 0.000444444444444445 0.000444444444444445 0.0986666666666667 0.000444444444444445 0.0986666666666667 0.000444444444444445 0.000444444444444445 0.0686666666666667 0.000444444444444445 0.000444444444444445 0.000444444444444445; % Z D=0.4
0.000444444444444445 0.000444444444444445 7.40740740740741e-05 0.996074074074074 0.000444444444444445 7.40740740740741e-05 0.000444444444444445 7.40740740740741e-05 7.40740740740741e-05 7.40740740740741e-05 0.000444444444444445 7.40740740740741e-05 0.000444444444444445 7.40740740740741e-05 7.40740740740741e-05 0.000444444444444445 7.40740740740741e-05 7.40740740740741e-05 7.40740740740741e-05; % b D=0.4
0.000444444444444445 0.000444444444444445 7.40740740740741e-05 7.40740740740741e-05 0.000444444444444445 7.40740740740741e-05 0.000444444444444445 7.40740740740741e-05 7.40740740740741e-05 0.996074074074074 0.000444444444444445 7.40740740740741e-05 0.000444444444444445 7.40740740740741e-05 7.40740740740741e-05 0.000444444444444445 7.40740740740741e-05 7.40740740740741e-05 7.40740740740741e-05; % d D=0.4
0.000444444444444445 0.000444444444444445 7.40740740740741e-05 7.40740740740741e-05 0.000444444444444445 7.40740740740741e-05 0.000444444444444445 7.40740740740741e-05 0.996074074074074 7.40740740740741e-05 0.000444444444444445 7.40740740740741e-05 0.000444444444444445 7.40740740740741e-05 7.40740740740741e-05 0.000444444444444445 7.40740740740741e-05 7.40740740740741e-05 7.40740740740741e-05; % g D=0.4
0.000444444444444445 0.000444444444444445 7.40740740740741e-05 7.40740740740741e-05 0.000444444444444445 7.40740740740741e-05 0.000444444444444445 7.40740740740741e-05 7.40740740740741e-05 7.40740740740741e-05 0.000444444444444445 7.40740740740741e-05 0.000444444444444445 7.40740740740741e-05 7.40740740740741e-05 0.000444444444444445 7.40740740740741e-05 7.40740740740741e-05 0.996074074074074; % k D=0.4
0.458666666666667 0.0486666666666667 0.000444444444444445 0.000444444444444445 0.158666666666667 0.000444444444444445 0.00266666666666667 0.000444444444444445 0.000444444444444445 0.000444444444444445 0.108666666666667 0.000444444444444445 0.128666666666667 0.000444444444444445 0.000444444444444445 0.0886666666666667 0.000444444444444445 0.000444444444444445 0.000444444444444445; % l D=0.4
0.000444444444444445 0.000444444444444445 0.996074074074074 7.40740740740741e-05 0.000444444444444445 7.40740740740741e-05 0.000444444444444445 7.40740740740741e-05 7.40740740740741e-05 7.40740740740741e-05 0.000444444444444445 7.40740740740741e-05 0.000444444444444445 7.40740740740741e-05 7.40740740740741e-05 0.000444444444444445 7.40740740740741e-05 7.40740740740741e-05 7.40740740740741e-05; % p D=0.4
0.558666666666667 0.0786666666666667 0.000444444444444445 0.000444444444444445 0.0786666666666667 0.000444444444444445 0.0686666666666667 0.000444444444444445 0.000444444444444445 0.000444444444444445 0.118666666666667 0.000444444444444445 0.00266666666666667 0.000444444444444445 0.000444444444444445 0.0886666666666667 0.000444444444444445 0.000444444444444445 0.000444444444444445; % t D=0.4
0.000444444444444445 0.000444444444444445 7.40740740740741e-05 7.40740740740741e-05 0.000444444444444445 7.40740740740741e-05 0.000444444444444445 7.40740740740741e-05 7.40740740740741e-05 7.40740740740741e-05 0.000444444444444445 7.40740740740741e-05 0.000444444444444445 7.40740740740741e-05 7.40740740740741e-05 0.000444444444444445 0.996074074074074 7.40740740740741e-05 7.40740740740741e-05; % v D=0.4
0.000444444444444445 0.000444444444444445 7.40740740740741e-05 7.40740740740741e-05 0.000444444444444445 7.40740740740741e-05 0.000444444444444445 7.40740740740741e-05 7.40740740740741e-05 7.40740740740741e-05 0.000444444444444445 7.40740740740741e-05 0.000444444444444445 7.40740740740741e-05 0.996074074074074 0.000444444444444445 7.40740740740741e-05 7.40740740740741e-05 7.40740740740741e-05; % z D=0.4
0.00111111111111111 0.196111111111111 0.000185185185185185 0.000185185185185185 0.159444444444444 0.000185185185185185 0.179444444444444 0.000185185185185185 0.000185185185185185 0.000185185185185185 0.139444444444444 0.000185185185185185 0.146111111111111 0.000185185185185185 0.000185185185185185 0.176111111111111 0.000185185185185185 0.000185185185185185 0.000185185185185185; % $ D=0.5
0.000555555555555556 0.000555555555555556 9.25925925925926e-05 9.25925925925926e-05 0.000555555555555556 0.995092592592593 0.000555555555555556 9.25925925925926e-05 9.25925925925926e-05 9.25925925925926e-05 0.000555555555555556 9.25925925925926e-05 0.000555555555555556 9.25925925925926e-05 9.25925925925926e-05 0.000555555555555556 9.25925925925926e-05 9.25925925925926e-05 9.25925925925926e-05; % B D=0.5
0.468333333333333 0.0783333333333333 0.000555555555555556 0.000555555555555556 0.0983333333333333 0.000555555555555556 0.0883333333333333 0.000555555555555556 0.000555555555555556 0.000555555555555556 0.128333333333333 0.000555555555555556 0.128333333333333 0.000555555555555556 0.000555555555555556 0.00333333333333333 0.000555555555555556 0.000555555555555556 0.000555555555555556; % D D=0.5
0.578333333333333 0.0983333333333333 0.000555555555555556 0.000555555555555556 0.0383333333333333 0.000555555555555556 0.108333333333333 0.000555555555555556 0.000555555555555556 0.000555555555555556 0.00333333333333333 0.000555555555555556 0.0483333333333333 0.000555555555555556 0.000555555555555556 0.118333333333333 0.000555555555555556 0.000555555555555556 0.000555555555555556; % G D=0.5
0.000555555555555556 0.000555555555555556 9.25925925925926e-05 9.25925925925926e-05 0.000555555555555556 9.25925925925926e-05 0.000555555555555556 9.25925925925926e-05 9.25925925925926e-05 9.25925925925926e-05 0.000555555555555556 0.995092592592593 0.000555555555555556 9.25925925925926e-05 9.25925925925926e-05 0.000555555555555556 9.25925925925926e-05 9.25925925925926e-05 9.25925925925926e-05; % K D=0.5
0.000555555555555556 0.000555555555555556 9.25925925925926e-05 9.25925925925926e-05 0.000555555555555556 9.25925925925926e-05 0.000555555555555556 0.995092592592593 9.25925925925926e-05 9.25925925925926e-05 0.000555555555555556 9.25925925925926e-05 0.000555555555555556 9.25925925925926e-05 9.25925925925926e-05 0.000555555555555556 9.25925925925926e-05 9.25925925925926e-05 9.25925925925926e-05; % L D=0.5
0.000555555555555556 0.000555555555555556 9.25925925925926e-05 9.25925925925926e-05 0.000555555555555556 9.25925925925926e-05 0.000555555555555556 9.25925925925926e-05 9.25925925925926e-05 9.25925925925926e-05 0.000555555555555556 9.25925925925926e-05 0.000555555555555556 0.995092592592593 9.25925925925926e-05 0.000555555555555556 9.25925925925926e-05 9.25925925925926e-05 9.25925925925926e-05; % P D=0.5
0.408333333333333 0.00333333333333333 0.000555555555555556 0.000555555555555556 0.138333333333333 0.000555555555555556 0.0783333333333333 0.000555555555555556 0.000555555555555556 0.000555555555555556 0.118333333333333 0.000555555555555556 0.148333333333333 0.000555555555555556 0.000555555555555556 0.0983333333333333 0.000555555555555556 0.000555555555555556 0.000555555555555556; % T D=0.5
0.000555555555555556 0.000555555555555556 9.25925925925926e-05 9.25925925925926e-05 0.000555555555555556 9.25925925925926e-05 0.000555555555555556 9.25925925925926e-05 9.25925925925926e-05 9.25925925925926e-05 0.000555555555555556 9.25925925925926e-05 0.000555555555555556 9.25925925925926e-05 9.25925925925926e-05 0.000555555555555556 9.25925925925926e-05 0.995092592592593 9.25925925925926e-05; % V D=0.5
0.518333333333333 0.0983333333333333 0.000555555555555556 0.000555555555555556 0.00333333333333333 0.000555555555555556 0.108333333333333 0.000555555555555556 0.000555555555555556 0.000555555555555556 0.0983333333333333 0.000555555555555556 0.0983333333333333 0.000555555555555556 0.000555555555555556 0.0683333333333333 0.000555555555555556 0.000555555555555556 0.000555555555555556; % Z D=0.5
0.000555555555555556 0.000555555555555556 9.25925925925926e-05 0.995092592592593 0.000555555555555556 9.25925925925926e-05 0.000555555555555556 9.25925925925926e-05 9.25925925925926e-05 9.25925925925926e-05 0.000555555555555556 9.25925925925926e-05 0.000555555555555556 9.25925925925926e-05 9.25925925925926e-05 0.000555555555555556 9.25925925925926e-05 9.25925925925926e-05 9.25925925925926e-05; % b D=0.5
0.000555555555555556 0.000555555555555556 9.25925925925926e-05 9.25925925925926e-05 0.000555555555555556 9.25925925925926e-05 0.000555555555555556 9.25925925925926e-05 9.25925925925926e-05 0.995092592592593 0.000555555555555556 9.25925925925926e-05 0.000555555555555556 9.25925925925926e-05 9.25925925925926e-05 0.000555555555555556 9.25925925925926e-05 9.25925925925926e-05 9.25925925925926e-05; % d D=0.5
0.000555555555555556 0.000555555555555556 9.25925925925926e-05 9.25925925925926e-05 0.000555555555555556 9.25925925925926e-05 0.000555555555555556 9.25925925925926e-05 0.995092592592593 9.25925925925926e-05 0.000555555555555556 9.25925925925926e-05 0.000555555555555556 9.25925925925926e-05 9.25925925925926e-05 0.000555555555555556 9.25925925925926e-05 9.25925925925926e-05 9.25925925925926e-05; % g D=0.5
0.000555555555555556 0.000555555555555556 9.25925925925926e-05 9.25925925925926e-05 0.000555555555555556 9.25925925925926e-05 0.000555555555555556 9.25925925925926e-05 9.25925925925926e-05 9.25925925925926e-05 0.000555555555555556 9.25925925925926e-05 0.000555555555555556 9.25925925925926e-05 9.25925925925926e-05 0.000555555555555556 9.25925925925926e-05 9.25925925925926e-05 0.995092592592593; % k D=0.5
0.458333333333333 0.0483333333333333 0.000555555555555556 0.000555555555555556 0.158333333333333 0.000555555555555556 0.00333333333333333 0.000555555555555556 0.000555555555555556 0.000555555555555556 0.108333333333333 0.000555555555555556 0.128333333333333 0.000555555555555556 0.000555555555555556 0.0883333333333333 0.000555555555555556 0.000555555555555556 0.000555555555555556; % l D=0.5
0.000555555555555556 0.000555555555555556 0.995092592592593 9.25925925925926e-05 0.000555555555555556 9.25925925925926e-05 0.000555555555555556 9.25925925925926e-05 9.25925925925926e-05 9.25925925925926e-05 0.000555555555555556 9.25925925925926e-05 0.000555555555555556 9.25925925925926e-05 9.25925925925926e-05 0.000555555555555556 9.25925925925926e-05 9.25925925925926e-05 9.25925925925926e-05; % p D=0.5
0.558333333333333 0.0783333333333333 0.000555555555555556 0.000555555555555556 0.0783333333333333 0.000555555555555556 0.0683333333333333 0.000555555555555556 0.000555555555555556 0.000555555555555556 0.118333333333333 0.000555555555555556 0.00333333333333333 0.000555555555555556 0.000555555555555556 0.0883333333333333 0.000555555555555556 0.000555555555555556 0.000555555555555556; % t D=0.5
0.000555555555555556 0.000555555555555556 9.25925925925926e-05 9.25925925925926e-05 0.000555555555555556 9.25925925925926e-05 0.000555555555555556 9.25925925925926e-05 9.25925925925926e-05 9.25925925925926e-05 0.000555555555555556 9.25925925925926e-05 0.000555555555555556 9.25925925925926e-05 9.25925925925926e-05 0.000555555555555556 0.995092592592593 9.25925925925926e-05 9.25925925925926e-05; % v D=0.5
0.000555555555555556 0.000555555555555556 9.25925925925926e-05 9.25925925925926e-05 0.000555555555555556 9.25925925925926e-05 0.000555555555555556 9.25925925925926e-05 9.25925925925926e-05 9.25925925925926e-05 0.000555555555555556 9.25925925925926e-05 0.000555555555555556 9.25925925925926e-05 0.995092592592593 0.000555555555555556 9.25925925925926e-05 9.25925925925926e-05 9.25925925925926e-05; % z D=0.5
0.00133333333333333 0.196 0.000222222222222222 0.000222222222222222 0.159333333333333 0.000222222222222222 0.179333333333333 0.000222222222222222 0.000222222222222222 0.000222222222222222 0.139333333333333 0.000222222222222222 0.146 0.000222222222222222 0.000222222222222222 0.176 0.000222222222222222 0.000222222222222222 0.000222222222222222; % $ D=0.6
0.000666666666666667 0.000666666666666667 0.000111111111111111 0.000111111111111111 0.000666666666666667 0.994111111111111 0.000666666666666667 0.000111111111111111 0.000111111111111111 0.000111111111111111 0.000666666666666667 0.000111111111111111 0.000666666666666667 0.000111111111111111 0.000111111111111111 0.000666666666666667 0.000111111111111111 0.000111111111111111 0.000111111111111111; % B D=0.6
0.468 0.078 0.000666666666666667 0.000666666666666667 0.098 0.000666666666666667 0.088 0.000666666666666667 0.000666666666666667 0.000666666666666667 0.128 0.000666666666666667 0.128 0.000666666666666667 0.000666666666666667 0.004 0.000666666666666667 0.000666666666666667 0.000666666666666667; % D D=0.6
0.578 0.098 0.000666666666666667 0.000666666666666667 0.038 0.000666666666666667 0.108 0.000666666666666667 0.000666666666666667 0.000666666666666667 0.004 0.000666666666666667 0.048 0.000666666666666667 0.000666666666666667 0.118 0.000666666666666667 0.000666666666666667 0.000666666666666667; % G D=0.6
0.000666666666666667 0.000666666666666667 0.000111111111111111 0.000111111111111111 0.000666666666666667 0.000111111111111111 0.000666666666666667 0.000111111111111111 0.000111111111111111 0.000111111111111111 0.000666666666666667 0.994111111111111 0.000666666666666667 0.000111111111111111 0.000111111111111111 0.000666666666666667 0.000111111111111111 0.000111111111111111 0.000111111111111111; % K D=0.6
0.000666666666666667 0.000666666666666667 0.000111111111111111 0.000111111111111111 0.000666666666666667 0.000111111111111111 0.000666666666666667 0.994111111111111 0.000111111111111111 0.000111111111111111 0.000666666666666667 0.000111111111111111 0.000666666666666667 0.000111111111111111 0.000111111111111111 0.000666666666666667 0.000111111111111111 0.000111111111111111 0.000111111111111111; % L D=0.6
