syllables = '$BDGKLPTVZbdgklptvz';
discounts = [0.1 0.2 0.3 0.4 0.5 0.6 0.7 0.8 0.9 0.95];
kn_probs = [0.000222222222222222 3.7037037037037e-05 0.183222222222222 0.126555555555556 3.7037037037037e-05 3.7037037037037e-05 3.7037037037037e-05 3.7037037037037e-05 0.186555555555556 0.156555555555556 3.7037037037037e-05 0.169888888888889 3.7037037037037e-05 3.7037037037037e-05 3.7037037037037e-05 3.7037037037037e-05 3.7037037037037e-05 3.7037037037037e-05 0.176555555555556; % $ D=0.1
0.449666666666667 0.000111111111111111 0.000666666666666667 0.149666666666667 0.000111111111111111 0.000111111111111111 0.000111111111111111 0.000111111111111111 0.0596666666666667 0.149666666666667 0.000111111111111111 0.0896666666666667 0.000111111111111111 0.000111111111111111 0.000111111111111111 0.000111111111111111 0.000111111111111111 0.000111111111111111 0.0996666666666667; % B D=0.1
0.000111111111111111 1.85185185185185e-05 0.000111111111111111 0.000111111111111111 1.85185185185185e-05 1.85185185185185e-05 1.85185185185185e-05 1.85185185185185e-05 0.000111111111111111 0.000111111111111111 1.85185185185185e-05 0.000111111111111111 1.85185185185185e-05 0.999018518518519 1.85185185185185e-05 1.85185185185185e-05 1.85185185185185e-05 1.85185185185185e-05 0.000111111111111111; % D D=0.1
0.000111111111111111 1.85185185185185e-05 0.000111111111111111 0.000111111111111111 1.85185185185185e-05 1.85185185185185e-05 1.85185185185185e-05 0.999018518518519 0.000111111111111111 0.000111111111111111 1.85185185185185e-05 0.000111111111111111 1.85185185185185e-05 1.85185185185185e-05 1.85185185185185e-05 1.85185185185185e-05 1.85185185185185e-05 1.85185185185185e-05 0.000111111111111111; % G D=0.1
0.529666666666667 0.000111111111111111 0.0796666666666667 0.109666666666667 0.000111111111111111 0.000111111111111111 0.000111111111111111 0.000111111111111111 0.0996666666666667 0.000666666666666667 0.000111111111111111 0.0996666666666667 0.000111111111111111 0.000111111111111111 0.000111111111111111 0.000111111111111111 0.000111111111111111 0.000111111111111111 0.0796666666666667; % K D=0.1
0.469666666666667 0.000111111111111111 0.109666666666667 0.119666666666667 0.000111111111111111 0.000111111111111111 0.000111111111111111 0.000111111111111111 0.129666666666667 0.0996666666666667 0.000111111111111111 0.0696666666666667 0.000111111111111111 0.000111111111111111 0.000111111111111111 0.000111111111111111 0.000111111111111111 0.000111111111111111 0.000666666666666667; % L D=0.1
0.000111111111111111 1.85185185185185e-05 0.000111111111111111 0.000111111111111111 0.999018518518519 1.85185185185185e-05 1.85185185185185e-05 1.85185185185185e-05 0.000111111111111111 0.000111111111111111 1.85185185185185e-05 0.000111111111111111 1.85185185185185e-05 1.85185185185185e-05 1.85185185185185e-05 1.85185185185185e-05 1.85185185185185e-05 1.85185185185185e-05 0.000111111111111111; % P D=0.1
0.000111111111111111 1.85185185185185e-05 0.000111111111111111 0.000111111111111111 1.85185185185185e-05 1.85185185185185e-05 1.85185185185185e-05 1.85185185185185e-05 0.000111111111111111 0.000111111111111111 1.85185185185185e-05 0.000111111111111111 1.85185185185185e-05 1.85185185185185e-05 1.85185185185185e-05 0.999018518518519 1.85185185185185e-05 1.85185185185185e-05 0.000111111111111111; % T D=0.1
0.000111111111111111 1.85185185185185e-05 0.000111111111111111 0.000111111111111111 1.85185185185185e-05 1.85185185185185e-05 1.85185185185185e-05 1.85185185185185e-05 0.000111111111111111 0.000111111111111111 1.85185185185185e-05 0.000111111111111111 1.85185185185185e-05 1.85185185185185e-05 1.85185185185185e-05 1.85185185185185e-05 0.999018518518519 1.85185185185185e-05 0.000111111111111111; % V D=0.1
0.000111111111111111 1.85185185185185e-05 0.000111111111111111 0.000111111111111111 1.85185185185185e-05 1.85185185185185e-05 0.999018518518519 1.85185185185185e-05 0.000111111111111111 0.000111111111111111 1.85185185185185e-05 0.000111111111111111 1.85185185185185e-05 1.85185185185185e-05 1.85185185185185e-05 1.85185185185185e-05 1.85185185185185e-05 1.85185185185185e-05 0.000111111111111111; % Z D=0.1
0.000111111111111111 0.999018518518519 0.000111111111111111 0.000111111111111111 1.85185185185185e-05 1.85185185185185e-05 1.85185185185185e-05 1.85185185185185e-05 0.000111111111111111 0.000111111111111111 1.85185185185185e-05 0.000111111111111111 1.85185185185185e-05 1.85185185185185e-05 1.85185185185185e-05 1.85185185185185e-05 1.85185185185185e-05 1.85185185185185e-05 0.000111111111111111; % b D=0.1
0.000111111111111111 1.85185185185185e-05 0.000111111111111111 0.000111111111111111 1.85185185185185e-05 1.85185185185185e-05 1.85185185185185e-05 1.85185185185185e-05 0.000111111111111111 0.000111111111111111 1.85185185185185e-05 0.000111111111111111 1.85185185185185e-05 1.85185185185185e-05 1.85185185185185e-05 1.85185185185185e-05 1.85185185185185e-05 0.999018518518519 0.000111111111111111; % d D=0.1
0.619666666666667 0.000111111111111111 0.0396666666666667 0.000666666666666667 0.000111111111111111 0.000111111111111111 0.000111111111111111 0.000111111111111111 0.0296666666666667 0.109666666666667 0.000111111111111111 0.109666666666667 0.000111111111111111 0.000111111111111111 0.000111111111111111 0.000111111111111111 0.000111111111111111 0.000111111111111111 0.0896666666666667; % g D=0.1
0.000111111111111111 1.85185185185185e-05 0.000111111111111111 0.000111111111111111 1.85185185185185e-05 1.85185185185185e-05 1.85185185185185e-05 1.85185185185185e-05 0.000111111111111111 0.000111111111111111 0.999018518518519 0.000111111111111111 1.85185185185185e-05 1.85185185185185e-05 1.85185185185185e-05 1.85185185185185e-05 1.85185185185185e-05 1.85185185185185e-05 0.000111111111111111; % k D=0.1
0.489666666666667 0.000111111111111111 0.109666666666667 0.0896666666666667 0.000111111111111111 0.000111111111111111 0.000111111111111111 0.000111111111111111 0.119666666666667 0.0696666666666667 0.000111111111111111 0.000666666666666667 0.000111111111111111 0.000111111111111111 0.000111111111111111 0.000111111111111111 0.000111111111111111 0.000111111111111111 0.119666666666667; % l D=0.1
0.000111111111111111 1.85185185185185e-05 0.000111111111111111 0.000111111111111111 1.85185185185185e-05 1.85185185185185e-05 1.85185185185185e-05 1.85185185185185e-05 0.000111111111111111 0.000111111111111111 1.85185185185185e-05 0.000111111111111111 0.999018518518519 1.85185185185185e-05 1.85185185185185e-05 1.85185185185185e-05 1.85185185185185e-05 1.85185185185185e-05 0.000111111111111111; % p D=0.1
0.439666666666667 0.000111111111111111 0.109666666666667 0.149666666666667 0.000111111111111111 0.000111111111111111 0.000111111111111111 0.000111111111111111 0.000666666666666667 0.0996666666666667 0.000111111111111111 0.119666666666667 0.000111111111111111 0.000111111111111111 0.000111111111111111 0.000111111111111111 0.000111111111111111 0.000111111111111111 0.0796666666666667; % t D=0.1
0.000111111111111111 1.85185185185185e-05 0.000111111111111111 0.000111111111111111 1.85185185185185e-05 1.85185185185185e-05 1.85185185185185e-05 1.85185185185185e-05 0.000111111111111111 0.000111111111111111 1.85185185185185e-05 0.000111111111111111 1.85185185185185e-05 1.85185185185185e-05 0.999018518518519 1.85185185185185e-05 1.85185185185185e-05 1.85185185185185e-05 0.000111111111111111; % v D=0.1
0.000111111111111111 1.85185185185185e-05 0.000111111111111111 0.000111111111111111 1.85185185185185e-05 0.999018518518519 1.85185185185185e-05 1.85185185185185e-05 0.000111111111111111 0.000111111111111111 1.85185185185185e-05 0.000111111111111111 1.85185185185185e-05 1.85185185185185e-05 1.85185185185185e-05 1.85185185185185e-05 1.85185185185185e-05 1.85185185185185e-05 0.000111111111111111; % z D=0.1
0.000444444444444445 7.40740740740741e-05 0.183111111111111 0.126444444444444 7.40740740740741e-05 7.40740740740741e-05 7.40740740740741e-05 7.40740740740741e-05 0.186444444444444 0.156444444444444 7.40740740740741e-05 0.169777777777778 7.40740740740741e-05 7.40740740740741e-05 7.40740740740741e-05 7.40740740740741e-05 7.40740740740741e-05 7.40740740740741e-05 0.176444444444444; % $ D=0.2
0.449333333333333 0.000222222222222222 0.00133333333333333 0.149333333333333 0.000222222222222222 0.000222222222222222 0.000222222222222222 0.000222222222222222 0.0593333333333333 0.149333333333333 0.000222222222222222 0.0893333333333333 0.000222222222222222 0.000222222222222222 0.000222222222222222 0.000222222222222222 0.000222222222222222 0.000222222222222222 0.0993333333333333; % B D=0.2
0.000222222222222222 3.7037037037037e-05 0.000222222222222222 0.000222222222222222 3.7037037037037e-05 3.7037037037037e-05 3.7037037037037e-05 3.7037037037037e-05 0.000222222222222222 0.000222222222222222 3.7037037037037e-05 0.000222222222222222 3.7037037037037e-05 0.998037037037037 3.7037037037037e-05 3.7037037037037e-05 3.7037037037037e-05 3.7037037037037e-05 0.000222222222222222; % D D=0.2
0.000222222222222222 3.7037037037037e-05 0.000222222222222222 0.000222222222222222 3.7037037037037e-05 3.7037037037037e-05 3.7037037037037e-05 0.998037037037037 0.000222222222222222 0.000222222222222222 3.7037037037037e-05 0.000222222222222222 3.7037037037037e-05 3.7037037037037e-05 3.7037037037037e-05 3.7037037037037e-05 3.7037037037037e-05 3.7037037037037e-05 0.000222222222222222; % G D=0.2
0.529333333333333 0.000222222222222222 0.0793333333333333 0.109333333333333 0.000222222222222222 0.000222222222222222 0.000222222222222222 0.000222222222222222 0.0993333333333333 0.00133333333333333 0.000222222222222222 0.0993333333333333 0.000222222222222222 0.000222222222222222 0.000222222222222222 0.000222222222222222 0.000222222222222222 0.000222222222222222 0.0793333333333333; % K D=0.2
0.469333333333333 0.000222222222222222 0.109333333333333 0.119333333333333 0.000222222222222222 0.000222222222222222 0.000222222222222222 0.000222222222222222 0.129333333333333 0.0993333333333333 0.000222222222222222 0.0693333333333333 0.000222222222222222 0.000222222222222222 0.000222222222222222 0.000222222222222222 0.000222222222222222 0.000222222222222222 0.00133333333333333; % L D=0.2
0.000222222222222222 3.7037037037037e-05 0.000222222222222222 0.000222222222222222 0.998037037037037 3.7037037037037e-05 3.7037037037037e-05 3.7037037037037e-05 0.000222222222222222 0.000222222222222222 3.7037037037037e-05 0.000222222222222222 3.7037037037037e-05 3.7037037037037e-05 3.7037037037037e-05 3.7037037037037e-05 3.7037037037037e-05 3.7037037037037e-05 0.000222222222222222; % P D=0.2
0.000222222222222222 3.7037037037037e-05 0.000222222222222222 0.000222222222222222 3.7037037037037e-05 3.7037037037037e-05 3.7037037037037e-05 3.7037037037037e-05 0.000222222222222222 0.000222222222222222 3.7037037037037e-05 0.000222222222222222 3.7037037037037e-05 3.7037037037037e-05 3.7037037037037e-05 0.998037037037037 3.7037037037037e-05 3.7037037037037e-05 0.000222222222222222; % T D=0.2
0.000222222222222222 3.7037037037037e-05 0.000222222222222222 0.000222222222222222 3.7037037037037e-05 3.7037037037037e-05 3.7037037037037e-05 3.7037037037037e-05 0.000222222222222222 0.000222222222222222 3.7037037037037e-05 0.000222222222222222 3.7037037037037e-05 3.7037037037037e-05 3.7037037037037e-05 3.7037037037037e-05 0.998037037037037 3.7037037037037e-05 0.000222222222222222; % V D=0.2
0.000222222222222222 3.7037037037037e-05 0.000222222222222222 0.000222222222222222 3.7037037037037e-05 3.7037037037037e-05 0.998037037037037 3.7037037037037e-05 0.000222222222222222 0.000222222222222222 3.7037037037037e-05 0.000222222222222222 3.7037037037037e-05 3.7037037037037e-05 3.7037037037037e-05 3.7037037037037e-05 3.7037037037037e-05 3.7037037037037e-05 0.000222222222222222; % Z D=0.2
0.000222222222222222 0.998037037037037 0.000222222222222222 0.000222222222222222 3.7037037037037e-05 3.7037037037037e-05 3.7037037037037e-05 3.7037037037037e-05 0.000222222222222222 0.000222222222222222 3.7037037037037e-05 0.000222222222222222 3.7037037037037e-05 3.7037037037037e-05 3.7037037037037e-05 3.7037037037037e-05 3.7037037037037e-05 3.7037037037037e-05 0.000222222222222222; % b D=0.2
0.000222222222222222 3.7037037037037e-05 0.000222222222222222 0.000222222222222222 3.7037037037037e-05 3.7037037037037e-05 3.7037037037037e-05 3.7037037037037e-05 0.000222222222222222 0.000222222222222222 3.7037037037037e-05 0.000222222222222222 3.7037037037037e-05 3.7037037037037e-05 3.7037037037037e-05 3.7037037037037e-05 3.7037037037037e-05 0.998037037037037 0.000222222222222222; % d D=0.2
0.619333333333333 0.000222222222222222 0.0393333333333333 0.00133333333333333 0.000222222222222222 0.000222222222222222 0.000222222222222222 0.000222222222222222 0.0293333333333333 0.109333333333333 0.000222222222222222 0.109333333333333 0.000222222222222222 0.000222222222222222 0.000222222222222222 0.000222222222222222 0.000222222222222222 0.000222222222222222 0.0893333333333333; % g D=0.2
0.000222222222222222 3.7037037037037e-05 0.000222222222222222 0.000222222222222222 3.7037037037037e-05 3.7037037037037e-05 3.7037037037037e-05 3.7037037037037e-05 0.000222222222222222 0.000222222222222222 0.998037037037037 0.000222222222222222 3.7037037037037e-05 3.7037037037037e-05 3.7037037037037e-05 3.7037037037037e-05 3.7037037037037e-05 3.7037037037037e-05 0.000222222222222222; % k D=0.2
0.489333333333333 0.000222222222222222 0.109333333333333 0.0893333333333333 0.000222222222222222 0.000222222222222222 0.000222222222222222 0.000222222222222222 0.119333333333333 0.0693333333333333 0.000222222222222222 0.00133333333333333 0.000222222222222222 0.000222222222222222 0.000222222222222222 0.000222222222222222 0.000222222222222222 0.000222222222222222 0.119333333333333; % l D=0.2
0.000222222222222222 3.7037037037037e-05 0.000222222222222222 0.000222222222222222 3.7037037037037e-05 3.7037037037037e-05 3.7037037037037e-05 3.7037037037037e-05 0.000222222222222222 0.000222222222222222 3.7037037037037e-05 0.000222222222222222 0.998037037037037 3.7037037037037e-05 3.7037037037037e-05 3.7037037037037e-05 3.7037037037037e-05 3.7037037037037e-05 0.000222222222222222; % p D=0.2
0.439333333333333 0.000222222222222222 0.109333333333333 0.149333333333333 0.000222222222222222 0.000222222222222222 0.000222222222222222 0.000222222222222222 0.00133333333333333 0.0993333333333333 0.000222222222222222 0.119333333333333 0.000222222222222222 0.000222222222222222 0.000222222222222222 0.000222222222222222 0.000222222222222222 0.000222222222222222 0.0793333333333333; % t D=0.2
0.000222222222222222 3.7037037037037e-05 0.000222222222222222 0.000222222222222222 3.7037037037037e-05 3.7037037037037e-05 3.7037037037037e-05 3.7037037037037e-05 0.000222222222222222 0.000222222222222222 3.7037037037037e-05 0.000222222222222222 3.7037037037037e-05 3.7037037037037e-05 0.998037037037037 3.7037037037037e-05 3.7037037037037e-05 3.7037037037037e-05 0.000222222222222222; % v D=0.2
0.000222222222222222 3.7037037037037e-05 0.000222222222222222 0.000222222222222222 3.7037037037037e-05 0.998037037037037 3.7037037037037e-05 3.7037037037037e-05 0.000222222222222222 0.000222222222222222 3.7037037037037e-05 0.000222222222222222 3.7037037037037e-05 3.7037037037037e-05 3.7037037037037e-05 3.7037037037037e-05 3.7037037037037e-05 3.7037037037037e-05 0.000222222222222222; % z D=0.2
0.000666666666666667 0.000111111111111111 0.183 0.126333333333333 0.000111111111111111 0.000111111111111111 0.000111111111111111 0.000111111111111111 0.186333333333333 0.156333333333333 0.000111111111111111 0.169666666666667 0.000111111111111111 0.000111111111111111 0.000111111111111111 0.000111111111111111 0.000111111111111111 0.000111111111111111 0.176333333333333; % $ D=0.3
0.449 0.000333333333333333 0.002 0.149 0.000333333333333333 0.000333333333333333 0.000333333333333333 0.000333333333333333 0.059 0.149 0.000333333333333333 0.089 0.000333333333333333 0.000333333333333333 0.000333333333333333 0.000333333333333333 0.000333333333333333 0.000333333333333333 0.099; % B D=0.3
0.000333333333333333 5.55555555555556e-05 0.000333333333333333 0.000333333333333333 5.55555555555556e-05 5.55555555555556e-05 5.55555555555556e-05 5.55555555555556e-05 0.000333333333333333 0.000333333333333333 5.55555555555556e-05 0.000333333333333333 5.55555555555556e-05 0.997055555555556 5.55555555555556e-05 5.55555555555556e-05 5.55555555555556e-05 5.55555555555556e-05 0.000333333333333333; % D D=0.3
0.000333333333333333 5.55555555555556e-05 0.000333333333333333 0.000333333333333333 5.55555555555556e-05 5.55555555555556e-05 5.55555555555556e-05 0.997055555555556 0.000333333333333333 0.000333333333333333 5.55555555555556e-05 0.000333333333333333 5.55555555555556e-05 5.55555555555556e-05 5.55555555555556e-05 5.55555555555556e-05 5.55555555555556e-05 5.55555555555556e-05 0.000333333333333333; % G D=0.3
0.529 0.000333333333333333 0.079 0.109 0.000333333333333333 0.000333333333333333 0.000333333333333333 0.000333333333333333 0.099 0.002 0.000333333333333333 0.099 0.000333333333333333 0.000333333333333333 0.000333333333333333 0.000333333333333333 0.000333333333333333 0.000333333333333333 0.079; % K D=0.3
0.469 0.000333333333333333 0.109 0.119 0.000333333333333333 0.000333333333333333 0.000333333333333333 0.000333333333333333 0.129 0.099 0.000333333333333333 0.069 0.000333333333333333 0.000333333333333333 0.000333333333333333 0.000333333333333333 0.000333333333333333 0.000333333333333333 0.002; % L D=0.3
0.000333333333333333 5.55555555555556e-05 0.000333333333333333 0.000333333333333333 0.997055555555556 5.55555555555556e-05 5.55555555555556e-05 5.55555555555556e-05 0.000333333333333333 0.000333333333333333 5.55555555555556e-05 0.000333333333333333 5.55555555555556e-05 5.55555555555556e-05 5.55555555555556e-05 5.55555555555556e-05 5.55555555555556e-05 5.55555555555556e-05 0.000333333333333333; % P D=0.3
0.000333333333333333 5.55555555555556e-05 0.000333333333333333 0.000333333333333333 5.55555555555556e-05 5.55555555555556e-05 5.55555555555556e-05 5.55555555555556e-05 0.000333333333333333 0.000333333333333333 5.55555555555556e-05 0.000333333333333333 5.55555555555556e-05 5.55555555555556e-05 5.55555555555556e-05 0.997055555555556 5.55555555555556e-05 5.55555555555556e-05 0.000333333333333333; % T D=0.3
0.000333333333333333 5.55555555555556e-05 0.000333333333333333 0.000333333333333333 5.55555555555556e-05 5.55555555555556e-05 5.55555555555556e-05 5.55555555555556e-05 0.000333333333333333 0.000333333333333333 5.55555555555556e-05 0.000333333333333333 5.55555555555556e-05 5.55555555555556e-05 5.55555555555556e-05 5.55555555555556e-05 0.997055555555556 5.55555555555556e-05 0.000333333333333333; % V D=0.3
0.000333333333333333 5.55555555555556e-05 0.000333333333333333 0.000333333333333333 5.55555555555556e-05 5.55555555555556e-05 0.997055555555556 5.55555555555556e-05 0.000333333333333333 0.000333333333333333 5.55555555555556e-05 0.000333333333333333 5.55555555555556e-05 5.55555555555556e-05 5.55555555555556e-05 5.55555555555556e-05 5.55555555555556e-05 5.55555555555556e-05 0.000333333333333333; % Z D=0.3
0.000333333333333333 0.997055555555556 0.000333333333333333 0.000333333333333333 5.55555555555556e-05 5.55555555555556e-05 5.55555555555556e-05 5.55555555555556e-05 0.000333333333333333 0.000333333333333333 5.55555555555556e-05 0.000333333333333333 5.55555555555556e-05 5.55555555555556e-05 5.55555555555556e-05 5.55555555555556e-05 5.55555555555556e-05 5.55555555555556e-05 0.000333333333333333; % b D=0.3
0.000333333333333333 5.55555555555556e-05 0.000333333333333333 0.000333333333333333 5.55555555555556e-05 5.55555555555556e-05 5.55555555555556e-05 5.55555555555556e-05 0.000333333333333333 0.000333333333333333 5.55555555555556e-05 0.000333333333333333 5.55555555555556e-05 5.55555555555556e-05 5.55555555555556e-05 5.55555555555556e-05 5.55555555555556e-05 0.997055555555556 0.000333333333333333; % d D=0.3
0.619 0.000333333333333333 0.039 0.002 0.000333333333333333 0.000333333333333333 0.000333333333333333 0.000333333333333333 0.029 0.109 0.000333333333333333 0.109 0.000333333333333333 0.000333333333333333 0.000333333333333333 0.000333333333333333 0.000333333333333333 0.000333333333333333 0.089; % g D=0.3
0.000333333333333333 5.55555555555556e-05 0.000333333333333333 0.000333333333333333 5.55555555555556e-05 5.55555555555556e-05 5.55555555555556e-05 5.55555555555556e-05 0.000333333333333333 0.000333333333333333 0.997055555555556 0.000333333333333333 5.55555555555556e-05 5.55555555555556e-05 5.55555555555556e-05 5.55555555555556e-05 5.55555555555556e-05 5.55555555555556e-05 0.000333333333333333; % k D=0.3
0.489 0.000333333333333333 0.109 0.089 0.000333333333333333 0.000333333333333333 0.000333333333333333 0.000333333333333333 0.119 0.069 0.000333333333333333 0.002 0.000333333333333333 0.000333333333333333 0.000333333333333333 0.000333333333333333 0.000333333333333333 0.000333333333333333 0.119; % l D=0.3
0.000333333333333333 5.55555555555556e-05 0.000333333333333333 0.000333333333333333 5.55555555555556e-05 5.55555555555556e-05 5.55555555555556e-05 5.55555555555556e-05 0.000333333333333333 0.000333333333333333 5.55555555555556e-05 0.000333333333333333 0.997055555555556 5.55555555555556e-05 5.55555555555556e-05 5.55555555555556e-05 5.55555555555556e-05 5.55555555555556e-05 0.000333333333333333; % p D=0.3
0.439 0.000333333333333333 0.109 0.149 0.000333333333333333 0.000333333333333333 0.000333333333333333 0.000333333333333333 0.002 0.099 0.000333333333333333 0.119 0.000333333333333333 0.000333333333333333 0.000333333333333333 0.000333333333333333 0.000333333333333333 0.000333333333333333 0.079; % t D=0.3
0.000333333333333333 5.55555555555556e-05 0.000333333333333333 0.000333333333333333 5.55555555555556e-05 5.55555555555556e-05 5.55555555555556e-05 5.55555555555556e-05 0.000333333333333333 0.000333333333333333 5.55555555555556e-05 0.000333333333333333 5.55555555555556e-05 5.55555555555556e-05 0.997055555555556 5.55555555555556e-05 5.55555555555556e-05 5.55555555555556e-05 0.000333333333333333; % v D=0.3
0.000333333333333333 5.55555555555556e-05 0.000333333333333333 0.000333333333333333 5.55555555555556e-05 0.997055555555556 5.55555555555556e-05 5.55555555555556e-05 0.000333333333333333 0.000333333333333333 5.55555555555556e-05 0.000333333333333333 5.55555555555556e-05 5.55555555555556e-05 5.55555555555556e-05 5.55555555555556e-05 5.55555555555556e-05 5.55555555555556e-05 0.000333333333333333; % z D=0.3
0.000888888888888889 0.000148148148148148 0.182888888888889 0.126222222222222 0.000148148148148148 0.000148148148148148 0.000148148148148148 0.000148148148148148 0.186222222222222 0.156222222222222 0.000148148148148148 0.169555555555556 0.000148148148148148 0.000148148148148148 0.000148148148148148 0.000148148148148148 0.000148148148148148 0.000148148148148148 0.176222222222222; % $ D=0.4
0.448666666666667 0.000444444444444445 0.00266666666666667 0.148666666666667 0.000444444444444445 0.000444444444444445 0.000444444444444445 0.000444444444444445 0.0586666666666667 0.148666666666667 0.000444444444444445 0.0886666666666667 0.000444444444444445 0.000444444444444445 0.000444444444444445 0.000444444444444445 0.000444444444444445 0.000444444444444445 0.0986666666666667; % B D=0.4
0.000444444444444445 7.40740740740741e-05 0.000444444444444445 0.000444444444444445 7.40740740740741e-05 7.40740740740741e-05 7.40740740740741e-05 7.40740740740741e-05 0.000444444444444445 0.000444444444444445 7.40740740740741e-05 0.000444444444444445 7.40740740740741e-05 0.996074074074074 7.40740740740741e-05 7.40740740740741e-05 7.40740740740741e-05 7.40740740740741e-05 0.000444444444444445; % D D=0.4
0.000444444444444445 7.40740740740741e-05 0.000444444444444445 0.000444444444444445 7.40740740740741e-05 7.40740740740741e-05 7.40740740740741e-05 0.996074074074074 0.000444444444444445 0.000444444444444445 7.40740740740741e-05 0.000444444444444445 7.40740740740741e-05 7.40740740740741e-05 7.40740740740741e-05 7.40740740740741e-05 7.40740740740741e-05 7.40740740740741e-05 0.000444444444444445; % G D=0.4
0.528666666666667 0.000444444444444445 0.0786666666666667 0.108666666666667 0.000444444444444445 0.000444444444444445 0.000444444444444445 0.000444444444444445 0.0986666666666667 0.00266666666666667 0.000444444444444445 0.0986666666666667 0.000444444444444445 0.000444444444444445 0.000444444444444445 0.000444444444444445 0.000444444444444445 0.000444444444444445 0.0786666666666667; % K D=0.4
0.468666666666667 0.000444444444444445 0.108666666666667 0.118666666666667 0.000444444444444445 0.000444444444444445 0.000444444444444445 0.000444444444444445 0.128666666666667 0.0986666666666667 0.000444444444444445 0.0686666666666667 0.000444444444444445 0.000444444444444445 0.000444444444444445 0.000444444444444445 0.000444444444444445 0.000444444444444445 0.00266666666666667; % L D=0.4
0.000444444444444445 7.40740740740741e-05 0.000444444444444445 0.000444444444444445 0.996074074074074 7.40740740740741e-05 7.40740740740741e-05 7.40740740740741e-05 0.000444444444444445 0.000444444444444445 7.40740740740741e-05 0.000444444444444445 7.40740740740741e-05 7.40740740740741e-05 7.40740740740741e-05 7.40740740740741e-05 7.40740740740741e-05 7.40740740740741e-05 0.000444444444444445; % P D=0.4
0.000444444444444445 7.40740740740741e-05 0.000444444444444445 0.000444444444444445 7.40740740740741e-05 7.40740740740741e-05 7.40740740740741e-05 7.40740740740741e-05 0.000444444444444445 0.000444444444444445 7.40740740740741e-05 0.000444444444444445 7.40740740740741e-05 7.40740740740741e-05 7.40740740740741e-05 0.996074074074074 7.40740740740741e-05 7.40740740740741e-05 0.000444444444444445; % T D=0.4
0.000444444444444445 7.40740740740741e-05 0.000444444444444445 0.000444444444444445 7.40740740740741e-05 7.40740740740741e-05 7.40740740740741e-05 7.40740740740741e-05 0.000444444444444445 0.000444444444444445 7.40740740740741e-05 0.000444444444444445 7.40740740740741e-05 7.40740740740741e-05 7.40740740740741e-05 7.40740740740741e-05 0.996074074074074 7.40740740740741e-05 0.000444444444444445; % V D=0.4
0.000444444444444445 7.40740740740741e-05 0.000444444444444445 0.000444444444444445 7.40740740740741e-05 7.40740740740741e-05 0.996074074074074 7.40740740740741e-05 0.000444444444444445 0.000444444444444445 7.40740740740741e-05 0.000444444444444445 7.40740740740741e-05 7.40740740740741e-05 7.40740740740741e-05 7.40740740740741e-05 7.40740740740741e-05 7.40740740740741e-05 0.000444444444444445; % Z D=0.4
0.000444444444444445 0.996074074074074 0.000444444444444445 0.000444444444444445 7.40740740740741e-05 7.40740740740741e-05 7.40740740740741e-05 7.40740740740741e-05 0.000444444444444445 0.000444444444444445 7.40740740740741e-05 0.000444444444444445 7.40740740740741e-05 7.40740740740741e-05 7.40740740740741e-05 7.40740740740741e-05 7.40740740740741e-05 7.40740740740741e-05 0.000444444444444445; % b D=0.4
0.000444444444444445 7.40740740740741e-05 0.000444444444444445 0.000444444444444445 7.40740740740741e-05 7.40740740740741e-05 7.40740740740741e-05 7.40740740740741e-05 0.000444444444444445 0.000444444444444445 7.40740740740741e-05 0.000444444444444445 7.40740740740741e-05 7.40740740740741e-05 7.40740740740741e-05 7.40740740740741e-05 7.40740740740741e-05 0.996074074074074 0.000444444444444445; % d D=0.4
0.618666666666667 0.000444444444444445 0.0386666666666667 0.00266666666666667 0.000444444444444445 0.000444444444444445 0.000444444444444445 0.000444444444444445 0.0286666666666667 0.108666666666667 0.000444444444444445 0.108666666666667 0.000444444444444445 0.000444444444444445 0.000444444444444445 0.000444444444444445 0.000444444444444445 0.000444444444444445 0.0886666666666667; % g D=0.4
0.000444444444444445 7.40740740740741e-05 0.000444444444444445 0.000444444444444445 7.40740740740741e-05 7.40740740740741e-05 7.40740740740741e-05 7.40740740740741e-05 0.000444444444444445 0.000444444444444445 0.996074074074074 0.000444444444444445 7.40740740740741e-05 7.40740740740741e-05 7.40740740740741e-05 7.40740740740741e-05 7.40740740740741e-05 7.40740740740741e-05 0.000444444444444445; % k D=0.4
0.488666666666667 0.000444444444444445 0.108666666666667 0.0886666666666667 0.000444444444444445 0.000444444444444445 0.000444444444444445 0.000444444444444445 0.118666666666667 0.0686666666666667 0.000444444444444445 0.00266666666666667 0.000444444444444445 0.000444444444444445 0.000444444444444445 0.000444444444444445 0.000444444444444445 0.000444444444444445 0.118666666666667; % l D=0.4
0.000444444444444445 7.40740740740741e-05 0.000444444444444445 0.000444444444444445 7.40740740740741e-05 7.40740740740741e-05 7.40740740740741e-05 7.40740740740741e-05 0.000444444444444445 0.000444444444444445 7.40740740740741e-05 0.000444444444444445 0.996074074074074 7.40740740740741e-05 7.40740740740741e-05 7.40740740740741e-05 7.40740740740741e-05 7.40740740740741e-05 0.000444444444444445; % p D=0.4
0.438666666666667 0.000444444444444445 0.108666666666667 0.148666666666667 0.000444444444444445 0.000444444444444445 0.000444444444444445 0.000444444444444445 0.00266666666666667 0.0986666666666667 0.000444444444444445 0.118666666666667 0.000444444444444445 0.000444444444444445 0.000444444444444445 0.000444444444444445 0.000444444444444445 0.000444444444444445 0.0786666666666667; % t D=0.4
0.000444444444444445 7.40740740740741e-05 0.000444444444444445 0.000444444444444445 7.40740740740741e-05 7.40740740740741e-05 7.40740740740741e-05 7.40740740740741e-05 0.000444444444444445 0.000444444444444445 7.40740740740741e-05 0.000444444444444445 7.40740740740741e-05 7.40740740740741e-05 0.996074074074074 7.40740740740741e-05 7.40740740740741e-05 7.40740740740741e-05 0.000444444444444445; % v D=0.4
0.000444444444444445 7.40740740740741e-05 0.000444444444444445 0.000444444444444445 7.40740740740741e-05 0.996074074074074 7.40740740740741e-05 7.40740740740741e-05 0.000444444444444445 0.000444444444444445 7.40740740740741e-05 0.000444444444444445 7.40740740740741e-05 7.40740740740741e-05 7.40740740740741e-05 7.40740740740741e-05 7.40740740740741e-05 7.40740740740741e-05 0.000444444444444445; % z D=0.4
0.00111111111111111 0.000185185185185185 0.182777777777778 0.126111111111111 0.000185185185185185 0.000185185185185185 0.000185185185185185 0.000185185185185185 0.186111111111111 0.156111111111111 0.000185185185185185 0.169444444444444 0.000185185185185185 0.000185185185185185 0.000185185185185185 0.000185185185185185 0.000185185185185185 0.000185185185185185 0.176111111111111; % $ D=0.5
0.448333333333333 0.000555555555555556 0.00333333333333333 0.148333333333333 0.000555555555555556 0.000555555555555556 0.000555555555555556 0.000555555555555556 0.0583333333333333 0.148333333333333 0.000555555555555556 0.0883333333333333 0.000555555555555556 0.000555555555555556 0.000555555555555556 0.000555555555555556 0.000555555555555556 0.000555555555555556 0.0983333333333333; % B D=0.5
0.000555555555555556 9.25925925925926e-05 0.000555555555555556 0.000555555555555556 9.25925925925926e-05 9.25925925925926e-05 9.25925925925926e-05 9.25925925925926e-05 0.000555555555555556 0.000555555555555556 9.25925925925926e-05 0.000555555555555556 9.25925925925926e-05 0.995092592592593 9.25925925925926e-05 9.25925925925926e-05 9.25925925925926e-05 9.25925925925926e-05 0.000555555555555556; % D D=0.5
0.000555555555555556 9.25925925925926e-05 0.000555555555555556 0.000555555555555556 9.25925925925926e-05 9.25925925925926e-05 9.25925925925926e-05 0.995092592592593 0.000555555555555556 0.000555555555555556 9.25925925925926e-05 0.000555555555555556 9.25925925925926e-05 9.25925925925926e-05 9.25925925925926e-05 9.25925925925926e-05 9.25925925925926e-05 9.25925925925926e-05 0.000555555555555556; % G D=0.5
0.528333333333333 0.000555555555555556 0.0783333333333333 0.108333333333333 0.000555555555555556 0.000555555555555556 0.000555555555555556 0.000555555555555556 0.0983333333333333 0.00333333333333333 0.000555555555555556 0.0983333333333333 0.000555555555555556 0.000555555555555556 0.000555555555555556 0.000555555555555556 0.000555555555555556 0.000555555555555556 0.0783333333333333; % K D=0.5
0.468333333333333 0.000555555555555556 0.108333333333333 0.118333333333333 0.000555555555555556 0.000555555555555556 0.000555555555555556 0.000555555555555556 0.128333333333333 0.0983333333333333 0.000555555555555556 0.0683333333333333 0.000555555555555556 0.000555555555555556 0.000555555555555556 0.000555555555555556 0.000555555555555556 0.000555555555555556 0.00333333333333333; % L D=0.5
0.000555555555555556 9.25925925925926e-05 0.000555555555555556 0.000555555555555556 0.995092592592593 9.25925925925926e-05 9.25925925925926e-05 9.25925925925926e-05 0.000555555555555556 0.000555555555555556 9.25925925925926e-05 0.000555555555555556 9.25925925925926e-05 9.25925925925926e-05 9.25925925925926e-05 9.25925925925926e-05 9.25925925925926e-05 9.25925925925926e-05 0.000555555555555556; % P D=0.5
0.000555555555555556 9.25925925925926e-05 0.000555555555555556 0.000555555555555556 9.25925925925926e-05 9.25925925925926e-05 9.25925925925926e-05 9.25925925925926e-05 0.000555555555555556 0.000555555555555556 9.25925925925926e-05 0.000555555555555556 9.25925925925926e-05 9.25925925925926e-05 9.25925925925926e-05 0.995092592592593 9.25925925925926e-05 9.25925925925926e-05 0.000555555555555556; % T D=0.5
0.000555555555555556 9.25925925925926e-05 0.000555555555555556 0.000555555555555556 9.25925925925926e-05 9.25925925925926e-05 9.25925925925926e-05 9.25925925925926e-05 0.000555555555555556 0.000555555555555556 9.25925925925926e-05 0.000555555555555556 9.25925925925926e-05 9.25925925925926e-05 9.25925925925926e-05 9.25925925925926e-05 0.995092592592593 9.25925925925926e-05 0.000555555555555556; % V D=0.5
0.000555555555555556 9.25925925925926e-05 0.000555555555555556 0.000555555555555556 9.25925925925926e-05 9.25925925925926e-05 0.995092592592593 9.25925925925926e-05 0.000555555555555556 0.000555555555555556 9.25925925925926e-05 0.000555555555555556 9.25925925925926e-05 9.25925925925926e-05 9.25925925925926e-05 9.25925925925926e-05 9.25925925925926e-05 9.25925925925926e-05 0.000555555555555556; % Z D=0.5
0.000555555555555556 0.995092592592593 0.000555555555555556 0.000555555555555556 9.25925925925926e-05 9.25925925925926e-05 9.25925925925926e-05 9.25925925925926e-05 0.000555555555555556 0.000555555555555556 9.25925925925926e-05 0.000555555555555556 9.25925925925926e-05 9.25925925925926e-05 9.25925925925926e-05 9.25925925925926e-05 9.25925925925926e-05 9.25925925925926e-05 0.000555555555555556; % b D=0.5
0.000555555555555556 9.25925925925926e-05 0.000555555555555556 0.000555555555555556 9.25925925925926e-05 9.25925925925926e-05 9.25925925925926e-05 9.25925925925926e-05 0.000555555555555556 0.000555555555555556 9.25925925925926e-05 0.000555555555555556 9.25925925925926e-05 9.25925925925926e-05 9.25925925925926e-05 9.25925925925926e-05 9.25925925925926e-05 0.995092592592593 0.000555555555555556; % d D=0.5
0.618333333333333 0.000555555555555556 0.0383333333333333 0.00333333333333333 0.000555555555555556 0.000555555555555556 0.000555555555555556 0.000555555555555556 0.0283333333333333 0.108333333333333 0.000555555555555556 0.108333333333333 0.000555555555555556 0.000555555555555556 0.000555555555555556 0.000555555555555556 0.000555555555555556 0.000555555555555556 0.0883333333333333; % g D=0.5
0.000555555555555556 9.25925925925926e-05 0.000555555555555556 0.000555555555555556 9.25925925925926e-05 9.25925925925926e-05 9.25925925925926e-05 9.25925925925926e-05 0.000555555555555556 0.000555555555555556 0.995092592592593 0.000555555555555556 9.25925925925926e-05 9.25925925925926e-05 9.25925925925926e-05 9.25925925925926e-05 9.25925925925926e-05 9.25925925925926e-05 0.000555555555555556; % k D=0.5
0.488333333333333 0.000555555555555556 0.108333333333333 0.0883333333333333 0.000555555555555556 0.000555555555555556 0.000555555555555556 0.000555555555555556 0.118333333333333 0.0683333333333333 0.000555555555555556 0.00333333333333333 0.000555555555555556 0.000555555555555556 0.000555555555555556 0.000555555555555556 0.000555555555555556 0.000555555555555556 0.118333333333333; % l D=0.5
0.000555555555555556 9.25925925925926e-05 0.000555555555555556 0.000555555555555556 9.25925925925926e-05 9.25925925925926e-05 9.25925925925926e-05 9.25925925925926e-05 0.000555555555555556 0.000555555555555556 9.25925925925926e-05 0.000555555555555556 0.995092592592593 9.25925925925926e-05 9.25925925925926e-05 9.25925925925926e-05 9.25925925925926e-05 9.25925925925926e-05 0.000555555555555556; % p D=0.5
0.438333333333333 0.000555555555555556 0.108333333333333 0.148333333333333 0.000555555555555556 0.000555555555555556 0.000555555555555556 0.000555555555555556 0.00333333333333333 0.0983333333333333 0.000555555555555556 0.118333333333333 0.000555555555555556 0.000555555555555556 0.000555555555555556 0.000555555555555556 0.000555555555555556 0.000555555555555556 0.0783333333333333; % t D=0.5
0.000555555555555556 9.25925925925926e-05 0.000555555555555556 0.000555555555555556 9.25925925925926e-05 9.25925925925926e-05 9.25925925925926e-05 9.25925925925926e-05 0.000555555555555556 0.000555555555555556 9.25925925925926e-05 0.000555555555555556 9.25925925925926e-05 9.25925925925926e-05 0.995092592592593 9.25925925925926e-05 9.25925925925926e-05 9.25925925925926e-05 0.000555555555555556; % v D=0.5
0.000555555555555556 9.25925925925926e-05 0.000555555555555556 0.000555555555555556 9.25925925925926e-05 0.995092592592593 9.25925925925926e-05 9.25925925925926e-05 0.000555555555555556 0.000555555555555556 9.25925925925926e-05 0.000555555555555556 9.25925925925926e-05 9.25925925925926e-05 9.25925925925926e-05 9.25925925925926e-05 9.25925925925926e-05 9.25925925925926e-05 0.000555555555555556; % z D=0.5
0.00133333333333333 0.000222222222222222 0.182666666666667 0.126 0.000222222222222222 0.000222222222222222 0.000222222222222222 0.000222222222222222 0.186 0.156 0.000222222222222222 0.169333333333333 0.000222222222222222 0.000222222222222222 0.000222222222222222 0.000222222222222222 0.000222222222222222 0.000222222222222222 0.176; % $ D=0.6
0.448 0.000666666666666667 0.004 0.148 0.000666666666666667 0.000666666666666667 0.000666666666666667 0.000666666666666667 0.058 0.148 0.000666666666666667 0.088 0.000666666666666667 0.000666666666666667 0.000666666666666667 0.000666666666666667 0.000666666666666667 0.000666666666666667 0.098; % B D=0.6
0.000666666666666667 0.000111111111111111 0.000666666666666667 0.000666666666666667 0.000111111111111111 0.000111111111111111 0.000111111111111111 0.000111111111111111 0.000666666666666667 0.000666666666666667 0.000111111111111111 0.000666666666666667 0.000111111111111111 0.994111111111111 0.000111111111111111 0.000111111111111111 0.000111111111111111 0.000111111111111111 0.000666666666666667; % D D=0.6
0.000666666666666667 0.000111111111111111 0.000666666666666667 0.000666666666666667 0.000111111111111111 0.000111111111111111 0.000111111111111111 0.994111111111111 0.000666666666666667 0.000666666666666667 0.000111111111111111 0.000666666666666667 0.000111111111111111 0.000111111111111111 0.000111111111111111 0.000111111111111111 0.000111111111111111 0.000111111111111111 0.000666666666666667; % G D=0.6
0.528 0.000666666666666667 0.078 0.108 0.000666666666666667 0.000666666666666667 0.000666666666666667 0.000666666666666667 0.098 0.004 0.000666666666666667 0.098 0.000666666666666667 0.000666666666666667 0.000666666666666667 0.000666666666666667 0.000666666666666667 0.000666666666666667 0.078; % K D=0.6
0.468 0.000666666666666667 0.108 0.118 0.000666666666666667 0.000666666666666667 0.000666666666666667 0.000666666666666667 0.128 0.098 0.000666666666666667 0.068 0.000666666666666667 0.000666666666666667 0.000666666666666667 0.000666666666666667 0.000666666666666667 0.000666666666666667 0.004; % L D=0.6
