syllables = '$BDGKLPTVZbdgklptvz';
discounts = [0.1 0.2 0.3 0.4 0.5 0.6 0.7 0.8 0.9 0.95];
kn_probs = [0.000872727272727273 0.000145454545454545 0.000145454545454545 0.146206060606061 0.0928727272727273 0.000145454545454545 0.000145454545454545 0.199539393939394 0.186206060606061 0.186351515151515 0.000145454545454545 0.000145454545454545 0.000145454545454545 0.000145454545454545 0.186206060606061 0.000145454545454545 0.000145454545454545 0.000145454545454545 0.000145454545454545; % $ D=0.1
0.000109090909090909 1.81818181818182e-05 0.999018181818182 0.000109090909090909 0.000109090909090909 1.81818181818182e-05 1.81818181818182e-05 0.000109090909090909 0.000109090909090909 0.000127272727272727 1.81818181818182e-05 1.81818181818182e-05 1.81818181818182e-05 1.81818181818182e-05 0.000109090909090909 1.81818181818182e-05 1.81818181818182e-05 1.81818181818182e-05 1.81818181818182e-05; % B D=0.1
0.000109090909090909 1.81818181818182e-05 1.81818181818182e-05 0.000109090909090909 0.000109090909090909 1.81818181818182e-05 1.81818181818182e-05 0.000109090909090909 0.000109090909090909 0.000127272727272727 1.81818181818182e-05 1.81818181818182e-05 1.81818181818182e-05 1.81818181818182e-05 0.000109090909090909 1.81818181818182e-05 1.81818181818182e-05 0.999018181818182 1.81818181818182e-05; % D D=0.1
0.000109090909090909 1.81818181818182e-05 1.81818181818182e-05 0.000109090909090909 0.000109090909090909 1.81818181818182e-05 1.81818181818182e-05 0.000109090909090909 0.000109090909090909 0.000127272727272727 1.81818181818182e-05 1.81818181818182e-05 1.81818181818182e-05 1.81818181818182e-05 0.000109090909090909 1.81818181818182e-05 1.81818181818182e-05 1.81818181818182e-05 0.999018181818182; % G D=0.1
0.000109090909090909 1.81818181818182e-05 1.81818181818182e-05 0.000109090909090909 0.000109090909090909 1.81818181818182e-05 0.999018181818182 0.000109090909090909 0.000109090909090909 0.000127272727272727 1.81818181818182e-05 1.81818181818182e-05 1.81818181818182e-05 1.81818181818182e-05 0.000109090909090909 1.81818181818182e-05 1.81818181818182e-05 1.81818181818182e-05 1.81818181818182e-05; % K D=0.1
0.109654545454545 0.000109090909090909 0.000109090909090909 0.000654545454545455 0.239654545454545 0.000109090909090909 0.000109090909090909 0.159654545454545 0.119654545454545 0.169763636363636 0.000109090909090909 0.000109090909090909 0.000109090909090909 0.000109090909090909 0.199654545454545 0.000109090909090909 0.000109090909090909 0.000109090909090909 0.000109090909090909; % L D=0.1
0.129654545454545 0.000109090909090909 0.000109090909090909 0.169654545454545 0.000654545454545455 0.000109090909090909 0.000109090909090909 0.119654545454545 0.209654545454545 0.219763636363636 0.000109090909090909 0.000109090909090909 0.000109090909090909 0.000109090909090909 0.149654545454545 0.000109090909090909 0.000109090909090909 0.000109090909090909 0.000109090909090909; % P D=0.1
0.000109090909090909 1.81818181818182e-05 1.81818181818182e-05 0.000109090909090909 0.000109090909090909 1.81818181818182e-05 1.81818181818182e-05 0.000109090909090909 0.000109090909090909 0.000127272727272727 1.81818181818182e-05 1.81818181818182e-05 0.999018181818182 1.81818181818182e-05 0.000109090909090909 1.81818181818182e-05 1.81818181818182e-05 1.81818181818182e-05 1.81818181818182e-05; % T D=0.1
0.000109090909090909 1.81818181818182e-05 1.81818181818182e-05 0.000109090909090909 0.000109090909090909 1.81818181818182e-05 1.81818181818182e-05 0.000109090909090909 0.000109090909090909 0.000127272727272727 1.81818181818182e-05 0.999018181818182 1.81818181818182e-05 1.81818181818182e-05 0.000109090909090909 1.81818181818182e-05 1.81818181818182e-05 1.81818181818182e-05 1.81818181818182e-05; % V D=0.1
0.000109090909090909 1.81818181818182e-05 1.81818181818182e-05 0.000109090909090909 0.000109090909090909 1.81818181818182e-05 1.81818181818182e-05 0.000109090909090909 0.000109090909090909 0.000127272727272727 1.81818181818182e-05 1.81818181818182e-05 1.81818181818182e-05 1.81818181818182e-05 0.000109090909090909 0.999018181818182 1.81818181818182e-05 1.81818181818182e-05 1.81818181818182e-05; % Z D=0.1
0.000109090909090909 1.81818181818182e-05 1.81818181818182e-05 0.000109090909090909 0.000109090909090909 1.81818181818182e-05 1.81818181818182e-05 0.000109090909090909 0.000109090909090909 0.000127272727272727 1.81818181818182e-05 1.81818181818182e-05 1.81818181818182e-05 0.999018181818182 0.000109090909090909 1.81818181818182e-05 1.81818181818182e-05 1.81818181818182e-05 1.81818181818182e-05; % b D=0.1
0.000109090909090909 1.81818181818182e-05 1.81818181818182e-05 0.000109090909090909 0.000109090909090909 1.81818181818182e-05 1.81818181818182e-05 0.000109090909090909 0.000109090909090909 0.000127272727272727 0.999018181818182 1.81818181818182e-05 1.81818181818182e-05 1.81818181818182e-05 0.000109090909090909 1.81818181818182e-05 1.81818181818182e-05 1.81818181818182e-05 1.81818181818182e-05; % d D=0.1
0.0696545454545455 0.000109090909090909 0.000109090909090909 0.139654545454545 0.219654545454545 0.000109090909090909 0.000109090909090909 0.000654545454545455 0.209654545454545 0.139763636363636 0.000109090909090909 0.000109090909090909 0.000109090909090909 0.000109090909090909 0.219654545454545 0.000109090909090909 0.000109090909090909 0.000109090909090909 0.000109090909090909; % g D=0.1
0.179654545454545 0.000109090909090909 0.000109090909090909 0.149654545454545 0.179654545454545 0.000109090909090909 0.000109090909090909 0.199654545454545 0.000654545454545455 0.139763636363636 0.000109090909090909 0.000109090909090909 0.000109090909090909 0.000109090909090909 0.149654545454545 0.000109090909090909 0.000109090909090909 0.000109090909090909 0.000109090909090909; % k D=0.1
0.000109090909090909 0.999018181818182 1.81818181818182e-05 0.000109090909090909 0.000109090909090909 1.81818181818182e-05 1.81818181818182e-05 0.000109090909090909 0.000109090909090909 0.000127272727272727 1.81818181818182e-05 1.81818181818182e-05 1.81818181818182e-05 1.81818181818182e-05 0.000109090909090909 1.81818181818182e-05 1.81818181818182e-05 1.81818181818182e-05 1.81818181818182e-05; % l D=0.1
0.000109090909090909 1.81818181818182e-05 1.81818181818182e-05 0.000109090909090909 0.000109090909090909 1.81818181818182e-05 1.81818181818182e-05 0.000109090909090909 0.000109090909090909 0.000127272727272727 1.81818181818182e-05 1.81818181818182e-05 1.81818181818182e-05 1.81818181818182e-05 0.000109090909090909 1.81818181818182e-05 0.999018181818182 1.81818181818182e-05 1.81818181818182e-05; % p D=0.1
0.0797636363636364 0.000127272727272727 0.000127272727272727 0.269763636363636 0.129763636363636 0.000127272727272727 0.000127272727272727 0.189763636363636 0.169763636363636 0.0198909090909091 0.000127272727272727 0.000127272727272727 0.000127272727272727 0.000127272727272727 0.139763636363636 0.000127272727272727 0.000127272727272727 0.000127272727272727 0.000127272727272727; % t D=0.1
0.179654545454545 0.000109090909090909 0.000109090909090909 0.159654545454545 0.159654545454545 0.000109090909090909 0.000109090909090909 0.179654545454545 0.149654545454545 0.169763636363636 0.000109090909090909 0.000109090909090909 0.000109090909090909 0.000109090909090909 0.000654545454545455 0.000109090909090909 0.000109090909090909 0.000109090909090909 0.000109090909090909; % v D=0.1
0.000109090909090909 1.81818181818182e-05 1.81818181818182e-05 0.000109090909090909 0.000109090909090909 0.999018181818182 1.81818181818182e-05 0.000109090909090909 0.000109090909090909 0.000127272727272727 1.81818181818182e-05 1.81818181818182e-05 1.81818181818182e-05 1.81818181818182e-05 0.000109090909090909 1.81818181818182e-05 1.81818181818182e-05 1.81818181818182e-05 1.81818181818182e-05; % z D=0.1
