syllables = '$BDGKLPTVZbdgklptvz';
discounts = [0.1 0.2 0.3 0.4 0.5 0.6 0.7 0.8 0.9 0.95];
kn_probs = [0.00128571428571429 0.1595 0.000214285714285714 0.1195 0.000214285714285714 0.000214285714285714 0.000214285714285714 0.000214285714285714 0.000214285714285714 0.0992857142857143 0.219285714285714 0.000214285714285714 0.000214285714285714 0.000214285714285714 0.239285714285714 0.000214285714285714 0.159285714285714 0.000214285714285714 0.000214285714285714; % $ D=0.1
0.000107142857142857 0.000125 1.78571428571429e-05 0.000125 1.78571428571429e-05 1.78571428571429e-05 1.78571428571429e-05 1.78571428571429e-05 0.999017857142857 0.000107142857142857 0.000107142857142857 1.78571428571429e-05 1.78571428571429e-05 1.78571428571429e-05 0.000107142857142857 1.78571428571429e-05 0.000107142857142857 1.78571428571429e-05 1.78571428571429e-05; % B D=0.1
0.000107142857142857 0.000125 1.78571428571429e-05 0.000125 1.78571428571429e-05 1.78571428571429e-05 1.78571428571429e-05 1.78571428571429e-05 1.78571428571429e-05 0.000107142857142857 0.000107142857142857 1.78571428571429e-05 0.999017857142857 1.78571428571429e-05 0.000107142857142857 1.78571428571429e-05 0.000107142857142857 1.78571428571429e-05 1.78571428571429e-05; % D D=0.1
0.000107142857142857 0.000125 1.78571428571429e-05 0.000125 1.78571428571429e-05 1.78571428571429e-05 1.78571428571429e-05 1.78571428571429e-05 1.78571428571429e-05 0.000107142857142857 0.000107142857142857 0.999017857142857 1.78571428571429e-05 1.78571428571429e-05 0.000107142857142857 1.78571428571429e-05 0.000107142857142857 1.78571428571429e-05 1.78571428571429e-05; % G D=0.1
0.0996428571428571 0.13975 0.000107142857142857 0.18975 0.000107142857142857 0.000107142857142857 0.000107142857142857 0.000107142857142857 0.000107142857142857 0.000642857142857143 0.129642857142857 0.000107142857142857 0.000107142857142857 0.000107142857142857 0.239642857142857 0.000107142857142857 0.199642857142857 0.000107142857142857 0.000107142857142857; % K D=0.1
0.0596428571428572 0.14975 0.000107142857142857 0.22975 0.000107142857142857 0.000107142857142857 0.000107142857142857 0.000107142857142857 0.000107142857142857 0.149642857142857 0.209642857142857 0.000107142857142857 0.000107142857142857 0.000107142857142857 0.199642857142857 0.000107142857142857 0.000642857142857143 0.000107142857142857 0.000107142857142857; % L D=0.1
0.000107142857142857 0.000125 1.78571428571429e-05 0.000125 1.78571428571429e-05 1.78571428571429e-05 1.78571428571429e-05 1.78571428571429e-05 1.78571428571429e-05 0.000107142857142857 0.000107142857142857 1.78571428571429e-05 1.78571428571429e-05 0.999017857142857 0.000107142857142857 1.78571428571429e-05 0.000107142857142857 1.78571428571429e-05 1.78571428571429e-05; % P D=0.1
0.000107142857142857 0.000125 1.78571428571429e-05 0.000125 1.78571428571429e-05 1.78571428571429e-05 1.78571428571429e-05 1.78571428571429e-05 1.78571428571429e-05 0.000107142857142857 0.000107142857142857 1.78571428571429e-05 1.78571428571429e-05 1.78571428571429e-05 0.000107142857142857 1.78571428571429e-05 0.000107142857142857 1.78571428571429e-05 0.999017857142857; % T D=0.1
0.000107142857142857 0.000125 1.78571428571429e-05 0.000125 1.78571428571429e-05 1.78571428571429e-05 1.78571428571429e-05 1.78571428571429e-05 1.78571428571429e-05 0.000107142857142857 0.000107142857142857 1.78571428571429e-05 1.78571428571429e-05 1.78571428571429e-05 0.000107142857142857 1.78571428571429e-05 0.000107142857142857 0.999017857142857 1.78571428571429e-05; % V D=0.1
0.000107142857142857 0.000125 1.78571428571429e-05 0.000125 0.999017857142857 1.78571428571429e-05 1.78571428571429e-05 1.78571428571429e-05 1.78571428571429e-05 0.000107142857142857 0.000107142857142857 1.78571428571429e-05 1.78571428571429e-05 1.78571428571429e-05 0.000107142857142857 1.78571428571429e-05 0.000107142857142857 1.78571428571429e-05 1.78571428571429e-05; % Z D=0.1
0.000107142857142857 0.000125 1.78571428571429e-05 0.000125 1.78571428571429e-05 1.78571428571429e-05 1.78571428571429e-05 0.999017857142857 1.78571428571429e-05 0.000107142857142857 0.000107142857142857 1.78571428571429e-05 1.78571428571429e-05 1.78571428571429e-05 0.000107142857142857 1.78571428571429e-05 0.000107142857142857 1.78571428571429e-05 1.78571428571429e-05; % b D=0.1
0.000107142857142857 0.000125 0.999017857142857 0.000125 1.78571428571429e-05 1.78571428571429e-05 1.78571428571429e-05 1.78571428571429e-05 1.78571428571429e-05 0.000107142857142857 0.000107142857142857 1.78571428571429e-05 1.78571428571429e-05 1.78571428571429e-05 0.000107142857142857 1.78571428571429e-05 0.000107142857142857 1.78571428571429e-05 1.78571428571429e-05; % d D=0.1
0.07975 0.169875 0.000125 0.009875 0.000125 0.000125 0.000125 0.000125 0.000125 0.21975 0.16975 0.000125 0.000125 0.000125 0.12975 0.000125 0.21975 0.000125 0.000125; % g D=0.1
0.0696428571428571 0.23975 0.000107142857142857 0.17975 0.000107142857142857 0.000107142857142857 0.000107142857142857 0.000107142857142857 0.000107142857142857 0.179642857142857 0.189642857142857 0.000107142857142857 0.000107142857142857 0.000107142857142857 0.000642857142857143 0.000107142857142857 0.139642857142857 0.000107142857142857 0.000107142857142857; % k D=0.1
0.000107142857142857 0.000125 1.78571428571429e-05 0.000125 1.78571428571429e-05 1.78571428571429e-05 0.999017857142857 1.78571428571429e-05 1.78571428571429e-05 0.000107142857142857 0.000107142857142857 1.78571428571429e-05 1.78571428571429e-05 1.78571428571429e-05 0.000107142857142857 1.78571428571429e-05 0.000107142857142857 1.78571428571429e-05 1.78571428571429e-05; % l D=0.1
0.09975 0.009875 0.000125 0.099875 0.000125 0.000125 0.000125 0.000125 0.000125 0.20975 0.18975 0.000125 0.000125 0.000125 0.16975 0.000125 0.21975 0.000125 0.000125; % p D=0.1
0.000107142857142857 0.000125 1.78571428571429e-05 0.000125 1.78571428571429e-05 0.999017857142857 1.78571428571429e-05 1.78571428571429e-05 1.78571428571429e-05 0.000107142857142857 0.000107142857142857 1.78571428571429e-05 1.78571428571429e-05 1.78571428571429e-05 0.000107142857142857 1.78571428571429e-05 0.000107142857142857 1.78571428571429e-05 1.78571428571429e-05; % t D=0.1
0.000107142857142857 0.000125 1.78571428571429e-05 0.000125 1.78571428571429e-05 1.78571428571429e-05 1.78571428571429e-05 1.78571428571429e-05 1.78571428571429e-05 0.000107142857142857 0.000107142857142857 1.78571428571429e-05 1.78571428571429e-05 1.78571428571429e-05 0.000107142857142857 0.999017857142857 0.000107142857142857 1.78571428571429e-05 1.78571428571429e-05; % v D=0.1
0.0896428571428571 0.20975 0.000107142857142857 0.22975 0.000107142857142857 0.000107142857142857 0.000107142857142857 0.000107142857142857 0.000107142857142857 0.189642857142857 0.000642857142857143 0.000107142857142857 0.000107142857142857 0.000107142857142857 0.139642857142857 0.000107142857142857 0.139642857142857 0.000107142857142857 0.000107142857142857; % z D=0.1
0.00257142857142857 0.159 0.000428571428571429 0.119 0.000428571428571429 0.000428571428571429 0.000428571428571429 0.000428571428571429 0.000428571428571429 0.0985714285714286 0.218571428571429 0.000428571428571429 0.000428571428571429 0.000428571428571429 0.238571428571429 0.000428571428571429 0.158571428571429 0.000428571428571429 0.000428571428571429; % $ D=0.2
0.000214285714285714 0.00025 3.57142857142857e-05 0.00025 3.57142857142857e-05 3.57142857142857e-05 3.57142857142857e-05 3.57142857142857e-05 0.998035714285714 0.000214285714285714 0.000214285714285714 3.57142857142857e-05 3.57142857142857e-05 3.57142857142857e-05 0.000214285714285714 3.57142857142857e-05 0.000214285714285714 3.57142857142857e-05 3.57142857142857e-05; % B D=0.2
