syllables = '$BDGKLPTVZbdgklptvz';
discounts = [0.1 0.2 0.3 0.4 0.5 0.6 0.7 0.8 0.9 0.95];
kn_probs = [0.000218181818181818 0.193218181818182 3.63636363636364e-05 3.63636363636364e-05 3.63636363636364e-05 3.63636363636364e-05 0.166551515151515 0.173254545454545 3.63636363636364e-05 3.63636363636364e-05 3.63636363636364e-05 3.63636363636364e-05 3.63636363636364e-05 3.63636363636364e-05 0.153218181818182 0.173218181818182 3.63636363636364e-05 0.139884848484848 3.63636363636364e-05; % $ D=0.1
0.000109090909090909 0.000109090909090909 1.81818181818182e-05 1.81818181818182e-05 1.81818181818182e-05 1.81818181818182e-05 0.000109090909090909 0.000127272727272727 0.999018181818182 1.81818181818182e-05 1.81818181818182e-05 1.81818181818182e-05 1.81818181818182e-05 1.81818181818182e-05 0.000109090909090909 0.000109090909090909 1.81818181818182e-05 0.000109090909090909 1.81818181818182e-05; % B D=0.1
0.000109090909090909 0.000109090909090909 1.81818181818182e-05 1.81818181818182e-05 1.81818181818182e-05 1.81818181818182e-05 0.000109090909090909 0.000127272727272727 1.81818181818182e-05 1.81818181818182e-05 1.81818181818182e-05 1.81818181818182e-05 1.81818181818182e-05 0.999018181818182 0.000109090909090909 0.000109090909090909 1.81818181818182e-05 0.000109090909090909 1.81818181818182e-05; % D D=0.1
0.000109090909090909 0.000109090909090909 1.81818181818182e-05 1.81818181818182e-05 1.81818181818182e-05 1.81818181818182e-05 0.000109090909090909 0.000127272727272727 1.81818181818182e-05 0.999018181818182 1.81818181818182e-05 1.81818181818182e-05 1.81818181818182e-05 1.81818181818182e-05 0.000109090909090909 0.000109090909090909 1.81818181818182e-05 0.000109090909090909 1.81818181818182e-05; % G D=0.1
0.539654545454545 0.0796545454545455 0.000109090909090909 0.000109090909090909 0.000109090909090909 0.000109090909090909 0.0896545454545455 0.109763636363636 0.000109090909090909 0.000109090909090909 0.000109090909090909 0.000109090909090909 0.000109090909090909 0.000109090909090909 0.000654545454545455 0.0896545454545455 0.000109090909090909 0.0896545454545455 0.000109090909090909; % K D=0.1
0.000109090909090909 0.000109090909090909 1.81818181818182e-05 1.81818181818182e-05 1.81818181818182e-05 1.81818181818182e-05 0.000109090909090909 0.000127272727272727 1.81818181818182e-05 1.81818181818182e-05 1.81818181818182e-05 0.999018181818182 1.81818181818182e-05 1.81818181818182e-05 0.000109090909090909 0.000109090909090909 1.81818181818182e-05 0.000109090909090909 1.81818181818182e-05; % L D=0.1
0.000109090909090909 0.000109090909090909 1.81818181818182e-05 1.81818181818182e-05 1.81818181818182e-05 0.999018181818182 0.000109090909090909 0.000127272727272727 1.81818181818182e-05 1.81818181818182e-05 1.81818181818182e-05 1.81818181818182e-05 1.81818181818182e-05 1.81818181818182e-05 0.000109090909090909 0.000109090909090909 1.81818181818182e-05 0.000109090909090909 1.81818181818182e-05; % P D=0.1
0.000109090909090909 0.000109090909090909 0.999018181818182 1.81818181818182e-05 1.81818181818182e-05 1.81818181818182e-05 0.000109090909090909 0.000127272727272727 1.81818181818182e-05 1.81818181818182e-05 1.81818181818182e-05 1.81818181818182e-05 1.81818181818182e-05 1.81818181818182e-05 0.000109090909090909 0.000109090909090909 1.81818181818182e-05 0.000109090909090909 1.81818181818182e-05; % T D=0.1
0.419654545454545 0.000654545454545455 0.000109090909090909 0.000109090909090909 0.000109090909090909 0.000109090909090909 0.139654545454545 0.0897636363636364 0.000109090909090909 0.000109090909090909 0.000109090909090909 0.000109090909090909 0.000109090909090909 0.000109090909090909 0.129654545454545 0.109654545454545 0.000109090909090909 0.109654545454545 0.000109090909090909; % V D=0.1
0.579654545454545 0.119654545454545 0.000109090909090909 0.000109090909090909 0.000109090909090909 0.000109090909090909 0.0796545454545455 0.0697636363636364 0.000109090909090909 0.000109090909090909 0.000109090909090909 0.000109090909090909 0.000109090909090909 0.000109090909090909 0.0896545454545455 0.0596545454545455 0.000109090909090909 0.000654545454545455 0.000109090909090909; % Z D=0.1
0.479654545454545 0.0896545454545455 0.000109090909090909 0.000109090909090909 0.000109090909090909 0.000109090909090909 0.119654545454545 0.0797636363636364 0.000109090909090909 0.000109090909090909 0.000109090909090909 0.000109090909090909 0.000109090909090909 0.000109090909090909 0.119654545454545 0.000654545454545455 0.000109090909090909 0.109654545454545 0.000109090909090909; % b D=0.1
0.000109090909090909 0.000109090909090909 1.81818181818182e-05 1.81818181818182e-05 1.81818181818182e-05 1.81818181818182e-05 0.000109090909090909 0.000127272727272727 1.81818181818182e-05 1.81818181818182e-05 1.81818181818182e-05 1.81818181818182e-05 0.999018181818182 1.81818181818182e-05 0.000109090909090909 0.000109090909090909 1.81818181818182e-05 0.000109090909090909 1.81818181818182e-05; % d D=0.1
0.499654545454545 0.0496545454545455 0.000109090909090909 0.000109090909090909 0.000109090909090909 0.000109090909090909 0.000654545454545455 0.119763636363636 0.000109090909090909 0.000109090909090909 0.000109090909090909 0.000109090909090909 0.000109090909090909 0.000109090909090909 0.0896545454545455 0.119654545454545 0.000109090909090909 0.119654545454545 0.000109090909090909; % g D=0.1
0.479763636363636 0.0797636363636364 0.000127272727272727 0.000127272727272727 0.000127272727272727 0.000127272727272727 0.0697636363636364 0.00989090909090909 0.000127272727272727 0.000127272727272727 0.000127272727272727 0.000127272727272727 0.000127272727272727 0.000127272727272727 0.109763636363636 0.0997636363636364 0.000127272727272727 0.149763636363636 0.000127272727272727; % k D=0.1
0.000109090909090909 0.000109090909090909 1.81818181818182e-05 1.81818181818182e-05 1.81818181818182e-05 1.81818181818182e-05 0.000109090909090909 0.000127272727272727 1.81818181818182e-05 1.81818181818182e-05 1.81818181818182e-05 1.81818181818182e-05 1.81818181818182e-05 1.81818181818182e-05 0.000109090909090909 0.000109090909090909 1.81818181818182e-05 0.000109090909090909 0.999018181818182; % l D=0.1
0.000109090909090909 0.000109090909090909 1.81818181818182e-05 1.81818181818182e-05 1.81818181818182e-05 1.81818181818182e-05 0.000109090909090909 0.000127272727272727 1.81818181818182e-05 1.81818181818182e-05 0.999018181818182 1.81818181818182e-05 1.81818181818182e-05 1.81818181818182e-05 0.000109090909090909 0.000109090909090909 1.81818181818182e-05 0.000109090909090909 1.81818181818182e-05; % p D=0.1
0.000109090909090909 0.000109090909090909 1.81818181818182e-05 1.81818181818182e-05 0.999018181818182 1.81818181818182e-05 0.000109090909090909 0.000127272727272727 1.81818181818182e-05 1.81818181818182e-05 1.81818181818182e-05 1.81818181818182e-05 1.81818181818182e-05 1.81818181818182e-05 0.000109090909090909 0.000109090909090909 1.81818181818182e-05 0.000109090909090909 1.81818181818182e-05; % t D=0.1
0.000109090909090909 0.000109090909090909 1.81818181818182e-05 0.999018181818182 1.81818181818182e-05 1.81818181818182e-05 0.000109090909090909 0.000127272727272727 1.81818181818182e-05 1.81818181818182e-05 1.81818181818182e-05 1.81818181818182e-05 1.81818181818182e-05 1.81818181818182e-05 0.000109090909090909 0.000109090909090909 1.81818181818182e-05 0.000109090909090909 1.81818181818182e-05; % v D=0.1
0.000109090909090909 0.000109090909090909 1.81818181818182e-05 1.81818181818182e-05 1.81818181818182e-05 1.81818181818182e-05 0.000109090909090909 0.000127272727272727 1.81818181818182e-05 1.81818181818182e-05 1.81818181818182e-05 1.81818181818182e-05 1.81818181818182e-05 1.81818181818182e-05 0.000109090909090909 0.000109090909090909 0.999018181818182 0.000109090909090909 1.81818181818182e-05; % z D=0.1
