syllables = '$BDGKLPTVZbdgklptvz';
discounts = [0.1 0.2 0.3 0.4 0.5 0.6 0.7 0.8 0.9 0.95];
kn_probs = [0.00130909090909091 0.000218181818181818 0.000218181818181818 0.000218181818181818 0.159309090909091 0.000218181818181818 0.199309090909091 0.000218181818181818 0.000218181818181818 0.159309090909091 0.000218181818181818 0.000218181818181818 0.199309090909091 0.000218181818181818 0.000218181818181818 0.000218181818181818 0.119309090909091 0.159527272727273 0.000218181818181818; % $ D=0.1
0.0597636363636364 0.000127272727272727 0.000127272727272727 0.000127272727272727 0.169763636363636 0.000127272727272727 0.139763636363636 0.000127272727272727 0.000127272727272727 0.259763636363636 0.000127272727272727 0.000127272727272727 0.109763636363636 0.000127272727272727 0.000127272727272727 0.000127272727272727 0.249763636363636 0.00989090909090909 0.000127272727272727; % B D=0.1
0.0696545454545455 0.000109090909090909 0.000109090909090909 0.000109090909090909 0.219654545454545 0.000109090909090909 0.000654545454545455 0.000109090909090909 0.000109090909090909 0.179654545454545 0.000109090909090909 0.000109090909090909 0.239654545454545 0.000109090909090909 0.000109090909090909 0.000109090909090909 0.179654545454545 0.109763636363636 0.000109090909090909; % D D=0.1
0.0696545454545455 0.000109090909090909 0.000109090909090909 0.000109090909090909 0.169654545454545 0.000109090909090909 0.169654545454545 0.000109090909090909 0.000109090909090909 0.169654545454545 0.000109090909090909 0.000109090909090909 0.000654545454545455 0.000109090909090909 0.000109090909090909 0.000109090909090909 0.199654545454545 0.219763636363636 0.000109090909090909; % G D=0.1
0.000109090909090909 1.81818181818182e-05 1.81818181818182e-05 1.81818181818182e-05 0.000109090909090909 1.81818181818182e-05 0.000109090909090909 1.81818181818182e-05 1.81818181818182e-05 0.000109090909090909 0.999018181818182 1.81818181818182e-05 0.000109090909090909 1.81818181818182e-05 1.81818181818182e-05 1.81818181818182e-05 0.000109090909090909 0.000127272727272727 1.81818181818182e-05; % K D=0.1
0.000109090909090909 1.81818181818182e-05 1.81818181818182e-05 1.81818181818182e-05 0.000109090909090909 1.81818181818182e-05 0.000109090909090909 1.81818181818182e-05 1.81818181818182e-05 0.000109090909090909 1.81818181818182e-05 1.81818181818182e-05 0.000109090909090909 1.81818181818182e-05 1.81818181818182e-05 0.999018181818182 0.000109090909090909 0.000127272727272727 1.81818181818182e-05; % L D=0.1
0.000109090909090909 1.81818181818182e-05 1.81818181818182e-05 1.81818181818182e-05 0.000109090909090909 1.81818181818182e-05 0.000109090909090909 1.81818181818182e-05 1.81818181818182e-05 0.000109090909090909 1.81818181818182e-05 1.81818181818182e-05 0.000109090909090909 1.81818181818182e-05 0.999018181818182 1.81818181818182e-05 0.000109090909090909 0.000127272727272727 1.81818181818182e-05; % P D=0.1
0.000109090909090909 1.81818181818182e-05 1.81818181818182e-05 1.81818181818182e-05 0.000109090909090909 1.81818181818182e-05 0.000109090909090909 1.81818181818182e-05 0.999018181818182 0.000109090909090909 1.81818181818182e-05 1.81818181818182e-05 0.000109090909090909 1.81818181818182e-05 1.81818181818182e-05 1.81818181818182e-05 0.000109090909090909 0.000127272727272727 1.81818181818182e-05; % T D=0.1
0.000109090909090909 1.81818181818182e-05 1.81818181818182e-05 0.999018181818182 0.000109090909090909 1.81818181818182e-05 0.000109090909090909 1.81818181818182e-05 1.81818181818182e-05 0.000109090909090909 1.81818181818182e-05 1.81818181818182e-05 0.000109090909090909 1.81818181818182e-05 1.81818181818182e-05 1.81818181818182e-05 0.000109090909090909 0.000127272727272727 1.81818181818182e-05; % V D=0.1
0.000109090909090909 1.81818181818182e-05 1.81818181818182e-05 1.81818181818182e-05 0.000109090909090909 1.81818181818182e-05 0.000109090909090909 1.81818181818182e-05 1.81818181818182e-05 0.000109090909090909 1.81818181818182e-05 0.999018181818182 0.000109090909090909 1.81818181818182e-05 1.81818181818182e-05 1.81818181818182e-05 0.000109090909090909 0.000127272727272727 1.81818181818182e-05; % Z D=0.1
0.000109090909090909 1.81818181818182e-05 1.81818181818182e-05 1.81818181818182e-05 0.000109090909090909 1.81818181818182e-05 0.000109090909090909 1.81818181818182e-05 1.81818181818182e-05 0.000109090909090909 1.81818181818182e-05 1.81818181818182e-05 0.000109090909090909 0.999018181818182 1.81818181818182e-05 1.81818181818182e-05 0.000109090909090909 0.000127272727272727 1.81818181818182e-05; % b D=0.1
0.109654545454545 0.000109090909090909 0.000109090909090909 0.000109090909090909 0.159654545454545 0.000109090909090909 0.149654545454545 0.000109090909090909 0.000109090909090909 0.000654545454545455 0.000109090909090909 0.000109090909090909 0.199654545454545 0.000109090909090909 0.000109090909090909 0.000109090909090909 0.209654545454545 0.169763636363636 0.000109090909090909; % d D=0.1
0.000109090909090909 1.81818181818182e-05 1.81818181818182e-05 1.81818181818182e-05 0.000109090909090909 1.81818181818182e-05 0.000109090909090909 0.999018181818182 1.81818181818182e-05 0.000109090909090909 1.81818181818182e-05 1.81818181818182e-05 0.000109090909090909 1.81818181818182e-05 1.81818181818182e-05 1.81818181818182e-05 0.000109090909090909 0.000127272727272727 1.81818181818182e-05; % g D=0.1
0.000109090909090909 1.81818181818182e-05 1.81818181818182e-05 1.81818181818182e-05 0.000109090909090909 1.81818181818182e-05 0.000109090909090909 1.81818181818182e-05 1.81818181818182e-05 0.000109090909090909 1.81818181818182e-05 1.81818181818182e-05 0.000109090909090909 1.81818181818182e-05 1.81818181818182e-05 1.81818181818182e-05 0.000109090909090909 0.000127272727272727 0.999018181818182; % k D=0.1
0.000109090909090909 1.81818181818182e-05 0.999018181818182 1.81818181818182e-05 0.000109090909090909 1.81818181818182e-05 0.000109090909090909 1.81818181818182e-05 1.81818181818182e-05 0.000109090909090909 1.81818181818182e-05 1.81818181818182e-05 0.000109090909090909 1.81818181818182e-05 1.81818181818182e-05 1.81818181818182e-05 0.000109090909090909 0.000127272727272727 1.81818181818182e-05; % l D=0.1
0.0896545454545455 0.000109090909090909 0.000109090909090909 0.000109090909090909 0.199654545454545 0.000109090909090909 0.169654545454545 0.000109090909090909 0.000109090909090909 0.139654545454545 0.000109090909090909 0.000109090909090909 0.199654545454545 0.000109090909090909 0.000109090909090909 0.000109090909090909 0.000654545454545455 0.199763636363636 0.000109090909090909; % p D=0.1
0.000109090909090909 1.81818181818182e-05 1.81818181818182e-05 1.81818181818182e-05 0.000109090909090909 0.999018181818182 0.000109090909090909 1.81818181818182e-05 1.81818181818182e-05 0.000109090909090909 1.81818181818182e-05 1.81818181818182e-05 0.000109090909090909 1.81818181818182e-05 1.81818181818182e-05 1.81818181818182e-05 0.000109090909090909 0.000127272727272727 1.81818181818182e-05; % t D=0.1
0.000109090909090909 0.999018181818182 1.81818181818182e-05 1.81818181818182e-05 0.000109090909090909 1.81818181818182e-05 0.000109090909090909 1.81818181818182e-05 1.81818181818182e-05 0.000109090909090909 1.81818181818182e-05 1.81818181818182e-05 0.000109090909090909 1.81818181818182e-05 1.81818181818182e-05 1.81818181818182e-05 0.000109090909090909 0.000127272727272727 1.81818181818182e-05; % v D=0.1
0.0996545454545455 0.000109090909090909 0.000109090909090909 0.000109090909090909 0.000654545454545455 0.000109090909090909 0.269654545454545 0.000109090909090909 0.000109090909090909 0.169654545454545 0.000109090909090909 0.000109090909090909 0.149654545454545 0.000109090909090909 0.000109090909090909 0.000109090909090909 0.0996545454545455 0.209763636363636 0.000109090909090909; % z D=0.1
