syllables = '$BDGKLPTVZbdgklptvz';
discounts = [0.1 0.2 0.3 0.4 0.5 0.6 0.7 0.8 0.9 0.95];
kn_probs = [0.00218181818181818 0.000363636363636364 0.000363636363636364 0.000363636363636364 0.000363636363636364 0.000363636363636364 0.158545454545455 0.000363636363636364 0.000363636363636364 0.198545454545455 0.158181818181818 0.00181818181818182 0.318181818181818 0.000363636363636364 0.158181818181818 0.000363636363636364 0.000363636363636364 0.000363636363636364 0.000363636363636364; % $ D=0.1
0.0296545454545455 0.000109090909090909 0.000109090909090909 0.000109090909090909 0.000109090909090909 0.000109090909090909 0.169763636363636 0.000109090909090909 0.000109090909090909 0.179763636363636 0.000654545454545455 0.189545454545455 0.209654545454545 0.000109090909090909 0.219654545454545 0.000109090909090909 0.000109090909090909 0.000109090909090909 0.000109090909090909; % B D=0.1
0.0496545454545455 0.000109090909090909 0.000109090909090909 0.000109090909090909 0.000109090909090909 0.000109090909090909 0.169763636363636 0.000109090909090909 0.000109090909090909 0.189763636363636 0.179654545454545 0.249545454545455 0.000654545454545455 0.000109090909090909 0.159654545454545 0.000109090909090909 0.000109090909090909 0.000109090909090909 0.000109090909090909; % D D=0.1
0.0396545454545455 0.000109090909090909 0.000109090909090909 0.000109090909090909 0.000109090909090909 0.000109090909090909 0.169763636363636 0.000109090909090909 0.000109090909090909 0.249763636363636 0.219654545454545 0.000545454545454546 0.129654545454545 0.000109090909090909 0.189654545454545 0.000109090909090909 0.000109090909090909 0.000109090909090909 0.000109090909090909; % G D=0.1
0.000109090909090909 0.999018181818182 1.81818181818182e-05 1.81818181818182e-05 1.81818181818182e-05 1.81818181818182e-05 0.000127272727272727 1.81818181818182e-05 1.81818181818182e-05 0.000127272727272727 0.000109090909090909 9.09090909090909e-05 0.000109090909090909 1.81818181818182e-05 0.000109090909090909 1.81818181818182e-05 1.81818181818182e-05 1.81818181818182e-05 1.81818181818182e-05; % K D=0.1
0.000109090909090909 1.81818181818182e-05 1.81818181818182e-05 1.81818181818182e-05 1.81818181818182e-05 1.81818181818182e-05 0.000127272727272727 1.81818181818182e-05 1.81818181818182e-05 0.000127272727272727 0.000109090909090909 9.09090909090909e-05 0.000109090909090909 0.999018181818182 0.000109090909090909 1.81818181818182e-05 1.81818181818182e-05 1.81818181818182e-05 1.81818181818182e-05; % L D=0.1
0.000109090909090909 1.81818181818182e-05 1.81818181818182e-05 1.81818181818182e-05 1.81818181818182e-05 0.999018181818182 0.000127272727272727 1.81818181818182e-05 1.81818181818182e-05 0.000127272727272727 0.000109090909090909 9.09090909090909e-05 0.000109090909090909 1.81818181818182e-05 0.000109090909090909 1.81818181818182e-05 1.81818181818182e-05 1.81818181818182e-05 1.81818181818182e-05; % P D=0.1
0.000109090909090909 1.81818181818182e-05 1.81818181818182e-05 1.81818181818182e-05 1.81818181818182e-05 1.81818181818182e-05 0.000127272727272727 1.81818181818182e-05 1.81818181818182e-05 0.000127272727272727 0.000109090909090909 9.09090909090909e-05 0.000109090909090909 1.81818181818182e-05 0.000109090909090909 1.81818181818182e-05 1.81818181818182e-05 1.81818181818182e-05 0.999018181818182; % T D=0.1
0.000109090909090909 1.81818181818182e-05 1.81818181818182e-05 1.81818181818182e-05 0.999018181818182 1.81818181818182e-05 0.000127272727272727 1.81818181818182e-05 1.81818181818182e-05 0.000127272727272727 0.000109090909090909 9.09090909090909e-05 0.000109090909090909 1.81818181818182e-05 0.000109090909090909 1.81818181818182e-05 1.81818181818182e-05 1.81818181818182e-05 1.81818181818182e-05; % V D=0.1
0.000109090909090909 1.81818181818182e-05 1.81818181818182e-05 1.81818181818182e-05 1.81818181818182e-05 1.81818181818182e-05 0.000127272727272727 1.81818181818182e-05 1.81818181818182e-05 0.000127272727272727 0.000109090909090909 9.09090909090909e-05 0.000109090909090909 1.81818181818182e-05 0.000109090909090909 1.81818181818182e-05 0.999018181818182 1.81818181818182e-05 1.81818181818182e-05; % Z D=0.1
0.000109090909090909 1.81818181818182e-05 1.81818181818182e-05 1.81818181818182e-05 1.81818181818182e-05 1.81818181818182e-05 0.000127272727272727 1.81818181818182e-05 0.999018181818182 0.000127272727272727 0.000109090909090909 9.09090909090909e-05 0.000109090909090909 1.81818181818182e-05 0.000109090909090909 1.81818181818182e-05 1.81818181818182e-05 1.81818181818182e-05 1.81818181818182e-05; % b D=0.1
0.000109090909090909 1.81818181818182e-05 1.81818181818182e-05 0.999018181818182 1.81818181818182e-05 1.81818181818182e-05 0.000127272727272727 1.81818181818182e-05 1.81818181818182e-05 0.000127272727272727 0.000109090909090909 9.09090909090909e-05 0.000109090909090909 1.81818181818182e-05 0.000109090909090909 1.81818181818182e-05 1.81818181818182e-05 1.81818181818182e-05 1.81818181818182e-05; % d D=0.1
0.000109090909090909 1.81818181818182e-05 0.999018181818182 1.81818181818182e-05 1.81818181818182e-05 1.81818181818182e-05 0.000127272727272727 1.81818181818182e-05 1.81818181818182e-05 0.000127272727272727 0.000109090909090909 9.09090909090909e-05 0.000109090909090909 1.81818181818182e-05 0.000109090909090909 1.81818181818182e-05 1.81818181818182e-05 1.81818181818182e-05 1.81818181818182e-05; % g D=0.1
0.0297636363636364 0.000127272727272727 0.000127272727272727 0.000127272727272727 0.000127272727272727 0.000127272727272727 0.0298909090909091 0.000127272727272727 0.000127272727272727 0.179890909090909 0.149763636363636 0.139636363636364 0.239763636363636 0.000127272727272727 0.229763636363636 0.000127272727272727 0.000127272727272727 0.000127272727272727 0.000127272727272727; % k D=0.1
0.000109090909090909 1.81818181818182e-05 1.81818181818182e-05 1.81818181818182e-05 1.81818181818182e-05 1.81818181818182e-05 0.000127272727272727 1.81818181818182e-05 1.81818181818182e-05 0.000127272727272727 0.000109090909090909 9.09090909090909e-05 0.000109090909090909 1.81818181818182e-05 0.000109090909090909 1.81818181818182e-05 1.81818181818182e-05 0.999018181818182 1.81818181818182e-05; % l D=0.1
0.0597636363636364 0.000127272727272727 0.000127272727272727 0.000127272727272727 0.000127272727272727 0.000127272727272727 0.179890909090909 0.000127272727272727 0.000127272727272727 0.00989090909090909 0.219763636363636 0.239636363636364 0.129763636363636 0.000127272727272727 0.159763636363636 0.000127272727272727 0.000127272727272727 0.000127272727272727 0.000127272727272727; % p D=0.1
0.000109090909090909 1.81818181818182e-05 1.81818181818182e-05 1.81818181818182e-05 1.81818181818182e-05 1.81818181818182e-05 0.000127272727272727 1.81818181818182e-05 1.81818181818182e-05 0.000127272727272727 0.000109090909090909 9.09090909090909e-05 0.000109090909090909 1.81818181818182e-05 0.000109090909090909 0.999018181818182 1.81818181818182e-05 1.81818181818182e-05 1.81818181818182e-05; % t D=0.1
0.000109090909090909 1.81818181818182e-05 1.81818181818182e-05 1.81818181818182e-05 1.81818181818182e-05 1.81818181818182e-05 0.000127272727272727 0.999018181818182 1.81818181818182e-05 0.000127272727272727 0.000109090909090909 9.09090909090909e-05 0.000109090909090909 1.81818181818182e-05 0.000109090909090909 1.81818181818182e-05 1.81818181818182e-05 1.81818181818182e-05 1.81818181818182e-05; % v D=0.1
0.0396545454545455 0.000109090909090909 0.000109090909090909 0.000109090909090909 0.000109090909090909 0.000109090909090909 0.239763636363636 0.000109090909090909 0.000109090909090909 0.139763636363636 0.189654545454545 0.179545454545455 0.209654545454545 0.000109090909090909 0.000654545454545455 0.000109090909090909 0.000109090909090909 0.000109090909090909 0.000109090909090909; % z D=0.1
