syllables = '$BDGKLPTVZbdgklptvz';
discounts = [0.1 0.2 0.3 0.4 0.5 0.6 0.7 0.8 0.9 0.95];
kn_probs = [0.00257142857142857 0.158571428571429 0.000428571428571429 0.000428571428571429 0.000428571428571429 0.158571428571429 0.118571428571429 0.000428571428571429 0.198571428571429 0.000428571428571429 0.000428571428571429 0.000428571428571429 0.119 0.000428571428571429 0.000428571428571429 0.000428571428571429 0.239 0.000428571428571429 0.000428571428571429; % $ D=0.1
0.000107142857142857 0.000107142857142857 1.78571428571429e-05 1.78571428571429e-05 1.78571428571429e-05 0.000107142857142857 0.000107142857142857 1.78571428571429e-05 0.000107142857142857 1.78571428571429e-05 1.78571428571429e-05 1.78571428571429e-05 0.000125 1.78571428571429e-05 1.78571428571429e-05 0.999017857142857 0.000125 1.78571428571429e-05 1.78571428571429e-05; % B D=0.1
0.0496428571428571 0.0996428571428571 0.000107142857142857 0.000107142857142857 0.000107142857142857 0.189642857142857 0.000642857142857143 0.000107142857142857 0.269642857142857 0.000107142857142857 0.000107142857142857 0.000107142857142857 0.15975 0.000107142857142857 0.000107142857142857 0.000107142857142857 0.22975 0.000107142857142857 0.000107142857142857; % D D=0.1
0.000107142857142857 0.000107142857142857 1.78571428571429e-05 1.78571428571429e-05 1.78571428571429e-05 0.000107142857142857 0.000107142857142857 1.78571428571429e-05 0.000107142857142857 1.78571428571429e-05 1.78571428571429e-05 1.78571428571429e-05 0.000125 1.78571428571429e-05 1.78571428571429e-05 1.78571428571429e-05 0.000125 1.78571428571429e-05 0.999017857142857; % G D=0.1
0.000107142857142857 0.000107142857142857 1.78571428571429e-05 1.78571428571429e-05 1.78571428571429e-05 0.000107142857142857 0.000107142857142857 1.78571428571429e-05 0.000107142857142857 1.78571428571429e-05 1.78571428571429e-05 1.78571428571429e-05 0.000125 0.999017857142857 1.78571428571429e-05 1.78571428571429e-05 0.000125 1.78571428571429e-05 1.78571428571429e-05; % K D=0.1
0.000107142857142857 0.000107142857142857 1.78571428571429e-05 1.78571428571429e-05 1.78571428571429e-05 0.000107142857142857 0.000107142857142857 1.78571428571429e-05 0.000107142857142857 1.78571428571429e-05 1.78571428571429e-05 0.999017857142857 0.000125 1.78571428571429e-05 1.78571428571429e-05 1.78571428571429e-05 0.000125 1.78571428571429e-05 1.78571428571429e-05; % L D=0.1
0.000107142857142857 0.000107142857142857 0.999017857142857 1.78571428571429e-05 1.78571428571429e-05 0.000107142857142857 0.000107142857142857 1.78571428571429e-05 0.000107142857142857 1.78571428571429e-05 1.78571428571429e-05 1.78571428571429e-05 0.000125 1.78571428571429e-05 1.78571428571429e-05 1.78571428571429e-05 0.000125 1.78571428571429e-05 1.78571428571429e-05; % P D=0.1
0.0596428571428572 0.000642857142857143 0.000107142857142857 0.000107142857142857 0.000107142857142857 0.219642857142857 0.269642857142857 0.000107142857142857 0.129642857142857 0.000107142857142857 0.000107142857142857 0.000107142857142857 0.18975 0.000107142857142857 0.000107142857142857 0.000107142857142857 0.12975 0.000107142857142857 0.000107142857142857; % T D=0.1
0.000107142857142857 0.000107142857142857 1.78571428571429e-05 1.78571428571429e-05 1.78571428571429e-05 0.000107142857142857 0.000107142857142857 1.78571428571429e-05 0.000107142857142857 1.78571428571429e-05 1.78571428571429e-05 1.78571428571429e-05 0.000125 1.78571428571429e-05 0.999017857142857 1.78571428571429e-05 0.000125 1.78571428571429e-05 1.78571428571429e-05; % V D=0.1
0.05975 0.23975 0.000125 0.000125 0.000125 0.14975 0.14975 0.000125 0.21975 0.000125 0.000125 0.000125 0.159875 0.000125 0.000125 0.000125 0.019875 0.000125 0.000125; % Z D=0.1
0.01975 0.23975 0.000125 0.000125 0.000125 0.24975 0.14975 0.000125 0.19975 0.000125 0.000125 0.000125 0.009875 0.000125 0.000125 0.000125 0.129875 0.000125 0.000125; % b D=0.1
0.000107142857142857 0.000107142857142857 1.78571428571429e-05 1.78571428571429e-05 0.999017857142857 0.000107142857142857 0.000107142857142857 1.78571428571429e-05 0.000107142857142857 1.78571428571429e-05 1.78571428571429e-05 1.78571428571429e-05 0.000125 1.78571428571429e-05 1.78571428571429e-05 1.78571428571429e-05 0.000125 1.78571428571429e-05 1.78571428571429e-05; % d D=0.1
0.000107142857142857 0.000107142857142857 1.78571428571429e-05 1.78571428571429e-05 1.78571428571429e-05 0.000107142857142857 0.000107142857142857 1.78571428571429e-05 0.000107142857142857 1.78571428571429e-05 0.999017857142857 1.78571428571429e-05 0.000125 1.78571428571429e-05 1.78571428571429e-05 1.78571428571429e-05 0.000125 1.78571428571429e-05 1.78571428571429e-05; % g D=0.1
0.0196428571428571 0.199642857142857 0.000107142857142857 0.000107142857142857 0.000107142857142857 0.000642857142857143 0.229642857142857 0.000107142857142857 0.129642857142857 0.000107142857142857 0.000107142857142857 0.000107142857142857 0.21975 0.000107142857142857 0.000107142857142857 0.000107142857142857 0.19975 0.000107142857142857 0.000107142857142857; % k D=0.1
0.000107142857142857 0.000107142857142857 1.78571428571429e-05 0.999017857142857 1.78571428571429e-05 0.000107142857142857 0.000107142857142857 1.78571428571429e-05 0.000107142857142857 1.78571428571429e-05 1.78571428571429e-05 1.78571428571429e-05 0.000125 1.78571428571429e-05 1.78571428571429e-05 1.78571428571429e-05 0.000125 1.78571428571429e-05 1.78571428571429e-05; % l D=0.1
0.000107142857142857 0.000107142857142857 1.78571428571429e-05 1.78571428571429e-05 1.78571428571429e-05 0.000107142857142857 0.000107142857142857 0.999017857142857 0.000107142857142857 1.78571428571429e-05 1.78571428571429e-05 1.78571428571429e-05 0.000125 1.78571428571429e-05 1.78571428571429e-05 1.78571428571429e-05 0.000125 1.78571428571429e-05 1.78571428571429e-05; % p D=0.1
0.000107142857142857 0.000107142857142857 1.78571428571429e-05 1.78571428571429e-05 1.78571428571429e-05 0.000107142857142857 0.000107142857142857 1.78571428571429e-05 0.000107142857142857 1.78571428571429e-05 1.78571428571429e-05 1.78571428571429e-05 0.000125 1.78571428571429e-05 1.78571428571429e-05 1.78571428571429e-05 0.000125 0.999017857142857 1.78571428571429e-05; % t D=0.1
0.000107142857142857 0.000107142857142857 1.78571428571429e-05 1.78571428571429e-05 1.78571428571429e-05 0.000107142857142857 0.000107142857142857 1.78571428571429e-05 0.000107142857142857 0.999017857142857 1.78571428571429e-05 1.78571428571429e-05 0.000125 1.78571428571429e-05 1.78571428571429e-05 1.78571428571429e-05 0.000125 1.78571428571429e-05 1.78571428571429e-05; % v D=0.1
0.0396428571428571 0.179642857142857 0.000107142857142857 0.000107142857142857 0.000107142857142857 0.149642857142857 0.169642857142857 0.000107142857142857 0.000642857142857143 0.000107142857142857 0.000107142857142857 0.000107142857142857 0.22975 0.000107142857142857 0.000107142857142857 0.000107142857142857 0.22975 0.000107142857142857 0.000107142857142857; % z D=0.1
0.00514285714285714 0.157142857142857 0.000857142857142857 0.000857142857142857 0.000857142857142857 0.157142857142857 0.117142857142857 0.000857142857142857 0.197142857142857 0.000857142857142857 0.000857142857142857 0.000857142857142857 0.118 0.000857142857142857 0.000857142857142857 0.000857142857142857 0.238 0.000857142857142857 0.000857142857142857; % $ D=0.2
0.000214285714285714 0.000214285714285714 3.57142857142857e-05 3.57142857142857e-05 3.57142857142857e-05 0.000214285714285714 0.000214285714285714 3.57142857142857e-05 0.000214285714285714 3.57142857142857e-05 3.57142857142857e-05 3.57142857142857e-05 0.00025 3.57142857142857e-05 3.57142857142857e-05 0.998035714285714 0.00025 3.57142857142857e-05 3.57142857142857e-05; % B D=0.2
