syllables = '$BDGKLPTVZbdgklptvz';
discounts = [0.1 0.2 0.3 0.4 0.5 0.6 0.7 0.8 0.9 0.95];
kn_probs = [0.00124137931034483 0.000206896551724138 0.000206896551724138 0.000206896551724138 0.239241379310345 0.000206896551724138 0.000206896551724138 0.139448275862069 0.139448275862069 0.000206896551724138 0.000206896551724138 0.000206896551724138 0.279448275862069 0.000206896551724138 0.000206896551724138 0.099448275862069 0.000206896551724138 0.0992413793103448 0.000206896551724138; % $ D=0.1
0.0696206896551724 0.000103448275862069 0.000103448275862069 0.000103448275862069 0.000620689655172414 0.000103448275862069 0.000103448275862069 0.269724137931034 0.209724137931034 0.000103448275862069 0.000103448275862069 0.000103448275862069 0.149724137931034 0.000103448275862069 0.000103448275862069 0.189724137931034 0.000103448275862069 0.109620689655172 0.000103448275862069; % B D=0.1
0.000103448275862069 1.72413793103448e-05 1.72413793103448e-05 1.72413793103448e-05 0.000103448275862069 1.72413793103448e-05 1.72413793103448e-05 0.000120689655172414 0.000120689655172414 1.72413793103448e-05 1.72413793103448e-05 1.72413793103448e-05 0.000120689655172414 1.72413793103448e-05 1.72413793103448e-05 0.000120689655172414 1.72413793103448e-05 0.000103448275862069 0.99901724137931; % D D=0.1
0.000103448275862069 1.72413793103448e-05 1.72413793103448e-05 1.72413793103448e-05 0.000103448275862069 1.72413793103448e-05 1.72413793103448e-05 0.000120689655172414 0.000120689655172414 1.72413793103448e-05 1.72413793103448e-05 1.72413793103448e-05 0.000120689655172414 0.99901724137931 1.72413793103448e-05 0.000120689655172414 1.72413793103448e-05 0.000103448275862069 1.72413793103448e-05; % G D=0.1
0.000103448275862069 0.99901724137931 1.72413793103448e-05 1.72413793103448e-05 0.000103448275862069 1.72413793103448e-05 1.72413793103448e-05 0.000120689655172414 0.000120689655172414 1.72413793103448e-05 1.72413793103448e-05 1.72413793103448e-05 0.000120689655172414 1.72413793103448e-05 1.72413793103448e-05 0.000120689655172414 1.72413793103448e-05 0.000103448275862069 1.72413793103448e-05; % K D=0.1
0.109724137931034 0.000120689655172414 0.000120689655172414 0.000120689655172414 0.229724137931034 0.000120689655172414 0.000120689655172414 0.0098448275862069 0.179844827586207 0.000120689655172414 0.000120689655172414 0.000120689655172414 0.129844827586207 0.000120689655172414 0.000120689655172414 0.139844827586207 0.000120689655172414 0.199724137931034 0.000120689655172414; % L D=0.1
0.000103448275862069 1.72413793103448e-05 1.72413793103448e-05 1.72413793103448e-05 0.000103448275862069 1.72413793103448e-05 1.72413793103448e-05 0.000120689655172414 0.000120689655172414 1.72413793103448e-05 0.99901724137931 1.72413793103448e-05 0.000120689655172414 1.72413793103448e-05 1.72413793103448e-05 0.000120689655172414 1.72413793103448e-05 0.000103448275862069 1.72413793103448e-05; % P D=0.1
0.000103448275862069 1.72413793103448e-05 1.72413793103448e-05 1.72413793103448e-05 0.000103448275862069 1.72413793103448e-05 1.72413793103448e-05 0.000120689655172414 0.000120689655172414 1.72413793103448e-05 1.72413793103448e-05 1.72413793103448e-05 0.000120689655172414 1.72413793103448e-05 0.99901724137931 0.000120689655172414 1.72413793103448e-05 0.000103448275862069 1.72413793103448e-05; % T D=0.1
0.000103448275862069 1.72413793103448e-05 0.99901724137931 1.72413793103448e-05 0.000103448275862069 1.72413793103448e-05 1.72413793103448e-05 0.000120689655172414 0.000120689655172414 1.72413793103448e-05 1.72413793103448e-05 1.72413793103448e-05 0.000120689655172414 1.72413793103448e-05 1.72413793103448e-05 0.000120689655172414 1.72413793103448e-05 0.000103448275862069 1.72413793103448e-05; % V D=0.1
0.0697241379310345 0.000120689655172414 0.000120689655172414 0.000120689655172414 0.169724137931034 0.000120689655172414 0.000120689655172414 0.119844827586207 0.189844827586207 0.000120689655172414 0.000120689655172414 0.000120689655172414 0.0098448275862069 0.000120689655172414 0.000120689655172414 0.209844827586207 0.000120689655172414 0.229724137931034 0.000120689655172414; % Z D=0.1
0.000103448275862069 1.72413793103448e-05 1.72413793103448e-05 1.72413793103448e-05 0.000103448275862069 1.72413793103448e-05 1.72413793103448e-05 0.000120689655172414 0.000120689655172414 0.99901724137931 1.72413793103448e-05 1.72413793103448e-05 0.000120689655172414 1.72413793103448e-05 1.72413793103448e-05 0.000120689655172414 1.72413793103448e-05 0.000103448275862069 1.72413793103448e-05; % b D=0.1
0.0897241379310345 0.000120689655172414 0.000120689655172414 0.000120689655172414 0.139724137931034 0.000120689655172414 0.000120689655172414 0.169844827586207 0.169844827586207 0.000120689655172414 0.000120689655172414 0.000120689655172414 0.219844827586207 0.000120689655172414 0.000120689655172414 0.0098448275862069 0.000120689655172414 0.199724137931034 0.000120689655172414; % d D=0.1
0.000103448275862069 1.72413793103448e-05 1.72413793103448e-05 1.72413793103448e-05 0.000103448275862069 1.72413793103448e-05 0.99901724137931 0.000120689655172414 0.000120689655172414 1.72413793103448e-05 1.72413793103448e-05 1.72413793103448e-05 0.000120689655172414 1.72413793103448e-05 1.72413793103448e-05 0.000120689655172414 1.72413793103448e-05 0.000103448275862069 1.72413793103448e-05; % g D=0.1
0.0396206896551724 0.000103448275862069 0.000103448275862069 0.000103448275862069 0.179620689655172 0.000103448275862069 0.000103448275862069 0.189724137931034 0.159724137931034 0.000103448275862069 0.000103448275862069 0.000103448275862069 0.199724137931034 0.000103448275862069 0.000103448275862069 0.229724137931034 0.000103448275862069 0.000620689655172414 0.000103448275862069; % k D=0.1
0.000103448275862069 1.72413793103448e-05 1.72413793103448e-05 1.72413793103448e-05 0.000103448275862069 1.72413793103448e-05 1.72413793103448e-05 0.000120689655172414 0.000120689655172414 1.72413793103448e-05 1.72413793103448e-05 1.72413793103448e-05 0.000120689655172414 1.72413793103448e-05 1.72413793103448e-05 0.000120689655172414 0.99901724137931 0.000103448275862069 1.72413793103448e-05; % l D=0.1
0.000103448275862069 1.72413793103448e-05 1.72413793103448e-05 1.72413793103448e-05 0.000103448275862069 1.72413793103448e-05 1.72413793103448e-05 0.000120689655172414 0.000120689655172414 1.72413793103448e-05 1.72413793103448e-05 0.99901724137931 0.000120689655172414 1.72413793103448e-05 1.72413793103448e-05 0.000120689655172414 1.72413793103448e-05 0.000103448275862069 1.72413793103448e-05; % p D=0.1
0.000103448275862069 1.72413793103448e-05 1.72413793103448e-05 1.72413793103448e-05 0.000103448275862069 0.99901724137931 1.72413793103448e-05 0.000120689655172414 0.000120689655172414 1.72413793103448e-05 1.72413793103448e-05 1.72413793103448e-05 0.000120689655172414 1.72413793103448e-05 1.72413793103448e-05 0.000120689655172414 1.72413793103448e-05 0.000103448275862069 1.72413793103448e-05; % t D=0.1
0.000103448275862069 1.72413793103448e-05 1.72413793103448e-05 0.99901724137931 0.000103448275862069 1.72413793103448e-05 1.72413793103448e-05 0.000120689655172414 0.000120689655172414 1.72413793103448e-05 1.72413793103448e-05 1.72413793103448e-05 0.000120689655172414 1.72413793103448e-05 1.72413793103448e-05 0.000120689655172414 1.72413793103448e-05 0.000103448275862069 1.72413793103448e-05; % v D=0.1
0.119724137931034 0.000120689655172414 0.000120689655172414 0.000120689655172414 0.159724137931034 0.000120689655172414 0.000120689655172414 0.169844827586207 0.0198448275862069 0.000120689655172414 0.000120689655172414 0.000120689655172414 0.149844827586207 0.000120689655172414 0.000120689655172414 0.169844827586207 0.000120689655172414 0.209724137931034 0.000120689655172414; % z D=0.1
