syllables = '$BDGKLPTVZbdgklptvz';
discounts = [0.1 0.2 0.3 0.4 0.5 0.6 0.7 0.8 0.9 0.95];
kn_probs = [0.000428571428571429 7.14285714285714e-05 0.199833333333333 0.133166666666667 7.14285714285714e-05 7.14285714285714e-05 0.153095238095238 7.14285714285714e-05 7.14285714285714e-05 7.14285714285714e-05 0.106428571428571 7.14285714285714e-05 0.193095238095238 7.14285714285714e-05 7.14285714285714e-05 7.14285714285714e-05 7.14285714285714e-05 7.14285714285714e-05 0.213095238095238; % $ D=0.1
0.339642857142857 0.000107142857142857 0.13975 0.08975 0.000107142857142857 0.000107142857142857 0.139642857142857 0.000107142857142857 0.000107142857142857 0.000107142857142857 0.000642857142857143 0.000107142857142857 0.149642857142857 0.000107142857142857 0.000107142857142857 0.000107142857142857 0.000107142857142857 0.000107142857142857 0.139642857142857; % B D=0.1
0.000107142857142857 1.78571428571429e-05 0.000125 0.000125 1.78571428571429e-05 1.78571428571429e-05 0.000107142857142857 1.78571428571429e-05 0.999017857142857 1.78571428571429e-05 0.000107142857142857 1.78571428571429e-05 0.000107142857142857 1.78571428571429e-05 1.78571428571429e-05 1.78571428571429e-05 1.78571428571429e-05 1.78571428571429e-05 0.000107142857142857; % D D=0.1
0.000107142857142857 1.78571428571429e-05 0.000125 0.000125 1.78571428571429e-05 1.78571428571429e-05 0.000107142857142857 1.78571428571429e-05 1.78571428571429e-05 0.999017857142857 0.000107142857142857 1.78571428571429e-05 0.000107142857142857 1.78571428571429e-05 1.78571428571429e-05 1.78571428571429e-05 1.78571428571429e-05 1.78571428571429e-05 0.000107142857142857; % G D=0.1
0.279642857142857 0.000107142857142857 0.08975 0.19975 0.000107142857142857 0.000107142857142857 0.000642857142857143 0.000107142857142857 0.000107142857142857 0.000107142857142857 0.189642857142857 0.000107142857142857 0.129642857142857 0.000107142857142857 0.000107142857142857 0.000107142857142857 0.000107142857142857 0.000107142857142857 0.109642857142857; % K D=0.1
0.000107142857142857 1.78571428571429e-05 0.000125 0.000125 1.78571428571429e-05 1.78571428571429e-05 0.000107142857142857 0.999017857142857 1.78571428571429e-05 1.78571428571429e-05 0.000107142857142857 1.78571428571429e-05 0.000107142857142857 1.78571428571429e-05 1.78571428571429e-05 1.78571428571429e-05 1.78571428571429e-05 1.78571428571429e-05 0.000107142857142857; % L D=0.1
0.000107142857142857 1.78571428571429e-05 0.000125 0.000125 1.78571428571429e-05 0.999017857142857 0.000107142857142857 1.78571428571429e-05 1.78571428571429e-05 1.78571428571429e-05 0.000107142857142857 1.78571428571429e-05 0.000107142857142857 1.78571428571429e-05 1.78571428571429e-05 1.78571428571429e-05 1.78571428571429e-05 1.78571428571429e-05 0.000107142857142857; % P D=0.1
0.000107142857142857 1.78571428571429e-05 0.000125 0.000125 0.999017857142857 1.78571428571429e-05 0.000107142857142857 1.78571428571429e-05 1.78571428571429e-05 1.78571428571429e-05 0.000107142857142857 1.78571428571429e-05 0.000107142857142857 1.78571428571429e-05 1.78571428571429e-05 1.78571428571429e-05 1.78571428571429e-05 1.78571428571429e-05 0.000107142857142857; % T D=0.1
0.000107142857142857 1.78571428571429e-05 0.000125 0.000125 1.78571428571429e-05 1.78571428571429e-05 0.000107142857142857 1.78571428571429e-05 1.78571428571429e-05 1.78571428571429e-05 0.000107142857142857 1.78571428571429e-05 0.000107142857142857 1.78571428571429e-05 1.78571428571429e-05 1.78571428571429e-05 0.999017857142857 1.78571428571429e-05 0.000107142857142857; % V D=0.1
0.19975 0.000125 0.149875 0.009875 0.000125 0.000125 0.13975 0.000125 0.000125 0.000125 0.20975 0.000125 0.11975 0.000125 0.000125 0.000125 0.000125 0.000125 0.16975; % Z D=0.1
0.000107142857142857 0.999017857142857 0.000125 0.000125 1.78571428571429e-05 1.78571428571429e-05 0.000107142857142857 1.78571428571429e-05 1.78571428571429e-05 1.78571428571429e-05 0.000107142857142857 1.78571428571429e-05 0.000107142857142857 1.78571428571429e-05 1.78571428571429e-05 1.78571428571429e-05 1.78571428571429e-05 1.78571428571429e-05 0.000107142857142857; % b D=0.1
0.229642857142857 0.000107142857142857 0.10975 0.18975 0.000107142857142857 0.000107142857142857 0.149642857142857 0.000107142857142857 0.000107142857142857 0.000107142857142857 0.119642857142857 0.000107142857142857 0.000642857142857143 0.000107142857142857 0.000107142857142857 0.000107142857142857 0.000107142857142857 0.000107142857142857 0.199642857142857; % d D=0.1
0.000107142857142857 1.78571428571429e-05 0.000125 0.000125 1.78571428571429e-05 1.78571428571429e-05 0.000107142857142857 1.78571428571429e-05 1.78571428571429e-05 1.78571428571429e-05 0.000107142857142857 1.78571428571429e-05 0.000107142857142857 1.78571428571429e-05 1.78571428571429e-05 0.999017857142857 1.78571428571429e-05 1.78571428571429e-05 0.000107142857142857; % g D=0.1
0.219642857142857 0.000107142857142857 0.19975 0.11975 0.000107142857142857 0.000107142857142857 0.169642857142857 0.000107142857142857 0.000107142857142857 0.000107142857142857 0.119642857142857 0.000107142857142857 0.169642857142857 0.000107142857142857 0.000107142857142857 0.000107142857142857 0.000107142857142857 0.000107142857142857 0.000642857142857143; % k D=0.1
0.000107142857142857 1.78571428571429e-05 0.000125 0.000125 1.78571428571429e-05 1.78571428571429e-05 0.000107142857142857 1.78571428571429e-05 1.78571428571429e-05 1.78571428571429e-05 0.000107142857142857 1.78571428571429e-05 0.000107142857142857 0.999017857142857 1.78571428571429e-05 1.78571428571429e-05 1.78571428571429e-05 1.78571428571429e-05 0.000107142857142857; % l D=0.1
0.000107142857142857 1.78571428571429e-05 0.000125 0.000125 1.78571428571429e-05 1.78571428571429e-05 0.000107142857142857 1.78571428571429e-05 1.78571428571429e-05 1.78571428571429e-05 0.000107142857142857 0.999017857142857 0.000107142857142857 1.78571428571429e-05 1.78571428571429e-05 1.78571428571429e-05 1.78571428571429e-05 1.78571428571429e-05 0.000107142857142857; % p D=0.1
0.22975 0.000125 0.009875 0.189875 0.000125 0.000125 0.16975 0.000125 0.000125 0.000125 0.19975 0.000125 0.13975 0.000125 0.000125 0.000125 0.000125 0.000125 0.05975; % t D=0.1
0.000107142857142857 1.78571428571429e-05 0.000125 0.000125 1.78571428571429e-05 1.78571428571429e-05 0.000107142857142857 1.78571428571429e-05 1.78571428571429e-05 1.78571428571429e-05 0.000107142857142857 1.78571428571429e-05 0.000107142857142857 1.78571428571429e-05 0.999017857142857 1.78571428571429e-05 1.78571428571429e-05 1.78571428571429e-05 0.000107142857142857; % v D=0.1
0.000107142857142857 1.78571428571429e-05 0.000125 0.000125 1.78571428571429e-05 1.78571428571429e-05 0.000107142857142857 1.78571428571429e-05 1.78571428571429e-05 1.78571428571429e-05 0.000107142857142857 1.78571428571429e-05 0.000107142857142857 1.78571428571429e-05 1.78571428571429e-05 1.78571428571429e-05 1.78571428571429e-05 0.999017857142857 0.000107142857142857; % z D=0.1
0.000857142857142857 0.000142857142857143 0.199666666666667 0.133 0.000142857142857143 0.000142857142857143 0.152857142857143 0.000142857142857143 0.000142857142857143 0.000142857142857143 0.106190476190476 0.000142857142857143 0.192857142857143 0.000142857142857143 0.000142857142857143 0.000142857142857143 0.000142857142857143 0.000142857142857143 0.212857142857143; % $ D=0.2
0.339285714285714 0.000214285714285714 0.1395 0.0895 0.000214285714285714 0.000214285714285714 0.139285714285714 0.000214285714285714 0.000214285714285714 0.000214285714285714 0.00128571428571429 0.000214285714285714 0.149285714285714 0.000214285714285714 0.000214285714285714 0.000214285714285714 0.000214285714285714 0.000214285714285714 0.139285714285714; % B D=0.2
