syllables = '$BDGKLPTVZbdgklptvz';
discounts = [0.1 0.2 0.3 0.4 0.5 0.6 0.7 0.8 0.9 0.95];
kn_probs = [0.00266666666666667 0.278666666666667 0.000444444444444445 0.000444444444444445 0.000444444444444445 0.000444444444444445 0.238666666666667 0.000444444444444445 0.000444444444444445 0.000444444444444445 0.0386666666666667 0.000444444444444445 0.000444444444444445 0.158666666666667 0.0786666666666667 0.000444444444444445 0.000444444444444445 0.198666666666667 0.000444444444444445; % $ D=0.1
0.000111111111111111 0.000111111111111111 1.85185185185185e-05 1.85185185185185e-05 1.85185185185185e-05 1.85185185185185e-05 0.000111111111111111 1.85185185185185e-05 0.999018518518519 1.85185185185185e-05 0.000111111111111111 1.85185185185185e-05 1.85185185185185e-05 0.000111111111111111 0.000111111111111111 1.85185185185185e-05 1.85185185185185e-05 0.000111111111111111 1.85185185185185e-05; % B D=0.1
0.0596666666666667 0.219666666666667 0.000111111111111111 0.000111111111111111 0.000111111111111111 0.000111111111111111 0.179666666666667 0.000111111111111111 0.000111111111111111 0.000111111111111111 0.000666666666666667 0.000111111111111111 0.000111111111111111 0.189666666666667 0.199666666666667 0.000111111111111111 0.000111111111111111 0.149666666666667 0.000111111111111111; % D D=0.1
0.000111111111111111 0.000111111111111111 1.85185185185185e-05 1.85185185185185e-05 1.85185185185185e-05 1.85185185185185e-05 0.000111111111111111 0.999018518518519 1.85185185185185e-05 1.85185185185185e-05 0.000111111111111111 1.85185185185185e-05 1.85185185185185e-05 0.000111111111111111 0.000111111111111111 1.85185185185185e-05 1.85185185185185e-05 0.000111111111111111 1.85185185185185e-05; % G D=0.1
0.000111111111111111 0.000111111111111111 1.85185185185185e-05 1.85185185185185e-05 1.85185185185185e-05 0.999018518518519 0.000111111111111111 1.85185185185185e-05 1.85185185185185e-05 1.85185185185185e-05 0.000111111111111111 1.85185185185185e-05 1.85185185185185e-05 0.000111111111111111 0.000111111111111111 1.85185185185185e-05 1.85185185185185e-05 0.000111111111111111 1.85185185185185e-05; % K D=0.1
0.0296666666666667 0.159666666666667 0.000111111111111111 0.000111111111111111 0.000111111111111111 0.000111111111111111 0.199666666666667 0.000111111111111111 0.000111111111111111 0.000111111111111111 0.239666666666667 0.000111111111111111 0.000111111111111111 0.000666666666666667 0.109666666666667 0.000111111111111111 0.000111111111111111 0.259666666666667 0.000111111111111111; % L D=0.1
0.000111111111111111 0.000111111111111111 1.85185185185185e-05 1.85185185185185e-05 1.85185185185185e-05 1.85185185185185e-05 0.000111111111111111 1.85185185185185e-05 1.85185185185185e-05 1.85185185185185e-05 0.000111111111111111 0.999018518518519 1.85185185185185e-05 0.000111111111111111 0.000111111111111111 1.85185185185185e-05 1.85185185185185e-05 0.000111111111111111 1.85185185185185e-05; % P D=0.1
0.000111111111111111 0.000111111111111111 1.85185185185185e-05 1.85185185185185e-05 1.85185185185185e-05 1.85185185185185e-05 0.000111111111111111 1.85185185185185e-05 1.85185185185185e-05 1.85185185185185e-05 0.000111111111111111 1.85185185185185e-05 1.85185185185185e-05 0.000111111111111111 0.000111111111111111 1.85185185185185e-05 1.85185185185185e-05 0.000111111111111111 0.999018518518519; % T D=0.1
0.000111111111111111 0.000111111111111111 1.85185185185185e-05 1.85185185185185e-05 1.85185185185185e-05 1.85185185185185e-05 0.000111111111111111 1.85185185185185e-05 1.85185185185185e-05 1.85185185185185e-05 0.000111111111111111 1.85185185185185e-05 1.85185185185185e-05 0.000111111111111111 0.000111111111111111 0.999018518518519 1.85185185185185e-05 0.000111111111111111 1.85185185185185e-05; % V D=0.1
0.0296666666666667 0.169666666666667 0.000111111111111111 0.000111111111111111 0.000111111111111111 0.000111111111111111 0.199666666666667 0.000111111111111111 0.000111111111111111 0.000111111111111111 0.129666666666667 0.000111111111111111 0.000111111111111111 0.269666666666667 0.199666666666667 0.000111111111111111 0.000111111111111111 0.000666666666666667 0.000111111111111111; % Z D=0.1
0.000111111111111111 0.000111111111111111 0.999018518518519 1.85185185185185e-05 1.85185185185185e-05 1.85185185185185e-05 0.000111111111111111 1.85185185185185e-05 1.85185185185185e-05 1.85185185185185e-05 0.000111111111111111 1.85185185185185e-05 1.85185185185185e-05 0.000111111111111111 0.000111111111111111 1.85185185185185e-05 1.85185185185185e-05 0.000111111111111111 1.85185185185185e-05; % b D=0.1
0.000111111111111111 0.000111111111111111 1.85185185185185e-05 1.85185185185185e-05 1.85185185185185e-05 1.85185185185185e-05 0.000111111111111111 1.85185185185185e-05 1.85185185185185e-05 1.85185185185185e-05 0.000111111111111111 1.85185185185185e-05 0.999018518518519 0.000111111111111111 0.000111111111111111 1.85185185185185e-05 1.85185185185185e-05 0.000111111111111111 1.85185185185185e-05; % d D=0.1
0.0396666666666667 0.179666666666667 0.000111111111111111 0.000111111111111111 0.000111111111111111 0.000111111111111111 0.000666666666666667 0.000111111111111111 0.000111111111111111 0.000111111111111111 0.209666666666667 0.000111111111111111 0.000111111111111111 0.149666666666667 0.269666666666667 0.000111111111111111 0.000111111111111111 0.149666666666667 0.000111111111111111; % g D=0.1
0.000111111111111111 0.000111111111111111 1.85185185185185e-05 1.85185185185185e-05 0.999018518518519 1.85185185185185e-05 0.000111111111111111 1.85185185185185e-05 1.85185185185185e-05 1.85185185185185e-05 0.000111111111111111 1.85185185185185e-05 1.85185185185185e-05 0.000111111111111111 0.000111111111111111 1.85185185185185e-05 1.85185185185185e-05 0.000111111111111111 1.85185185185185e-05; % k D=0.1
0.000111111111111111 0.000111111111111111 1.85185185185185e-05 0.999018518518519 1.85185185185185e-05 1.85185185185185e-05 0.000111111111111111 1.85185185185185e-05 1.85185185185185e-05 1.85185185185185e-05 0.000111111111111111 1.85185185185185e-05 1.85185185185185e-05 0.000111111111111111 0.000111111111111111 1.85185185185185e-05 1.85185185185185e-05 0.000111111111111111 1.85185185185185e-05; % l D=0.1
0.000111111111111111 0.000111111111111111 1.85185185185185e-05 1.85185185185185e-05 1.85185185185185e-05 1.85185185185185e-05 0.000111111111111111 1.85185185185185e-05 1.85185185185185e-05 1.85185185185185e-05 0.000111111111111111 1.85185185185185e-05 1.85185185185185e-05 0.000111111111111111 0.000111111111111111 1.85185185185185e-05 0.999018518518519 0.000111111111111111 1.85185185185185e-05; % p D=0.1
0.0596666666666667 0.000666666666666667 0.000111111111111111 0.000111111111111111 0.000111111111111111 0.000111111111111111 0.159666666666667 0.000111111111111111 0.000111111111111111 0.000111111111111111 0.159666666666667 0.000111111111111111 0.000111111111111111 0.189666666666667 0.199666666666667 0.000111111111111111 0.000111111111111111 0.229666666666667 0.000111111111111111; % t D=0.1
0.000111111111111111 0.000111111111111111 1.85185185185185e-05 1.85185185185185e-05 1.85185185185185e-05 1.85185185185185e-05 0.000111111111111111 1.85185185185185e-05 1.85185185185185e-05 0.999018518518519 0.000111111111111111 1.85185185185185e-05 1.85185185185185e-05 0.000111111111111111 0.000111111111111111 1.85185185185185e-05 1.85185185185185e-05 0.000111111111111111 1.85185185185185e-05; % v D=0.1
0.0296666666666667 0.199666666666667 0.000111111111111111 0.000111111111111111 0.000111111111111111 0.000111111111111111 0.199666666666667 0.000111111111111111 0.000111111111111111 0.000111111111111111 0.249666666666667 0.000111111111111111 0.000111111111111111 0.159666666666667 0.000666666666666667 0.000111111111111111 0.000111111111111111 0.159666666666667 0.000111111111111111; % z D=0.1
0.00533333333333333 0.277333333333333 0.000888888888888889 0.000888888888888889 0.000888888888888889 0.000888888888888889 0.237333333333333 0.000888888888888889 0.000888888888888889 0.000888888888888889 0.0373333333333333 0.000888888888888889 0.000888888888888889 0.157333333333333 0.0773333333333333 0.000888888888888889 0.000888888888888889 0.197333333333333 0.000888888888888889; % $ D=0.2
0.000222222222222222 0.000222222222222222 3.7037037037037e-05 3.7037037037037e-05 3.7037037037037e-05 3.7037037037037e-05 0.000222222222222222 3.7037037037037e-05 0.998037037037037 3.7037037037037e-05 0.000222222222222222 3.7037037037037e-05 3.7037037037037e-05 0.000222222222222222 0.000222222222222222 3.7037037037037e-05 3.7037037037037e-05 0.000222222222222222 3.7037037037037e-05; % B D=0.2
0.0593333333333333 0.219333333333333 0.000222222222222222 0.000222222222222222 0.000222222222222222 0.000222222222222222 0.179333333333333 0.000222222222222222 0.000222222222222222 0.000222222222222222 0.00133333333333333 0.000222222222222222 0.000222222222222222 0.189333333333333 0.199333333333333 0.000222222222222222 0.000222222222222222 0.149333333333333 0.000222222222222222; % D D=0.2
0.000222222222222222 0.000222222222222222 3.7037037037037e-05 3.7037037037037e-05 3.7037037037037e-05 3.7037037037037e-05 0.000222222222222222 0.998037037037037 3.7037037037037e-05 3.7037037037037e-05 0.000222222222222222 3.7037037037037e-05 3.7037037037037e-05 0.000222222222222222 0.000222222222222222 3.7037037037037e-05 3.7037037037037e-05 0.000222222222222222 3.7037037037037e-05; % G D=0.2
0.000222222222222222 0.000222222222222222 3.7037037037037e-05 3.7037037037037e-05 3.7037037037037e-05 0.998037037037037 0.000222222222222222 3.7037037037037e-05 3.7037037037037e-05 3.7037037037037e-05 0.000222222222222222 3.7037037037037e-05 3.7037037037037e-05 0.000222222222222222 0.000222222222222222 3.7037037037037e-05 3.7037037037037e-05 0.000222222222222222 3.7037037037037e-05; % K D=0.2
0.0293333333333333 0.159333333333333 0.000222222222222222 0.000222222222222222 0.000222222222222222 0.000222222222222222 0.199333333333333 0.000222222222222222 0.000222222222222222 0.000222222222222222 0.239333333333333 0.000222222222222222 0.000222222222222222 0.00133333333333333 0.109333333333333 0.000222222222222222 0.000222222222222222 0.259333333333333 0.000222222222222222; % L D=0.2
0.000222222222222222 0.000222222222222222 3.7037037037037e-05 3.7037037037037e-05 3.7037037037037e-05 3.7037037037037e-05 0.000222222222222222 3.7037037037037e-05 3.7037037037037e-05 3.7037037037037e-05 0.000222222222222222 0.998037037037037 3.7037037037037e-05 0.000222222222222222 0.000222222222222222 3.7037037037037e-05 3.7037037037037e-05 0.000222222222222222 3.7037037037037e-05; % P D=0.2
0.000222222222222222 0.000222222222222222 3.7037037037037e-05 3.7037037037037e-05 3.7037037037037e-05 3.7037037037037e-05 0.000222222222222222 3.7037037037037e-05 3.7037037037037e-05 3.7037037037037e-05 0.000222222222222222 3.7037037037037e-05 3.7037037037037e-05 0.000222222222222222 0.000222222222222222 3.7037037037037e-05 3.7037037037037e-05 0.000222222222222222 0.998037037037037; % T D=0.2
0.000222222222222222 0.000222222222222222 3.7037037037037e-05 3.7037037037037e-05 3.7037037037037e-05 3.7037037037037e-05 0.000222222222222222 3.7037037037037e-05 3.7037037037037e-05 3.7037037037037e-05 0.000222222222222222 3.7037037037037e-05 3.7037037037037e-05 0.000222222222222222 0.000222222222222222 0.998037037037037 3.7037037037037e-05 0.000222222222222222 3.7037037037037e-05; % V D=0.2
0.0293333333333333 0.169333333333333 0.000222222222222222 0.000222222222222222 0.000222222222222222 0.000222222222222222 0.199333333333333 0.000222222222222222 0.000222222222222222 0.000222222222222222 0.129333333333333 0.000222222222222222 0.000222222222222222 0.269333333333333 0.199333333333333 0.000222222222222222 0.000222222222222222 0.00133333333333333 0.000222222222222222; % Z D=0.2
0.000222222222222222 0.000222222222222222 0.998037037037037 3.7037037037037e-05 3.7037037037037e-05 3.7037037037037e-05 0.000222222222222222 3.7037037037037e-05 3.7037037037037e-05 3.7037037037037e-05 0.000222222222222222 3.7037037037037e-05 3.7037037037037e-05 0.000222222222222222 0.000222222222222222 3.7037037037037e-05 3.7037037037037e-05 0.000222222222222222 3.7037037037037e-05; % b D=0.2
0.000222222222222222 0.000222222222222222 3.7037037037037e-05 3.7037037037037e-05 3.7037037037037e-05 3.7037037037037e-05 0.000222222222222222 3.7037037037037e-05 3.7037037037037e-05 3.7037037037037e-05 0.000222222222222222 3.7037037037037e-05 0.998037037037037 0.000222222222222222 0.000222222222222222 3.7037037037037e-05 3.7037037037037e-05 0.000222222222222222 3.7037037037037e-05; % d D=0.2
0.0393333333333333 0.179333333333333 0.000222222222222222 0.000222222222222222 0.000222222222222222 0.000222222222222222 0.00133333333333333 0.000222222222222222 0.000222222222222222 0.000222222222222222 0.209333333333333 0.000222222222222222 0.000222222222222222 0.149333333333333 0.269333333333333 0.000222222222222222 0.000222222222222222 0.149333333333333 0.000222222222222222; % g D=0.2
0.000222222222222222 0.000222222222222222 3.7037037037037e-05 3.7037037037037e-05 0.998037037037037 3.7037037037037e-05 0.000222222222222222 3.7037037037037e-05 3.7037037037037e-05 3.7037037037037e-05 0.000222222222222222 3.7037037037037e-05 3.7037037037037e-05 0.000222222222222222 0.000222222222222222 3.7037037037037e-05 3.7037037037037e-05 0.000222222222222222 3.7037037037037e-05; % k D=0.2
0.000222222222222222 0.000222222222222222 3.7037037037037e-05 0.998037037037037 3.7037037037037e-05 3.7037037037037e-05 0.000222222222222222 3.7037037037037e-05 3.7037037037037e-05 3.7037037037037e-05 0.000222222222222222 3.7037037037037e-05 3.7037037037037e-05 0.000222222222222222 0.000222222222222222 3.7037037037037e-05 3.7037037037037e-05 0.000222222222222222 3.7037037037037e-05; % l D=0.2
0.000222222222222222 0.000222222222222222 3.7037037037037e-05 3.7037037037037e-05 3.7037037037037e-05 3.7037037037037e-05 0.000222222222222222 3.7037037037037e-05 3.7037037037037e-05 3.7037037037037e-05 0.000222222222222222 3.7037037037037e-05 3.7037037037037e-05 0.000222222222222222 0.000222222222222222 3.7037037037037e-05 0.998037037037037 0.000222222222222222 3.7037037037037e-05; % p D=0.2
0.0593333333333333 0.00133333333333333 0.000222222222222222 0.000222222222222222 0.000222222222222222 0.000222222222222222 0.159333333333333 0.000222222222222222 0.000222222222222222 0.000222222222222222 0.159333333333333 0.000222222222222222 0.000222222222222222 0.189333333333333 0.199333333333333 0.000222222222222222 0.000222222222222222 0.229333333333333 0.000222222222222222; % t D=0.2
0.000222222222222222 0.000222222222222222 3.7037037037037e-05 3.7037037037037e-05 3.7037037037037e-05 3.7037037037037e-05 0.000222222222222222 3.7037037037037e-05 3.7037037037037e-05 0.998037037037037 0.000222222222222222 3.7037037037037e-05 3.7037037037037e-05 0.000222222222222222 0.000222222222222222 3.7037037037037e-05 3.7037037037037e-05 0.000222222222222222 3.7037037037037e-05; % v D=0.2
0.0293333333333333 0.199333333333333 0.000222222222222222 0.000222222222222222 0.000222222222222222 0.000222222222222222 0.199333333333333 0.000222222222222222 0.000222222222222222 0.000222222222222222 0.249333333333333 0.000222222222222222 0.000222222222222222 0.159333333333333 0.00133333333333333 0.000222222222222222 0.000222222222222222 0.159333333333333 0.000222222222222222; % z D=0.2
0.008 0.276 0.00133333333333333 0.00133333333333333 0.00133333333333333 0.00133333333333333 0.236 0.00133333333333333 0.00133333333333333 0.00133333333333333 0.036 0.00133333333333333 0.00133333333333333 0.156 0.076 0.00133333333333333 0.00133333333333333 0.196 0.00133333333333333; % $ D=0.3
0.000333333333333333 0.000333333333333333 5.55555555555556e-05 5.55555555555556e-05 5.55555555555556e-05 5.55555555555556e-05 0.000333333333333333 5.55555555555556e-05 0.997055555555556 5.55555555555556e-05 0.000333333333333333 5.55555555555556e-05 5.55555555555556e-05 0.000333333333333333 0.000333333333333333 5.55555555555556e-05 5.55555555555556e-05 0.000333333333333333 5.55555555555556e-05; % B D=0.3
0.059 0.219 0.000333333333333333 0.000333333333333333 0.000333333333333333 0.000333333333333333 0.179 0.000333333333333333 0.000333333333333333 0.000333333333333333 0.002 0.000333333333333333 0.000333333333333333 0.189 0.199 0.000333333333333333 0.000333333333333333 0.149 0.000333333333333333; % D D=0.3
0.000333333333333333 0.000333333333333333 5.55555555555556e-05 5.55555555555556e-05 5.55555555555556e-05 5.55555555555556e-05 0.000333333333333333 0.997055555555556 5.55555555555556e-05 5.55555555555556e-05 0.000333333333333333 5.55555555555556e-05 5.55555555555556e-05 0.000333333333333333 0.000333333333333333 5.55555555555556e-05 5.55555555555556e-05 0.000333333333333333 5.55555555555556e-05; % G D=0.3
0.000333333333333333 0.000333333333333333 5.55555555555556e-05 5.55555555555556e-05 5.55555555555556e-05 0.997055555555556 0.000333333333333333 5.55555555555556e-05 5.55555555555556e-05 5.55555555555556e-05 0.000333333333333333 5.55555555555556e-05 5.55555555555556e-05 0.000333333333333333 0.000333333333333333 5.55555555555556e-05 5.55555555555556e-05 0.000333333333333333 5.55555555555556e-05; % K D=0.3
0.029 0.159 0.000333333333333333 0.000333333333333333 0.000333333333333333 0.000333333333333333 0.199 0.000333333333333333 0.000333333333333333 0.000333333333333333 0.239 0.000333333333333333 0.000333333333333333 0.002 0.109 0.000333333333333333 0.000333333333333333 0.259 0.000333333333333333; % L D=0.3
0.000333333333333333 0.000333333333333333 5.55555555555556e-05 5.55555555555556e-05 5.55555555555556e-05 5.55555555555556e-05 0.000333333333333333 5.55555555555556e-05 5.55555555555556e-05 5.55555555555556e-05 0.000333333333333333 0.997055555555556 5.55555555555556e-05 0.000333333333333333 0.000333333333333333 5.55555555555556e-05 5.55555555555556e-05 0.000333333333333333 5.55555555555556e-05; % P D=0.3
0.000333333333333333 0.000333333333333333 5.55555555555556e-05 5.55555555555556e-05 5.55555555555556e-05 5.55555555555556e-05 0.000333333333333333 5.55555555555556e-05 5.55555555555556e-05 5.55555555555556e-05 0.000333333333333333 5.55555555555556e-05 5.55555555555556e-05 0.000333333333333333 0.000333333333333333 5.55555555555556e-05 5.55555555555556e-05 0.000333333333333333 0.997055555555556; % T D=0.3
0.000333333333333333 0.000333333333333333 5.55555555555556e-05 5.55555555555556e-05 5.55555555555556e-05 5.55555555555556e-05 0.000333333333333333 5.55555555555556e-05 5.55555555555556e-05 5.55555555555556e-05 0.000333333333333333 5.55555555555556e-05 5.55555555555556e-05 0.000333333333333333 0.000333333333333333 0.997055555555556 5.55555555555556e-05 0.000333333333333333 5.55555555555556e-05; % V D=0.3
0.029 0.169 0.000333333333333333 0.000333333333333333 0.000333333333333333 0.000333333333333333 0.199 0.000333333333333333 0.000333333333333333 0.000333333333333333 0.129 0.000333333333333333 0.000333333333333333 0.269 0.199 0.000333333333333333 0.000333333333333333 0.002 0.000333333333333333; % Z D=0.3
0.000333333333333333 0.000333333333333333 0.997055555555556 5.55555555555556e-05 5.55555555555556e-05 5.55555555555556e-05 0.000333333333333333 5.55555555555556e-05 5.55555555555556e-05 5.55555555555556e-05 0.000333333333333333 5.55555555555556e-05 5.55555555555556e-05 0.000333333333333333 0.000333333333333333 5.55555555555556e-05 5.55555555555556e-05 0.000333333333333333 5.55555555555556e-05; % b D=0.3
0.000333333333333333 0.000333333333333333 5.55555555555556e-05 5.55555555555556e-05 5.55555555555556e-05 5.55555555555556e-05 0.000333333333333333 5.55555555555556e-05 5.55555555555556e-05 5.55555555555556e-05 0.000333333333333333 5.55555555555556e-05 0.997055555555556 0.000333333333333333 0.000333333333333333 5.55555555555556e-05 5.55555555555556e-05 0.000333333333333333 5.55555555555556e-05; % d D=0.3
0.039 0.179 0.000333333333333333 0.000333333333333333 0.000333333333333333 0.000333333333333333 0.002 0.000333333333333333 0.000333333333333333 0.000333333333333333 0.209 0.000333333333333333 0.000333333333333333 0.149 0.269 0.000333333333333333 0.000333333333333333 0.149 0.000333333333333333; % g D=0.3
0.000333333333333333 0.000333333333333333 5.55555555555556e-05 5.55555555555556e-05 0.997055555555556 5.55555555555556e-05 0.000333333333333333 5.55555555555556e-05 5.55555555555556e-05 5.55555555555556e-05 0.000333333333333333 5.55555555555556e-05 5.55555555555556e-05 0.000333333333333333 0.000333333333333333 5.55555555555556e-05 5.55555555555556e-05 0.000333333333333333 5.55555555555556e-05; % k D=0.3
0.000333333333333333 0.000333333333333333 5.55555555555556e-05 0.997055555555556 5.55555555555556e-05 5.55555555555556e-05 0.000333333333333333 5.55555555555556e-05 5.55555555555556e-05 5.55555555555556e-05 0.000333333333333333 5.55555555555556e-05 5.55555555555556e-05 0.000333333333333333 0.000333333333333333 5.55555555555556e-05 5.55555555555556e-05 0.000333333333333333 5.55555555555556e-05; % l D=0.3
0.000333333333333333 0.000333333333333333 5.55555555555556e-05 5.55555555555556e-05 5.55555555555556e-05 5.55555555555556e-05 0.000333333333333333 5.55555555555556e-05 5.55555555555556e-05 5.55555555555556e-05 0.000333333333333333 5.55555555555556e-05 5.55555555555556e-05 0.000333333333333333 0.000333333333333333 5.55555555555556e-05 0.997055555555556 0.000333333333333333 5.55555555555556e-05; % p D=0.3
0.059 0.002 0.000333333333333333 0.000333333333333333 0.000333333333333333 0.000333333333333333 0.159 0.000333333333333333 0.000333333333333333 0.000333333333333333 0.159 0.000333333333333333 0.000333333333333333 0.189 0.199 0.000333333333333333 0.000333333333333333 0.229 0.000333333333333333; % t D=0.3
0.000333333333333333 0.000333333333333333 5.55555555555556e-05 5.55555555555556e-05 5.55555555555556e-05 5.55555555555556e-05 0.000333333333333333 5.55555555555556e-05 5.55555555555556e-05 0.997055555555556 0.000333333333333333 5.55555555555556e-05 5.55555555555556e-05 0.000333333333333333 0.000333333333333333 5.55555555555556e-05 5.55555555555556e-05 0.000333333333333333 5.55555555555556e-05; % v D=0.3
0.029 0.199 0.000333333333333333 0.000333333333333333 0.000333333333333333 0.000333333333333333 0.199 0.000333333333333333 0.000333333333333333 0.000333333333333333 0.249 0.000333333333333333 0.000333333333333333 0.159 0.002 0.000333333333333333 0.000333333333333333 0.159 0.000333333333333333; % z D=0.3
0.0106666666666667 0.274666666666667 0.00177777777777778 0.00177777777777778 0.00177777777777778 0.00177777777777778 0.234666666666667 0.00177777777777778 0.00177777777777778 0.00177777777777778 0.0346666666666667 0.00177777777777778 0.00177777777777778 0.154666666666667 0.0746666666666667 0.00177777777777778 0.00177777777777778 0.194666666666667 0.00177777777777778; % $ D=0.4
0.000444444444444445 0.000444444444444445 7.40740740740741e-05 7.40740740740741e-05 7.40740740740741e-05 7.40740740740741e-05 0.000444444444444445 7.40740740740741e-05 0.996074074074074 7.40740740740741e-05 0.000444444444444445 7.40740740740741e-05 7.40740740740741e-05 0.000444444444444445 0.000444444444444445 7.40740740740741e-05 7.40740740740741e-05 0.000444444444444445 7.40740740740741e-05; % B D=0.4
0.0586666666666667 0.218666666666667 0.000444444444444445 0.000444444444444445 0.000444444444444445 0.000444444444444445 0.178666666666667 0.000444444444444445 0.000444444444444445 0.000444444444444445 0.00266666666666667 0.000444444444444445 0.000444444444444445 0.188666666666667 0.198666666666667 0.000444444444444445 0.000444444444444445 0.148666666666667 0.000444444444444445; % D D=0.4
0.000444444444444445 0.000444444444444445 7.40740740740741e-05 7.40740740740741e-05 7.40740740740741e-05 7.40740740740741e-05 0.000444444444444445 0.996074074074074 7.40740740740741e-05 7.40740740740741e-05 0.000444444444444445 7.40740740740741e-05 7.40740740740741e-05 0.000444444444444445 0.000444444444444445 7.40740740740741e-05 7.40740740740741e-05 0.000444444444444445 7.40740740740741e-05; % G D=0.4
0.000444444444444445 0.000444444444444445 7.40740740740741e-05 7.40740740740741e-05 7.40740740740741e-05 0.996074074074074 0.000444444444444445 7.40740740740741e-05 7.40740740740741e-05 7.40740740740741e-05 0.000444444444444445 7.40740740740741e-05 7.40740740740741e-05 0.000444444444444445 0.000444444444444445 7.40740740740741e-05 7.40740740740741e-05 0.000444444444444445 7.40740740740741e-05; % K D=0.4
0.0286666666666667 0.158666666666667 0.000444444444444445 0.000444444444444445 0.000444444444444445 0.000444444444444445 0.198666666666667 0.000444444444444445 0.000444444444444445 0.000444444444444445 0.238666666666667 0.000444444444444445 0.000444444444444445 0.00266666666666667 0.108666666666667 0.000444444444444445 0.000444444444444445 0.258666666666667 0.000444444444444445; % L D=0.4
0.000444444444444445 0.000444444444444445 7.40740740740741e-05 7.40740740740741e-05 7.40740740740741e-05 7.40740740740741e-05 0.000444444444444445 7.40740740740741e-05 7.40740740740741e-05 7.40740740740741e-05 0.000444444444444445 0.996074074074074 7.40740740740741e-05 0.000444444444444445 0.000444444444444445 7.40740740740741e-05 7.40740740740741e-05 0.000444444444444445 7.40740740740741e-05; % P D=0.4
0.000444444444444445 0.000444444444444445 7.40740740740741e-05 7.40740740740741e-05 7.40740740740741e-05 7.40740740740741e-05 0.000444444444444445 7.40740740740741e-05 7.40740740740741e-05 7.40740740740741e-05 0.000444444444444445 7.40740740740741e-05 7.40740740740741e-05 0.000444444444444445 0.000444444444444445 7.40740740740741e-05 7.40740740740741e-05 0.000444444444444445 0.996074074074074; % T D=0.4
0.000444444444444445 0.000444444444444445 7.40740740740741e-05 7.40740740740741e-05 7.40740740740741e-05 7.40740740740741e-05 0.000444444444444445 7.40740740740741e-05 7.40740740740741e-05 7.40740740740741e-05 0.000444444444444445 7.40740740740741e-05 7.40740740740741e-05 0.000444444444444445 0.000444444444444445 0.996074074074074 7.40740740740741e-05 0.000444444444444445 7.40740740740741e-05; % V D=0.4
0.0286666666666667 0.168666666666667 0.000444444444444445 0.000444444444444445 0.000444444444444445 0.000444444444444445 0.198666666666667 0.000444444444444445 0.000444444444444445 0.000444444444444445 0.128666666666667 0.000444444444444445 0.000444444444444445 0.268666666666667 0.198666666666667 0.000444444444444445 0.000444444444444445 0.00266666666666667 0.000444444444444445; % Z D=0.4
0.000444444444444445 0.000444444444444445 0.996074074074074 7.40740740740741e-05 7.40740740740741e-05 7.40740740740741e-05 0.000444444444444445 7.40740740740741e-05 7.40740740740741e-05 7.40740740740741e-05 0.000444444444444445 7.40740740740741e-05 7.40740740740741e-05 0.000444444444444445 0.000444444444444445 7.40740740740741e-05 7.40740740740741e-05 0.000444444444444445 7.40740740740741e-05; % b D=0.4
0.000444444444444445 0.000444444444444445 7.40740740740741e-05 7.40740740740741e-05 7.40740740740741e-05 7.40740740740741e-05 0.000444444444444445 7.40740740740741e-05 7.40740740740741e-05 7.40740740740741e-05 0.000444444444444445 7.40740740740741e-05 0.996074074074074 0.000444444444444445 0.000444444444444445 7.40740740740741e-05 7.40740740740741e-05 0.000444444444444445 7.40740740740741e-05; % d D=0.4
0.0386666666666667 0.178666666666667 0.000444444444444445 0.000444444444444445 0.000444444444444445 0.000444444444444445 0.00266666666666667 0.000444444444444445 0.000444444444444445 0.000444444444444445 0.208666666666667 0.000444444444444445 0.000444444444444445 0.148666666666667 0.268666666666667 0.000444444444444445 0.000444444444444445 0.148666666666667 0.000444444444444445; % g D=0.4
0.000444444444444445 0.000444444444444445 7.40740740740741e-05 7.40740740740741e-05 0.996074074074074 7.40740740740741e-05 0.000444444444444445 7.40740740740741e-05 7.40740740740741e-05 7.40740740740741e-05 0.000444444444444445 7.40740740740741e-05 7.40740740740741e-05 0.000444444444444445 0.000444444444444445 7.40740740740741e-05 7.40740740740741e-05 0.000444444444444445 7.40740740740741e-05; % k D=0.4
0.000444444444444445 0.000444444444444445 7.40740740740741e-05 0.996074074074074 7.40740740740741e-05 7.40740740740741e-05 0.000444444444444445 7.40740740740741e-05 7.40740740740741e-05 7.40740740740741e-05 0.000444444444444445 7.40740740740741e-05 7.40740740740741e-05 0.000444444444444445 0.000444444444444445 7.40740740740741e-05 7.40740740740741e-05 0.000444444444444445 7.40740740740741e-05; % l D=0.4
0.000444444444444445 0.000444444444444445 7.40740740740741e-05 7.40740740740741e-05 7.40740740740741e-05 7.40740740740741e-05 0.000444444444444445 7.40740740740741e-05 7.40740740740741e-05 7.40740740740741e-05 0.000444444444444445 7.40740740740741e-05 7.40740740740741e-05 0.000444444444444445 0.000444444444444445 7.40740740740741e-05 0.996074074074074 0.000444444444444445 7.40740740740741e-05; % p D=0.4
0.0586666666666667 0.00266666666666667 0.000444444444444445 0.000444444444444445 0.000444444444444445 0.000444444444444445 0.158666666666667 0.000444444444444445 0.000444444444444445 0.000444444444444445 0.158666666666667 0.000444444444444445 0.000444444444444445 0.188666666666667 0.198666666666667 0.000444444444444445 0.000444444444444445 0.228666666666667 0.000444444444444445; % t D=0.4
0.000444444444444445 0.000444444444444445 7.40740740740741e-05 7.40740740740741e-05 7.40740740740741e-05 7.40740740740741e-05 0.000444444444444445 7.40740740740741e-05 7.40740740740741e-05 0.996074074074074 0.000444444444444445 7.40740740740741e-05 7.40740740740741e-05 0.000444444444444445 0.000444444444444445 7.40740740740741e-05 7.40740740740741e-05 0.000444444444444445 7.40740740740741e-05; % v D=0.4
0.0286666666666667 0.198666666666667 0.000444444444444445 0.000444444444444445 0.000444444444444445 0.000444444444444445 0.198666666666667 0.000444444444444445 0.000444444444444445 0.000444444444444445 0.248666666666667 0.000444444444444445 0.000444444444444445 0.158666666666667 0.00266666666666667 0.000444444444444445 0.000444444444444445 0.158666666666667 0.000444444444444445; % z D=0.4
0.0133333333333333 0.273333333333333 0.00222222222222222 0.00222222222222222 0.00222222222222222 0.00222222222222222 0.233333333333333 0.00222222222222222 0.00222222222222222 0.00222222222222222 0.0333333333333333 0.00222222222222222 0.00222222222222222 0.153333333333333 0.0733333333333333 0.00222222222222222 0.00222222222222222 0.193333333333333 0.00222222222222222; % $ D=0.5
0.000555555555555556 0.000555555555555556 9.25925925925926e-05 9.25925925925926e-05 9.25925925925926e-05 9.25925925925926e-05 0.000555555555555556 9.25925925925926e-05 0.995092592592593 9.25925925925926e-05 0.000555555555555556 9.25925925925926e-05 9.25925925925926e-05 0.000555555555555556 0.000555555555555556 9.25925925925926e-05 9.25925925925926e-05 0.000555555555555556 9.25925925925926e-05; % B D=0.5
0.0583333333333333 0.218333333333333 0.000555555555555556 0.000555555555555556 0.000555555555555556 0.000555555555555556 0.178333333333333 0.000555555555555556 0.000555555555555556 0.000555555555555556 0.00333333333333333 0.000555555555555556 0.000555555555555556 0.188333333333333 0.198333333333333 0.000555555555555556 0.000555555555555556 0.148333333333333 0.000555555555555556; % D D=0.5
0.000555555555555556 0.000555555555555556 9.25925925925926e-05 9.25925925925926e-05 9.25925925925926e-05 9.25925925925926e-05 0.000555555555555556 0.995092592592593 9.25925925925926e-05 9.25925925925926e-05 0.000555555555555556 9.25925925925926e-05 9.25925925925926e-05 0.000555555555555556 0.000555555555555556 9.25925925925926e-05 9.25925925925926e-05 0.000555555555555556 9.25925925925926e-05; % G D=0.5
0.000555555555555556 0.000555555555555556 9.25925925925926e-05 9.25925925925926e-05 9.25925925925926e-05 0.995092592592593 0.000555555555555556 9.25925925925926e-05 9.25925925925926e-05 9.25925925925926e-05 0.000555555555555556 9.25925925925926e-05 9.25925925925926e-05 0.000555555555555556 0.000555555555555556 9.25925925925926e-05 9.25925925925926e-05 0.000555555555555556 9.25925925925926e-05; % K D=0.5
0.0283333333333333 0.158333333333333 0.000555555555555556 0.000555555555555556 0.000555555555555556 0.000555555555555556 0.198333333333333 0.000555555555555556 0.000555555555555556 0.000555555555555556 0.238333333333333 0.000555555555555556 0.000555555555555556 0.00333333333333333 0.108333333333333 0.000555555555555556 0.000555555555555556 0.258333333333333 0.000555555555555556; % L D=0.5
0.000555555555555556 0.000555555555555556 9.25925925925926e-05 9.25925925925926e-05 9.25925925925926e-05 9.25925925925926e-05 0.000555555555555556 9.25925925925926e-05 9.25925925925926e-05 9.25925925925926e-05 0.000555555555555556 0.995092592592593 9.25925925925926e-05 0.000555555555555556 0.000555555555555556 9.25925925925926e-05 9.25925925925926e-05 0.000555555555555556 9.25925925925926e-05; % P D=0.5
0.000555555555555556 0.000555555555555556 9.25925925925926e-05 9.25925925925926e-05 9.25925925925926e-05 9.25925925925926e-05 0.000555555555555556 9.25925925925926e-05 9.25925925925926e-05 9.25925925925926e-05 0.000555555555555556 9.25925925925926e-05 9.25925925925926e-05 0.000555555555555556 0.000555555555555556 9.25925925925926e-05 9.25925925925926e-05 0.000555555555555556 0.995092592592593; % T D=0.5
0.000555555555555556 0.000555555555555556 9.25925925925926e-05 9.25925925925926e-05 9.25925925925926e-05 9.25925925925926e-05 0.000555555555555556 9.25925925925926e-05 9.25925925925926e-05 9.25925925925926e-05 0.000555555555555556 9.25925925925926e-05 9.25925925925926e-05 0.000555555555555556 0.000555555555555556 0.995092592592593 9.25925925925926e-05 0.000555555555555556 9.25925925925926e-05; % V D=0.5
0.0283333333333333 0.168333333333333 0.000555555555555556 0.000555555555555556 0.000555555555555556 0.000555555555555556 0.198333333333333 0.000555555555555556 0.000555555555555556 0.000555555555555556 0.128333333333333 0.000555555555555556 0.000555555555555556 0.268333333333333 0.198333333333333 0.000555555555555556 0.000555555555555556 0.00333333333333333 0.000555555555555556; % Z D=0.5
0.000555555555555556 0.000555555555555556 0.995092592592593 9.25925925925926e-05 9.25925925925926e-05 9.25925925925926e-05 0.000555555555555556 9.25925925925926e-05 9.25925925925926e-05 9.25925925925926e-05 0.000555555555555556 9.25925925925926e-05 9.25925925925926e-05 0.000555555555555556 0.000555555555555556 9.25925925925926e-05 9.25925925925926e-05 0.000555555555555556 9.25925925925926e-05; % b D=0.5
0.000555555555555556 0.000555555555555556 9.25925925925926e-05 9.25925925925926e-05 9.25925925925926e-05 9.25925925925926e-05 0.000555555555555556 9.25925925925926e-05 9.25925925925926e-05 9.25925925925926e-05 0.000555555555555556 9.25925925925926e-05 0.995092592592593 0.000555555555555556 0.000555555555555556 9.25925925925926e-05 9.25925925925926e-05 0.000555555555555556 9.25925925925926e-05; % d D=0.5
0.0383333333333333 0.178333333333333 0.000555555555555556 0.000555555555555556 0.000555555555555556 0.000555555555555556 0.00333333333333333 0.000555555555555556 0.000555555555555556 0.000555555555555556 0.208333333333333 0.000555555555555556 0.000555555555555556 0.148333333333333 0.268333333333333 0.000555555555555556 0.000555555555555556 0.148333333333333 0.000555555555555556; % g D=0.5
0.000555555555555556 0.000555555555555556 9.25925925925926e-05 9.25925925925926e-05 0.995092592592593 9.25925925925926e-05 0.000555555555555556 9.25925925925926e-05 9.25925925925926e-05 9.25925925925926e-05 0.000555555555555556 9.25925925925926e-05 9.25925925925926e-05 0.000555555555555556 0.000555555555555556 9.25925925925926e-05 9.25925925925926e-05 0.000555555555555556 9.25925925925926e-05; % k D=0.5
0.000555555555555556 0.000555555555555556 9.25925925925926e-05 0.995092592592593 9.25925925925926e-05 9.25925925925926e-05 0.000555555555555556 9.25925925925926e-05 9.25925925925926e-05 9.25925925925926e-05 0.000555555555555556 9.25925925925926e-05 9.25925925925926e-05 0.000555555555555556 0.000555555555555556 9.25925925925926e-05 9.25925925925926e-05 0.000555555555555556 9.25925925925926e-05; % l D=0.5
0.000555555555555556 0.000555555555555556 9.25925925925926e-05 9.25925925925926e-05 9.25925925925926e-05 9.25925925925926e-05 0.000555555555555556 9.25925925925926e-05 9.25925925925926e-05 9.25925925925926e-05 0.000555555555555556 9.25925925925926e-05 9.25925925925926e-05 0.000555555555555556 0.000555555555555556 9.25925925925926e-05 0.995092592592593 0.000555555555555556 9.25925925925926e-05; % p D=0.5
0.0583333333333333 0.00333333333333333 0.000555555555555556 0.000555555555555556 0.000555555555555556 0.000555555555555556 0.158333333333333 0.000555555555555556 0.000555555555555556 0.000555555555555556 0.158333333333333 0.000555555555555556 0.000555555555555556 0.188333333333333 0.198333333333333 0.000555555555555556 0.000555555555555556 0.228333333333333 0.000555555555555556; % t D=0.5
0.000555555555555556 0.000555555555555556 9.25925925925926e-05 9.25925925925926e-05 9.25925925925926e-05 9.25925925925926e-05 0.000555555555555556 9.25925925925926e-05 9.25925925925926e-05 0.995092592592593 0.000555555555555556 9.25925925925926e-05 9.25925925925926e-05 0.000555555555555556 0.000555555555555556 9.25925925925926e-05 9.25925925925926e-05 0.000555555555555556 9.25925925925926e-05; % v D=0.5
0.0283333333333333 0.198333333333333 0.000555555555555556 0.000555555555555556 0.000555555555555556 0.000555555555555556 0.198333333333333 0.000555555555555556 0.000555555555555556 0.000555555555555556 0.248333333333333 0.000555555555555556 0.000555555555555556 0.158333333333333 0.00333333333333333 0.000555555555555556 0.000555555555555556 0.158333333333333 0.000555555555555556; % z D=0.5
0.016 0.272 0.00266666666666667 0.00266666666666667 0.00266666666666667 0.00266666666666667 0.232 0.00266666666666667 0.00266666666666667 0.00266666666666667 0.032 0.00266666666666667 0.00266666666666667 0.152 0.072 0.00266666666666667 0.00266666666666667 0.192 0.00266666666666667; % $ D=0.6
0.000666666666666667 0.000666666666666667 0.000111111111111111 0.000111111111111111 0.000111111111111111 0.000111111111111111 0.000666666666666667 0.000111111111111111 0.994111111111111 0.000111111111111111 0.000666666666666667 0.000111111111111111 0.000111111111111111 0.000666666666666667 0.000666666666666667 0.000111111111111111 0.000111111111111111 0.000666666666666667 0.000111111111111111; % B D=0.6
0.058 0.218 0.000666666666666667 0.000666666666666667 0.000666666666666667 0.000666666666666667 0.178 0.000666666666666667 0.000666666666666667 0.000666666666666667 0.004 0.000666666666666667 0.000666666666666667 0.188 0.198 0.000666666666666667 0.000666666666666667 0.148 0.000666666666666667; % D D=0.6
0.000666666666666667 0.000666666666666667 0.000111111111111111 0.000111111111111111 0.000111111111111111 0.000111111111111111 0.000666666666666667 0.994111111111111 0.000111111111111111 0.000111111111111111 0.000666666666666667 0.000111111111111111 0.000111111111111111 0.000666666666666667 0.000666666666666667 0.000111111111111111 0.000111111111111111 0.000666666666666667 0.000111111111111111; % G D=0.6
0.000666666666666667 0.000666666666666667 0.000111111111111111 0.000111111111111111 0.000111111111111111 0.994111111111111 0.000666666666666667 0.000111111111111111 0.000111111111111111 0.000111111111111111 0.000666666666666667 0.000111111111111111 0.000111111111111111 0.000666666666666667 0.000666666666666667 0.000111111111111111 0.000111111111111111 0.000666666666666667 0.000111111111111111; % K D=0.6
0.028 0.158 0.000666666666666667 0.000666666666666667 0.000666666666666667 0.000666666666666667 0.198 0.000666666666666667 0.000666666666666667 0.000666666666666667 0.238 0.000666666666666667 0.000666666666666667 0.004 0.108 0.000666666666666667 0.000666666666666667 0.258 0.000666666666666667; % L D=0.6
