syllables = '$BDGKLPTVZbdgklptvz';
discounts = [0.1 0.2 0.3 0.4 0.5 0.6 0.7 0.8 0.9 0.95];
kn_probs = [0.000222222222222222 0.203222222222222 3.7037037037037e-05 3.7037037037037e-05 0.173222222222222 3.7037037037037e-05 3.7037037037037e-05 3.7037037037037e-05 3.7037037037037e-05 3.7037037037037e-05 3.7037037037037e-05 3.7037037037037e-05 0.159888888888889 0.156555555555556 3.7037037037037e-05 0.143222222222222 3.7037037037037e-05 0.163222222222222 3.7037037037037e-05; % $ D=0.1
0.000111111111111111 0.000111111111111111 1.85185185185185e-05 1.85185185185185e-05 0.000111111111111111 0.999018518518519 1.85185185185185e-05 1.85185185185185e-05 1.85185185185185e-05 1.85185185185185e-05 1.85185185185185e-05 1.85185185185185e-05 0.000111111111111111 0.000111111111111111 1.85185185185185e-05 0.000111111111111111 1.85185185185185e-05 0.000111111111111111 1.85185185185185e-05; % B D=0.1
0.000111111111111111 0.000111111111111111 1.85185185185185e-05 1.85185185185185e-05 0.000111111111111111 1.85185185185185e-05 1.85185185185185e-05 1.85185185185185e-05 1.85185185185185e-05 0.999018518518519 1.85185185185185e-05 1.85185185185185e-05 0.000111111111111111 0.000111111111111111 1.85185185185185e-05 0.000111111111111111 1.85185185185185e-05 0.000111111111111111 1.85185185185185e-05; % D D=0.1
0.519666666666667 0.0896666666666667 0.000111111111111111 0.000111111111111111 0.0496666666666667 0.000111111111111111 0.000111111111111111 0.000111111111111111 0.000111111111111111 0.000111111111111111 0.000111111111111111 0.000111111111111111 0.000666666666666667 0.0996666666666667 0.000111111111111111 0.129666666666667 0.000111111111111111 0.109666666666667 0.000111111111111111; % G D=0.1
0.000111111111111111 0.000111111111111111 1.85185185185185e-05 1.85185185185185e-05 0.000111111111111111 1.85185185185185e-05 1.85185185185185e-05 1.85185185185185e-05 0.999018518518519 1.85185185185185e-05 1.85185185185185e-05 1.85185185185185e-05 0.000111111111111111 0.000111111111111111 1.85185185185185e-05 0.000111111111111111 1.85185185185185e-05 0.000111111111111111 1.85185185185185e-05; % K D=0.1
0.000111111111111111 0.000111111111111111 1.85185185185185e-05 1.85185185185185e-05 0.000111111111111111 1.85185185185185e-05 0.999018518518519 1.85185185185185e-05 1.85185185185185e-05 1.85185185185185e-05 1.85185185185185e-05 1.85185185185185e-05 0.000111111111111111 0.000111111111111111 1.85185185185185e-05 0.000111111111111111 1.85185185185185e-05 0.000111111111111111 1.85185185185185e-05; % L D=0.1
0.389666666666667 0.000666666666666667 0.000111111111111111 0.000111111111111111 0.139666666666667 0.000111111111111111 0.000111111111111111 0.000111111111111111 0.000111111111111111 0.000111111111111111 0.000111111111111111 0.000111111111111111 0.129666666666667 0.0896666666666667 0.000111111111111111 0.149666666666667 0.000111111111111111 0.0996666666666667 0.000111111111111111; % P D=0.1
0.000111111111111111 0.000111111111111111 1.85185185185185e-05 0.999018518518519 0.000111111111111111 1.85185185185185e-05 1.85185185185185e-05 1.85185185185185e-05 1.85185185185185e-05 1.85185185185185e-05 1.85185185185185e-05 1.85185185185185e-05 0.000111111111111111 0.000111111111111111 1.85185185185185e-05 0.000111111111111111 1.85185185185185e-05 0.000111111111111111 1.85185185185185e-05; % T D=0.1
0.479666666666667 0.0796666666666667 0.000111111111111111 0.000111111111111111 0.000666666666666667 0.000111111111111111 0.000111111111111111 0.000111111111111111 0.000111111111111111 0.000111111111111111 0.000111111111111111 0.000111111111111111 0.0796666666666667 0.149666666666667 0.000111111111111111 0.109666666666667 0.000111111111111111 0.0996666666666667 0.000111111111111111; % V D=0.1
0.529666666666667 0.0696666666666667 0.000111111111111111 0.000111111111111111 0.0896666666666667 0.000111111111111111 0.000111111111111111 0.000111111111111111 0.000111111111111111 0.000111111111111111 0.000111111111111111 0.000111111111111111 0.119666666666667 0.000666666666666667 0.000111111111111111 0.0796666666666667 0.000111111111111111 0.109666666666667 0.000111111111111111; % Z D=0.1
0.000111111111111111 0.000111111111111111 0.999018518518519 1.85185185185185e-05 0.000111111111111111 1.85185185185185e-05 1.85185185185185e-05 1.85185185185185e-05 1.85185185185185e-05 1.85185185185185e-05 1.85185185185185e-05 1.85185185185185e-05 0.000111111111111111 0.000111111111111111 1.85185185185185e-05 0.000111111111111111 1.85185185185185e-05 0.000111111111111111 1.85185185185185e-05; % b D=0.1
0.000111111111111111 0.000111111111111111 1.85185185185185e-05 1.85185185185185e-05 0.000111111111111111 1.85185185185185e-05 1.85185185185185e-05 1.85185185185185e-05 1.85185185185185e-05 1.85185185185185e-05 1.85185185185185e-05 1.85185185185185e-05 0.000111111111111111 0.000111111111111111 1.85185185185185e-05 0.000111111111111111 1.85185185185185e-05 0.000111111111111111 0.999018518518519; % d D=0.1
0.000111111111111111 0.000111111111111111 1.85185185185185e-05 1.85185185185185e-05 0.000111111111111111 1.85185185185185e-05 1.85185185185185e-05 1.85185185185185e-05 1.85185185185185e-05 1.85185185185185e-05 1.85185185185185e-05 1.85185185185185e-05 0.000111111111111111 0.000111111111111111 0.999018518518519 0.000111111111111111 1.85185185185185e-05 0.000111111111111111 1.85185185185185e-05; % g D=0.1
0.000111111111111111 0.000111111111111111 1.85185185185185e-05 1.85185185185185e-05 0.000111111111111111 1.85185185185185e-05 1.85185185185185e-05 1.85185185185185e-05 1.85185185185185e-05 1.85185185185185e-05 0.999018518518519 1.85185185185185e-05 0.000111111111111111 0.000111111111111111 1.85185185185185e-05 0.000111111111111111 1.85185185185185e-05 0.000111111111111111 1.85185185185185e-05; % k D=0.1
0.000111111111111111 0.000111111111111111 1.85185185185185e-05 1.85185185185185e-05 0.000111111111111111 1.85185185185185e-05 1.85185185185185e-05 0.999018518518519 1.85185185185185e-05 1.85185185185185e-05 1.85185185185185e-05 1.85185185185185e-05 0.000111111111111111 0.000111111111111111 1.85185185185185e-05 0.000111111111111111 1.85185185185185e-05 0.000111111111111111 1.85185185185185e-05; % l D=0.1
0.000111111111111111 0.000111111111111111 1.85185185185185e-05 1.85185185185185e-05 0.000111111111111111 1.85185185185185e-05 1.85185185185185e-05 1.85185185185185e-05 1.85185185185185e-05 1.85185185185185e-05 1.85185185185185e-05 0.999018518518519 0.000111111111111111 0.000111111111111111 1.85185185185185e-05 0.000111111111111111 1.85185185185185e-05 0.000111111111111111 1.85185185185185e-05; % p D=0.1
0.509666666666667 0.0696666666666667 0.000111111111111111 0.000111111111111111 0.109666666666667 0.000111111111111111 0.000111111111111111 0.000111111111111111 0.000111111111111111 0.000111111111111111 0.000111111111111111 0.000111111111111111 0.129666666666667 0.0796666666666667 0.000111111111111111 0.0996666666666667 0.000111111111111111 0.000666666666666667 0.000111111111111111; % t D=0.1
0.000111111111111111 0.000111111111111111 1.85185185185185e-05 1.85185185185185e-05 0.000111111111111111 1.85185185185185e-05 1.85185185185185e-05 1.85185185185185e-05 1.85185185185185e-05 1.85185185185185e-05 1.85185185185185e-05 1.85185185185185e-05 0.000111111111111111 0.000111111111111111 1.85185185185185e-05 0.000111111111111111 0.999018518518519 0.000111111111111111 1.85185185185185e-05; % v D=0.1
0.569666666666667 0.0796666666666667 0.000111111111111111 0.000111111111111111 0.0896666666666667 0.000111111111111111 0.000111111111111111 0.000111111111111111 0.000111111111111111 0.000111111111111111 0.000111111111111111 0.000111111111111111 0.0596666666666667 0.109666666666667 0.000111111111111111 0.000666666666666667 0.000111111111111111 0.0896666666666667 0.000111111111111111; % z D=0.1
0.000444444444444445 0.203111111111111 7.40740740740741e-05 7.40740740740741e-05 0.173111111111111 7.40740740740741e-05 7.40740740740741e-05 7.40740740740741e-05 7.40740740740741e-05 7.40740740740741e-05 7.40740740740741e-05 7.40740740740741e-05 0.159777777777778 0.156444444444444 7.40740740740741e-05 0.143111111111111 7.40740740740741e-05 0.163111111111111 7.40740740740741e-05; % $ D=0.2
0.000222222222222222 0.000222222222222222 3.7037037037037e-05 3.7037037037037e-05 0.000222222222222222 0.998037037037037 3.7037037037037e-05 3.7037037037037e-05 3.7037037037037e-05 3.7037037037037e-05 3.7037037037037e-05 3.7037037037037e-05 0.000222222222222222 0.000222222222222222 3.7037037037037e-05 0.000222222222222222 3.7037037037037e-05 0.000222222222222222 3.7037037037037e-05; % B D=0.2
0.000222222222222222 0.000222222222222222 3.7037037037037e-05 3.7037037037037e-05 0.000222222222222222 3.7037037037037e-05 3.7037037037037e-05 3.7037037037037e-05 3.7037037037037e-05 0.998037037037037 3.7037037037037e-05 3.7037037037037e-05 0.000222222222222222 0.000222222222222222 3.7037037037037e-05 0.000222222222222222 3.7037037037037e-05 0.000222222222222222 3.7037037037037e-05; % D D=0.2
0.519333333333333 0.0893333333333333 0.000222222222222222 0.000222222222222222 0.0493333333333333 0.000222222222222222 0.000222222222222222 0.000222222222222222 0.000222222222222222 0.000222222222222222 0.000222222222222222 0.000222222222222222 0.00133333333333333 0.0993333333333333 0.000222222222222222 0.129333333333333 0.000222222222222222 0.109333333333333 0.000222222222222222; % G D=0.2
0.000222222222222222 0.000222222222222222 3.7037037037037e-05 3.7037037037037e-05 0.000222222222222222 3.7037037037037e-05 3.7037037037037e-05 3.7037037037037e-05 0.998037037037037 3.7037037037037e-05 3.7037037037037e-05 3.7037037037037e-05 0.000222222222222222 0.000222222222222222 3.7037037037037e-05 0.000222222222222222 3.7037037037037e-05 0.000222222222222222 3.7037037037037e-05; % K D=0.2
0.000222222222222222 0.000222222222222222 3.7037037037037e-05 3.7037037037037e-05 0.000222222222222222 3.7037037037037e-05 0.998037037037037 3.7037037037037e-05 3.7037037037037e-05 3.7037037037037e-05 3.7037037037037e-05 3.7037037037037e-05 0.000222222222222222 0.000222222222222222 3.7037037037037e-05 0.000222222222222222 3.7037037037037e-05 0.000222222222222222 3.7037037037037e-05; % L D=0.2
0.389333333333333 0.00133333333333333 0.000222222222222222 0.000222222222222222 0.139333333333333 0.000222222222222222 0.000222222222222222 0.000222222222222222 0.000222222222222222 0.000222222222222222 0.000222222222222222 0.000222222222222222 0.129333333333333 0.0893333333333333 0.000222222222222222 0.149333333333333 0.000222222222222222 0.0993333333333333 0.000222222222222222; % P D=0.2
0.000222222222222222 0.000222222222222222 3.7037037037037e-05 0.998037037037037 0.000222222222222222 3.7037037037037e-05 3.7037037037037e-05 3.7037037037037e-05 3.7037037037037e-05 3.7037037037037e-05 3.7037037037037e-05 3.7037037037037e-05 0.000222222222222222 0.000222222222222222 3.7037037037037e-05 0.000222222222222222 3.7037037037037e-05 0.000222222222222222 3.7037037037037e-05; % T D=0.2
0.479333333333333 0.0793333333333333 0.000222222222222222 0.000222222222222222 0.00133333333333333 0.000222222222222222 0.000222222222222222 0.000222222222222222 0.000222222222222222 0.000222222222222222 0.000222222222222222 0.000222222222222222 0.0793333333333333 0.149333333333333 0.000222222222222222 0.109333333333333 0.000222222222222222 0.0993333333333333 0.000222222222222222; % V D=0.2
0.529333333333333 0.0693333333333333 0.000222222222222222 0.000222222222222222 0.0893333333333333 0.000222222222222222 0.000222222222222222 0.000222222222222222 0.000222222222222222 0.000222222222222222 0.000222222222222222 0.000222222222222222 0.119333333333333 0.00133333333333333 0.000222222222222222 0.0793333333333333 0.000222222222222222 0.109333333333333 0.000222222222222222; % Z D=0.2
0.000222222222222222 0.000222222222222222 0.998037037037037 3.7037037037037e-05 0.000222222222222222 3.7037037037037e-05 3.7037037037037e-05 3.7037037037037e-05 3.7037037037037e-05 3.7037037037037e-05 3.7037037037037e-05 3.7037037037037e-05 0.000222222222222222 0.000222222222222222 3.7037037037037e-05 0.000222222222222222 3.7037037037037e-05 0.000222222222222222 3.7037037037037e-05; % b D=0.2
0.000222222222222222 0.000222222222222222 3.7037037037037e-05 3.7037037037037e-05 0.000222222222222222 3.7037037037037e-05 3.7037037037037e-05 3.7037037037037e-05 3.7037037037037e-05 3.7037037037037e-05 3.7037037037037e-05 3.7037037037037e-05 0.000222222222222222 0.000222222222222222 3.7037037037037e-05 0.000222222222222222 3.7037037037037e-05 0.000222222222222222 0.998037037037037; % d D=0.2
0.000222222222222222 0.000222222222222222 3.7037037037037e-05 3.7037037037037e-05 0.000222222222222222 3.7037037037037e-05 3.7037037037037e-05 3.7037037037037e-05 3.7037037037037e-05 3.7037037037037e-05 3.7037037037037e-05 3.7037037037037e-05 0.000222222222222222 0.000222222222222222 0.998037037037037 0.000222222222222222 3.7037037037037e-05 0.000222222222222222 3.7037037037037e-05; % g D=0.2
0.000222222222222222 0.000222222222222222 3.7037037037037e-05 3.7037037037037e-05 0.000222222222222222 3.7037037037037e-05 3.7037037037037e-05 3.7037037037037e-05 3.7037037037037e-05 3.7037037037037e-05 0.998037037037037 3.7037037037037e-05 0.000222222222222222 0.000222222222222222 3.7037037037037e-05 0.000222222222222222 3.7037037037037e-05 0.000222222222222222 3.7037037037037e-05; % k D=0.2
0.000222222222222222 0.000222222222222222 3.7037037037037e-05 3.7037037037037e-05 0.000222222222222222 3.7037037037037e-05 3.7037037037037e-05 0.998037037037037 3.7037037037037e-05 3.7037037037037e-05 3.7037037037037e-05 3.7037037037037e-05 0.000222222222222222 0.000222222222222222 3.7037037037037e-05 0.000222222222222222 3.7037037037037e-05 0.000222222222222222 3.7037037037037e-05; % l D=0.2
0.000222222222222222 0.000222222222222222 3.7037037037037e-05 3.7037037037037e-05 0.000222222222222222 3.7037037037037e-05 3.7037037037037e-05 3.7037037037037e-05 3.7037037037037e-05 3.7037037037037e-05 3.7037037037037e-05 0.998037037037037 0.000222222222222222 0.000222222222222222 3.7037037037037e-05 0.000222222222222222 3.7037037037037e-05 0.000222222222222222 3.7037037037037e-05; % p D=0.2
0.509333333333333 0.0693333333333333 0.000222222222222222 0.000222222222222222 0.109333333333333 0.000222222222222222 0.000222222222222222 0.000222222222222222 0.000222222222222222 0.000222222222222222 0.000222222222222222 0.000222222222222222 0.129333333333333 0.0793333333333333 0.000222222222222222 0.0993333333333333 0.000222222222222222 0.00133333333333333 0.000222222222222222; % t D=0.2
0.000222222222222222 0.000222222222222222 3.7037037037037e-05 3.7037037037037e-05 0.000222222222222222 3.7037037037037e-05 3.7037037037037e-05 3.7037037037037e-05 3.7037037037037e-05 3.7037037037037e-05 3.7037037037037e-05 3.7037037037037e-05 0.000222222222222222 0.000222222222222222 3.7037037037037e-05 0.000222222222222222 0.998037037037037 0.000222222222222222 3.7037037037037e-05; % v D=0.2
0.569333333333333 0.0793333333333333 0.000222222222222222 0.000222222222222222 0.0893333333333333 0.000222222222222222 0.000222222222222222 0.000222222222222222 0.000222222222222222 0.000222222222222222 0.000222222222222222 0.000222222222222222 0.0593333333333333 0.109333333333333 0.000222222222222222 0.00133333333333333 0.000222222222222222 0.0893333333333333 0.000222222222222222; % z D=0.2
0.000666666666666667 0.203 0.000111111111111111 0.000111111111111111 0.173 0.000111111111111111 0.000111111111111111 0.000111111111111111 0.000111111111111111 0.000111111111111111 0.000111111111111111 0.000111111111111111 0.159666666666667 0.156333333333333 0.000111111111111111 0.143 0.000111111111111111 0.163 0.000111111111111111; % $ D=0.3
0.000333333333333333 0.000333333333333333 5.55555555555556e-05 5.55555555555556e-05 0.000333333333333333 0.997055555555556 5.55555555555556e-05 5.55555555555556e-05 5.55555555555556e-05 5.55555555555556e-05 5.55555555555556e-05 5.55555555555556e-05 0.000333333333333333 0.000333333333333333 5.55555555555556e-05 0.000333333333333333 5.55555555555556e-05 0.000333333333333333 5.55555555555556e-05; % B D=0.3
0.000333333333333333 0.000333333333333333 5.55555555555556e-05 5.55555555555556e-05 0.000333333333333333 5.55555555555556e-05 5.55555555555556e-05 5.55555555555556e-05 5.55555555555556e-05 0.997055555555556 5.55555555555556e-05 5.55555555555556e-05 0.000333333333333333 0.000333333333333333 5.55555555555556e-05 0.000333333333333333 5.55555555555556e-05 0.000333333333333333 5.55555555555556e-05; % D D=0.3
0.519 0.089 0.000333333333333333 0.000333333333333333 0.049 0.000333333333333333 0.000333333333333333 0.000333333333333333 0.000333333333333333 0.000333333333333333 0.000333333333333333 0.000333333333333333 0.002 0.099 0.000333333333333333 0.129 0.000333333333333333 0.109 0.000333333333333333; % G D=0.3
0.000333333333333333 0.000333333333333333 5.55555555555556e-05 5.55555555555556e-05 0.000333333333333333 5.55555555555556e-05 5.55555555555556e-05 5.55555555555556e-05 0.997055555555556 5.55555555555556e-05 5.55555555555556e-05 5.55555555555556e-05 0.000333333333333333 0.000333333333333333 5.55555555555556e-05 0.000333333333333333 5.55555555555556e-05 0.000333333333333333 5.55555555555556e-05; % K D=0.3
0.000333333333333333 0.000333333333333333 5.55555555555556e-05 5.55555555555556e-05 0.000333333333333333 5.55555555555556e-05 0.997055555555556 5.55555555555556e-05 5.55555555555556e-05 5.55555555555556e-05 5.55555555555556e-05 5.55555555555556e-05 0.000333333333333333 0.000333333333333333 5.55555555555556e-05 0.000333333333333333 5.55555555555556e-05 0.000333333333333333 5.55555555555556e-05; % L D=0.3
0.389 0.002 0.000333333333333333 0.000333333333333333 0.139 0.000333333333333333 0.000333333333333333 0.000333333333333333 0.000333333333333333 0.000333333333333333 0.000333333333333333 0.000333333333333333 0.129 0.089 0.000333333333333333 0.149 0.000333333333333333 0.099 0.000333333333333333; % P D=0.3
0.000333333333333333 0.000333333333333333 5.55555555555556e-05 0.997055555555556 0.000333333333333333 5.55555555555556e-05 5.55555555555556e-05 5.55555555555556e-05 5.55555555555556e-05 5.55555555555556e-05 5.55555555555556e-05 5.55555555555556e-05 0.000333333333333333 0.000333333333333333 5.55555555555556e-05 0.000333333333333333 5.55555555555556e-05 0.000333333333333333 5.55555555555556e-05; % T D=0.3
0.479 0.079 0.000333333333333333 0.000333333333333333 0.002 0.000333333333333333 0.000333333333333333 0.000333333333333333 0.000333333333333333 0.000333333333333333 0.000333333333333333 0.000333333333333333 0.079 0.149 0.000333333333333333 0.109 0.000333333333333333 0.099 0.000333333333333333; % V D=0.3
0.529 0.069 0.000333333333333333 0.000333333333333333 0.089 0.000333333333333333 0.000333333333333333 0.000333333333333333 0.000333333333333333 0.000333333333333333 0.000333333333333333 0.000333333333333333 0.119 0.002 0.000333333333333333 0.079 0.000333333333333333 0.109 0.000333333333333333; % Z D=0.3
0.000333333333333333 0.000333333333333333 0.997055555555556 5.55555555555556e-05 0.000333333333333333 5.55555555555556e-05 5.55555555555556e-05 5.55555555555556e-05 5.55555555555556e-05 5.55555555555556e-05 5.55555555555556e-05 5.55555555555556e-05 0.000333333333333333 0.000333333333333333 5.55555555555556e-05 0.000333333333333333 5.55555555555556e-05 0.000333333333333333 5.55555555555556e-05; % b D=0.3
0.000333333333333333 0.000333333333333333 5.55555555555556e-05 5.55555555555556e-05 0.000333333333333333 5.55555555555556e-05 5.55555555555556e-05 5.55555555555556e-05 5.55555555555556e-05 5.55555555555556e-05 5.55555555555556e-05 5.55555555555556e-05 0.000333333333333333 0.000333333333333333 5.55555555555556e-05 0.000333333333333333 5.55555555555556e-05 0.000333333333333333 0.997055555555556; % d D=0.3
0.000333333333333333 0.000333333333333333 5.55555555555556e-05 5.55555555555556e-05 0.000333333333333333 5.55555555555556e-05 5.55555555555556e-05 5.55555555555556e-05 5.55555555555556e-05 5.55555555555556e-05 5.55555555555556e-05 5.55555555555556e-05 0.000333333333333333 0.000333333333333333 0.997055555555556 0.000333333333333333 5.55555555555556e-05 0.000333333333333333 5.55555555555556e-05; % g D=0.3
0.000333333333333333 0.000333333333333333 5.55555555555556e-05 5.55555555555556e-05 0.000333333333333333 5.55555555555556e-05 5.55555555555556e-05 5.55555555555556e-05 5.55555555555556e-05 5.55555555555556e-05 0.997055555555556 5.55555555555556e-05 0.000333333333333333 0.000333333333333333 5.55555555555556e-05 0.000333333333333333 5.55555555555556e-05 0.000333333333333333 5.55555555555556e-05; % k D=0.3
0.000333333333333333 0.000333333333333333 5.55555555555556e-05 5.55555555555556e-05 0.000333333333333333 5.55555555555556e-05 5.55555555555556e-05 0.997055555555556 5.55555555555556e-05 5.55555555555556e-05 5.55555555555556e-05 5.55555555555556e-05 0.000333333333333333 0.000333333333333333 5.55555555555556e-05 0.000333333333333333 5.55555555555556e-05 0.000333333333333333 5.55555555555556e-05; % l D=0.3
0.000333333333333333 0.000333333333333333 5.55555555555556e-05 5.55555555555556e-05 0.000333333333333333 5.55555555555556e-05 5.55555555555556e-05 5.55555555555556e-05 5.55555555555556e-05 5.55555555555556e-05 5.55555555555556e-05 0.997055555555556 0.000333333333333333 0.000333333333333333 5.55555555555556e-05 0.000333333333333333 5.55555555555556e-05 0.000333333333333333 5.55555555555556e-05; % p D=0.3
0.509 0.069 0.000333333333333333 0.000333333333333333 0.109 0.000333333333333333 0.000333333333333333 0.000333333333333333 0.000333333333333333 0.000333333333333333 0.000333333333333333 0.000333333333333333 0.129 0.079 0.000333333333333333 0.099 0.000333333333333333 0.002 0.000333333333333333; % t D=0.3
0.000333333333333333 0.000333333333333333 5.55555555555556e-05 5.55555555555556e-05 0.000333333333333333 5.55555555555556e-05 5.55555555555556e-05 5.55555555555556e-05 5.55555555555556e-05 5.55555555555556e-05 5.55555555555556e-05 5.55555555555556e-05 0.000333333333333333 0.000333333333333333 5.55555555555556e-05 0.000333333333333333 0.997055555555556 0.000333333333333333 5.55555555555556e-05; % v D=0.3
0.569 0.079 0.000333333333333333 0.000333333333333333 0.089 0.000333333333333333 0.000333333333333333 0.000333333333333333 0.000333333333333333 0.000333333333333333 0.000333333333333333 0.000333333333333333 0.059 0.109 0.000333333333333333 0.002 0.000333333333333333 0.089 0.000333333333333333; % z D=0.3
0.000888888888888889 0.202888888888889 0.000148148148148148 0.000148148148148148 0.172888888888889 0.000148148148148148 0.000148148148148148 0.000148148148148148 0.000148148148148148 0.000148148148148148 0.000148148148148148 0.000148148148148148 0.159555555555556 0.156222222222222 0.000148148148148148 0.142888888888889 0.000148148148148148 0.162888888888889 0.000148148148148148; % $ D=0.4
0.000444444444444445 0.000444444444444445 7.40740740740741e-05 7.40740740740741e-05 0.000444444444444445 0.996074074074074 7.40740740740741e-05 7.40740740740741e-05 7.40740740740741e-05 7.40740740740741e-05 7.40740740740741e-05 7.40740740740741e-05 0.000444444444444445 0.000444444444444445 7.40740740740741e-05 0.000444444444444445 7.40740740740741e-05 0.000444444444444445 7.40740740740741e-05; % B D=0.4
0.000444444444444445 0.000444444444444445 7.40740740740741e-05 7.40740740740741e-05 0.000444444444444445 7.40740740740741e-05 7.40740740740741e-05 7.40740740740741e-05 7.40740740740741e-05 0.996074074074074 7.40740740740741e-05 7.40740740740741e-05 0.000444444444444445 0.000444444444444445 7.40740740740741e-05 0.000444444444444445 7.40740740740741e-05 0.000444444444444445 7.40740740740741e-05; % D D=0.4
0.518666666666667 0.0886666666666667 0.000444444444444445 0.000444444444444445 0.0486666666666667 0.000444444444444445 0.000444444444444445 0.000444444444444445 0.000444444444444445 0.000444444444444445 0.000444444444444445 0.000444444444444445 0.00266666666666667 0.0986666666666667 0.000444444444444445 0.128666666666667 0.000444444444444445 0.108666666666667 0.000444444444444445; % G D=0.4
0.000444444444444445 0.000444444444444445 7.40740740740741e-05 7.40740740740741e-05 0.000444444444444445 7.40740740740741e-05 7.40740740740741e-05 7.40740740740741e-05 0.996074074074074 7.40740740740741e-05 7.40740740740741e-05 7.40740740740741e-05 0.000444444444444445 0.000444444444444445 7.40740740740741e-05 0.000444444444444445 7.40740740740741e-05 0.000444444444444445 7.40740740740741e-05; % K D=0.4
0.000444444444444445 0.000444444444444445 7.40740740740741e-05 7.40740740740741e-05 0.000444444444444445 7.40740740740741e-05 0.996074074074074 7.40740740740741e-05 7.40740740740741e-05 7.40740740740741e-05 7.40740740740741e-05 7.40740740740741e-05 0.000444444444444445 0.000444444444444445 7.40740740740741e-05 0.000444444444444445 7.40740740740741e-05 0.000444444444444445 7.40740740740741e-05; % L D=0.4
0.388666666666667 0.00266666666666667 0.000444444444444445 0.000444444444444445 0.138666666666667 0.000444444444444445 0.000444444444444445 0.000444444444444445 0.000444444444444445 0.000444444444444445 0.000444444444444445 0.000444444444444445 0.128666666666667 0.0886666666666667 0.000444444444444445 0.148666666666667 0.000444444444444445 0.0986666666666667 0.000444444444444445; % P D=0.4
0.000444444444444445 0.000444444444444445 7.40740740740741e-05 0.996074074074074 0.000444444444444445 7.40740740740741e-05 7.40740740740741e-05 7.40740740740741e-05 7.40740740740741e-05 7.40740740740741e-05 7.40740740740741e-05 7.40740740740741e-05 0.000444444444444445 0.000444444444444445 7.40740740740741e-05 0.000444444444444445 7.40740740740741e-05 0.000444444444444445 7.40740740740741e-05; % T D=0.4
0.478666666666667 0.0786666666666667 0.000444444444444445 0.000444444444444445 0.00266666666666667 0.000444444444444445 0.000444444444444445 0.000444444444444445 0.000444444444444445 0.000444444444444445 0.000444444444444445 0.000444444444444445 0.0786666666666667 0.148666666666667 0.000444444444444445 0.108666666666667 0.000444444444444445 0.0986666666666667 0.000444444444444445; % V D=0.4
0.528666666666667 0.0686666666666667 0.000444444444444445 0.000444444444444445 0.0886666666666667 0.000444444444444445 0.000444444444444445 0.000444444444444445 0.000444444444444445 0.000444444444444445 0.000444444444444445 0.000444444444444445 0.118666666666667 0.00266666666666667 0.000444444444444445 0.0786666666666667 0.000444444444444445 0.108666666666667 0.000444444444444445; % Z D=0.4
0.000444444444444445 0.000444444444444445 0.996074074074074 7.40740740740741e-05 0.000444444444444445 7.40740740740741e-05 7.40740740740741e-05 7.40740740740741e-05 7.40740740740741e-05 7.40740740740741e-05 7.40740740740741e-05 7.40740740740741e-05 0.000444444444444445 0.000444444444444445 7.40740740740741e-05 0.000444444444444445 7.40740740740741e-05 0.000444444444444445 7.40740740740741e-05; % b D=0.4
0.000444444444444445 0.000444444444444445 7.40740740740741e-05 7.40740740740741e-05 0.000444444444444445 7.40740740740741e-05 7.40740740740741e-05 7.40740740740741e-05 7.40740740740741e-05 7.40740740740741e-05 7.40740740740741e-05 7.40740740740741e-05 0.000444444444444445 0.000444444444444445 7.40740740740741e-05 0.000444444444444445 7.40740740740741e-05 0.000444444444444445 0.996074074074074; % d D=0.4
0.000444444444444445 0.000444444444444445 7.40740740740741e-05 7.40740740740741e-05 0.000444444444444445 7.40740740740741e-05 7.40740740740741e-05 7.40740740740741e-05 7.40740740740741e-05 7.40740740740741e-05 7.40740740740741e-05 7.40740740740741e-05 0.000444444444444445 0.000444444444444445 0.996074074074074 0.000444444444444445 7.40740740740741e-05 0.000444444444444445 7.40740740740741e-05; % g D=0.4
0.000444444444444445 0.000444444444444445 7.40740740740741e-05 7.40740740740741e-05 0.000444444444444445 7.40740740740741e-05 7.40740740740741e-05 7.40740740740741e-05 7.40740740740741e-05 7.40740740740741e-05 0.996074074074074 7.40740740740741e-05 0.000444444444444445 0.000444444444444445 7.40740740740741e-05 0.000444444444444445 7.40740740740741e-05 0.000444444444444445 7.40740740740741e-05; % k D=0.4
0.000444444444444445 0.000444444444444445 7.40740740740741e-05 7.40740740740741e-05 0.000444444444444445 7.40740740740741e-05 7.40740740740741e-05 0.996074074074074 7.40740740740741e-05 7.40740740740741e-05 7.40740740740741e-05 7.40740740740741e-05 0.000444444444444445 0.000444444444444445 7.40740740740741e-05 0.000444444444444445 7.40740740740741e-05 0.000444444444444445 7.40740740740741e-05; % l D=0.4
0.000444444444444445 0.000444444444444445 7.40740740740741e-05 7.40740740740741e-05 0.000444444444444445 7.40740740740741e-05 7.40740740740741e-05 7.40740740740741e-05 7.40740740740741e-05 7.40740740740741e-05 7.40740740740741e-05 0.996074074074074 0.000444444444444445 0.000444444444444445 7.40740740740741e-05 0.000444444444444445 7.40740740740741e-05 0.000444444444444445 7.40740740740741e-05; % p D=0.4
0.508666666666667 0.0686666666666667 0.000444444444444445 0.000444444444444445 0.108666666666667 0.000444444444444445 0.000444444444444445 0.000444444444444445 0.000444444444444445 0.000444444444444445 0.000444444444444445 0.000444444444444445 0.128666666666667 0.0786666666666667 0.000444444444444445 0.0986666666666667 0.000444444444444445 0.00266666666666667 0.000444444444444445; % t D=0.4
0.000444444444444445 0.000444444444444445 7.40740740740741e-05 7.40740740740741e-05 0.000444444444444445 7.40740740740741e-05 7.40740740740741e-05 7.40740740740741e-05 7.40740740740741e-05 7.40740740740741e-05 7.40740740740741e-05 7.40740740740741e-05 0.000444444444444445 0.000444444444444445 7.40740740740741e-05 0.000444444444444445 0.996074074074074 0.000444444444444445 7.40740740740741e-05; % v D=0.4
0.568666666666667 0.0786666666666667 0.000444444444444445 0.000444444444444445 0.0886666666666667 0.000444444444444445 0.000444444444444445 0.000444444444444445 0.000444444444444445 0.000444444444444445 0.000444444444444445 0.000444444444444445 0.0586666666666667 0.108666666666667 0.000444444444444445 0.00266666666666667 0.000444444444444445 0.0886666666666667 0.000444444444444445; % z D=0.4
0.00111111111111111 0.202777777777778 0.000185185185185185 0.000185185185185185 0.172777777777778 0.000185185185185185 0.000185185185185185 0.000185185185185185 0.000185185185185185 0.000185185185185185 0.000185185185185185 0.000185185185185185 0.159444444444444 0.156111111111111 0.000185185185185185 0.142777777777778 0.000185185185185185 0.162777777777778 0.000185185185185185; % $ D=0.5
0.000555555555555556 0.000555555555555556 9.25925925925926e-05 9.25925925925926e-05 0.000555555555555556 0.995092592592593 9.25925925925926e-05 9.25925925925926e-05 9.25925925925926e-05 9.25925925925926e-05 9.25925925925926e-05 9.25925925925926e-05 0.000555555555555556 0.000555555555555556 9.25925925925926e-05 0.000555555555555556 9.25925925925926e-05 0.000555555555555556 9.25925925925926e-05; % B D=0.5
0.000555555555555556 0.000555555555555556 9.25925925925926e-05 9.25925925925926e-05 0.000555555555555556 9.25925925925926e-05 9.25925925925926e-05 9.25925925925926e-05 9.25925925925926e-05 0.995092592592593 9.25925925925926e-05 9.25925925925926e-05 0.000555555555555556 0.000555555555555556 9.25925925925926e-05 0.000555555555555556 9.25925925925926e-05 0.000555555555555556 9.25925925925926e-05; % D D=0.5
0.518333333333333 0.0883333333333333 0.000555555555555556 0.000555555555555556 0.0483333333333333 0.000555555555555556 0.000555555555555556 0.000555555555555556 0.000555555555555556 0.000555555555555556 0.000555555555555556 0.000555555555555556 0.00333333333333333 0.0983333333333333 0.000555555555555556 0.128333333333333 0.000555555555555556 0.108333333333333 0.000555555555555556; % G D=0.5
0.000555555555555556 0.000555555555555556 9.25925925925926e-05 9.25925925925926e-05 0.000555555555555556 9.25925925925926e-05 9.25925925925926e-05 9.25925925925926e-05 0.995092592592593 9.25925925925926e-05 9.25925925925926e-05 9.25925925925926e-05 0.000555555555555556 0.000555555555555556 9.25925925925926e-05 0.000555555555555556 9.25925925925926e-05 0.000555555555555556 9.25925925925926e-05; % K D=0.5
0.000555555555555556 0.000555555555555556 9.25925925925926e-05 9.25925925925926e-05 0.000555555555555556 9.25925925925926e-05 0.995092592592593 9.25925925925926e-05 9.25925925925926e-05 9.25925925925926e-05 9.25925925925926e-05 9.25925925925926e-05 0.000555555555555556 0.000555555555555556 9.25925925925926e-05 0.000555555555555556 9.25925925925926e-05 0.000555555555555556 9.25925925925926e-05; % L D=0.5
0.388333333333333 0.00333333333333333 0.000555555555555556 0.000555555555555556 0.138333333333333 0.000555555555555556 0.000555555555555556 0.000555555555555556 0.000555555555555556 0.000555555555555556 0.000555555555555556 0.000555555555555556 0.128333333333333 0.0883333333333333 0.000555555555555556 0.148333333333333 0.000555555555555556 0.0983333333333333 0.000555555555555556; % P D=0.5
0.000555555555555556 0.000555555555555556 9.25925925925926e-05 0.995092592592593 0.000555555555555556 9.25925925925926e-05 9.25925925925926e-05 9.25925925925926e-05 9.25925925925926e-05 9.25925925925926e-05 9.25925925925926e-05 9.25925925925926e-05 0.000555555555555556 0.000555555555555556 9.25925925925926e-05 0.000555555555555556 9.25925925925926e-05 0.000555555555555556 9.25925925925926e-05; % T D=0.5
0.478333333333333 0.0783333333333333 0.000555555555555556 0.000555555555555556 0.00333333333333333 0.000555555555555556 0.000555555555555556 0.000555555555555556 0.000555555555555556 0.000555555555555556 0.000555555555555556 0.000555555555555556 0.0783333333333333 0.148333333333333 0.000555555555555556 0.108333333333333 0.000555555555555556 0.0983333333333333 0.000555555555555556; % V D=0.5
0.528333333333333 0.0683333333333333 0.000555555555555556 0.000555555555555556 0.0883333333333333 0.000555555555555556 0.000555555555555556 0.000555555555555556 0.000555555555555556 0.000555555555555556 0.000555555555555556 0.000555555555555556 0.118333333333333 0.00333333333333333 0.000555555555555556 0.0783333333333333 0.000555555555555556 0.108333333333333 0.000555555555555556; % Z D=0.5
0.000555555555555556 0.000555555555555556 0.995092592592593 9.25925925925926e-05 0.000555555555555556 9.25925925925926e-05 9.25925925925926e-05 9.25925925925926e-05 9.25925925925926e-05 9.25925925925926e-05 9.25925925925926e-05 9.25925925925926e-05 0.000555555555555556 0.000555555555555556 9.25925925925926e-05 0.000555555555555556 9.25925925925926e-05 0.000555555555555556 9.25925925925926e-05; % b D=0.5
0.000555555555555556 0.000555555555555556 9.25925925925926e-05 9.25925925925926e-05 0.000555555555555556 9.25925925925926e-05 9.25925925925926e-05 9.25925925925926e-05 9.25925925925926e-05 9.25925925925926e-05 9.25925925925926e-05 9.25925925925926e-05 0.000555555555555556 0.000555555555555556 9.25925925925926e-05 0.000555555555555556 9.25925925925926e-05 0.000555555555555556 0.995092592592593; % d D=0.5
0.000555555555555556 0.000555555555555556 9.25925925925926e-05 9.25925925925926e-05 0.000555555555555556 9.25925925925926e-05 9.25925925925926e-05 9.25925925925926e-05 9.25925925925926e-05 9.25925925925926e-05 9.25925925925926e-05 9.25925925925926e-05 0.000555555555555556 0.000555555555555556 0.995092592592593 0.000555555555555556 9.25925925925926e-05 0.000555555555555556 9.25925925925926e-05; % g D=0.5
0.000555555555555556 0.000555555555555556 9.25925925925926e-05 9.25925925925926e-05 0.000555555555555556 9.25925925925926e-05 9.25925925925926e-05 9.25925925925926e-05 9.25925925925926e-05 9.25925925925926e-05 0.995092592592593 9.25925925925926e-05 0.000555555555555556 0.000555555555555556 9.25925925925926e-05 0.000555555555555556 9.25925925925926e-05 0.000555555555555556 9.25925925925926e-05; % k D=0.5
0.000555555555555556 0.000555555555555556 9.25925925925926e-05 9.25925925925926e-05 0.000555555555555556 9.25925925925926e-05 9.25925925925926e-05 0.995092592592593 9.25925925925926e-05 9.25925925925926e-05 9.25925925925926e-05 9.25925925925926e-05 0.000555555555555556 0.000555555555555556 9.25925925925926e-05 0.000555555555555556 9.25925925925926e-05 0.000555555555555556 9.25925925925926e-05; % l D=0.5
0.000555555555555556 0.000555555555555556 9.25925925925926e-05 9.25925925925926e-05 0.000555555555555556 9.25925925925926e-05 9.25925925925926e-05 9.25925925925926e-05 9.25925925925926e-05 9.25925925925926e-05 9.25925925925926e-05 0.995092592592593 0.000555555555555556 0.000555555555555556 9.25925925925926e-05 0.000555555555555556 9.25925925925926e-05 0.000555555555555556 9.25925925925926e-05; % p D=0.5
0.508333333333333 0.0683333333333333 0.000555555555555556 0.000555555555555556 0.108333333333333 0.000555555555555556 0.000555555555555556 0.000555555555555556 0.000555555555555556 0.000555555555555556 0.000555555555555556 0.000555555555555556 0.128333333333333 0.0783333333333333 0.000555555555555556 0.0983333333333333 0.000555555555555556 0.00333333333333333 0.000555555555555556; % t D=0.5
0.000555555555555556 0.000555555555555556 9.25925925925926e-05 9.25925925925926e-05 0.000555555555555556 9.25925925925926e-05 9.25925925925926e-05 9.25925925925926e-05 9.25925925925926e-05 9.25925925925926e-05 9.25925925925926e-05 9.25925925925926e-05 0.000555555555555556 0.000555555555555556 9.25925925925926e-05 0.000555555555555556 0.995092592592593 0.000555555555555556 9.25925925925926e-05; % v D=0.5
0.568333333333333 0.0783333333333333 0.000555555555555556 0.000555555555555556 0.0883333333333333 0.000555555555555556 0.000555555555555556 0.000555555555555556 0.000555555555555556 0.000555555555555556 0.000555555555555556 0.000555555555555556 0.0583333333333333 0.108333333333333 0.000555555555555556 0.00333333333333333 0.000555555555555556 0.0883333333333333 0.000555555555555556; % z D=0.5
0.00133333333333333 0.202666666666667 0.000222222222222222 0.000222222222222222 0.172666666666667 0.000222222222222222 0.000222222222222222 0.000222222222222222 0.000222222222222222 0.000222222222222222 0.000222222222222222 0.000222222222222222 0.159333333333333 0.156 0.000222222222222222 0.142666666666667 0.000222222222222222 0.162666666666667 0.000222222222222222; % $ D=0.6
0.000666666666666667 0.000666666666666667 0.000111111111111111 0.000111111111111111 0.000666666666666667 0.994111111111111 0.000111111111111111 0.000111111111111111 0.000111111111111111 0.000111111111111111 0.000111111111111111 0.000111111111111111 0.000666666666666667 0.000666666666666667 0.000111111111111111 0.000666666666666667 0.000111111111111111 0.000666666666666667 0.000111111111111111; % B D=0.6
0.000666666666666667 0.000666666666666667 0.000111111111111111 0.000111111111111111 0.000666666666666667 0.000111111111111111 0.000111111111111111 0.000111111111111111 0.000111111111111111 0.994111111111111 0.000111111111111111 0.000111111111111111 0.000666666666666667 0.000666666666666667 0.000111111111111111 0.000666666666666667 0.000111111111111111 0.000666666666666667 0.000111111111111111; % D D=0.6
0.518 0.088 0.000666666666666667 0.000666666666666667 0.048 0.000666666666666667 0.000666666666666667 0.000666666666666667 0.000666666666666667 0.000666666666666667 0.000666666666666667 0.000666666666666667 0.004 0.098 0.000666666666666667 0.128 0.000666666666666667 0.108 0.000666666666666667; % G D=0.6
0.000666666666666667 0.000666666666666667 0.000111111111111111 0.000111111111111111 0.000666666666666667 0.000111111111111111 0.000111111111111111 0.000111111111111111 0.994111111111111 0.000111111111111111 0.000111111111111111 0.000111111111111111 0.000666666666666667 0.000666666666666667 0.000111111111111111 0.000666666666666667 0.000111111111111111 0.000666666666666667 0.000111111111111111; % K D=0.6
0.000666666666666667 0.000666666666666667 0.000111111111111111 0.000111111111111111 0.000666666666666667 0.000111111111111111 0.994111111111111 0.000111111111111111 0.000111111111111111 0.000111111111111111 0.000111111111111111 0.000111111111111111 0.000666666666666667 0.000666666666666667 0.000111111111111111 0.000666666666666667 0.000111111111111111 0.000666666666666667 0.000111111111111111; % L D=0.6
