syllables = '$BDGKLPTVZbdgklptvz';
discounts = [0.1 0.2 0.3 0.4 0.5 0.6 0.7 0.8 0.9 0.95];
kn_probs = [0.00124137931034483 0.139241379310345 0.000206896551724138 0.099448275862069 0.000206896551724138 0.000206896551724138 0.000206896551724138 0.000206896551724138 0.000206896551724138 0.199448275862069 0.000206896551724138 0.179448275862069 0.000206896551724138 0.000206896551724138 0.000206896551724138 0.179448275862069 0.000206896551724138 0.000206896551724138 0.199241379310345; % $ D=0.1
0.000103448275862069 0.000103448275862069 0.99901724137931 0.000120689655172414 1.72413793103448e-05 1.72413793103448e-05 1.72413793103448e-05 1.72413793103448e-05 1.72413793103448e-05 0.000120689655172414 1.72413793103448e-05 0.000120689655172414 1.72413793103448e-05 1.72413793103448e-05 1.72413793103448e-05 0.000120689655172414 1.72413793103448e-05 1.72413793103448e-05 0.000103448275862069; % B D=0.1
0.000103448275862069 0.000103448275862069 1.72413793103448e-05 0.000120689655172414 1.72413793103448e-05 1.72413793103448e-05 1.72413793103448e-05 1.72413793103448e-05 1.72413793103448e-05 0.000120689655172414 1.72413793103448e-05 0.000120689655172414 0.99901724137931 1.72413793103448e-05 1.72413793103448e-05 0.000120689655172414 1.72413793103448e-05 1.72413793103448e-05 0.000103448275862069; % D D=0.1
0.000103448275862069 0.000103448275862069 1.72413793103448e-05 0.000120689655172414 1.72413793103448e-05 1.72413793103448e-05 1.72413793103448e-05 1.72413793103448e-05 1.72413793103448e-05 0.000120689655172414 1.72413793103448e-05 0.000120689655172414 1.72413793103448e-05 1.72413793103448e-05 1.72413793103448e-05 0.000120689655172414 1.72413793103448e-05 0.99901724137931 0.000103448275862069; % G D=0.1
0.0897241379310345 0.229724137931034 0.000120689655172414 0.0098448275862069 0.000120689655172414 0.000120689655172414 0.000120689655172414 0.000120689655172414 0.000120689655172414 0.0898448275862069 0.000120689655172414 0.139844827586207 0.000120689655172414 0.000120689655172414 0.000120689655172414 0.239844827586207 0.000120689655172414 0.000120689655172414 0.199724137931034; % K D=0.1
0.0697241379310345 0.159724137931034 0.000120689655172414 0.199844827586207 0.000120689655172414 0.000120689655172414 0.000120689655172414 0.000120689655172414 0.000120689655172414 0.199844827586207 0.000120689655172414 0.229844827586207 0.000120689655172414 0.000120689655172414 0.000120689655172414 0.0098448275862069 0.000120689655172414 0.000120689655172414 0.129724137931034; % L D=0.1
0.000103448275862069 0.000103448275862069 1.72413793103448e-05 0.000120689655172414 1.72413793103448e-05 1.72413793103448e-05 1.72413793103448e-05 1.72413793103448e-05 0.99901724137931 0.000120689655172414 1.72413793103448e-05 0.000120689655172414 1.72413793103448e-05 1.72413793103448e-05 1.72413793103448e-05 0.000120689655172414 1.72413793103448e-05 1.72413793103448e-05 0.000103448275862069; % P D=0.1
0.000103448275862069 0.000103448275862069 1.72413793103448e-05 0.000120689655172414 1.72413793103448e-05 0.99901724137931 1.72413793103448e-05 1.72413793103448e-05 1.72413793103448e-05 0.000120689655172414 1.72413793103448e-05 0.000120689655172414 1.72413793103448e-05 1.72413793103448e-05 1.72413793103448e-05 0.000120689655172414 1.72413793103448e-05 1.72413793103448e-05 0.000103448275862069; % T D=0.1
0.0496206896551724 0.159620689655172 0.000103448275862069 0.219724137931034 0.000103448275862069 0.000103448275862069 0.000103448275862069 0.000103448275862069 0.000103448275862069 0.219724137931034 0.000103448275862069 0.169724137931034 0.000103448275862069 0.000103448275862069 0.000103448275862069 0.179724137931034 0.000103448275862069 0.000103448275862069 0.000620689655172414; % V D=0.1
0.000103448275862069 0.000103448275862069 1.72413793103448e-05 0.000120689655172414 1.72413793103448e-05 1.72413793103448e-05 1.72413793103448e-05 1.72413793103448e-05 1.72413793103448e-05 0.000120689655172414 1.72413793103448e-05 0.000120689655172414 1.72413793103448e-05 1.72413793103448e-05 1.72413793103448e-05 0.000120689655172414 0.99901724137931 1.72413793103448e-05 0.000103448275862069; % Z D=0.1
0.000103448275862069 0.000103448275862069 1.72413793103448e-05 0.000120689655172414 1.72413793103448e-05 1.72413793103448e-05 0.99901724137931 1.72413793103448e-05 1.72413793103448e-05 0.000120689655172414 1.72413793103448e-05 0.000120689655172414 1.72413793103448e-05 1.72413793103448e-05 1.72413793103448e-05 0.000120689655172414 1.72413793103448e-05 1.72413793103448e-05 0.000103448275862069; % b D=0.1
0.000103448275862069 0.000103448275862069 1.72413793103448e-05 0.000120689655172414 1.72413793103448e-05 1.72413793103448e-05 1.72413793103448e-05 1.72413793103448e-05 1.72413793103448e-05 0.000120689655172414 1.72413793103448e-05 0.000120689655172414 1.72413793103448e-05 0.99901724137931 1.72413793103448e-05 0.000120689655172414 1.72413793103448e-05 1.72413793103448e-05 0.000103448275862069; % d D=0.1
0.000103448275862069 0.000103448275862069 1.72413793103448e-05 0.000120689655172414 1.72413793103448e-05 1.72413793103448e-05 1.72413793103448e-05 1.72413793103448e-05 1.72413793103448e-05 0.000120689655172414 1.72413793103448e-05 0.000120689655172414 1.72413793103448e-05 1.72413793103448e-05 0.99901724137931 0.000120689655172414 1.72413793103448e-05 1.72413793103448e-05 0.000103448275862069; % g D=0.1
0.119724137931034 0.199724137931034 0.000120689655172414 0.209844827586207 0.000120689655172414 0.000120689655172414 0.000120689655172414 0.000120689655172414 0.000120689655172414 0.159844827586207 0.000120689655172414 0.0098448275862069 0.000120689655172414 0.000120689655172414 0.000120689655172414 0.129844827586207 0.000120689655172414 0.000120689655172414 0.169724137931034; % k D=0.1
0.0796206896551724 0.000620689655172414 0.000103448275862069 0.169724137931034 0.000103448275862069 0.000103448275862069 0.000103448275862069 0.000103448275862069 0.000103448275862069 0.219724137931034 0.000103448275862069 0.209724137931034 0.000103448275862069 0.000103448275862069 0.000103448275862069 0.129724137931034 0.000103448275862069 0.000103448275862069 0.189620689655172; % l D=0.1
0.000103448275862069 0.000103448275862069 1.72413793103448e-05 0.000120689655172414 1.72413793103448e-05 1.72413793103448e-05 1.72413793103448e-05 0.99901724137931 1.72413793103448e-05 0.000120689655172414 1.72413793103448e-05 0.000120689655172414 1.72413793103448e-05 1.72413793103448e-05 1.72413793103448e-05 0.000120689655172414 1.72413793103448e-05 1.72413793103448e-05 0.000103448275862069; % p D=0.1
0.0897241379310345 0.179724137931034 0.000120689655172414 0.139844827586207 0.000120689655172414 0.000120689655172414 0.000120689655172414 0.000120689655172414 0.000120689655172414 0.0098448275862069 0.000120689655172414 0.149844827586207 0.000120689655172414 0.000120689655172414 0.000120689655172414 0.219844827586207 0.000120689655172414 0.000120689655172414 0.209724137931034; % t D=0.1
0.000103448275862069 0.000103448275862069 1.72413793103448e-05 0.000120689655172414 0.99901724137931 1.72413793103448e-05 1.72413793103448e-05 1.72413793103448e-05 1.72413793103448e-05 0.000120689655172414 1.72413793103448e-05 0.000120689655172414 1.72413793103448e-05 1.72413793103448e-05 1.72413793103448e-05 0.000120689655172414 1.72413793103448e-05 1.72413793103448e-05 0.000103448275862069; % v D=0.1
0.000103448275862069 0.000103448275862069 1.72413793103448e-05 0.000120689655172414 1.72413793103448e-05 1.72413793103448e-05 1.72413793103448e-05 1.72413793103448e-05 1.72413793103448e-05 0.000120689655172414 0.99901724137931 0.000120689655172414 1.72413793103448e-05 1.72413793103448e-05 1.72413793103448e-05 0.000120689655172414 1.72413793103448e-05 1.72413793103448e-05 0.000103448275862069; % z D=0.1
