syllables = '$BDGKLPTVZbdgklptvz';
discounts = [0.1 0.2 0.3 0.4 0.5 0.6 0.7 0.8 0.9 0.95];
kn_probs = [0.000872727272727273 0.000145454545454545 0.000145454545454545 0.146206060606061 0.0928727272727273 0.000145454545454545 0.000145454545454545 0.199539393939394 0.186206060606061 0.186351515151515 0.000145454545454545 0.000145454545454545 0.000145454545454545 0.000145454545454545 0.186206060606061 0.000145454545454545 0.000145454545454545 0.000145454545454545 0.000145454545454545; % $ D=0.1
0.000109090909090909 1.81818181818182e-05 0.999018181818182 0.000109090909090909 0.000109090909090909 1.81818181818182e-05 1.81818181818182e-05 0.000109090909090909 0.000109090909090909 0.000127272727272727 1.81818181818182e-05 1.81818181818182e-05 1.81818181818182e-05 1.81818181818182e-05 0.000109090909090909 1.81818181818182e-05 1.81818181818182e-05 1.81818181818182e-05 1.81818181818182e-05; % B D=0.1
0.000109090909090909 1.81818181818182e-05 1.81818181818182e-05 0.000109090909090909 0.000109090909090909 1.81818181818182e-05 1.81818181818182e-05 0.000109090909090909 0.000109090909090909 0.000127272727272727 1.81818181818182e-05 1.81818181818182e-05 1.81818181818182e-05 1.81818181818182e-05 0.000109090909090909 1.81818181818182e-05 1.81818181818182e-05 0.999018181818182 1.81818181818182e-05; % D D=0.1
0.000109090909090909 1.81818181818182e-05 1.81818181818182e-05 0.000109090909090909 0.000109090909090909 1.81818181818182e-05 1.81818181818182e-05 0.000109090909090909 0.000109090909090909 0.000127272727272727 1.81818181818182e-05 1.81818181818182e-05 1.81818181818182e-05 1.81818181818182e-05 0.000109090909090909 1.81818181818182e-05 1.81818181818182e-05 1.81818181818182e-05 0.999018181818182; % G D=0.1
0.000109090909090909 1.81818181818182e-05 1.81818181818182e-05 0.000109090909090909 0.000109090909090909 1.81818181818182e-05 0.999018181818182 0.000109090909090909 0.000109090909090909 0.000127272727272727 1.81818181818182e-05 1.81818181818182e-05 1.81818181818182e-05 1.81818181818182e-05 0.000109090909090909 1.81818181818182e-05 1.81818181818182e-05 1.81818181818182e-05 1.81818181818182e-05; % K D=0.1
0.109654545454545 0.000109090909090909 0.000109090909090909 0.000654545454545455 0.239654545454545 0.000109090909090909 0.000109090909090909 0.159654545454545 0.119654545454545 0.169763636363636 0.000109090909090909 0.000109090909090909 0.000109090909090909 0.000109090909090909 0.199654545454545 0.000109090909090909 0.000109090909090909 0.000109090909090909 0.000109090909090909; % L D=0.1
0.129654545454545 0.000109090909090909 0.000109090909090909 0.169654545454545 0.000654545454545455 0.000109090909090909 0.000109090909090909 0.119654545454545 0.209654545454545 0.219763636363636 0.000109090909090909 0.000109090909090909 0.000109090909090909 0.000109090909090909 0.149654545454545 0.000109090909090909 0.000109090909090909 0.000109090909090909 0.000109090909090909; % P D=0.1
0.000109090909090909 1.81818181818182e-05 1.81818181818182e-05 0.000109090909090909 0.000109090909090909 1.81818181818182e-05 1.81818181818182e-05 0.000109090909090909 0.000109090909090909 0.000127272727272727 1.81818181818182e-05 1.81818181818182e-05 0.999018181818182 1.81818181818182e-05 0.000109090909090909 1.81818181818182e-05 1.81818181818182e-05 1.81818181818182e-05 1.81818181818182e-05; % T D=0.1
0.000109090909090909 1.81818181818182e-05 1.81818181818182e-05 0.000109090909090909 0.000109090909090909 1.81818181818182e-05 1.81818181818182e-05 0.000109090909090909 0.000109090909090909 0.000127272727272727 1.81818181818182e-05 0.999018181818182 1.81818181818182e-05 1.81818181818182e-05 0.000109090909090909 1.81818181818182e-05 1.81818181818182e-05 1.81818181818182e-05 1.81818181818182e-05; % V D=0.1
0.000109090909090909 1.81818181818182e-05 1.81818181818182e-05 0.000109090909090909 0.000109090909090909 1.81818181818182e-05 1.81818181818182e-05 0.000109090909090909 0.000109090909090909 0.000127272727272727 1.81818181818182e-05 1.81818181818182e-05 1.81818181818182e-05 1.81818181818182e-05 0.000109090909090909 0.999018181818182 1.81818181818182e-05 1.81818181818182e-05 1.81818181818182e-05; % Z D=0.1
0.000109090909090909 1.81818181818182e-05 1.81818181818182e-05 0.000109090909090909 0.000109090909090909 1.81818181818182e-05 1.81818181818182e-05 0.000109090909090909 0.000109090909090909 0.000127272727272727 1.81818181818182e-05 1.81818181818182e-05 1.81818181818182e-05 0.999018181818182 0.000109090909090909 1.81818181818182e-05 1.81818181818182e-05 1.81818181818182e-05 1.81818181818182e-05; % b D=0.1
0.000109090909090909 1.81818181818182e-05 1.81818181818182e-05 0.000109090909090909 0.000109090909090909 1.81818181818182e-05 1.81818181818182e-05 0.000109090909090909 0.000109090909090909 0.000127272727272727 0.999018181818182 1.81818181818182e-05 1.81818181818182e-05 1.81818181818182e-05 0.000109090909090909 1.81818181818182e-05 1.81818181818182e-05 1.81818181818182e-05 1.81818181818182e-05; % d D=0.1
0.0696545454545455 0.000109090909090909 0.000109090909090909 0.139654545454545 0.219654545454545 0.000109090909090909 0.000109090909090909 0.000654545454545455 0.209654545454545 0.139763636363636 0.000109090909090909 0.000109090909090909 0.000109090909090909 0.000109090909090909 0.219654545454545 0.000109090909090909 0.000109090909090909 0.000109090909090909 0.000109090909090909; % g D=0.1
0.179654545454545 0.000109090909090909 0.000109090909090909 0.149654545454545 0.179654545454545 0.000109090909090909 0.000109090909090909 0.199654545454545 0.000654545454545455 0.139763636363636 0.000109090909090909 0.000109090909090909 0.000109090909090909 0.000109090909090909 0.149654545454545 0.000109090909090909 0.000109090909090909 0.000109090909090909 0.000109090909090909; % k D=0.1
0.000109090909090909 0.999018181818182 1.81818181818182e-05 0.000109090909090909 0.000109090909090909 1.81818181818182e-05 1.81818181818182e-05 0.000109090909090909 0.000109090909090909 0.000127272727272727 1.81818181818182e-05 1.81818181818182e-05 1.81818181818182e-05 1.81818181818182e-05 0.000109090909090909 1.81818181818182e-05 1.81818181818182e-05 1.81818181818182e-05 1.81818181818182e-05; % l D=0.1
0.000109090909090909 1.81818181818182e-05 1.81818181818182e-05 0.000109090909090909 0.000109090909090909 1.81818181818182e-05 1.81818181818182e-05 0.000109090909090909 0.000109090909090909 0.000127272727272727 1.81818181818182e-05 1.81818181818182e-05 1.81818181818182e-05 1.81818181818182e-05 0.000109090909090909 1.81818181818182e-05 0.999018181818182 1.81818181818182e-05 1.81818181818182e-05; % p D=0.1
0.0797636363636364 0.000127272727272727 0.000127272727272727 0.269763636363636 0.129763636363636 0.000127272727272727 0.000127272727272727 0.189763636363636 0.169763636363636 0.0198909090909091 0.000127272727272727 0.000127272727272727 0.000127272727272727 0.000127272727272727 0.139763636363636 0.000127272727272727 0.000127272727272727 0.000127272727272727 0.000127272727272727; % t D=0.1
0.179654545454545 0.000109090909090909 0.000109090909090909 0.159654545454545 0.159654545454545 0.000109090909090909 0.000109090909090909 0.179654545454545 0.149654545454545 0.169763636363636 0.000109090909090909 0.000109090909090909 0.000109090909090909 0.000109090909090909 0.000654545454545455 0.000109090909090909 0.000109090909090909 0.000109090909090909 0.000109090909090909; % v D=0.1
0.000109090909090909 1.81818181818182e-05 1.81818181818182e-05 0.000109090909090909 0.000109090909090909 0.999018181818182 1.81818181818182e-05 0.000109090909090909 0.000109090909090909 0.000127272727272727 1.81818181818182e-05 1.81818181818182e-05 1.81818181818182e-05 1.81818181818182e-05 0.000109090909090909 1.81818181818182e-05 1.81818181818182e-05 1.81818181818182e-05 1.81818181818182e-05; % z D=0.1
0.00174545454545455 0.000290909090909091 0.000290909090909091 0.145745454545455 0.0924121212121212 0.000290909090909091 0.000290909090909091 0.199078787878788 0.185745454545455 0.186036363636364 0.000290909090909091 0.000290909090909091 0.000290909090909091 0.000290909090909091 0.185745454545455 0.000290909090909091 0.000290909090909091 0.000290909090909091 0.000290909090909091; % $ D=0.2
0.000218181818181818 3.63636363636364e-05 0.998036363636364 0.000218181818181818 0.000218181818181818 3.63636363636364e-05 3.63636363636364e-05 0.000218181818181818 0.000218181818181818 0.000254545454545455 3.63636363636364e-05 3.63636363636364e-05 3.63636363636364e-05 3.63636363636364e-05 0.000218181818181818 3.63636363636364e-05 3.63636363636364e-05 3.63636363636364e-05 3.63636363636364e-05; % B D=0.2
0.000218181818181818 3.63636363636364e-05 3.63636363636364e-05 0.000218181818181818 0.000218181818181818 3.63636363636364e-05 3.63636363636364e-05 0.000218181818181818 0.000218181818181818 0.000254545454545455 3.63636363636364e-05 3.63636363636364e-05 3.63636363636364e-05 3.63636363636364e-05 0.000218181818181818 3.63636363636364e-05 3.63636363636364e-05 0.998036363636364 3.63636363636364e-05; % D D=0.2
0.000218181818181818 3.63636363636364e-05 3.63636363636364e-05 0.000218181818181818 0.000218181818181818 3.63636363636364e-05 3.63636363636364e-05 0.000218181818181818 0.000218181818181818 0.000254545454545455 3.63636363636364e-05 3.63636363636364e-05 3.63636363636364e-05 3.63636363636364e-05 0.000218181818181818 3.63636363636364e-05 3.63636363636364e-05 3.63636363636364e-05 0.998036363636364; % G D=0.2
0.000218181818181818 3.63636363636364e-05 3.63636363636364e-05 0.000218181818181818 0.000218181818181818 3.63636363636364e-05 0.998036363636364 0.000218181818181818 0.000218181818181818 0.000254545454545455 3.63636363636364e-05 3.63636363636364e-05 3.63636363636364e-05 3.63636363636364e-05 0.000218181818181818 3.63636363636364e-05 3.63636363636364e-05 3.63636363636364e-05 3.63636363636364e-05; % K D=0.2
0.109309090909091 0.000218181818181818 0.000218181818181818 0.00130909090909091 0.239309090909091 0.000218181818181818 0.000218181818181818 0.159309090909091 0.119309090909091 0.169527272727273 0.000218181818181818 0.000218181818181818 0.000218181818181818 0.000218181818181818 0.199309090909091 0.000218181818181818 0.000218181818181818 0.000218181818181818 0.000218181818181818; % L D=0.2
0.129309090909091 0.000218181818181818 0.000218181818181818 0.169309090909091 0.00130909090909091 0.000218181818181818 0.000218181818181818 0.119309090909091 0.209309090909091 0.219527272727273 0.000218181818181818 0.000218181818181818 0.000218181818181818 0.000218181818181818 0.149309090909091 0.000218181818181818 0.000218181818181818 0.000218181818181818 0.000218181818181818; % P D=0.2
0.000218181818181818 3.63636363636364e-05 3.63636363636364e-05 0.000218181818181818 0.000218181818181818 3.63636363636364e-05 3.63636363636364e-05 0.000218181818181818 0.000218181818181818 0.000254545454545455 3.63636363636364e-05 3.63636363636364e-05 0.998036363636364 3.63636363636364e-05 0.000218181818181818 3.63636363636364e-05 3.63636363636364e-05 3.63636363636364e-05 3.63636363636364e-05; % T D=0.2
0.000218181818181818 3.63636363636364e-05 3.63636363636364e-05 0.000218181818181818 0.000218181818181818 3.63636363636364e-05 3.63636363636364e-05 0.000218181818181818 0.000218181818181818 0.000254545454545455 3.63636363636364e-05 0.998036363636364 3.63636363636364e-05 3.63636363636364e-05 0.000218181818181818 3.63636363636364e-05 3.63636363636364e-05 3.63636363636364e-05 3.63636363636364e-05; % V D=0.2
0.000218181818181818 3.63636363636364e-05 3.63636363636364e-05 0.000218181818181818 0.000218181818181818 3.63636363636364e-05 3.63636363636364e-05 0.000218181818181818 0.000218181818181818 0.000254545454545455 3.63636363636364e-05 3.63636363636364e-05 3.63636363636364e-05 3.63636363636364e-05 0.000218181818181818 0.998036363636364 3.63636363636364e-05 3.63636363636364e-05 3.63636363636364e-05; % Z D=0.2
0.000218181818181818 3.63636363636364e-05 3.63636363636364e-05 0.000218181818181818 0.000218181818181818 3.63636363636364e-05 3.63636363636364e-05 0.000218181818181818 0.000218181818181818 0.000254545454545455 3.63636363636364e-05 3.63636363636364e-05 3.63636363636364e-05 0.998036363636364 0.000218181818181818 3.63636363636364e-05 3.63636363636364e-05 3.63636363636364e-05 3.63636363636364e-05; % b D=0.2
0.000218181818181818 3.63636363636364e-05 3.63636363636364e-05 0.000218181818181818 0.000218181818181818 3.63636363636364e-05 3.63636363636364e-05 0.000218181818181818 0.000218181818181818 0.000254545454545455 0.998036363636364 3.63636363636364e-05 3.63636363636364e-05 3.63636363636364e-05 0.000218181818181818 3.63636363636364e-05 3.63636363636364e-05 3.63636363636364e-05 3.63636363636364e-05; % d D=0.2
0.0693090909090909 0.000218181818181818 0.000218181818181818 0.139309090909091 0.219309090909091 0.000218181818181818 0.000218181818181818 0.00130909090909091 0.209309090909091 0.139527272727273 0.000218181818181818 0.000218181818181818 0.000218181818181818 0.000218181818181818 0.219309090909091 0.000218181818181818 0.000218181818181818 0.000218181818181818 0.000218181818181818; % g D=0.2
0.179309090909091 0.000218181818181818 0.000218181818181818 0.149309090909091 0.179309090909091 0.000218181818181818 0.000218181818181818 0.199309090909091 0.00130909090909091 0.139527272727273 0.000218181818181818 0.000218181818181818 0.000218181818181818 0.000218181818181818 0.149309090909091 0.000218181818181818 0.000218181818181818 0.000218181818181818 0.000218181818181818; % k D=0.2
0.000218181818181818 0.998036363636364 3.63636363636364e-05 0.000218181818181818 0.000218181818181818 3.63636363636364e-05 3.63636363636364e-05 0.000218181818181818 0.000218181818181818 0.000254545454545455 3.63636363636364e-05 3.63636363636364e-05 3.63636363636364e-05 3.63636363636364e-05 0.000218181818181818 3.63636363636364e-05 3.63636363636364e-05 3.63636363636364e-05 3.63636363636364e-05; % l D=0.2
0.000218181818181818 3.63636363636364e-05 3.63636363636364e-05 0.000218181818181818 0.000218181818181818 3.63636363636364e-05 3.63636363636364e-05 0.000218181818181818 0.000218181818181818 0.000254545454545455 3.63636363636364e-05 3.63636363636364e-05 3.63636363636364e-05 3.63636363636364e-05 0.000218181818181818 3.63636363636364e-05 0.998036363636364 3.63636363636364e-05 3.63636363636364e-05; % p D=0.2
0.0795272727272727 0.000254545454545455 0.000254545454545455 0.269527272727273 0.129527272727273 0.000254545454545455 0.000254545454545455 0.189527272727273 0.169527272727273 0.0197818181818182 0.000254545454545455 0.000254545454545455 0.000254545454545455 0.000254545454545455 0.139527272727273 0.000254545454545455 0.000254545454545455 0.000254545454545455 0.000254545454545455; % t D=0.2
0.179309090909091 0.000218181818181818 0.000218181818181818 0.159309090909091 0.159309090909091 0.000218181818181818 0.000218181818181818 0.179309090909091 0.149309090909091 0.169527272727273 0.000218181818181818 0.000218181818181818 0.000218181818181818 0.000218181818181818 0.00130909090909091 0.000218181818181818 0.000218181818181818 0.000218181818181818 0.000218181818181818; % v D=0.2
0.000218181818181818 3.63636363636364e-05 3.63636363636364e-05 0.000218181818181818 0.000218181818181818 0.998036363636364 3.63636363636364e-05 0.000218181818181818 0.000218181818181818 0.000254545454545455 3.63636363636364e-05 3.63636363636364e-05 3.63636363636364e-05 3.63636363636364e-05 0.000218181818181818 3.63636363636364e-05 3.63636363636364e-05 3.63636363636364e-05 3.63636363636364e-05; % z D=0.2
0.00261818181818182 0.000436363636363636 0.000436363636363636 0.145284848484848 0.0919515151515151 0.000436363636363636 0.000436363636363636 0.198618181818182 0.185284848484848 0.185721212121212 0.000436363636363636 0.000436363636363636 0.000436363636363636 0.000436363636363636 0.185284848484848 0.000436363636363636 0.000436363636363636 0.000436363636363636 0.000436363636363636; % $ D=0.3
0.000327272727272727 5.45454545454545e-05 0.997054545454545 0.000327272727272727 0.000327272727272727 5.45454545454545e-05 5.45454545454545e-05 0.000327272727272727 0.000327272727272727 0.000381818181818182 5.45454545454545e-05 5.45454545454545e-05 5.45454545454545e-05 5.45454545454545e-05 0.000327272727272727 5.45454545454545e-05 5.45454545454545e-05 5.45454545454545e-05 5.45454545454545e-05; % B D=0.3
0.000327272727272727 5.45454545454545e-05 5.45454545454545e-05 0.000327272727272727 0.000327272727272727 5.45454545454545e-05 5.45454545454545e-05 0.000327272727272727 0.000327272727272727 0.000381818181818182 5.45454545454545e-05 5.45454545454545e-05 5.45454545454545e-05 5.45454545454545e-05 0.000327272727272727 5.45454545454545e-05 5.45454545454545e-05 0.997054545454545 5.45454545454545e-05; % D D=0.3
0.000327272727272727 5.45454545454545e-05 5.45454545454545e-05 0.000327272727272727 0.000327272727272727 5.45454545454545e-05 5.45454545454545e-05 0.000327272727272727 0.000327272727272727 0.000381818181818182 5.45454545454545e-05 5.45454545454545e-05 5.45454545454545e-05 5.45454545454545e-05 0.000327272727272727 5.45454545454545e-05 5.45454545454545e-05 5.45454545454545e-05 0.997054545454545; % G D=0.3
0.000327272727272727 5.45454545454545e-05 5.45454545454545e-05 0.000327272727272727 0.000327272727272727 5.45454545454545e-05 0.997054545454545 0.000327272727272727 0.000327272727272727 0.000381818181818182 5.45454545454545e-05 5.45454545454545e-05 5.45454545454545e-05 5.45454545454545e-05 0.000327272727272727 5.45454545454545e-05 5.45454545454545e-05 5.45454545454545e-05 5.45454545454545e-05; % K D=0.3
0.108963636363636 0.000327272727272727 0.000327272727272727 0.00196363636363636 0.238963636363636 0.000327272727272727 0.000327272727272727 0.158963636363636 0.118963636363636 0.169290909090909 0.000327272727272727 0.000327272727272727 0.000327272727272727 0.000327272727272727 0.198963636363636 0.000327272727272727 0.000327272727272727 0.000327272727272727 0.000327272727272727; % L D=0.3
0.128963636363636 0.000327272727272727 0.000327272727272727 0.168963636363636 0.00196363636363636 0.000327272727272727 0.000327272727272727 0.118963636363636 0.208963636363636 0.219290909090909 0.000327272727272727 0.000327272727272727 0.000327272727272727 0.000327272727272727 0.148963636363636 0.000327272727272727 0.000327272727272727 0.000327272727272727 0.000327272727272727; % P D=0.3
0.000327272727272727 5.45454545454545e-05 5.45454545454545e-05 0.000327272727272727 0.000327272727272727 5.45454545454545e-05 5.45454545454545e-05 0.000327272727272727 0.000327272727272727 0.000381818181818182 5.45454545454545e-05 5.45454545454545e-05 0.997054545454545 5.45454545454545e-05 0.000327272727272727 5.45454545454545e-05 5.45454545454545e-05 5.45454545454545e-05 5.45454545454545e-05; % T D=0.3
0.000327272727272727 5.45454545454545e-05 5.45454545454545e-05 0.000327272727272727 0.000327272727272727 5.45454545454545e-05 5.45454545454545e-05 0.000327272727272727 0.000327272727272727 0.000381818181818182 5.45454545454545e-05 0.997054545454545 5.45454545454545e-05 5.45454545454545e-05 0.000327272727272727 5.45454545454545e-05 5.45454545454545e-05 5.45454545454545e-05 5.45454545454545e-05; % V D=0.3
0.000327272727272727 5.45454545454545e-05 5.45454545454545e-05 0.000327272727272727 0.000327272727272727 5.45454545454545e-05 5.45454545454545e-05 0.000327272727272727 0.000327272727272727 0.000381818181818182 5.45454545454545e-05 5.45454545454545e-05 5.45454545454545e-05 5.45454545454545e-05 0.000327272727272727 0.997054545454545 5.45454545454545e-05 5.45454545454545e-05 5.45454545454545e-05; % Z D=0.3
0.000327272727272727 5.45454545454545e-05 5.45454545454545e-05 0.000327272727272727 0.000327272727272727 5.45454545454545e-05 5.45454545454545e-05 0.000327272727272727 0.000327272727272727 0.000381818181818182 5.45454545454545e-05 5.45454545454545e-05 5.45454545454545e-05 0.997054545454545 0.000327272727272727 5.45454545454545e-05 5.45454545454545e-05 5.45454545454545e-05 5.45454545454545e-05; % b D=0.3
0.000327272727272727 5.45454545454545e-05 5.45454545454545e-05 0.000327272727272727 0.000327272727272727 5.45454545454545e-05 5.45454545454545e-05 0.000327272727272727 0.000327272727272727 0.000381818181818182 0.997054545454545 5.45454545454545e-05 5.45454545454545e-05 5.45454545454545e-05 0.000327272727272727 5.45454545454545e-05 5.45454545454545e-05 5.45454545454545e-05 5.45454545454545e-05; % d D=0.3
0.0689636363636364 0.000327272727272727 0.000327272727272727 0.138963636363636 0.218963636363636 0.000327272727272727 0.000327272727272727 0.00196363636363636 0.208963636363636 0.139290909090909 0.000327272727272727 0.000327272727272727 0.000327272727272727 0.000327272727272727 0.218963636363636 0.000327272727272727 0.000327272727272727 0.000327272727272727 0.000327272727272727; % g D=0.3
0.178963636363636 0.000327272727272727 0.000327272727272727 0.148963636363636 0.178963636363636 0.000327272727272727 0.000327272727272727 0.198963636363636 0.00196363636363636 0.139290909090909 0.000327272727272727 0.000327272727272727 0.000327272727272727 0.000327272727272727 0.148963636363636 0.000327272727272727 0.000327272727272727 0.000327272727272727 0.000327272727272727; % k D=0.3
0.000327272727272727 0.997054545454545 5.45454545454545e-05 0.000327272727272727 0.000327272727272727 5.45454545454545e-05 5.45454545454545e-05 0.000327272727272727 0.000327272727272727 0.000381818181818182 5.45454545454545e-05 5.45454545454545e-05 5.45454545454545e-05 5.45454545454545e-05 0.000327272727272727 5.45454545454545e-05 5.45454545454545e-05 5.45454545454545e-05 5.45454545454545e-05; % l D=0.3
0.000327272727272727 5.45454545454545e-05 5.45454545454545e-05 0.000327272727272727 0.000327272727272727 5.45454545454545e-05 5.45454545454545e-05 0.000327272727272727 0.000327272727272727 0.000381818181818182 5.45454545454545e-05 5.45454545454545e-05 5.45454545454545e-05 5.45454545454545e-05 0.000327272727272727 5.45454545454545e-05 0.997054545454545 5.45454545454545e-05 5.45454545454545e-05; % p D=0.3
0.0792909090909091 0.000381818181818182 0.000381818181818182 0.269290909090909 0.129290909090909 0.000381818181818182 0.000381818181818182 0.189290909090909 0.169290909090909 0.0196727272727273 0.000381818181818182 0.000381818181818182 0.000381818181818182 0.000381818181818182 0.139290909090909 0.000381818181818182 0.000381818181818182 0.000381818181818182 0.000381818181818182; % t D=0.3
0.178963636363636 0.000327272727272727 0.000327272727272727 0.158963636363636 0.158963636363636 0.000327272727272727 0.000327272727272727 0.178963636363636 0.148963636363636 0.169290909090909 0.000327272727272727 0.000327272727272727 0.000327272727272727 0.000327272727272727 0.00196363636363636 0.000327272727272727 0.000327272727272727 0.000327272727272727 0.000327272727272727; % v D=0.3
0.000327272727272727 5.45454545454545e-05 5.45454545454545e-05 0.000327272727272727 0.000327272727272727 0.997054545454545 5.45454545454545e-05 0.000327272727272727 0.000327272727272727 0.000381818181818182 5.45454545454545e-05 5.45454545454545e-05 5.45454545454545e-05 5.45454545454545e-05 0.000327272727272727 5.45454545454545e-05 5.45454545454545e-05 5.45454545454545e-05 5.45454545454545e-05; % z D=0.3
0.00349090909090909 0.000581818181818182 0.000581818181818182 0.144824242424242 0.0914909090909091 0.000581818181818182 0.000581818181818182 0.198157575757576 0.184824242424242 0.185406060606061 0.000581818181818182 0.000581818181818182 0.000581818181818182 0.000581818181818182 0.184824242424242 0.000581818181818182 0.000581818181818182 0.000581818181818182 0.000581818181818182; % $ D=0.4
0.000436363636363636 7.27272727272727e-05 0.996072727272727 0.000436363636363636 0.000436363636363636 7.27272727272727e-05 7.27272727272727e-05 0.000436363636363636 0.000436363636363636 0.000509090909090909 7.27272727272727e-05 7.27272727272727e-05 7.27272727272727e-05 7.27272727272727e-05 0.000436363636363636 7.27272727272727e-05 7.27272727272727e-05 7.27272727272727e-05 7.27272727272727e-05; % B D=0.4
0.000436363636363636 7.27272727272727e-05 7.27272727272727e-05 0.000436363636363636 0.000436363636363636 7.27272727272727e-05 7.27272727272727e-05 0.000436363636363636 0.000436363636363636 0.000509090909090909 7.27272727272727e-05 7.27272727272727e-05 7.27272727272727e-05 7.27272727272727e-05 0.000436363636363636 7.27272727272727e-05 7.27272727272727e-05 0.996072727272727 7.27272727272727e-05; % D D=0.4
0.000436363636363636 7.27272727272727e-05 7.27272727272727e-05 0.000436363636363636 0.000436363636363636 7.27272727272727e-05 7.27272727272727e-05 0.000436363636363636 0.000436363636363636 0.000509090909090909 7.27272727272727e-05 7.27272727272727e-05 7.27272727272727e-05 7.27272727272727e-05 0.000436363636363636 7.27272727272727e-05 7.27272727272727e-05 7.27272727272727e-05 0.996072727272727; % G D=0.4
0.000436363636363636 7.27272727272727e-05 7.27272727272727e-05 0.000436363636363636 0.000436363636363636 7.27272727272727e-05 0.996072727272727 0.000436363636363636 0.000436363636363636 0.000509090909090909 7.27272727272727e-05 7.27272727272727e-05 7.27272727272727e-05 7.27272727272727e-05 0.000436363636363636 7.27272727272727e-05 7.27272727272727e-05 7.27272727272727e-05 7.27272727272727e-05; % K D=0.4
0.108618181818182 0.000436363636363636 0.000436363636363636 0.00261818181818182 0.238618181818182 0.000436363636363636 0.000436363636363636 0.158618181818182 0.118618181818182 0.169054545454545 0.000436363636363636 0.000436363636363636 0.000436363636363636 0.000436363636363636 0.198618181818182 0.000436363636363636 0.000436363636363636 0.000436363636363636 0.000436363636363636; % L D=0.4
0.128618181818182 0.000436363636363636 0.000436363636363636 0.168618181818182 0.00261818181818182 0.000436363636363636 0.000436363636363636 0.118618181818182 0.208618181818182 0.219054545454545 0.000436363636363636 0.000436363636363636 0.000436363636363636 0.000436363636363636 0.148618181818182 0.000436363636363636 0.000436363636363636 0.000436363636363636 0.000436363636363636; % P D=0.4
0.000436363636363636 7.27272727272727e-05 7.27272727272727e-05 0.000436363636363636 0.000436363636363636 7.27272727272727e-05 7.27272727272727e-05 0.000436363636363636 0.000436363636363636 0.000509090909090909 7.27272727272727e-05 7.27272727272727e-05 0.996072727272727 7.27272727272727e-05 0.000436363636363636 7.27272727272727e-05 7.27272727272727e-05 7.27272727272727e-05 7.27272727272727e-05; % T D=0.4
0.000436363636363636 7.27272727272727e-05 7.27272727272727e-05 0.000436363636363636 0.000436363636363636 7.27272727272727e-05 7.27272727272727e-05 0.000436363636363636 0.000436363636363636 0.000509090909090909 7.27272727272727e-05 0.996072727272727 7.27272727272727e-05 7.27272727272727e-05 0.000436363636363636 7.27272727272727e-05 7.27272727272727e-05 7.27272727272727e-05 7.27272727272727e-05; % V D=0.4
0.000436363636363636 7.27272727272727e-05 7.27272727272727e-05 0.000436363636363636 0.000436363636363636 7.27272727272727e-05 7.27272727272727e-05 0.000436363636363636 0.000436363636363636 0.000509090909090909 7.27272727272727e-05 7.27272727272727e-05 7.27272727272727e-05 7.27272727272727e-05 0.000436363636363636 0.996072727272727 7.27272727272727e-05 7.27272727272727e-05 7.27272727272727e-05; % Z D=0.4
0.000436363636363636 7.27272727272727e-05 7.27272727272727e-05 0.000436363636363636 0.000436363636363636 7.27272727272727e-05 7.27272727272727e-05 0.000436363636363636 0.000436363636363636 0.000509090909090909 7.27272727272727e-05 7.27272727272727e-05 7.27272727272727e-05 0.996072727272727 0.000436363636363636 7.27272727272727e-05 7.27272727272727e-05 7.27272727272727e-05 7.27272727272727e-05; % b D=0.4
0.000436363636363636 7.27272727272727e-05 7.27272727272727e-05 0.000436363636363636 0.000436363636363636 7.27272727272727e-05 7.27272727272727e-05 0.000436363636363636 0.000436363636363636 0.000509090909090909 0.996072727272727 7.27272727272727e-05 7.27272727272727e-05 7.27272727272727e-05 0.000436363636363636 7.27272727272727e-05 7.27272727272727e-05 7.27272727272727e-05 7.27272727272727e-05; % d D=0.4
0.0686181818181818 0.000436363636363636 0.000436363636363636 0.138618181818182 0.218618181818182 0.000436363636363636 0.000436363636363636 0.00261818181818182 0.208618181818182 0.139054545454545 0.000436363636363636 0.000436363636363636 0.000436363636363636 0.000436363636363636 0.218618181818182 0.000436363636363636 0.000436363636363636 0.000436363636363636 0.000436363636363636; % g D=0.4
0.178618181818182 0.000436363636363636 0.000436363636363636 0.148618181818182 0.178618181818182 0.000436363636363636 0.000436363636363636 0.198618181818182 0.00261818181818182 0.139054545454545 0.000436363636363636 0.000436363636363636 0.000436363636363636 0.000436363636363636 0.148618181818182 0.000436363636363636 0.000436363636363636 0.000436363636363636 0.000436363636363636; % k D=0.4
0.000436363636363636 0.996072727272727 7.27272727272727e-05 0.000436363636363636 0.000436363636363636 7.27272727272727e-05 7.27272727272727e-05 0.000436363636363636 0.000436363636363636 0.000509090909090909 7.27272727272727e-05 7.27272727272727e-05 7.27272727272727e-05 7.27272727272727e-05 0.000436363636363636 7.27272727272727e-05 7.27272727272727e-05 7.27272727272727e-05 7.27272727272727e-05; % l D=0.4
0.000436363636363636 7.27272727272727e-05 7.27272727272727e-05 0.000436363636363636 0.000436363636363636 7.27272727272727e-05 7.27272727272727e-05 0.000436363636363636 0.000436363636363636 0.000509090909090909 7.27272727272727e-05 7.27272727272727e-05 7.27272727272727e-05 7.27272727272727e-05 0.000436363636363636 7.27272727272727e-05 0.996072727272727 7.27272727272727e-05 7.27272727272727e-05; % p D=0.4
0.0790545454545454 0.000509090909090909 0.000509090909090909 0.269054545454545 0.129054545454545 0.000509090909090909 0.000509090909090909 0.189054545454545 0.169054545454545 0.0195636363636364 0.000509090909090909 0.000509090909090909 0.000509090909090909 0.000509090909090909 0.139054545454545 0.000509090909090909 0.000509090909090909 0.000509090909090909 0.000509090909090909; % t D=0.4
0.178618181818182 0.000436363636363636 0.000436363636363636 0.158618181818182 0.158618181818182 0.000436363636363636 0.000436363636363636 0.178618181818182 0.148618181818182 0.169054545454545 0.000436363636363636 0.000436363636363636 0.000436363636363636 0.000436363636363636 0.00261818181818182 0.000436363636363636 0.000436363636363636 0.000436363636363636 0.000436363636363636; % v D=0.4
0.000436363636363636 7.27272727272727e-05 7.27272727272727e-05 0.000436363636363636 0.000436363636363636 0.996072727272727 7.27272727272727e-05 0.000436363636363636 0.000436363636363636 0.000509090909090909 7.27272727272727e-05 7.27272727272727e-05 7.27272727272727e-05 7.27272727272727e-05 0.000436363636363636 7.27272727272727e-05 7.27272727272727e-05 7.27272727272727e-05 7.27272727272727e-05; % z D=0.4
0.00436363636363636 0.000727272727272727 0.000727272727272727 0.144363636363636 0.091030303030303 0.000727272727272727 0.000727272727272727 0.19769696969697 0.184363636363636 0.185090909090909 0.000727272727272727 0.000727272727272727 0.000727272727272727 0.000727272727272727 0.184363636363636 0.000727272727272727 0.000727272727272727 0.000727272727272727 0.000727272727272727; % $ D=0.5
0.000545454545454545 9.09090909090909e-05 0.995090909090909 0.000545454545454545 0.000545454545454545 9.09090909090909e-05 9.09090909090909e-05 0.000545454545454545 0.000545454545454545 0.000636363636363636 9.09090909090909e-05 9.09090909090909e-05 9.09090909090909e-05 9.09090909090909e-05 0.000545454545454545 9.09090909090909e-05 9.09090909090909e-05 9.09090909090909e-05 9.09090909090909e-05; % B D=0.5
0.000545454545454545 9.09090909090909e-05 9.09090909090909e-05 0.000545454545454545 0.000545454545454545 9.09090909090909e-05 9.09090909090909e-05 0.000545454545454545 0.000545454545454545 0.000636363636363636 9.09090909090909e-05 9.09090909090909e-05 9.09090909090909e-05 9.09090909090909e-05 0.000545454545454545 9.09090909090909e-05 9.09090909090909e-05 0.995090909090909 9.09090909090909e-05; % D D=0.5
0.000545454545454545 9.09090909090909e-05 9.09090909090909e-05 0.000545454545454545 0.000545454545454545 9.09090909090909e-05 9.09090909090909e-05 0.000545454545454545 0.000545454545454545 0.000636363636363636 9.09090909090909e-05 9.09090909090909e-05 9.09090909090909e-05 9.09090909090909e-05 0.000545454545454545 9.09090909090909e-05 9.09090909090909e-05 9.09090909090909e-05 0.995090909090909; % G D=0.5
0.000545454545454545 9.09090909090909e-05 9.09090909090909e-05 0.000545454545454545 0.000545454545454545 9.09090909090909e-05 0.995090909090909 0.000545454545454545 0.000545454545454545 0.000636363636363636 9.09090909090909e-05 9.09090909090909e-05 9.09090909090909e-05 9.09090909090909e-05 0.000545454545454545 9.09090909090909e-05 9.09090909090909e-05 9.09090909090909e-05 9.09090909090909e-05; % K D=0.5
0.108272727272727 0.000545454545454545 0.000545454545454545 0.00327272727272727 0.238272727272727 0.000545454545454545 0.000545454545454545 0.158272727272727 0.118272727272727 0.168818181818182 0.000545454545454545 0.000545454545454545 0.000545454545454545 0.000545454545454545 0.198272727272727 0.000545454545454545 0.000545454545454545 0.000545454545454545 0.000545454545454545; % L D=0.5
0.128272727272727 0.000545454545454545 0.000545454545454545 0.168272727272727 0.00327272727272727 0.000545454545454545 0.000545454545454545 0.118272727272727 0.208272727272727 0.218818181818182 0.000545454545454545 0.000545454545454545 0.000545454545454545 0.000545454545454545 0.148272727272727 0.000545454545454545 0.000545454545454545 0.000545454545454545 0.000545454545454545; % P D=0.5
0.000545454545454545 9.09090909090909e-05 9.09090909090909e-05 0.000545454545454545 0.000545454545454545 9.09090909090909e-05 9.09090909090909e-05 0.000545454545454545 0.000545454545454545 0.000636363636363636 9.09090909090909e-05 9.09090909090909e-05 0.995090909090909 9.09090909090909e-05 0.000545454545454545 9.09090909090909e-05 9.09090909090909e-05 9.09090909090909e-05 9.09090909090909e-05; % T D=0.5
0.000545454545454545 9.09090909090909e-05 9.09090909090909e-05 0.000545454545454545 0.000545454545454545 9.09090909090909e-05 9.09090909090909e-05 0.000545454545454545 0.000545454545454545 0.000636363636363636 9.09090909090909e-05 0.995090909090909 9.09090909090909e-05 9.09090909090909e-05 0.000545454545454545 9.09090909090909e-05 9.09090909090909e-05 9.09090909090909e-05 9.09090909090909e-05; % V D=0.5
0.000545454545454545 9.09090909090909e-05 9.09090909090909e-05 0.000545454545454545 0.000545454545454545 9.09090909090909e-05 9.09090909090909e-05 0.000545454545454545 0.000545454545454545 0.000636363636363636 9.09090909090909e-05 9.09090909090909e-05 9.09090909090909e-05 9.09090909090909e-05 0.000545454545454545 0.995090909090909 9.09090909090909e-05 9.09090909090909e-05 9.09090909090909e-05; % Z D=0.5
0.000545454545454545 9.09090909090909e-05 9.09090909090909e-05 0.000545454545454545 0.000545454545454545 9.09090909090909e-05 9.09090909090909e-05 0.000545454545454545 0.000545454545454545 0.000636363636363636 9.09090909090909e-05 9.09090909090909e-05 9.09090909090909e-05 0.995090909090909 0.000545454545454545 9.09090909090909e-05 9.09090909090909e-05 9.09090909090909e-05 9.09090909090909e-05; % b D=0.5
0.000545454545454545 9.09090909090909e-05 9.09090909090909e-05 0.000545454545454545 0.000545454545454545 9.09090909090909e-05 9.09090909090909e-05 0.000545454545454545 0.000545454545454545 0.000636363636363636 0.995090909090909 9.09090909090909e-05 9.09090909090909e-05 9.09090909090909e-05 0.000545454545454545 9.09090909090909e-05 9.09090909090909e-05 9.09090909090909e-05 9.09090909090909e-05; % d D=0.5
0.0682727272727273 0.000545454545454545 0.000545454545454545 0.138272727272727 0.218272727272727 0.000545454545454545 0.000545454545454545 0.00327272727272727 0.208272727272727 0.138818181818182 0.000545454545454545 0.000545454545454545 0.000545454545454545 0.000545454545454545 0.218272727272727 0.000545454545454545 0.000545454545454545 0.000545454545454545 0.000545454545454545; % g D=0.5
0.178272727272727 0.000545454545454545 0.000545454545454545 0.148272727272727 0.178272727272727 0.000545454545454545 0.000545454545454545 0.198272727272727 0.00327272727272727 0.138818181818182 0.000545454545454545 0.000545454545454545 0.000545454545454545 0.000545454545454545 0.148272727272727 0.000545454545454545 0.000545454545454545 0.000545454545454545 0.000545454545454545; % k D=0.5
0.000545454545454545 0.995090909090909 9.09090909090909e-05 0.000545454545454545 0.000545454545454545 9.09090909090909e-05 9.09090909090909e-05 0.000545454545454545 0.000545454545454545 0.000636363636363636 9.09090909090909e-05 9.09090909090909e-05 9.09090909090909e-05 9.09090909090909e-05 0.000545454545454545 9.09090909090909e-05 9.09090909090909e-05 9.09090909090909e-05 9.09090909090909e-05; % l D=0.5
0.000545454545454545 9.09090909090909e-05 9.09090909090909e-05 0.000545454545454545 0.000545454545454545 9.09090909090909e-05 9.09090909090909e-05 0.000545454545454545 0.000545454545454545 0.000636363636363636 9.09090909090909e-05 9.09090909090909e-05 9.09090909090909e-05 9.09090909090909e-05 0.000545454545454545 9.09090909090909e-05 0.995090909090909 9.09090909090909e-05 9.09090909090909e-05; % p D=0.5
0.0788181818181818 0.000636363636363636 0.000636363636363636 0.268818181818182 0.128818181818182 0.000636363636363636 0.000636363636363636 0.188818181818182 0.168818181818182 0.0194545454545455 0.000636363636363636 0.000636363636363636 0.000636363636363636 0.000636363636363636 0.138818181818182 0.000636363636363636 0.000636363636363636 0.000636363636363636 0.000636363636363636; % t D=0.5
0.178272727272727 0.000545454545454545 0.000545454545454545 0.158272727272727 0.158272727272727 0.000545454545454545 0.000545454545454545 0.178272727272727 0.148272727272727 0.168818181818182 0.000545454545454545 0.000545454545454545 0.000545454545454545 0.000545454545454545 0.00327272727272727 0.000545454545454545 0.000545454545454545 0.000545454545454545 0.000545454545454545; % v D=0.5
0.000545454545454545 9.09090909090909e-05 9.09090909090909e-05 0.000545454545454545 0.000545454545454545 0.995090909090909 9.09090909090909e-05 0.000545454545454545 0.000545454545454545 0.000636363636363636 9.09090909090909e-05 9.09090909090909e-05 9.09090909090909e-05 9.09090909090909e-05 0.000545454545454545 9.09090909090909e-05 9.09090909090909e-05 9.09090909090909e-05 9.09090909090909e-05; % z D=0.5
0.00523636363636364 0.000872727272727273 0.000872727272727273 0.14390303030303 0.090569696969697 0.000872727272727273 0.000872727272727273 0.197236363636364 0.18390303030303 0.184775757575758 0.000872727272727273 0.000872727272727273 0.000872727272727273 0.000872727272727273 0.18390303030303 0.000872727272727273 0.000872727272727273 0.000872727272727273 0.000872727272727273; % $ D=0.6
0.000654545454545455 0.000109090909090909 0.994109090909091 0.000654545454545455 0.000654545454545455 0.000109090909090909 0.000109090909090909 0.000654545454545455 0.000654545454545455 0.000763636363636364 0.000109090909090909 0.000109090909090909 0.000109090909090909 0.000109090909090909 0.000654545454545455 0.000109090909090909 0.000109090909090909 0.000109090909090909 0.000109090909090909; % B D=0.6
0.000654545454545455 0.000109090909090909 0.000109090909090909 0.000654545454545455 0.000654545454545455 0.000109090909090909 0.000109090909090909 0.000654545454545455 0.000654545454545455 0.000763636363636364 0.000109090909090909 0.000109090909090909 0.000109090909090909 0.000109090909090909 0.000654545454545455 0.000109090909090909 0.000109090909090909 0.994109090909091 0.000109090909090909; % D D=0.6
0.000654545454545455 0.000109090909090909 0.000109090909090909 0.000654545454545455 0.000654545454545455 0.000109090909090909 0.000109090909090909 0.000654545454545455 0.000654545454545455 0.000763636363636364 0.000109090909090909 0.000109090909090909 0.000109090909090909 0.000109090909090909 0.000654545454545455 0.000109090909090909 0.000109090909090909 0.000109090909090909 0.994109090909091; % G D=0.6
