syllables = '$BDGKLPTVZbdgklptvz';
discounts = [0.1 0.2 0.3 0.4 0.5 0.6 0.7 0.8 0.9 0.95];
kn_probs = [0.00257142857142857 0.158571428571429 0.000428571428571429 0.000428571428571429 0.000428571428571429 0.158571428571429 0.118571428571429 0.000428571428571429 0.198571428571429 0.000428571428571429 0.000428571428571429 0.000428571428571429 0.119 0.000428571428571429 0.000428571428571429 0.000428571428571429 0.239 0.000428571428571429 0.000428571428571429; % $ D=0.1
0.000107142857142857 0.000107142857142857 1.78571428571429e-05 1.78571428571429e-05 1.78571428571429e-05 0.000107142857142857 0.000107142857142857 1.78571428571429e-05 0.000107142857142857 1.78571428571429e-05 1.78571428571429e-05 1.78571428571429e-05 0.000125 1.78571428571429e-05 1.78571428571429e-05 0.999017857142857 0.000125 1.78571428571429e-05 1.78571428571429e-05; % B D=0.1
0.0496428571428571 0.0996428571428571 0.000107142857142857 0.000107142857142857 0.000107142857142857 0.189642857142857 0.000642857142857143 0.000107142857142857 0.269642857142857 0.000107142857142857 0.000107142857142857 0.000107142857142857 0.15975 0.000107142857142857 0.000107142857142857 0.000107142857142857 0.22975 0.000107142857142857 0.000107142857142857; % D D=0.1
0.000107142857142857 0.000107142857142857 1.78571428571429e-05 1.78571428571429e-05 1.78571428571429e-05 0.000107142857142857 0.000107142857142857 1.78571428571429e-05 0.000107142857142857 1.78571428571429e-05 1.78571428571429e-05 1.78571428571429e-05 0.000125 1.78571428571429e-05 1.78571428571429e-05 1.78571428571429e-05 0.000125 1.78571428571429e-05 0.999017857142857; % G D=0.1
0.000107142857142857 0.000107142857142857 1.78571428571429e-05 1.78571428571429e-05 1.78571428571429e-05 0.000107142857142857 0.000107142857142857 1.78571428571429e-05 0.000107142857142857 1.78571428571429e-05 1.78571428571429e-05 1.78571428571429e-05 0.000125 0.999017857142857 1.78571428571429e-05 1.78571428571429e-05 0.000125 1.78571428571429e-05 1.78571428571429e-05; % K D=0.1
0.000107142857142857 0.000107142857142857 1.78571428571429e-05 1.78571428571429e-05 1.78571428571429e-05 0.000107142857142857 0.000107142857142857 1.78571428571429e-05 0.000107142857142857 1.78571428571429e-05 1.78571428571429e-05 0.999017857142857 0.000125 1.78571428571429e-05 1.78571428571429e-05 1.78571428571429e-05 0.000125 1.78571428571429e-05 1.78571428571429e-05; % L D=0.1
0.000107142857142857 0.000107142857142857 0.999017857142857 1.78571428571429e-05 1.78571428571429e-05 0.000107142857142857 0.000107142857142857 1.78571428571429e-05 0.000107142857142857 1.78571428571429e-05 1.78571428571429e-05 1.78571428571429e-05 0.000125 1.78571428571429e-05 1.78571428571429e-05 1.78571428571429e-05 0.000125 1.78571428571429e-05 1.78571428571429e-05; % P D=0.1
0.0596428571428572 0.000642857142857143 0.000107142857142857 0.000107142857142857 0.000107142857142857 0.219642857142857 0.269642857142857 0.000107142857142857 0.129642857142857 0.000107142857142857 0.000107142857142857 0.000107142857142857 0.18975 0.000107142857142857 0.000107142857142857 0.000107142857142857 0.12975 0.000107142857142857 0.000107142857142857; % T D=0.1
0.000107142857142857 0.000107142857142857 1.78571428571429e-05 1.78571428571429e-05 1.78571428571429e-05 0.000107142857142857 0.000107142857142857 1.78571428571429e-05 0.000107142857142857 1.78571428571429e-05 1.78571428571429e-05 1.78571428571429e-05 0.000125 1.78571428571429e-05 0.999017857142857 1.78571428571429e-05 0.000125 1.78571428571429e-05 1.78571428571429e-05; % V D=0.1
0.05975 0.23975 0.000125 0.000125 0.000125 0.14975 0.14975 0.000125 0.21975 0.000125 0.000125 0.000125 0.159875 0.000125 0.000125 0.000125 0.019875 0.000125 0.000125; % Z D=0.1
0.01975 0.23975 0.000125 0.000125 0.000125 0.24975 0.14975 0.000125 0.19975 0.000125 0.000125 0.000125 0.009875 0.000125 0.000125 0.000125 0.129875 0.000125 0.000125; % b D=0.1
0.000107142857142857 0.000107142857142857 1.78571428571429e-05 1.78571428571429e-05 0.999017857142857 0.000107142857142857 0.000107142857142857 1.78571428571429e-05 0.000107142857142857 1.78571428571429e-05 1.78571428571429e-05 1.78571428571429e-05 0.000125 1.78571428571429e-05 1.78571428571429e-05 1.78571428571429e-05 0.000125 1.78571428571429e-05 1.78571428571429e-05; % d D=0.1
0.000107142857142857 0.000107142857142857 1.78571428571429e-05 1.78571428571429e-05 1.78571428571429e-05 0.000107142857142857 0.000107142857142857 1.78571428571429e-05 0.000107142857142857 1.78571428571429e-05 0.999017857142857 1.78571428571429e-05 0.000125 1.78571428571429e-05 1.78571428571429e-05 1.78571428571429e-05 0.000125 1.78571428571429e-05 1.78571428571429e-05; % g D=0.1
0.0196428571428571 0.199642857142857 0.000107142857142857 0.000107142857142857 0.000107142857142857 0.000642857142857143 0.229642857142857 0.000107142857142857 0.129642857142857 0.000107142857142857 0.000107142857142857 0.000107142857142857 0.21975 0.000107142857142857 0.000107142857142857 0.000107142857142857 0.19975 0.000107142857142857 0.000107142857142857; % k D=0.1
0.000107142857142857 0.000107142857142857 1.78571428571429e-05 0.999017857142857 1.78571428571429e-05 0.000107142857142857 0.000107142857142857 1.78571428571429e-05 0.000107142857142857 1.78571428571429e-05 1.78571428571429e-05 1.78571428571429e-05 0.000125 1.78571428571429e-05 1.78571428571429e-05 1.78571428571429e-05 0.000125 1.78571428571429e-05 1.78571428571429e-05; % l D=0.1
0.000107142857142857 0.000107142857142857 1.78571428571429e-05 1.78571428571429e-05 1.78571428571429e-05 0.000107142857142857 0.000107142857142857 0.999017857142857 0.000107142857142857 1.78571428571429e-05 1.78571428571429e-05 1.78571428571429e-05 0.000125 1.78571428571429e-05 1.78571428571429e-05 1.78571428571429e-05 0.000125 1.78571428571429e-05 1.78571428571429e-05; % p D=0.1
0.000107142857142857 0.000107142857142857 1.78571428571429e-05 1.78571428571429e-05 1.78571428571429e-05 0.000107142857142857 0.000107142857142857 1.78571428571429e-05 0.000107142857142857 1.78571428571429e-05 1.78571428571429e-05 1.78571428571429e-05 0.000125 1.78571428571429e-05 1.78571428571429e-05 1.78571428571429e-05 0.000125 0.999017857142857 1.78571428571429e-05; % t D=0.1
0.000107142857142857 0.000107142857142857 1.78571428571429e-05 1.78571428571429e-05 1.78571428571429e-05 0.000107142857142857 0.000107142857142857 1.78571428571429e-05 0.000107142857142857 0.999017857142857 1.78571428571429e-05 1.78571428571429e-05 0.000125 1.78571428571429e-05 1.78571428571429e-05 1.78571428571429e-05 0.000125 1.78571428571429e-05 1.78571428571429e-05; % v D=0.1
0.0396428571428571 0.179642857142857 0.000107142857142857 0.000107142857142857 0.000107142857142857 0.149642857142857 0.169642857142857 0.000107142857142857 0.000642857142857143 0.000107142857142857 0.000107142857142857 0.000107142857142857 0.22975 0.000107142857142857 0.000107142857142857 0.000107142857142857 0.22975 0.000107142857142857 0.000107142857142857; % z D=0.1
0.00514285714285714 0.157142857142857 0.000857142857142857 0.000857142857142857 0.000857142857142857 0.157142857142857 0.117142857142857 0.000857142857142857 0.197142857142857 0.000857142857142857 0.000857142857142857 0.000857142857142857 0.118 0.000857142857142857 0.000857142857142857 0.000857142857142857 0.238 0.000857142857142857 0.000857142857142857; % $ D=0.2
0.000214285714285714 0.000214285714285714 3.57142857142857e-05 3.57142857142857e-05 3.57142857142857e-05 0.000214285714285714 0.000214285714285714 3.57142857142857e-05 0.000214285714285714 3.57142857142857e-05 3.57142857142857e-05 3.57142857142857e-05 0.00025 3.57142857142857e-05 3.57142857142857e-05 0.998035714285714 0.00025 3.57142857142857e-05 3.57142857142857e-05; % B D=0.2
0.0492857142857143 0.0992857142857143 0.000214285714285714 0.000214285714285714 0.000214285714285714 0.189285714285714 0.00128571428571429 0.000214285714285714 0.269285714285714 0.000214285714285714 0.000214285714285714 0.000214285714285714 0.1595 0.000214285714285714 0.000214285714285714 0.000214285714285714 0.2295 0.000214285714285714 0.000214285714285714; % D D=0.2
0.000214285714285714 0.000214285714285714 3.57142857142857e-05 3.57142857142857e-05 3.57142857142857e-05 0.000214285714285714 0.000214285714285714 3.57142857142857e-05 0.000214285714285714 3.57142857142857e-05 3.57142857142857e-05 3.57142857142857e-05 0.00025 3.57142857142857e-05 3.57142857142857e-05 3.57142857142857e-05 0.00025 3.57142857142857e-05 0.998035714285714; % G D=0.2
0.000214285714285714 0.000214285714285714 3.57142857142857e-05 3.57142857142857e-05 3.57142857142857e-05 0.000214285714285714 0.000214285714285714 3.57142857142857e-05 0.000214285714285714 3.57142857142857e-05 3.57142857142857e-05 3.57142857142857e-05 0.00025 0.998035714285714 3.57142857142857e-05 3.57142857142857e-05 0.00025 3.57142857142857e-05 3.57142857142857e-05; % K D=0.2
0.000214285714285714 0.000214285714285714 3.57142857142857e-05 3.57142857142857e-05 3.57142857142857e-05 0.000214285714285714 0.000214285714285714 3.57142857142857e-05 0.000214285714285714 3.57142857142857e-05 3.57142857142857e-05 0.998035714285714 0.00025 3.57142857142857e-05 3.57142857142857e-05 3.57142857142857e-05 0.00025 3.57142857142857e-05 3.57142857142857e-05; % L D=0.2
0.000214285714285714 0.000214285714285714 0.998035714285714 3.57142857142857e-05 3.57142857142857e-05 0.000214285714285714 0.000214285714285714 3.57142857142857e-05 0.000214285714285714 3.57142857142857e-05 3.57142857142857e-05 3.57142857142857e-05 0.00025 3.57142857142857e-05 3.57142857142857e-05 3.57142857142857e-05 0.00025 3.57142857142857e-05 3.57142857142857e-05; % P D=0.2
0.0592857142857143 0.00128571428571429 0.000214285714285714 0.000214285714285714 0.000214285714285714 0.219285714285714 0.269285714285714 0.000214285714285714 0.129285714285714 0.000214285714285714 0.000214285714285714 0.000214285714285714 0.1895 0.000214285714285714 0.000214285714285714 0.000214285714285714 0.1295 0.000214285714285714 0.000214285714285714; % T D=0.2
0.000214285714285714 0.000214285714285714 3.57142857142857e-05 3.57142857142857e-05 3.57142857142857e-05 0.000214285714285714 0.000214285714285714 3.57142857142857e-05 0.000214285714285714 3.57142857142857e-05 3.57142857142857e-05 3.57142857142857e-05 0.00025 3.57142857142857e-05 0.998035714285714 3.57142857142857e-05 0.00025 3.57142857142857e-05 3.57142857142857e-05; % V D=0.2
0.0595 0.2395 0.00025 0.00025 0.00025 0.1495 0.1495 0.00025 0.2195 0.00025 0.00025 0.00025 0.15975 0.00025 0.00025 0.00025 0.01975 0.00025 0.00025; % Z D=0.2
0.0195 0.2395 0.00025 0.00025 0.00025 0.2495 0.1495 0.00025 0.1995 0.00025 0.00025 0.00025 0.00975 0.00025 0.00025 0.00025 0.12975 0.00025 0.00025; % b D=0.2
0.000214285714285714 0.000214285714285714 3.57142857142857e-05 3.57142857142857e-05 0.998035714285714 0.000214285714285714 0.000214285714285714 3.57142857142857e-05 0.000214285714285714 3.57142857142857e-05 3.57142857142857e-05 3.57142857142857e-05 0.00025 3.57142857142857e-05 3.57142857142857e-05 3.57142857142857e-05 0.00025 3.57142857142857e-05 3.57142857142857e-05; % d D=0.2
0.000214285714285714 0.000214285714285714 3.57142857142857e-05 3.57142857142857e-05 3.57142857142857e-05 0.000214285714285714 0.000214285714285714 3.57142857142857e-05 0.000214285714285714 3.57142857142857e-05 0.998035714285714 3.57142857142857e-05 0.00025 3.57142857142857e-05 3.57142857142857e-05 3.57142857142857e-05 0.00025 3.57142857142857e-05 3.57142857142857e-05; % g D=0.2
0.0192857142857143 0.199285714285714 0.000214285714285714 0.000214285714285714 0.000214285714285714 0.00128571428571429 0.229285714285714 0.000214285714285714 0.129285714285714 0.000214285714285714 0.000214285714285714 0.000214285714285714 0.2195 0.000214285714285714 0.000214285714285714 0.000214285714285714 0.1995 0.000214285714285714 0.000214285714285714; % k D=0.2
0.000214285714285714 0.000214285714285714 3.57142857142857e-05 0.998035714285714 3.57142857142857e-05 0.000214285714285714 0.000214285714285714 3.57142857142857e-05 0.000214285714285714 3.57142857142857e-05 3.57142857142857e-05 3.57142857142857e-05 0.00025 3.57142857142857e-05 3.57142857142857e-05 3.57142857142857e-05 0.00025 3.57142857142857e-05 3.57142857142857e-05; % l D=0.2
0.000214285714285714 0.000214285714285714 3.57142857142857e-05 3.57142857142857e-05 3.57142857142857e-05 0.000214285714285714 0.000214285714285714 0.998035714285714 0.000214285714285714 3.57142857142857e-05 3.57142857142857e-05 3.57142857142857e-05 0.00025 3.57142857142857e-05 3.57142857142857e-05 3.57142857142857e-05 0.00025 3.57142857142857e-05 3.57142857142857e-05; % p D=0.2
0.000214285714285714 0.000214285714285714 3.57142857142857e-05 3.57142857142857e-05 3.57142857142857e-05 0.000214285714285714 0.000214285714285714 3.57142857142857e-05 0.000214285714285714 3.57142857142857e-05 3.57142857142857e-05 3.57142857142857e-05 0.00025 3.57142857142857e-05 3.57142857142857e-05 3.57142857142857e-05 0.00025 0.998035714285714 3.57142857142857e-05; % t D=0.2
0.000214285714285714 0.000214285714285714 3.57142857142857e-05 3.57142857142857e-05 3.57142857142857e-05 0.000214285714285714 0.000214285714285714 3.57142857142857e-05 0.000214285714285714 0.998035714285714 3.57142857142857e-05 3.57142857142857e-05 0.00025 3.57142857142857e-05 3.57142857142857e-05 3.57142857142857e-05 0.00025 3.57142857142857e-05 3.57142857142857e-05; % v D=0.2
0.0392857142857143 0.179285714285714 0.000214285714285714 0.000214285714285714 0.000214285714285714 0.149285714285714 0.169285714285714 0.000214285714285714 0.00128571428571429 0.000214285714285714 0.000214285714285714 0.000214285714285714 0.2295 0.000214285714285714 0.000214285714285714 0.000214285714285714 0.2295 0.000214285714285714 0.000214285714285714; % z D=0.2
0.00771428571428571 0.155714285714286 0.00128571428571429 0.00128571428571429 0.00128571428571429 0.155714285714286 0.115714285714286 0.00128571428571429 0.195714285714286 0.00128571428571429 0.00128571428571429 0.00128571428571429 0.117 0.00128571428571429 0.00128571428571429 0.00128571428571429 0.237 0.00128571428571429 0.00128571428571429; % $ D=0.3
0.000321428571428571 0.000321428571428571 5.35714285714286e-05 5.35714285714286e-05 5.35714285714286e-05 0.000321428571428571 0.000321428571428571 5.35714285714286e-05 0.000321428571428571 5.35714285714286e-05 5.35714285714286e-05 5.35714285714286e-05 0.000375 5.35714285714286e-05 5.35714285714286e-05 0.997053571428571 0.000375 5.35714285714286e-05 5.35714285714286e-05; % B D=0.3
0.0489285714285714 0.0989285714285714 0.000321428571428571 0.000321428571428571 0.000321428571428571 0.188928571428571 0.00192857142857143 0.000321428571428571 0.268928571428571 0.000321428571428571 0.000321428571428571 0.000321428571428571 0.15925 0.000321428571428571 0.000321428571428571 0.000321428571428571 0.22925 0.000321428571428571 0.000321428571428571; % D D=0.3
0.000321428571428571 0.000321428571428571 5.35714285714286e-05 5.35714285714286e-05 5.35714285714286e-05 0.000321428571428571 0.000321428571428571 5.35714285714286e-05 0.000321428571428571 5.35714285714286e-05 5.35714285714286e-05 5.35714285714286e-05 0.000375 5.35714285714286e-05 5.35714285714286e-05 5.35714285714286e-05 0.000375 5.35714285714286e-05 0.997053571428571; % G D=0.3
0.000321428571428571 0.000321428571428571 5.35714285714286e-05 5.35714285714286e-05 5.35714285714286e-05 0.000321428571428571 0.000321428571428571 5.35714285714286e-05 0.000321428571428571 5.35714285714286e-05 5.35714285714286e-05 5.35714285714286e-05 0.000375 0.997053571428571 5.35714285714286e-05 5.35714285714286e-05 0.000375 5.35714285714286e-05 5.35714285714286e-05; % K D=0.3
0.000321428571428571 0.000321428571428571 5.35714285714286e-05 5.35714285714286e-05 5.35714285714286e-05 0.000321428571428571 0.000321428571428571 5.35714285714286e-05 0.000321428571428571 5.35714285714286e-05 5.35714285714286e-05 0.997053571428571 0.000375 5.35714285714286e-05 5.35714285714286e-05 5.35714285714286e-05 0.000375 5.35714285714286e-05 5.35714285714286e-05; % L D=0.3
0.000321428571428571 0.000321428571428571 0.997053571428571 5.35714285714286e-05 5.35714285714286e-05 0.000321428571428571 0.000321428571428571 5.35714285714286e-05 0.000321428571428571 5.35714285714286e-05 5.35714285714286e-05 5.35714285714286e-05 0.000375 5.35714285714286e-05 5.35714285714286e-05 5.35714285714286e-05 0.000375 5.35714285714286e-05 5.35714285714286e-05; % P D=0.3
0.0589285714285714 0.00192857142857143 0.000321428571428571 0.000321428571428571 0.000321428571428571 0.218928571428571 0.268928571428571 0.000321428571428571 0.128928571428571 0.000321428571428571 0.000321428571428571 0.000321428571428571 0.18925 0.000321428571428571 0.000321428571428571 0.000321428571428571 0.12925 0.000321428571428571 0.000321428571428571; % T D=0.3
0.000321428571428571 0.000321428571428571 5.35714285714286e-05 5.35714285714286e-05 5.35714285714286e-05 0.000321428571428571 0.000321428571428571 5.35714285714286e-05 0.000321428571428571 5.35714285714286e-05 5.35714285714286e-05 5.35714285714286e-05 0.000375 5.35714285714286e-05 0.997053571428571 5.35714285714286e-05 0.000375 5.35714285714286e-05 5.35714285714286e-05; % V D=0.3
0.05925 0.23925 0.000375 0.000375 0.000375 0.14925 0.14925 0.000375 0.21925 0.000375 0.000375 0.000375 0.159625 0.000375 0.000375 0.000375 0.019625 0.000375 0.000375; % Z D=0.3
0.01925 0.23925 0.000375 0.000375 0.000375 0.24925 0.14925 0.000375 0.19925 0.000375 0.000375 0.000375 0.009625 0.000375 0.000375 0.000375 0.129625 0.000375 0.000375; % b D=0.3
0.000321428571428571 0.000321428571428571 5.35714285714286e-05 5.35714285714286e-05 0.997053571428571 0.000321428571428571 0.000321428571428571 5.35714285714286e-05 0.000321428571428571 5.35714285714286e-05 5.35714285714286e-05 5.35714285714286e-05 0.000375 5.35714285714286e-05 5.35714285714286e-05 5.35714285714286e-05 0.000375 5.35714285714286e-05 5.35714285714286e-05; % d D=0.3
0.000321428571428571 0.000321428571428571 5.35714285714286e-05 5.35714285714286e-05 5.35714285714286e-05 0.000321428571428571 0.000321428571428571 5.35714285714286e-05 0.000321428571428571 5.35714285714286e-05 0.997053571428571 5.35714285714286e-05 0.000375 5.35714285714286e-05 5.35714285714286e-05 5.35714285714286e-05 0.000375 5.35714285714286e-05 5.35714285714286e-05; % g D=0.3
0.0189285714285714 0.198928571428571 0.000321428571428571 0.000321428571428571 0.000321428571428571 0.00192857142857143 0.228928571428571 0.000321428571428571 0.128928571428571 0.000321428571428571 0.000321428571428571 0.000321428571428571 0.21925 0.000321428571428571 0.000321428571428571 0.000321428571428571 0.19925 0.000321428571428571 0.000321428571428571; % k D=0.3
0.000321428571428571 0.000321428571428571 5.35714285714286e-05 0.997053571428571 5.35714285714286e-05 0.000321428571428571 0.000321428571428571 5.35714285714286e-05 0.000321428571428571 5.35714285714286e-05 5.35714285714286e-05 5.35714285714286e-05 0.000375 5.35714285714286e-05 5.35714285714286e-05 5.35714285714286e-05 0.000375 5.35714285714286e-05 5.35714285714286e-05; % l D=0.3
0.000321428571428571 0.000321428571428571 5.35714285714286e-05 5.35714285714286e-05 5.35714285714286e-05 0.000321428571428571 0.000321428571428571 0.997053571428571 0.000321428571428571 5.35714285714286e-05 5.35714285714286e-05 5.35714285714286e-05 0.000375 5.35714285714286e-05 5.35714285714286e-05 5.35714285714286e-05 0.000375 5.35714285714286e-05 5.35714285714286e-05; % p D=0.3
0.000321428571428571 0.000321428571428571 5.35714285714286e-05 5.35714285714286e-05 5.35714285714286e-05 0.000321428571428571 0.000321428571428571 5.35714285714286e-05 0.000321428571428571 5.35714285714286e-05 5.35714285714286e-05 5.35714285714286e-05 0.000375 5.35714285714286e-05 5.35714285714286e-05 5.35714285714286e-05 0.000375 0.997053571428571 5.35714285714286e-05; % t D=0.3
0.000321428571428571 0.000321428571428571 5.35714285714286e-05 5.35714285714286e-05 5.35714285714286e-05 0.000321428571428571 0.000321428571428571 5.35714285714286e-05 0.000321428571428571 0.997053571428571 5.35714285714286e-05 5.35714285714286e-05 0.000375 5.35714285714286e-05 5.35714285714286e-05 5.35714285714286e-05 0.000375 5.35714285714286e-05 5.35714285714286e-05; % v D=0.3
0.0389285714285714 0.178928571428571 0.000321428571428571 0.000321428571428571 0.000321428571428571 0.148928571428571 0.168928571428571 0.000321428571428571 0.00192857142857143 0.000321428571428571 0.000321428571428571 0.000321428571428571 0.22925 0.000321428571428571 0.000321428571428571 0.000321428571428571 0.22925 0.000321428571428571 0.000321428571428571; % z D=0.3
0.0102857142857143 0.154285714285714 0.00171428571428571 0.00171428571428571 0.00171428571428571 0.154285714285714 0.114285714285714 0.00171428571428571 0.194285714285714 0.00171428571428571 0.00171428571428571 0.00171428571428571 0.116 0.00171428571428571 0.00171428571428571 0.00171428571428571 0.236 0.00171428571428571 0.00171428571428571; % $ D=0.4
0.000428571428571429 0.000428571428571429 7.14285714285714e-05 7.14285714285714e-05 7.14285714285714e-05 0.000428571428571429 0.000428571428571429 7.14285714285714e-05 0.000428571428571429 7.14285714285714e-05 7.14285714285714e-05 7.14285714285714e-05 0.0005 7.14285714285714e-05 7.14285714285714e-05 0.996071428571429 0.0005 7.14285714285714e-05 7.14285714285714e-05; % B D=0.4
0.0485714285714286 0.0985714285714286 0.000428571428571429 0.000428571428571429 0.000428571428571429 0.188571428571429 0.00257142857142857 0.000428571428571429 0.268571428571429 0.000428571428571429 0.000428571428571429 0.000428571428571429 0.159 0.000428571428571429 0.000428571428571429 0.000428571428571429 0.229 0.000428571428571429 0.000428571428571429; % D D=0.4
0.000428571428571429 0.000428571428571429 7.14285714285714e-05 7.14285714285714e-05 7.14285714285714e-05 0.000428571428571429 0.000428571428571429 7.14285714285714e-05 0.000428571428571429 7.14285714285714e-05 7.14285714285714e-05 7.14285714285714e-05 0.0005 7.14285714285714e-05 7.14285714285714e-05 7.14285714285714e-05 0.0005 7.14285714285714e-05 0.996071428571429; % G D=0.4
0.000428571428571429 0.000428571428571429 7.14285714285714e-05 7.14285714285714e-05 7.14285714285714e-05 0.000428571428571429 0.000428571428571429 7.14285714285714e-05 0.000428571428571429 7.14285714285714e-05 7.14285714285714e-05 7.14285714285714e-05 0.0005 0.996071428571429 7.14285714285714e-05 7.14285714285714e-05 0.0005 7.14285714285714e-05 7.14285714285714e-05; % K D=0.4
0.000428571428571429 0.000428571428571429 7.14285714285714e-05 7.14285714285714e-05 7.14285714285714e-05 0.000428571428571429 0.000428571428571429 7.14285714285714e-05 0.000428571428571429 7.14285714285714e-05 7.14285714285714e-05 0.996071428571429 0.0005 7.14285714285714e-05 7.14285714285714e-05 7.14285714285714e-05 0.0005 7.14285714285714e-05 7.14285714285714e-05; % L D=0.4
0.000428571428571429 0.000428571428571429 0.996071428571429 7.14285714285714e-05 7.14285714285714e-05 0.000428571428571429 0.000428571428571429 7.14285714285714e-05 0.000428571428571429 7.14285714285714e-05 7.14285714285714e-05 7.14285714285714e-05 0.0005 7.14285714285714e-05 7.14285714285714e-05 7.14285714285714e-05 0.0005 7.14285714285714e-05 7.14285714285714e-05; % P D=0.4
0.0585714285714286 0.00257142857142857 0.000428571428571429 0.000428571428571429 0.000428571428571429 0.218571428571429 0.268571428571429 0.000428571428571429 0.128571428571429 0.000428571428571429 0.000428571428571429 0.000428571428571429 0.189 0.000428571428571429 0.000428571428571429 0.000428571428571429 0.129 0.000428571428571429 0.000428571428571429; % T D=0.4
0.000428571428571429 0.000428571428571429 7.14285714285714e-05 7.14285714285714e-05 7.14285714285714e-05 0.000428571428571429 0.000428571428571429 7.14285714285714e-05 0.000428571428571429 7.14285714285714e-05 7.14285714285714e-05 7.14285714285714e-05 0.0005 7.14285714285714e-05 0.996071428571429 7.14285714285714e-05 0.0005 7.14285714285714e-05 7.14285714285714e-05; % V D=0.4
0.059 0.239 0.0005 0.0005 0.0005 0.149 0.149 0.0005 0.219 0.0005 0.0005 0.0005 0.1595 0.0005 0.0005 0.0005 0.0195 0.0005 0.0005; % Z D=0.4
0.019 0.239 0.0005 0.0005 0.0005 0.249 0.149 0.0005 0.199 0.0005 0.0005 0.0005 0.0095 0.0005 0.0005 0.0005 0.1295 0.0005 0.0005; % b D=0.4
0.000428571428571429 0.000428571428571429 7.14285714285714e-05 7.14285714285714e-05 0.996071428571429 0.000428571428571429 0.000428571428571429 7.14285714285714e-05 0.000428571428571429 7.14285714285714e-05 7.14285714285714e-05 7.14285714285714e-05 0.0005 7.14285714285714e-05 7.14285714285714e-05 7.14285714285714e-05 0.0005 7.14285714285714e-05 7.14285714285714e-05; % d D=0.4
0.000428571428571429 0.000428571428571429 7.14285714285714e-05 7.14285714285714e-05 7.14285714285714e-05 0.000428571428571429 0.000428571428571429 7.14285714285714e-05 0.000428571428571429 7.14285714285714e-05 0.996071428571429 7.14285714285714e-05 0.0005 7.14285714285714e-05 7.14285714285714e-05 7.14285714285714e-05 0.0005 7.14285714285714e-05 7.14285714285714e-05; % g D=0.4
0.0185714285714286 0.198571428571429 0.000428571428571429 0.000428571428571429 0.000428571428571429 0.00257142857142857 0.228571428571429 0.000428571428571429 0.128571428571429 0.000428571428571429 0.000428571428571429 0.000428571428571429 0.219 0.000428571428571429 0.000428571428571429 0.000428571428571429 0.199 0.000428571428571429 0.000428571428571429; % k D=0.4
0.000428571428571429 0.000428571428571429 7.14285714285714e-05 0.996071428571429 7.14285714285714e-05 0.000428571428571429 0.000428571428571429 7.14285714285714e-05 0.000428571428571429 7.14285714285714e-05 7.14285714285714e-05 7.14285714285714e-05 0.0005 7.14285714285714e-05 7.14285714285714e-05 7.14285714285714e-05 0.0005 7.14285714285714e-05 7.14285714285714e-05; % l D=0.4
0.000428571428571429 0.000428571428571429 7.14285714285714e-05 7.14285714285714e-05 7.14285714285714e-05 0.000428571428571429 0.000428571428571429 0.996071428571429 0.000428571428571429 7.14285714285714e-05 7.14285714285714e-05 7.14285714285714e-05 0.0005 7.14285714285714e-05 7.14285714285714e-05 7.14285714285714e-05 0.0005 7.14285714285714e-05 7.14285714285714e-05; % p D=0.4
0.000428571428571429 0.000428571428571429 7.14285714285714e-05 7.14285714285714e-05 7.14285714285714e-05 0.000428571428571429 0.000428571428571429 7.14285714285714e-05 0.000428571428571429 7.14285714285714e-05 7.14285714285714e-05 7.14285714285714e-05 0.0005 7.14285714285714e-05 7.14285714285714e-05 7.14285714285714e-05 0.0005 0.996071428571429 7.14285714285714e-05; % t D=0.4
0.000428571428571429 0.000428571428571429 7.14285714285714e-05 7.14285714285714e-05 7.14285714285714e-05 0.000428571428571429 0.000428571428571429 7.14285714285714e-05 0.000428571428571429 0.996071428571429 7.14285714285714e-05 7.14285714285714e-05 0.0005 7.14285714285714e-05 7.14285714285714e-05 7.14285714285714e-05 0.0005 7.14285714285714e-05 7.14285714285714e-05; % v D=0.4
0.0385714285714286 0.178571428571429 0.000428571428571429 0.000428571428571429 0.000428571428571429 0.148571428571429 0.168571428571429 0.000428571428571429 0.00257142857142857 0.000428571428571429 0.000428571428571429 0.000428571428571429 0.229 0.000428571428571429 0.000428571428571429 0.000428571428571429 0.229 0.000428571428571429 0.000428571428571429; % z D=0.4
0.0128571428571429 0.152857142857143 0.00214285714285714 0.00214285714285714 0.00214285714285714 0.152857142857143 0.112857142857143 0.00214285714285714 0.192857142857143 0.00214285714285714 0.00214285714285714 0.00214285714285714 0.115 0.00214285714285714 0.00214285714285714 0.00214285714285714 0.235 0.00214285714285714 0.00214285714285714; % $ D=0.5
0.000535714285714286 0.000535714285714286 8.92857142857143e-05 8.92857142857143e-05 8.92857142857143e-05 0.000535714285714286 0.000535714285714286 8.92857142857143e-05 0.000535714285714286 8.92857142857143e-05 8.92857142857143e-05 8.92857142857143e-05 0.000625 8.92857142857143e-05 8.92857142857143e-05 0.995089285714286 0.000625 8.92857142857143e-05 8.92857142857143e-05; % B D=0.5
0.0482142857142857 0.0982142857142857 0.000535714285714286 0.000535714285714286 0.000535714285714286 0.188214285714286 0.00321428571428571 0.000535714285714286 0.268214285714286 0.000535714285714286 0.000535714285714286 0.000535714285714286 0.15875 0.000535714285714286 0.000535714285714286 0.000535714285714286 0.22875 0.000535714285714286 0.000535714285714286; % D D=0.5
0.000535714285714286 0.000535714285714286 8.92857142857143e-05 8.92857142857143e-05 8.92857142857143e-05 0.000535714285714286 0.000535714285714286 8.92857142857143e-05 0.000535714285714286 8.92857142857143e-05 8.92857142857143e-05 8.92857142857143e-05 0.000625 8.92857142857143e-05 8.92857142857143e-05 8.92857142857143e-05 0.000625 8.92857142857143e-05 0.995089285714286; % G D=0.5
0.000535714285714286 0.000535714285714286 8.92857142857143e-05 8.92857142857143e-05 8.92857142857143e-05 0.000535714285714286 0.000535714285714286 8.92857142857143e-05 0.000535714285714286 8.92857142857143e-05 8.92857142857143e-05 8.92857142857143e-05 0.000625 0.995089285714286 8.92857142857143e-05 8.92857142857143e-05 0.000625 8.92857142857143e-05 8.92857142857143e-05; % K D=0.5
0.000535714285714286 0.000535714285714286 8.92857142857143e-05 8.92857142857143e-05 8.92857142857143e-05 0.000535714285714286 0.000535714285714286 8.92857142857143e-05 0.000535714285714286 8.92857142857143e-05 8.92857142857143e-05 0.995089285714286 0.000625 8.92857142857143e-05 8.92857142857143e-05 8.92857142857143e-05 0.000625 8.92857142857143e-05 8.92857142857143e-05; % L D=0.5
0.000535714285714286 0.000535714285714286 0.995089285714286 8.92857142857143e-05 8.92857142857143e-05 0.000535714285714286 0.000535714285714286 8.92857142857143e-05 0.000535714285714286 8.92857142857143e-05 8.92857142857143e-05 8.92857142857143e-05 0.000625 8.92857142857143e-05 8.92857142857143e-05 8.92857142857143e-05 0.000625 8.92857142857143e-05 8.92857142857143e-05; % P D=0.5
0.0582142857142857 0.00321428571428571 0.000535714285714286 0.000535714285714286 0.000535714285714286 0.218214285714286 0.268214285714286 0.000535714285714286 0.128214285714286 0.000535714285714286 0.000535714285714286 0.000535714285714286 0.18875 0.000535714285714286 0.000535714285714286 0.000535714285714286 0.12875 0.000535714285714286 0.000535714285714286; % T D=0.5
0.000535714285714286 0.000535714285714286 8.92857142857143e-05 8.92857142857143e-05 8.92857142857143e-05 0.000535714285714286 0.000535714285714286 8.92857142857143e-05 0.000535714285714286 8.92857142857143e-05 8.92857142857143e-05 8.92857142857143e-05 0.000625 8.92857142857143e-05 0.995089285714286 8.92857142857143e-05 0.000625 8.92857142857143e-05 8.92857142857143e-05; % V D=0.5
0.05875 0.23875 0.000625 0.000625 0.000625 0.14875 0.14875 0.000625 0.21875 0.000625 0.000625 0.000625 0.159375 0.000625 0.000625 0.000625 0.019375 0.000625 0.000625; % Z D=0.5
0.01875 0.23875 0.000625 0.000625 0.000625 0.24875 0.14875 0.000625 0.19875 0.000625 0.000625 0.000625 0.009375 0.000625 0.000625 0.000625 0.129375 0.000625 0.000625; % b D=0.5
0.000535714285714286 0.000535714285714286 8.92857142857143e-05 8.92857142857143e-05 0.995089285714286 0.000535714285714286 0.000535714285714286 8.92857142857143e-05 0.000535714285714286 8.92857142857143e-05 8.92857142857143e-05 8.92857142857143e-05 0.000625 8.92857142857143e-05 8.92857142857143e-05 8.92857142857143e-05 0.000625 8.92857142857143e-05 8.92857142857143e-05; % d D=0.5
0.000535714285714286 0.000535714285714286 8.92857142857143e-05 8.92857142857143e-05 8.92857142857143e-05 0.000535714285714286 0.000535714285714286 8.92857142857143e-05 0.000535714285714286 8.92857142857143e-05 0.995089285714286 8.92857142857143e-05 0.000625 8.92857142857143e-05 8.92857142857143e-05 8.92857142857143e-05 0.000625 8.92857142857143e-05 8.92857142857143e-05; % g D=0.5
0.0182142857142857 0.198214285714286 0.000535714285714286 0.000535714285714286 0.000535714285714286 0.00321428571428571 0.228214285714286 0.000535714285714286 0.128214285714286 0.000535714285714286 0.000535714285714286 0.000535714285714286 0.21875 0.000535714285714286 0.000535714285714286 0.000535714285714286 0.19875 0.000535714285714286 0.000535714285714286; % k D=0.5
0.000535714285714286 0.000535714285714286 8.92857142857143e-05 0.995089285714286 8.92857142857143e-05 0.000535714285714286 0.000535714285714286 8.92857142857143e-05 0.000535714285714286 8.92857142857143e-05 8.92857142857143e-05 8.92857142857143e-05 0.000625 8.92857142857143e-05 8.92857142857143e-05 8.92857142857143e-05 0.000625 8.92857142857143e-05 8.92857142857143e-05; % l D=0.5
0.000535714285714286 0.000535714285714286 8.92857142857143e-05 8.92857142857143e-05 8.92857142857143e-05 0.000535714285714286 0.000535714285714286 0.995089285714286 0.000535714285714286 8.92857142857143e-05 8.92857142857143e-05 8.92857142857143e-05 0.000625 8.92857142857143e-05 8.92857142857143e-05 8.92857142857143e-05 0.000625 8.92857142857143e-05 8.92857142857143e-05; % p D=0.5
0.000535714285714286 0.000535714285714286 8.92857142857143e-05 8.92857142857143e-05 8.92857142857143e-05 0.000535714285714286 0.000535714285714286 8.92857142857143e-05 0.000535714285714286 8.92857142857143e-05 8.92857142857143e-05 8.92857142857143e-05 0.000625 8.92857142857143e-05 8.92857142857143e-05 8.92857142857143e-05 0.000625 0.995089285714286 8.92857142857143e-05; % t D=0.5
0.000535714285714286 0.000535714285714286 8.92857142857143e-05 8.92857142857143e-05 8.92857142857143e-05 0.000535714285714286 0.000535714285714286 8.92857142857143e-05 0.000535714285714286 0.995089285714286 8.92857142857143e-05 8.92857142857143e-05 0.000625 8.92857142857143e-05 8.92857142857143e-05 8.92857142857143e-05 0.000625 8.92857142857143e-05 8.92857142857143e-05; % v D=0.5
0.0382142857142857 0.178214285714286 0.000535714285714286 0.000535714285714286 0.000535714285714286 0.148214285714286 0.168214285714286 0.000535714285714286 0.00321428571428571 0.000535714285714286 0.000535714285714286 0.000535714285714286 0.22875 0.000535714285714286 0.000535714285714286 0.000535714285714286 0.22875 0.000535714285714286 0.000535714285714286; % z D=0.5
0.0154285714285714 0.151428571428571 0.00257142857142857 0.00257142857142857 0.00257142857142857 0.151428571428571 0.111428571428571 0.00257142857142857 0.191428571428571 0.00257142857142857 0.00257142857142857 0.00257142857142857 0.114 0.00257142857142857 0.00257142857142857 0.00257142857142857 0.234 0.00257142857142857 0.00257142857142857; % $ D=0.6
0.000642857142857143 0.000642857142857143 0.000107142857142857 0.000107142857142857 0.000107142857142857 0.000642857142857143 0.000642857142857143 0.000107142857142857 0.000642857142857143 0.000107142857142857 0.000107142857142857 0.000107142857142857 0.00075 0.000107142857142857 0.000107142857142857 0.994107142857143 0.00075 0.000107142857142857 0.000107142857142857; % B D=0.6
0.0478571428571429 0.0978571428571429 0.000642857142857143 0.000642857142857143 0.000642857142857143 0.187857142857143 0.00385714285714286 0.000642857142857143 0.267857142857143 0.000642857142857143 0.000642857142857143 0.000642857142857143 0.1585 0.000642857142857143 0.000642857142857143 0.000642857142857143 0.2285 0.000642857142857143 0.000642857142857143; % D D=0.6
0.000642857142857143 0.000642857142857143 0.000107142857142857 0.000107142857142857 0.000107142857142857 0.000642857142857143 0.000642857142857143 0.000107142857142857 0.000642857142857143 0.000107142857142857 0.000107142857142857 0.000107142857142857 0.00075 0.000107142857142857 0.000107142857142857 0.000107142857142857 0.00075 0.000107142857142857 0.994107142857143; % G D=0.6
0.000642857142857143 0.000642857142857143 0.000107142857142857 0.000107142857142857 0.000107142857142857 0.000642857142857143 0.000642857142857143 0.000107142857142857 0.000642857142857143 0.000107142857142857 0.000107142857142857 0.000107142857142857 0.00075 0.994107142857143 0.000107142857142857 0.000107142857142857 0.00075 0.000107142857142857 0.000107142857142857; % K D=0.6
0.000642857142857143 0.000642857142857143 0.000107142857142857 0.000107142857142857 0.000107142857142857 0.000642857142857143 0.000642857142857143 0.000107142857142857 0.000642857142857143 0.000107142857142857 0.000107142857142857 0.994107142857143 0.00075 0.000107142857142857 0.000107142857142857 0.000107142857142857 0.00075 0.000107142857142857 0.000107142857142857; % L D=0.6
0.000642857142857143 0.000642857142857143 0.994107142857143 0.000107142857142857 0.000107142857142857 0.000642857142857143 0.000642857142857143 0.000107142857142857 0.000642857142857143 0.000107142857142857 0.000107142857142857 0.000107142857142857 0.00075 0.000107142857142857 0.000107142857142857 0.000107142857142857 0.00075 0.000107142857142857 0.000107142857142857; % P D=0.6
0.0578571428571429 0.00385714285714286 0.000642857142857143 0.000642857142857143 0.000642857142857143 0.217857142857143 0.267857142857143 0.000642857142857143 0.127857142857143 0.000642857142857143 0.000642857142857143 0.000642857142857143 0.1885 0.000642857142857143 0.000642857142857143 0.000642857142857143 0.1285 0.000642857142857143 0.000642857142857143; % T D=0.6
0.000642857142857143 0.000642857142857143 0.000107142857142857 0.000107142857142857 0.000107142857142857 0.000642857142857143 0.000642857142857143 0.000107142857142857 0.000642857142857143 0.000107142857142857 0.000107142857142857 0.000107142857142857 0.00075 0.000107142857142857 0.994107142857143 0.000107142857142857 0.00075 0.000107142857142857 0.000107142857142857; % V D=0.6
0.0585 0.2385 0.00075 0.00075 0.00075 0.1485 0.1485 0.00075 0.2185 0.00075 0.00075 0.00075 0.15925 0.00075 0.00075 0.00075 0.01925 0.00075 0.00075; % Z D=0.6
0.0185 0.2385 0.00075 0.00075 0.00075 0.2485 0.1485 0.00075 0.1985 0.00075 0.00075 0.00075 0.00925 0.00075 0.00075 0.00075 0.12925 0.00075 0.00075; % b D=0.6
0.000642857142857143 0.000642857142857143 0.000107142857142857 0.000107142857142857 0.994107142857143 0.000642857142857143 0.000642857142857143 0.000107142857142857 0.000642857142857143 0.000107142857142857 0.000107142857142857 0.000107142857142857 0.00075 0.000107142857142857 0.000107142857142857 0.000107142857142857 0.00075 0.000107142857142857 0.000107142857142857; % d D=0.6
0.000642857142857143 0.000642857142857143 0.000107142857142857 0.000107142857142857 0.000107142857142857 0.000642857142857143 0.000642857142857143 0.000107142857142857 0.000642857142857143 0.000107142857142857 0.994107142857143 0.000107142857142857 0.00075 0.000107142857142857 0.000107142857142857 0.000107142857142857 0.00075 0.000107142857142857 0.000107142857142857; % g D=0.6
0.0178571428571429 0.197857142857143 0.000642857142857143 0.000642857142857143 0.000642857142857143 0.00385714285714286 0.227857142857143 0.000642857142857143 0.127857142857143 0.000642857142857143 0.000642857142857143 0.000642857142857143 0.2185 0.000642857142857143 0.000642857142857143 0.000642857142857143 0.1985 0.000642857142857143 0.000642857142857143; % k D=0.6
0.000642857142857143 0.000642857142857143 0.000107142857142857 0.994107142857143 0.000107142857142857 0.000642857142857143 0.000642857142857143 0.000107142857142857 0.000642857142857143 0.000107142857142857 0.000107142857142857 0.000107142857142857 0.00075 0.000107142857142857 0.000107142857142857 0.000107142857142857 0.00075 0.000107142857142857 0.000107142857142857; % l D=0.6
0.000642857142857143 0.000642857142857143 0.000107142857142857 0.000107142857142857 0.000107142857142857 0.000642857142857143 0.000642857142857143 0.994107142857143 0.000642857142857143 0.000107142857142857 0.000107142857142857 0.000107142857142857 0.00075 0.000107142857142857 0.000107142857142857 0.000107142857142857 0.00075 0.000107142857142857 0.000107142857142857; % p D=0.6
0.000642857142857143 0.000642857142857143 0.000107142857142857 0.000107142857142857 0.000107142857142857 0.000642857142857143 0.000642857142857143 0.000107142857142857 0.000642857142857143 0.000107142857142857 0.000107142857142857 0.000107142857142857 0.00075 0.000107142857142857 0.000107142857142857 0.000107142857142857 0.00075 0.994107142857143 0.000107142857142857; % t D=0.6
