syllables = '$BDGKLPTVZbdgklptvz';
discounts = [0.1 0.2 0.3 0.4 0.5 0.6 0.7 0.8 0.9 0.95];
kn_probs = [0.000327272727272727 5.45454545454546e-05 0.179827272727273 5.45454545454546e-05 5.45454545454546e-05 0.159827272727273 5.45454545454546e-05 0.169827272727273 5.45454545454546e-05 5.45454545454546e-05 5.45454545454546e-05 5.45454545454546e-05 0.179827272727273 0.179881818181818 0.129827272727273 5.45454545454546e-05 5.45454545454546e-05 5.45454545454546e-05 5.45454545454546e-05; % $ D=0.1
0.319654545454545 0.000109090909090909 0.000654545454545455 0.000109090909090909 0.000109090909090909 0.169654545454545 0.000109090909090909 0.0996545454545455 0.000109090909090909 0.000109090909090909 0.000109090909090909 0.000109090909090909 0.109654545454545 0.169763636363636 0.129654545454545 0.000109090909090909 0.000109090909090909 0.000109090909090909 0.000109090909090909; % B D=0.1
0.000109090909090909 1.81818181818182e-05 0.000109090909090909 1.81818181818182e-05 1.81818181818182e-05 0.000109090909090909 1.81818181818182e-05 0.000109090909090909 1.81818181818182e-05 0.999018181818182 1.81818181818182e-05 1.81818181818182e-05 0.000109090909090909 0.000127272727272727 0.000109090909090909 1.81818181818182e-05 1.81818181818182e-05 1.81818181818182e-05 1.81818181818182e-05; % D D=0.1
0.000109090909090909 1.81818181818182e-05 0.000109090909090909 1.81818181818182e-05 1.81818181818182e-05 0.000109090909090909 1.81818181818182e-05 0.000109090909090909 1.81818181818182e-05 1.81818181818182e-05 1.81818181818182e-05 1.81818181818182e-05 0.000109090909090909 0.000127272727272727 0.000109090909090909 1.81818181818182e-05 1.81818181818182e-05 0.999018181818182 1.81818181818182e-05; % G D=0.1
0.309763636363636 0.000127272727272727 0.139763636363636 0.000127272727272727 0.000127272727272727 0.139763636363636 0.000127272727272727 0.0997636363636364 0.000127272727272727 0.000127272727272727 0.000127272727272727 0.000127272727272727 0.129763636363636 0.00989090909090909 0.169763636363636 0.000127272727272727 0.000127272727272727 0.000127272727272727 0.000127272727272727; % K D=0.1
0.000109090909090909 1.81818181818182e-05 0.000109090909090909 1.81818181818182e-05 1.81818181818182e-05 0.000109090909090909 0.999018181818182 0.000109090909090909 1.81818181818182e-05 1.81818181818182e-05 1.81818181818182e-05 1.81818181818182e-05 0.000109090909090909 0.000127272727272727 0.000109090909090909 1.81818181818182e-05 1.81818181818182e-05 1.81818181818182e-05 1.81818181818182e-05; % L D=0.1
0.359654545454545 0.000109090909090909 0.0996545454545455 0.000109090909090909 0.000109090909090909 0.000654545454545455 0.000109090909090909 0.129654545454545 0.000109090909090909 0.000109090909090909 0.000109090909090909 0.000109090909090909 0.129654545454545 0.0697636363636364 0.209654545454545 0.000109090909090909 0.000109090909090909 0.000109090909090909 0.000109090909090909; % P D=0.1
0.000109090909090909 1.81818181818182e-05 0.000109090909090909 1.81818181818182e-05 1.81818181818182e-05 0.000109090909090909 1.81818181818182e-05 0.000109090909090909 0.999018181818182 1.81818181818182e-05 1.81818181818182e-05 1.81818181818182e-05 0.000109090909090909 0.000127272727272727 0.000109090909090909 1.81818181818182e-05 1.81818181818182e-05 1.81818181818182e-05 1.81818181818182e-05; % T D=0.1
0.349654545454545 0.000109090909090909 0.109654545454545 0.000109090909090909 0.000109090909090909 0.119654545454545 0.000109090909090909 0.000654545454545455 0.000109090909090909 0.000109090909090909 0.000109090909090909 0.000109090909090909 0.129654545454545 0.169763636363636 0.119654545454545 0.000109090909090909 0.000109090909090909 0.000109090909090909 0.000109090909090909; % V D=0.1
0.000109090909090909 1.81818181818182e-05 0.000109090909090909 1.81818181818182e-05 1.81818181818182e-05 0.000109090909090909 1.81818181818182e-05 0.000109090909090909 1.81818181818182e-05 1.81818181818182e-05 1.81818181818182e-05 1.81818181818182e-05 0.000109090909090909 0.000127272727272727 0.000109090909090909 0.999018181818182 1.81818181818182e-05 1.81818181818182e-05 1.81818181818182e-05; % Z D=0.1
0.000109090909090909 1.81818181818182e-05 0.000109090909090909 1.81818181818182e-05 0.999018181818182 0.000109090909090909 1.81818181818182e-05 0.000109090909090909 1.81818181818182e-05 1.81818181818182e-05 1.81818181818182e-05 1.81818181818182e-05 0.000109090909090909 0.000127272727272727 0.000109090909090909 1.81818181818182e-05 1.81818181818182e-05 1.81818181818182e-05 1.81818181818182e-05; % b D=0.1
0.000109090909090909 1.81818181818182e-05 0.000109090909090909 1.81818181818182e-05 1.81818181818182e-05 0.000109090909090909 1.81818181818182e-05 0.000109090909090909 1.81818181818182e-05 1.81818181818182e-05 1.81818181818182e-05 1.81818181818182e-05 0.000109090909090909 0.000127272727272727 0.000109090909090909 1.81818181818182e-05 1.81818181818182e-05 1.81818181818182e-05 0.999018181818182; % d D=0.1
0.000109090909090909 1.81818181818182e-05 0.000109090909090909 1.81818181818182e-05 1.81818181818182e-05 0.000109090909090909 1.81818181818182e-05 0.000109090909090909 1.81818181818182e-05 1.81818181818182e-05 1.81818181818182e-05 0.999018181818182 0.000109090909090909 0.000127272727272727 0.000109090909090909 1.81818181818182e-05 1.81818181818182e-05 1.81818181818182e-05 1.81818181818182e-05; % g D=0.1
0.000109090909090909 1.81818181818182e-05 0.000109090909090909 1.81818181818182e-05 1.81818181818182e-05 0.000109090909090909 1.81818181818182e-05 0.000109090909090909 1.81818181818182e-05 1.81818181818182e-05 0.999018181818182 1.81818181818182e-05 0.000109090909090909 0.000127272727272727 0.000109090909090909 1.81818181818182e-05 1.81818181818182e-05 1.81818181818182e-05 1.81818181818182e-05; % k D=0.1
0.000109090909090909 1.81818181818182e-05 0.000109090909090909 0.999018181818182 1.81818181818182e-05 0.000109090909090909 1.81818181818182e-05 0.000109090909090909 1.81818181818182e-05 1.81818181818182e-05 1.81818181818182e-05 1.81818181818182e-05 0.000109090909090909 0.000127272727272727 0.000109090909090909 1.81818181818182e-05 1.81818181818182e-05 1.81818181818182e-05 1.81818181818182e-05; % l D=0.1
0.000109090909090909 0.999018181818182 0.000109090909090909 1.81818181818182e-05 1.81818181818182e-05 0.000109090909090909 1.81818181818182e-05 0.000109090909090909 1.81818181818182e-05 1.81818181818182e-05 1.81818181818182e-05 1.81818181818182e-05 0.000109090909090909 0.000127272727272727 0.000109090909090909 1.81818181818182e-05 1.81818181818182e-05 1.81818181818182e-05 1.81818181818182e-05; % p D=0.1
0.399654545454545 0.000109090909090909 0.129654545454545 0.000109090909090909 0.000109090909090909 0.0696545454545455 0.000109090909090909 0.139654545454545 0.000109090909090909 0.000109090909090909 0.000109090909090909 0.000109090909090909 0.139654545454545 0.119763636363636 0.000654545454545455 0.000109090909090909 0.000109090909090909 0.000109090909090909 0.000109090909090909; % t D=0.1
0.000109090909090909 1.81818181818182e-05 0.000109090909090909 1.81818181818182e-05 1.81818181818182e-05 0.000109090909090909 1.81818181818182e-05 0.000109090909090909 1.81818181818182e-05 1.81818181818182e-05 1.81818181818182e-05 1.81818181818182e-05 0.000109090909090909 0.000127272727272727 0.000109090909090909 1.81818181818182e-05 0.999018181818182 1.81818181818182e-05 1.81818181818182e-05; % v D=0.1
0.259654545454545 0.000109090909090909 0.159654545454545 0.000109090909090909 0.000109090909090909 0.179654545454545 0.000109090909090909 0.189654545454545 0.000109090909090909 0.000109090909090909 0.000109090909090909 0.000109090909090909 0.000654545454545455 0.0997636363636364 0.109654545454545 0.000109090909090909 0.000109090909090909 0.000109090909090909 0.000109090909090909; % z D=0.1
