syllables = '$BDGKLPTVZbdgklptvz';
discounts = [0.1 0.2 0.3 0.4 0.5 0.6 0.7 0.8 0.9 0.95];
kn_probs = [0.000666666666666667 0.000111111111111111 0.169666666666667 0.129666666666667 0.119666666666667 0.000111111111111111 0.000111111111111111 0.189666666666667 0.000111111111111111 0.000111111111111111 0.000111111111111111 0.129666666666667 0.000111111111111111 0.000111111111111111 0.000111111111111111 0.259666666666667 0.000111111111111111 0.000111111111111111 0.000111111111111111; % $ D=0.1
0.000111111111111111 1.85185185185185e-05 0.000111111111111111 0.000111111111111111 0.000111111111111111 1.85185185185185e-05 1.85185185185185e-05 0.000111111111111111 1.85185185185185e-05 1.85185185185185e-05 1.85185185185185e-05 0.000111111111111111 1.85185185185185e-05 1.85185185185185e-05 1.85185185185185e-05 0.000111111111111111 0.999018518518519 1.85185185185185e-05 1.85185185185185e-05; % B D=0.1
0.000111111111111111 1.85185185185185e-05 0.000111111111111111 0.000111111111111111 0.000111111111111111 1.85185185185185e-05 1.85185185185185e-05 0.000111111111111111 0.999018518518519 1.85185185185185e-05 1.85185185185185e-05 0.000111111111111111 1.85185185185185e-05 1.85185185185185e-05 1.85185185185185e-05 0.000111111111111111 1.85185185185185e-05 1.85185185185185e-05 1.85185185185185e-05; % D D=0.1
0.000111111111111111 1.85185185185185e-05 0.000111111111111111 0.000111111111111111 0.000111111111111111 1.85185185185185e-05 1.85185185185185e-05 0.000111111111111111 1.85185185185185e-05 1.85185185185185e-05 1.85185185185185e-05 0.000111111111111111 1.85185185185185e-05 1.85185185185185e-05 1.85185185185185e-05 0.000111111111111111 1.85185185185185e-05 0.999018518518519 1.85185185185185e-05; % G D=0.1
0.000111111111111111 1.85185185185185e-05 0.000111111111111111 0.000111111111111111 0.000111111111111111 1.85185185185185e-05 1.85185185185185e-05 0.000111111111111111 1.85185185185185e-05 1.85185185185185e-05 0.999018518518519 0.000111111111111111 1.85185185185185e-05 1.85185185185185e-05 1.85185185185185e-05 0.000111111111111111 1.85185185185185e-05 1.85185185185185e-05 1.85185185185185e-05; % K D=0.1
0.149666666666667 0.000111111111111111 0.000666666666666667 0.149666666666667 0.209666666666667 0.000111111111111111 0.000111111111111111 0.139666666666667 0.000111111111111111 0.000111111111111111 0.000111111111111111 0.199666666666667 0.000111111111111111 0.000111111111111111 0.000111111111111111 0.149666666666667 0.000111111111111111 0.000111111111111111 0.000111111111111111; % L D=0.1
0.000111111111111111 1.85185185185185e-05 0.000111111111111111 0.000111111111111111 0.000111111111111111 1.85185185185185e-05 1.85185185185185e-05 0.000111111111111111 1.85185185185185e-05 1.85185185185185e-05 1.85185185185185e-05 0.000111111111111111 1.85185185185185e-05 0.999018518518519 1.85185185185185e-05 0.000111111111111111 1.85185185185185e-05 1.85185185185185e-05 1.85185185185185e-05; % P D=0.1
0.000111111111111111 0.999018518518519 0.000111111111111111 0.000111111111111111 0.000111111111111111 1.85185185185185e-05 1.85185185185185e-05 0.000111111111111111 1.85185185185185e-05 1.85185185185185e-05 1.85185185185185e-05 0.000111111111111111 1.85185185185185e-05 1.85185185185185e-05 1.85185185185185e-05 0.000111111111111111 1.85185185185185e-05 1.85185185185185e-05 1.85185185185185e-05; % T D=0.1
0.000111111111111111 1.85185185185185e-05 0.000111111111111111 0.000111111111111111 0.000111111111111111 1.85185185185185e-05 1.85185185185185e-05 0.000111111111111111 1.85185185185185e-05 1.85185185185185e-05 1.85185185185185e-05 0.000111111111111111 1.85185185185185e-05 1.85185185185185e-05 1.85185185185185e-05 0.000111111111111111 1.85185185185185e-05 1.85185185185185e-05 0.999018518518519; % V D=0.1
0.159666666666667 0.000111111111111111 0.159666666666667 0.000666666666666667 0.219666666666667 0.000111111111111111 0.000111111111111111 0.119666666666667 0.000111111111111111 0.000111111111111111 0.000111111111111111 0.189666666666667 0.000111111111111111 0.000111111111111111 0.000111111111111111 0.149666666666667 0.000111111111111111 0.000111111111111111 0.000111111111111111; % Z D=0.1
0.169666666666667 0.000111111111111111 0.169666666666667 0.149666666666667 0.000666666666666667 0.000111111111111111 0.000111111111111111 0.209666666666667 0.000111111111111111 0.000111111111111111 0.000111111111111111 0.139666666666667 0.000111111111111111 0.000111111111111111 0.000111111111111111 0.159666666666667 0.000111111111111111 0.000111111111111111 0.000111111111111111; % b D=0.1
0.000111111111111111 1.85185185185185e-05 0.000111111111111111 0.000111111111111111 0.000111111111111111 1.85185185185185e-05 1.85185185185185e-05 0.000111111111111111 1.85185185185185e-05 1.85185185185185e-05 1.85185185185185e-05 0.000111111111111111 0.999018518518519 1.85185185185185e-05 1.85185185185185e-05 0.000111111111111111 1.85185185185185e-05 1.85185185185185e-05 1.85185185185185e-05; % d D=0.1
0.179666666666667 0.000111111111111111 0.179666666666667 0.199666666666667 0.129666666666667 0.000111111111111111 0.000111111111111111 0.129666666666667 0.000111111111111111 0.000111111111111111 0.000111111111111111 0.000666666666666667 0.000111111111111111 0.000111111111111111 0.000111111111111111 0.179666666666667 0.000111111111111111 0.000111111111111111 0.000111111111111111; % g D=0.1
0.149666666666667 0.000111111111111111 0.159666666666667 0.179666666666667 0.129666666666667 0.000111111111111111 0.000111111111111111 0.209666666666667 0.000111111111111111 0.000111111111111111 0.000111111111111111 0.169666666666667 0.000111111111111111 0.000111111111111111 0.000111111111111111 0.000666666666666667 0.000111111111111111 0.000111111111111111 0.000111111111111111; % k D=0.1
0.000111111111111111 1.85185185185185e-05 0.000111111111111111 0.000111111111111111 0.000111111111111111 1.85185185185185e-05 0.999018518518519 0.000111111111111111 1.85185185185185e-05 1.85185185185185e-05 1.85185185185185e-05 0.000111111111111111 1.85185185185185e-05 1.85185185185185e-05 1.85185185185185e-05 0.000111111111111111 1.85185185185185e-05 1.85185185185185e-05 1.85185185185185e-05; % l D=0.1
0.000111111111111111 1.85185185185185e-05 0.000111111111111111 0.000111111111111111 0.000111111111111111 1.85185185185185e-05 1.85185185185185e-05 0.000111111111111111 1.85185185185185e-05 1.85185185185185e-05 1.85185185185185e-05 0.000111111111111111 1.85185185185185e-05 1.85185185185185e-05 0.999018518518519 0.000111111111111111 1.85185185185185e-05 1.85185185185185e-05 1.85185185185185e-05; % p D=0.1
0.189666666666667 0.000111111111111111 0.159666666666667 0.189666666666667 0.189666666666667 0.000111111111111111 0.000111111111111111 0.000666666666666667 0.000111111111111111 0.000111111111111111 0.000111111111111111 0.169666666666667 0.000111111111111111 0.000111111111111111 0.000111111111111111 0.0996666666666667 0.000111111111111111 0.000111111111111111 0.000111111111111111; % t D=0.1
0.000111111111111111 1.85185185185185e-05 0.000111111111111111 0.000111111111111111 0.000111111111111111 1.85185185185185e-05 1.85185185185185e-05 0.000111111111111111 1.85185185185185e-05 0.999018518518519 1.85185185185185e-05 0.000111111111111111 1.85185185185185e-05 1.85185185185185e-05 1.85185185185185e-05 0.000111111111111111 1.85185185185185e-05 1.85185185185185e-05 1.85185185185185e-05; % v D=0.1
0.000111111111111111 1.85185185185185e-05 0.000111111111111111 0.000111111111111111 0.000111111111111111 0.999018518518519 1.85185185185185e-05 0.000111111111111111 1.85185185185185e-05 1.85185185185185e-05 1.85185185185185e-05 0.000111111111111111 1.85185185185185e-05 1.85185185185185e-05 1.85185185185185e-05 0.000111111111111111 1.85185185185185e-05 1.85185185185185e-05 1.85185185185185e-05; % z D=0.1
