syllables = '$BDGKLPTVZbdgklptvz';
discounts = [0.1 0.2 0.3 0.4 0.5 0.6 0.7 0.8 0.9 0.95];
kn_probs = [0.00124137931034483 0.000206896551724138 0.000206896551724138 0.000206896551724138 0.239241379310345 0.000206896551724138 0.000206896551724138 0.139448275862069 0.139448275862069 0.000206896551724138 0.000206896551724138 0.000206896551724138 0.279448275862069 0.000206896551724138 0.000206896551724138 0.099448275862069 0.000206896551724138 0.0992413793103448 0.000206896551724138; % $ D=0.1
0.0696206896551724 0.000103448275862069 0.000103448275862069 0.000103448275862069 0.000620689655172414 0.000103448275862069 0.000103448275862069 0.269724137931034 0.209724137931034 0.000103448275862069 0.000103448275862069 0.000103448275862069 0.149724137931034 0.000103448275862069 0.000103448275862069 0.189724137931034 0.000103448275862069 0.109620689655172 0.000103448275862069; % B D=0.1
0.000103448275862069 1.72413793103448e-05 1.72413793103448e-05 1.72413793103448e-05 0.000103448275862069 1.72413793103448e-05 1.72413793103448e-05 0.000120689655172414 0.000120689655172414 1.72413793103448e-05 1.72413793103448e-05 1.72413793103448e-05 0.000120689655172414 1.72413793103448e-05 1.72413793103448e-05 0.000120689655172414 1.72413793103448e-05 0.000103448275862069 0.99901724137931; % D D=0.1
0.000103448275862069 1.72413793103448e-05 1.72413793103448e-05 1.72413793103448e-05 0.000103448275862069 1.72413793103448e-05 1.72413793103448e-05 0.000120689655172414 0.000120689655172414 1.72413793103448e-05 1.72413793103448e-05 1.72413793103448e-05 0.000120689655172414 0.99901724137931 1.72413793103448e-05 0.000120689655172414 1.72413793103448e-05 0.000103448275862069 1.72413793103448e-05; % G D=0.1
0.000103448275862069 0.99901724137931 1.72413793103448e-05 1.72413793103448e-05 0.000103448275862069 1.72413793103448e-05 1.72413793103448e-05 0.000120689655172414 0.000120689655172414 1.72413793103448e-05 1.72413793103448e-05 1.72413793103448e-05 0.000120689655172414 1.72413793103448e-05 1.72413793103448e-05 0.000120689655172414 1.72413793103448e-05 0.000103448275862069 1.72413793103448e-05; % K D=0.1
0.109724137931034 0.000120689655172414 0.000120689655172414 0.000120689655172414 0.229724137931034 0.000120689655172414 0.000120689655172414 0.0098448275862069 0.179844827586207 0.000120689655172414 0.000120689655172414 0.000120689655172414 0.129844827586207 0.000120689655172414 0.000120689655172414 0.139844827586207 0.000120689655172414 0.199724137931034 0.000120689655172414; % L D=0.1
0.000103448275862069 1.72413793103448e-05 1.72413793103448e-05 1.72413793103448e-05 0.000103448275862069 1.72413793103448e-05 1.72413793103448e-05 0.000120689655172414 0.000120689655172414 1.72413793103448e-05 0.99901724137931 1.72413793103448e-05 0.000120689655172414 1.72413793103448e-05 1.72413793103448e-05 0.000120689655172414 1.72413793103448e-05 0.000103448275862069 1.72413793103448e-05; % P D=0.1
0.000103448275862069 1.72413793103448e-05 1.72413793103448e-05 1.72413793103448e-05 0.000103448275862069 1.72413793103448e-05 1.72413793103448e-05 0.000120689655172414 0.000120689655172414 1.72413793103448e-05 1.72413793103448e-05 1.72413793103448e-05 0.000120689655172414 1.72413793103448e-05 0.99901724137931 0.000120689655172414 1.72413793103448e-05 0.000103448275862069 1.72413793103448e-05; % T D=0.1
0.000103448275862069 1.72413793103448e-05 0.99901724137931 1.72413793103448e-05 0.000103448275862069 1.72413793103448e-05 1.72413793103448e-05 0.000120689655172414 0.000120689655172414 1.72413793103448e-05 1.72413793103448e-05 1.72413793103448e-05 0.000120689655172414 1.72413793103448e-05 1.72413793103448e-05 0.000120689655172414 1.72413793103448e-05 0.000103448275862069 1.72413793103448e-05; % V D=0.1
0.0697241379310345 0.000120689655172414 0.000120689655172414 0.000120689655172414 0.169724137931034 0.000120689655172414 0.000120689655172414 0.119844827586207 0.189844827586207 0.000120689655172414 0.000120689655172414 0.000120689655172414 0.0098448275862069 0.000120689655172414 0.000120689655172414 0.209844827586207 0.000120689655172414 0.229724137931034 0.000120689655172414; % Z D=0.1
0.000103448275862069 1.72413793103448e-05 1.72413793103448e-05 1.72413793103448e-05 0.000103448275862069 1.72413793103448e-05 1.72413793103448e-05 0.000120689655172414 0.000120689655172414 0.99901724137931 1.72413793103448e-05 1.72413793103448e-05 0.000120689655172414 1.72413793103448e-05 1.72413793103448e-05 0.000120689655172414 1.72413793103448e-05 0.000103448275862069 1.72413793103448e-05; % b D=0.1
0.0897241379310345 0.000120689655172414 0.000120689655172414 0.000120689655172414 0.139724137931034 0.000120689655172414 0.000120689655172414 0.169844827586207 0.169844827586207 0.000120689655172414 0.000120689655172414 0.000120689655172414 0.219844827586207 0.000120689655172414 0.000120689655172414 0.0098448275862069 0.000120689655172414 0.199724137931034 0.000120689655172414; % d D=0.1
0.000103448275862069 1.72413793103448e-05 1.72413793103448e-05 1.72413793103448e-05 0.000103448275862069 1.72413793103448e-05 0.99901724137931 0.000120689655172414 0.000120689655172414 1.72413793103448e-05 1.72413793103448e-05 1.72413793103448e-05 0.000120689655172414 1.72413793103448e-05 1.72413793103448e-05 0.000120689655172414 1.72413793103448e-05 0.000103448275862069 1.72413793103448e-05; % g D=0.1
0.0396206896551724 0.000103448275862069 0.000103448275862069 0.000103448275862069 0.179620689655172 0.000103448275862069 0.000103448275862069 0.189724137931034 0.159724137931034 0.000103448275862069 0.000103448275862069 0.000103448275862069 0.199724137931034 0.000103448275862069 0.000103448275862069 0.229724137931034 0.000103448275862069 0.000620689655172414 0.000103448275862069; % k D=0.1
0.000103448275862069 1.72413793103448e-05 1.72413793103448e-05 1.72413793103448e-05 0.000103448275862069 1.72413793103448e-05 1.72413793103448e-05 0.000120689655172414 0.000120689655172414 1.72413793103448e-05 1.72413793103448e-05 1.72413793103448e-05 0.000120689655172414 1.72413793103448e-05 1.72413793103448e-05 0.000120689655172414 0.99901724137931 0.000103448275862069 1.72413793103448e-05; % l D=0.1
0.000103448275862069 1.72413793103448e-05 1.72413793103448e-05 1.72413793103448e-05 0.000103448275862069 1.72413793103448e-05 1.72413793103448e-05 0.000120689655172414 0.000120689655172414 1.72413793103448e-05 1.72413793103448e-05 0.99901724137931 0.000120689655172414 1.72413793103448e-05 1.72413793103448e-05 0.000120689655172414 1.72413793103448e-05 0.000103448275862069 1.72413793103448e-05; % p D=0.1
0.000103448275862069 1.72413793103448e-05 1.72413793103448e-05 1.72413793103448e-05 0.000103448275862069 0.99901724137931 1.72413793103448e-05 0.000120689655172414 0.000120689655172414 1.72413793103448e-05 1.72413793103448e-05 1.72413793103448e-05 0.000120689655172414 1.72413793103448e-05 1.72413793103448e-05 0.000120689655172414 1.72413793103448e-05 0.000103448275862069 1.72413793103448e-05; % t D=0.1
0.000103448275862069 1.72413793103448e-05 1.72413793103448e-05 0.99901724137931 0.000103448275862069 1.72413793103448e-05 1.72413793103448e-05 0.000120689655172414 0.000120689655172414 1.72413793103448e-05 1.72413793103448e-05 1.72413793103448e-05 0.000120689655172414 1.72413793103448e-05 1.72413793103448e-05 0.000120689655172414 1.72413793103448e-05 0.000103448275862069 1.72413793103448e-05; % v D=0.1
0.119724137931034 0.000120689655172414 0.000120689655172414 0.000120689655172414 0.159724137931034 0.000120689655172414 0.000120689655172414 0.169844827586207 0.0198448275862069 0.000120689655172414 0.000120689655172414 0.000120689655172414 0.149844827586207 0.000120689655172414 0.000120689655172414 0.169844827586207 0.000120689655172414 0.209724137931034 0.000120689655172414; % z D=0.1
0.00248275862068966 0.000413793103448276 0.000413793103448276 0.000413793103448276 0.23848275862069 0.000413793103448276 0.000413793103448276 0.138896551724138 0.138896551724138 0.000413793103448276 0.000413793103448276 0.000413793103448276 0.278896551724138 0.000413793103448276 0.000413793103448276 0.0988965517241379 0.000413793103448276 0.0984827586206897 0.000413793103448276; % $ D=0.2
0.0692413793103448 0.000206896551724138 0.000206896551724138 0.000206896551724138 0.00124137931034483 0.000206896551724138 0.000206896551724138 0.269448275862069 0.209448275862069 0.000206896551724138 0.000206896551724138 0.000206896551724138 0.149448275862069 0.000206896551724138 0.000206896551724138 0.189448275862069 0.000206896551724138 0.109241379310345 0.000206896551724138; % B D=0.2
0.000206896551724138 3.44827586206897e-05 3.44827586206897e-05 3.44827586206897e-05 0.000206896551724138 3.44827586206897e-05 3.44827586206897e-05 0.000241379310344828 0.000241379310344828 3.44827586206897e-05 3.44827586206897e-05 3.44827586206897e-05 0.000241379310344828 3.44827586206897e-05 3.44827586206897e-05 0.000241379310344828 3.44827586206897e-05 0.000206896551724138 0.998034482758621; % D D=0.2
0.000206896551724138 3.44827586206897e-05 3.44827586206897e-05 3.44827586206897e-05 0.000206896551724138 3.44827586206897e-05 3.44827586206897e-05 0.000241379310344828 0.000241379310344828 3.44827586206897e-05 3.44827586206897e-05 3.44827586206897e-05 0.000241379310344828 0.998034482758621 3.44827586206897e-05 0.000241379310344828 3.44827586206897e-05 0.000206896551724138 3.44827586206897e-05; % G D=0.2
0.000206896551724138 0.998034482758621 3.44827586206897e-05 3.44827586206897e-05 0.000206896551724138 3.44827586206897e-05 3.44827586206897e-05 0.000241379310344828 0.000241379310344828 3.44827586206897e-05 3.44827586206897e-05 3.44827586206897e-05 0.000241379310344828 3.44827586206897e-05 3.44827586206897e-05 0.000241379310344828 3.44827586206897e-05 0.000206896551724138 3.44827586206897e-05; % K D=0.2
0.109448275862069 0.000241379310344828 0.000241379310344828 0.000241379310344828 0.229448275862069 0.000241379310344828 0.000241379310344828 0.00968965517241379 0.179689655172414 0.000241379310344828 0.000241379310344828 0.000241379310344828 0.129689655172414 0.000241379310344828 0.000241379310344828 0.139689655172414 0.000241379310344828 0.199448275862069 0.000241379310344828; % L D=0.2
0.000206896551724138 3.44827586206897e-05 3.44827586206897e-05 3.44827586206897e-05 0.000206896551724138 3.44827586206897e-05 3.44827586206897e-05 0.000241379310344828 0.000241379310344828 3.44827586206897e-05 0.998034482758621 3.44827586206897e-05 0.000241379310344828 3.44827586206897e-05 3.44827586206897e-05 0.000241379310344828 3.44827586206897e-05 0.000206896551724138 3.44827586206897e-05; % P D=0.2
0.000206896551724138 3.44827586206897e-05 3.44827586206897e-05 3.44827586206897e-05 0.000206896551724138 3.44827586206897e-05 3.44827586206897e-05 0.000241379310344828 0.000241379310344828 3.44827586206897e-05 3.44827586206897e-05 3.44827586206897e-05 0.000241379310344828 3.44827586206897e-05 0.998034482758621 0.000241379310344828 3.44827586206897e-05 0.000206896551724138 3.44827586206897e-05; % T D=0.2
0.000206896551724138 3.44827586206897e-05 0.998034482758621 3.44827586206897e-05 0.000206896551724138 3.44827586206897e-05 3.44827586206897e-05 0.000241379310344828 0.000241379310344828 3.44827586206897e-05 3.44827586206897e-05 3.44827586206897e-05 0.000241379310344828 3.44827586206897e-05 3.44827586206897e-05 0.000241379310344828 3.44827586206897e-05 0.000206896551724138 3.44827586206897e-05; % V D=0.2
0.069448275862069 0.000241379310344828 0.000241379310344828 0.000241379310344828 0.169448275862069 0.000241379310344828 0.000241379310344828 0.119689655172414 0.189689655172414 0.000241379310344828 0.000241379310344828 0.000241379310344828 0.00968965517241379 0.000241379310344828 0.000241379310344828 0.209689655172414 0.000241379310344828 0.229448275862069 0.000241379310344828; % Z D=0.2
0.000206896551724138 3.44827586206897e-05 3.44827586206897e-05 3.44827586206897e-05 0.000206896551724138 3.44827586206897e-05 3.44827586206897e-05 0.000241379310344828 0.000241379310344828 0.998034482758621 3.44827586206897e-05 3.44827586206897e-05 0.000241379310344828 3.44827586206897e-05 3.44827586206897e-05 0.000241379310344828 3.44827586206897e-05 0.000206896551724138 3.44827586206897e-05; % b D=0.2
0.089448275862069 0.000241379310344828 0.000241379310344828 0.000241379310344828 0.139448275862069 0.000241379310344828 0.000241379310344828 0.169689655172414 0.169689655172414 0.000241379310344828 0.000241379310344828 0.000241379310344828 0.219689655172414 0.000241379310344828 0.000241379310344828 0.00968965517241379 0.000241379310344828 0.199448275862069 0.000241379310344828; % d D=0.2
0.000206896551724138 3.44827586206897e-05 3.44827586206897e-05 3.44827586206897e-05 0.000206896551724138 3.44827586206897e-05 0.998034482758621 0.000241379310344828 0.000241379310344828 3.44827586206897e-05 3.44827586206897e-05 3.44827586206897e-05 0.000241379310344828 3.44827586206897e-05 3.44827586206897e-05 0.000241379310344828 3.44827586206897e-05 0.000206896551724138 3.44827586206897e-05; % g D=0.2
0.0392413793103448 0.000206896551724138 0.000206896551724138 0.000206896551724138 0.179241379310345 0.000206896551724138 0.000206896551724138 0.189448275862069 0.159448275862069 0.000206896551724138 0.000206896551724138 0.000206896551724138 0.199448275862069 0.000206896551724138 0.000206896551724138 0.229448275862069 0.000206896551724138 0.00124137931034483 0.000206896551724138; % k D=0.2
0.000206896551724138 3.44827586206897e-05 3.44827586206897e-05 3.44827586206897e-05 0.000206896551724138 3.44827586206897e-05 3.44827586206897e-05 0.000241379310344828 0.000241379310344828 3.44827586206897e-05 3.44827586206897e-05 3.44827586206897e-05 0.000241379310344828 3.44827586206897e-05 3.44827586206897e-05 0.000241379310344828 0.998034482758621 0.000206896551724138 3.44827586206897e-05; % l D=0.2
0.000206896551724138 3.44827586206897e-05 3.44827586206897e-05 3.44827586206897e-05 0.000206896551724138 3.44827586206897e-05 3.44827586206897e-05 0.000241379310344828 0.000241379310344828 3.44827586206897e-05 3.44827586206897e-05 0.998034482758621 0.000241379310344828 3.44827586206897e-05 3.44827586206897e-05 0.000241379310344828 3.44827586206897e-05 0.000206896551724138 3.44827586206897e-05; % p D=0.2
0.000206896551724138 3.44827586206897e-05 3.44827586206897e-05 3.44827586206897e-05 0.000206896551724138 0.998034482758621 3.44827586206897e-05 0.000241379310344828 0.000241379310344828 3.44827586206897e-05 3.44827586206897e-05 3.44827586206897e-05 0.000241379310344828 3.44827586206897e-05 3.44827586206897e-05 0.000241379310344828 3.44827586206897e-05 0.000206896551724138 3.44827586206897e-05; % t D=0.2
0.000206896551724138 3.44827586206897e-05 3.44827586206897e-05 0.998034482758621 0.000206896551724138 3.44827586206897e-05 3.44827586206897e-05 0.000241379310344828 0.000241379310344828 3.44827586206897e-05 3.44827586206897e-05 3.44827586206897e-05 0.000241379310344828 3.44827586206897e-05 3.44827586206897e-05 0.000241379310344828 3.44827586206897e-05 0.000206896551724138 3.44827586206897e-05; % v D=0.2
0.119448275862069 0.000241379310344828 0.000241379310344828 0.000241379310344828 0.159448275862069 0.000241379310344828 0.000241379310344828 0.169689655172414 0.0196896551724138 0.000241379310344828 0.000241379310344828 0.000241379310344828 0.149689655172414 0.000241379310344828 0.000241379310344828 0.169689655172414 0.000241379310344828 0.209448275862069 0.000241379310344828; % z D=0.2
0.00372413793103448 0.000620689655172414 0.000620689655172414 0.000620689655172414 0.237724137931034 0.000620689655172414 0.000620689655172414 0.138344827586207 0.138344827586207 0.000620689655172414 0.000620689655172414 0.000620689655172414 0.278344827586207 0.000620689655172414 0.000620689655172414 0.0983448275862069 0.000620689655172414 0.0977241379310345 0.000620689655172414; % $ D=0.3
0.0688620689655172 0.000310344827586207 0.000310344827586207 0.000310344827586207 0.00186206896551724 0.000310344827586207 0.000310344827586207 0.269172413793103 0.209172413793103 0.000310344827586207 0.000310344827586207 0.000310344827586207 0.149172413793103 0.000310344827586207 0.000310344827586207 0.189172413793103 0.000310344827586207 0.108862068965517 0.000310344827586207; % B D=0.3
0.000310344827586207 5.17241379310345e-05 5.17241379310345e-05 5.17241379310345e-05 0.000310344827586207 5.17241379310345e-05 5.17241379310345e-05 0.000362068965517241 0.000362068965517241 5.17241379310345e-05 5.17241379310345e-05 5.17241379310345e-05 0.000362068965517241 5.17241379310345e-05 5.17241379310345e-05 0.000362068965517241 5.17241379310345e-05 0.000310344827586207 0.997051724137931; % D D=0.3
0.000310344827586207 5.17241379310345e-05 5.17241379310345e-05 5.17241379310345e-05 0.000310344827586207 5.17241379310345e-05 5.17241379310345e-05 0.000362068965517241 0.000362068965517241 5.17241379310345e-05 5.17241379310345e-05 5.17241379310345e-05 0.000362068965517241 0.997051724137931 5.17241379310345e-05 0.000362068965517241 5.17241379310345e-05 0.000310344827586207 5.17241379310345e-05; % G D=0.3
0.000310344827586207 0.997051724137931 5.17241379310345e-05 5.17241379310345e-05 0.000310344827586207 5.17241379310345e-05 5.17241379310345e-05 0.000362068965517241 0.000362068965517241 5.17241379310345e-05 5.17241379310345e-05 5.17241379310345e-05 0.000362068965517241 5.17241379310345e-05 5.17241379310345e-05 0.000362068965517241 5.17241379310345e-05 0.000310344827586207 5.17241379310345e-05; % K D=0.3
0.109172413793103 0.000362068965517241 0.000362068965517241 0.000362068965517241 0.229172413793103 0.000362068965517241 0.000362068965517241 0.00953448275862069 0.179534482758621 0.000362068965517241 0.000362068965517241 0.000362068965517241 0.129534482758621 0.000362068965517241 0.000362068965517241 0.139534482758621 0.000362068965517241 0.199172413793103 0.000362068965517241; % L D=0.3
0.000310344827586207 5.17241379310345e-05 5.17241379310345e-05 5.17241379310345e-05 0.000310344827586207 5.17241379310345e-05 5.17241379310345e-05 0.000362068965517241 0.000362068965517241 5.17241379310345e-05 0.997051724137931 5.17241379310345e-05 0.000362068965517241 5.17241379310345e-05 5.17241379310345e-05 0.000362068965517241 5.17241379310345e-05 0.000310344827586207 5.17241379310345e-05; % P D=0.3
0.000310344827586207 5.17241379310345e-05 5.17241379310345e-05 5.17241379310345e-05 0.000310344827586207 5.17241379310345e-05 5.17241379310345e-05 0.000362068965517241 0.000362068965517241 5.17241379310345e-05 5.17241379310345e-05 5.17241379310345e-05 0.000362068965517241 5.17241379310345e-05 0.997051724137931 0.000362068965517241 5.17241379310345e-05 0.000310344827586207 5.17241379310345e-05; % T D=0.3
0.000310344827586207 5.17241379310345e-05 0.997051724137931 5.17241379310345e-05 0.000310344827586207 5.17241379310345e-05 5.17241379310345e-05 0.000362068965517241 0.000362068965517241 5.17241379310345e-05 5.17241379310345e-05 5.17241379310345e-05 0.000362068965517241 5.17241379310345e-05 5.17241379310345e-05 0.000362068965517241 5.17241379310345e-05 0.000310344827586207 5.17241379310345e-05; % V D=0.3
0.0691724137931034 0.000362068965517241 0.000362068965517241 0.000362068965517241 0.169172413793103 0.000362068965517241 0.000362068965517241 0.119534482758621 0.189534482758621 0.000362068965517241 0.000362068965517241 0.000362068965517241 0.00953448275862069 0.000362068965517241 0.000362068965517241 0.209534482758621 0.000362068965517241 0.229172413793103 0.000362068965517241; % Z D=0.3
0.000310344827586207 5.17241379310345e-05 5.17241379310345e-05 5.17241379310345e-05 0.000310344827586207 5.17241379310345e-05 5.17241379310345e-05 0.000362068965517241 0.000362068965517241 0.997051724137931 5.17241379310345e-05 5.17241379310345e-05 0.000362068965517241 5.17241379310345e-05 5.17241379310345e-05 0.000362068965517241 5.17241379310345e-05 0.000310344827586207 5.17241379310345e-05; % b D=0.3
0.0891724137931034 0.000362068965517241 0.000362068965517241 0.000362068965517241 0.139172413793103 0.000362068965517241 0.000362068965517241 0.169534482758621 0.169534482758621 0.000362068965517241 0.000362068965517241 0.000362068965517241 0.219534482758621 0.000362068965517241 0.000362068965517241 0.00953448275862069 0.000362068965517241 0.199172413793103 0.000362068965517241; % d D=0.3
0.000310344827586207 5.17241379310345e-05 5.17241379310345e-05 5.17241379310345e-05 0.000310344827586207 5.17241379310345e-05 0.997051724137931 0.000362068965517241 0.000362068965517241 5.17241379310345e-05 5.17241379310345e-05 5.17241379310345e-05 0.000362068965517241 5.17241379310345e-05 5.17241379310345e-05 0.000362068965517241 5.17241379310345e-05 0.000310344827586207 5.17241379310345e-05; % g D=0.3
0.0388620689655172 0.000310344827586207 0.000310344827586207 0.000310344827586207 0.178862068965517 0.000310344827586207 0.000310344827586207 0.189172413793103 0.159172413793103 0.000310344827586207 0.000310344827586207 0.000310344827586207 0.199172413793103 0.000310344827586207 0.000310344827586207 0.229172413793103 0.000310344827586207 0.00186206896551724 0.000310344827586207; % k D=0.3
0.000310344827586207 5.17241379310345e-05 5.17241379310345e-05 5.17241379310345e-05 0.000310344827586207 5.17241379310345e-05 5.17241379310345e-05 0.000362068965517241 0.000362068965517241 5.17241379310345e-05 5.17241379310345e-05 5.17241379310345e-05 0.000362068965517241 5.17241379310345e-05 5.17241379310345e-05 0.000362068965517241 0.997051724137931 0.000310344827586207 5.17241379310345e-05; % l D=0.3
0.000310344827586207 5.17241379310345e-05 5.17241379310345e-05 5.17241379310345e-05 0.000310344827586207 5.17241379310345e-05 5.17241379310345e-05 0.000362068965517241 0.000362068965517241 5.17241379310345e-05 5.17241379310345e-05 0.997051724137931 0.000362068965517241 5.17241379310345e-05 5.17241379310345e-05 0.000362068965517241 5.17241379310345e-05 0.000310344827586207 5.17241379310345e-05; % p D=0.3
0.000310344827586207 5.17241379310345e-05 5.17241379310345e-05 5.17241379310345e-05 0.000310344827586207 0.997051724137931 5.17241379310345e-05 0.000362068965517241 0.000362068965517241 5.17241379310345e-05 5.17241379310345e-05 5.17241379310345e-05 0.000362068965517241 5.17241379310345e-05 5.17241379310345e-05 0.000362068965517241 5.17241379310345e-05 0.000310344827586207 5.17241379310345e-05; % t D=0.3
0.000310344827586207 5.17241379310345e-05 5.17241379310345e-05 0.997051724137931 0.000310344827586207 5.17241379310345e-05 5.17241379310345e-05 0.000362068965517241 0.000362068965517241 5.17241379310345e-05 5.17241379310345e-05 5.17241379310345e-05 0.000362068965517241 5.17241379310345e-05 5.17241379310345e-05 0.000362068965517241 5.17241379310345e-05 0.000310344827586207 5.17241379310345e-05; % v D=0.3
0.119172413793103 0.000362068965517241 0.000362068965517241 0.000362068965517241 0.159172413793103 0.000362068965517241 0.000362068965517241 0.169534482758621 0.0195344827586207 0.000362068965517241 0.000362068965517241 0.000362068965517241 0.149534482758621 0.000362068965517241 0.000362068965517241 0.169534482758621 0.000362068965517241 0.209172413793103 0.000362068965517241; % z D=0.3
0.00496551724137931 0.000827586206896552 0.000827586206896552 0.000827586206896552 0.236965517241379 0.000827586206896552 0.000827586206896552 0.137793103448276 0.137793103448276 0.000827586206896552 0.000827586206896552 0.000827586206896552 0.277793103448276 0.000827586206896552 0.000827586206896552 0.0977931034482759 0.000827586206896552 0.0969655172413793 0.000827586206896552; % $ D=0.4
0.0684827586206897 0.000413793103448276 0.000413793103448276 0.000413793103448276 0.00248275862068966 0.000413793103448276 0.000413793103448276 0.268896551724138 0.208896551724138 0.000413793103448276 0.000413793103448276 0.000413793103448276 0.148896551724138 0.000413793103448276 0.000413793103448276 0.188896551724138 0.000413793103448276 0.10848275862069 0.000413793103448276; % B D=0.4
0.000413793103448276 6.89655172413793e-05 6.89655172413793e-05 6.89655172413793e-05 0.000413793103448276 6.89655172413793e-05 6.89655172413793e-05 0.000482758620689655 0.000482758620689655 6.89655172413793e-05 6.89655172413793e-05 6.89655172413793e-05 0.000482758620689655 6.89655172413793e-05 6.89655172413793e-05 0.000482758620689655 6.89655172413793e-05 0.000413793103448276 0.996068965517241; % D D=0.4
0.000413793103448276 6.89655172413793e-05 6.89655172413793e-05 6.89655172413793e-05 0.000413793103448276 6.89655172413793e-05 6.89655172413793e-05 0.000482758620689655 0.000482758620689655 6.89655172413793e-05 6.89655172413793e-05 6.89655172413793e-05 0.000482758620689655 0.996068965517241 6.89655172413793e-05 0.000482758620689655 6.89655172413793e-05 0.000413793103448276 6.89655172413793e-05; % G D=0.4
0.000413793103448276 0.996068965517241 6.89655172413793e-05 6.89655172413793e-05 0.000413793103448276 6.89655172413793e-05 6.89655172413793e-05 0.000482758620689655 0.000482758620689655 6.89655172413793e-05 6.89655172413793e-05 6.89655172413793e-05 0.000482758620689655 6.89655172413793e-05 6.89655172413793e-05 0.000482758620689655 6.89655172413793e-05 0.000413793103448276 6.89655172413793e-05; % K D=0.4
0.108896551724138 0.000482758620689655 0.000482758620689655 0.000482758620689655 0.228896551724138 0.000482758620689655 0.000482758620689655 0.00937931034482759 0.179379310344828 0.000482758620689655 0.000482758620689655 0.000482758620689655 0.129379310344828 0.000482758620689655 0.000482758620689655 0.139379310344828 0.000482758620689655 0.198896551724138 0.000482758620689655; % L D=0.4
0.000413793103448276 6.89655172413793e-05 6.89655172413793e-05 6.89655172413793e-05 0.000413793103448276 6.89655172413793e-05 6.89655172413793e-05 0.000482758620689655 0.000482758620689655 6.89655172413793e-05 0.996068965517241 6.89655172413793e-05 0.000482758620689655 6.89655172413793e-05 6.89655172413793e-05 0.000482758620689655 6.89655172413793e-05 0.000413793103448276 6.89655172413793e-05; % P D=0.4
0.000413793103448276 6.89655172413793e-05 6.89655172413793e-05 6.89655172413793e-05 0.000413793103448276 6.89655172413793e-05 6.89655172413793e-05 0.000482758620689655 0.000482758620689655 6.89655172413793e-05 6.89655172413793e-05 6.89655172413793e-05 0.000482758620689655 6.89655172413793e-05 0.996068965517241 0.000482758620689655 6.89655172413793e-05 0.000413793103448276 6.89655172413793e-05; % T D=0.4
0.000413793103448276 6.89655172413793e-05 0.996068965517241 6.89655172413793e-05 0.000413793103448276 6.89655172413793e-05 6.89655172413793e-05 0.000482758620689655 0.000482758620689655 6.89655172413793e-05 6.89655172413793e-05 6.89655172413793e-05 0.000482758620689655 6.89655172413793e-05 6.89655172413793e-05 0.000482758620689655 6.89655172413793e-05 0.000413793103448276 6.89655172413793e-05; % V D=0.4
0.0688965517241379 0.000482758620689655 0.000482758620689655 0.000482758620689655 0.168896551724138 0.000482758620689655 0.000482758620689655 0.119379310344828 0.189379310344828 0.000482758620689655 0.000482758620689655 0.000482758620689655 0.00937931034482759 0.000482758620689655 0.000482758620689655 0.209379310344828 0.000482758620689655 0.228896551724138 0.000482758620689655; % Z D=0.4
0.000413793103448276 6.89655172413793e-05 6.89655172413793e-05 6.89655172413793e-05 0.000413793103448276 6.89655172413793e-05 6.89655172413793e-05 0.000482758620689655 0.000482758620689655 0.996068965517241 6.89655172413793e-05 6.89655172413793e-05 0.000482758620689655 6.89655172413793e-05 6.89655172413793e-05 0.000482758620689655 6.89655172413793e-05 0.000413793103448276 6.89655172413793e-05; % b D=0.4
0.0888965517241379 0.000482758620689655 0.000482758620689655 0.000482758620689655 0.138896551724138 0.000482758620689655 0.000482758620689655 0.169379310344828 0.169379310344828 0.000482758620689655 0.000482758620689655 0.000482758620689655 0.219379310344828 0.000482758620689655 0.000482758620689655 0.00937931034482759 0.000482758620689655 0.198896551724138 0.000482758620689655; % d D=0.4
0.000413793103448276 6.89655172413793e-05 6.89655172413793e-05 6.89655172413793e-05 0.000413793103448276 6.89655172413793e-05 0.996068965517241 0.000482758620689655 0.000482758620689655 6.89655172413793e-05 6.89655172413793e-05 6.89655172413793e-05 0.000482758620689655 6.89655172413793e-05 6.89655172413793e-05 0.000482758620689655 6.89655172413793e-05 0.000413793103448276 6.89655172413793e-05; % g D=0.4
0.0384827586206897 0.000413793103448276 0.000413793103448276 0.000413793103448276 0.17848275862069 0.000413793103448276 0.000413793103448276 0.188896551724138 0.158896551724138 0.000413793103448276 0.000413793103448276 0.000413793103448276 0.198896551724138 0.000413793103448276 0.000413793103448276 0.228896551724138 0.000413793103448276 0.00248275862068966 0.000413793103448276; % k D=0.4
0.000413793103448276 6.89655172413793e-05 6.89655172413793e-05 6.89655172413793e-05 0.000413793103448276 6.89655172413793e-05 6.89655172413793e-05 0.000482758620689655 0.000482758620689655 6.89655172413793e-05 6.89655172413793e-05 6.89655172413793e-05 0.000482758620689655 6.89655172413793e-05 6.89655172413793e-05 0.000482758620689655 0.996068965517241 0.000413793103448276 6.89655172413793e-05; % l D=0.4
0.000413793103448276 6.89655172413793e-05 6.89655172413793e-05 6.89655172413793e-05 0.000413793103448276 6.89655172413793e-05 6.89655172413793e-05 0.000482758620689655 0.000482758620689655 6.89655172413793e-05 6.89655172413793e-05 0.996068965517241 0.000482758620689655 6.89655172413793e-05 6.89655172413793e-05 0.000482758620689655 6.89655172413793e-05 0.000413793103448276 6.89655172413793e-05; % p D=0.4
0.000413793103448276 6.89655172413793e-05 6.89655172413793e-05 6.89655172413793e-05 0.000413793103448276 0.996068965517241 6.89655172413793e-05 0.000482758620689655 0.000482758620689655 6.89655172413793e-05 6.89655172413793e-05 6.89655172413793e-05 0.000482758620689655 6.89655172413793e-05 6.89655172413793e-05 0.000482758620689655 6.89655172413793e-05 0.000413793103448276 6.89655172413793e-05; % t D=0.4
0.000413793103448276 6.89655172413793e-05 6.89655172413793e-05 0.996068965517241 0.000413793103448276 6.89655172413793e-05 6.89655172413793e-05 0.000482758620689655 0.000482758620689655 6.89655172413793e-05 6.89655172413793e-05 6.89655172413793e-05 0.000482758620689655 6.89655172413793e-05 6.89655172413793e-05 0.000482758620689655 6.89655172413793e-05 0.000413793103448276 6.89655172413793e-05; % v D=0.4
0.118896551724138 0.000482758620689655 0.000482758620689655 0.000482758620689655 0.158896551724138 0.000482758620689655 0.000482758620689655 0.169379310344828 0.0193793103448276 0.000482758620689655 0.000482758620689655 0.000482758620689655 0.149379310344828 0.000482758620689655 0.000482758620689655 0.169379310344828 0.000482758620689655 0.208896551724138 0.000482758620689655; % z D=0.4
0.00620689655172414 0.00103448275862069 0.00103448275862069 0.00103448275862069 0.236206896551724 0.00103448275862069 0.00103448275862069 0.137241379310345 0.137241379310345 0.00103448275862069 0.00103448275862069 0.00103448275862069 0.277241379310345 0.00103448275862069 0.00103448275862069 0.0972413793103448 0.00103448275862069 0.0962068965517241 0.00103448275862069; % $ D=0.5
0.0681034482758621 0.000517241379310345 0.000517241379310345 0.000517241379310345 0.00310344827586207 0.000517241379310345 0.000517241379310345 0.268620689655172 0.208620689655172 0.000517241379310345 0.000517241379310345 0.000517241379310345 0.148620689655172 0.000517241379310345 0.000517241379310345 0.188620689655172 0.000517241379310345 0.108103448275862 0.000517241379310345; % B D=0.5
0.000517241379310345 8.62068965517241e-05 8.62068965517241e-05 8.62068965517241e-05 0.000517241379310345 8.62068965517241e-05 8.62068965517241e-05 0.000603448275862069 0.000603448275862069 8.62068965517241e-05 8.62068965517241e-05 8.62068965517241e-05 0.000603448275862069 8.62068965517241e-05 8.62068965517241e-05 0.000603448275862069 8.62068965517241e-05 0.000517241379310345 0.995086206896552; % D D=0.5
0.000517241379310345 8.62068965517241e-05 8.62068965517241e-05 8.62068965517241e-05 0.000517241379310345 8.62068965517241e-05 8.62068965517241e-05 0.000603448275862069 0.000603448275862069 8.62068965517241e-05 8.62068965517241e-05 8.62068965517241e-05 0.000603448275862069 0.995086206896552 8.62068965517241e-05 0.000603448275862069 8.62068965517241e-05 0.000517241379310345 8.62068965517241e-05; % G D=0.5
0.000517241379310345 0.995086206896552 8.62068965517241e-05 8.62068965517241e-05 0.000517241379310345 8.62068965517241e-05 8.62068965517241e-05 0.000603448275862069 0.000603448275862069 8.62068965517241e-05 8.62068965517241e-05 8.62068965517241e-05 0.000603448275862069 8.62068965517241e-05 8.62068965517241e-05 0.000603448275862069 8.62068965517241e-05 0.000517241379310345 8.62068965517241e-05; % K D=0.5
0.108620689655172 0.000603448275862069 0.000603448275862069 0.000603448275862069 0.228620689655172 0.000603448275862069 0.000603448275862069 0.00922413793103448 0.179224137931034 0.000603448275862069 0.000603448275862069 0.000603448275862069 0.129224137931034 0.000603448275862069 0.000603448275862069 0.139224137931034 0.000603448275862069 0.198620689655172 0.000603448275862069; % L D=0.5
0.000517241379310345 8.62068965517241e-05 8.62068965517241e-05 8.62068965517241e-05 0.000517241379310345 8.62068965517241e-05 8.62068965517241e-05 0.000603448275862069 0.000603448275862069 8.62068965517241e-05 0.995086206896552 8.62068965517241e-05 0.000603448275862069 8.62068965517241e-05 8.62068965517241e-05 0.000603448275862069 8.62068965517241e-05 0.000517241379310345 8.62068965517241e-05; % P D=0.5
0.000517241379310345 8.62068965517241e-05 8.62068965517241e-05 8.62068965517241e-05 0.000517241379310345 8.62068965517241e-05 8.62068965517241e-05 0.000603448275862069 0.000603448275862069 8.62068965517241e-05 8.62068965517241e-05 8.62068965517241e-05 0.000603448275862069 8.62068965517241e-05 0.995086206896552 0.000603448275862069 8.62068965517241e-05 0.000517241379310345 8.62068965517241e-05; % T D=0.5
0.000517241379310345 8.62068965517241e-05 0.995086206896552 8.62068965517241e-05 0.000517241379310345 8.62068965517241e-05 8.62068965517241e-05 0.000603448275862069 0.000603448275862069 8.62068965517241e-05 8.62068965517241e-05 8.62068965517241e-05 0.000603448275862069 8.62068965517241e-05 8.62068965517241e-05 0.000603448275862069 8.62068965517241e-05 0.000517241379310345 8.62068965517241e-05; % V D=0.5
0.0686206896551724 0.000603448275862069 0.000603448275862069 0.000603448275862069 0.168620689655172 0.000603448275862069 0.000603448275862069 0.119224137931034 0.189224137931034 0.000603448275862069 0.000603448275862069 0.000603448275862069 0.00922413793103448 0.000603448275862069 0.000603448275862069 0.209224137931034 0.000603448275862069 0.228620689655172 0.000603448275862069; % Z D=0.5
0.000517241379310345 8.62068965517241e-05 8.62068965517241e-05 8.62068965517241e-05 0.000517241379310345 8.62068965517241e-05 8.62068965517241e-05 0.000603448275862069 0.000603448275862069 0.995086206896552 8.62068965517241e-05 8.62068965517241e-05 0.000603448275862069 8.62068965517241e-05 8.62068965517241e-05 0.000603448275862069 8.62068965517241e-05 0.000517241379310345 8.62068965517241e-05; % b D=0.5
0.0886206896551724 0.000603448275862069 0.000603448275862069 0.000603448275862069 0.138620689655172 0.000603448275862069 0.000603448275862069 0.169224137931034 0.169224137931034 0.000603448275862069 0.000603448275862069 0.000603448275862069 0.219224137931034 0.000603448275862069 0.000603448275862069 0.00922413793103448 0.000603448275862069 0.198620689655172 0.000603448275862069; % d D=0.5
0.000517241379310345 8.62068965517241e-05 8.62068965517241e-05 8.62068965517241e-05 0.000517241379310345 8.62068965517241e-05 0.995086206896552 0.000603448275862069 0.000603448275862069 8.62068965517241e-05 8.62068965517241e-05 8.62068965517241e-05 0.000603448275862069 8.62068965517241e-05 8.62068965517241e-05 0.000603448275862069 8.62068965517241e-05 0.000517241379310345 8.62068965517241e-05; % g D=0.5
0.0381034482758621 0.000517241379310345 0.000517241379310345 0.000517241379310345 0.178103448275862 0.000517241379310345 0.000517241379310345 0.188620689655172 0.158620689655172 0.000517241379310345 0.000517241379310345 0.000517241379310345 0.198620689655172 0.000517241379310345 0.000517241379310345 0.228620689655172 0.000517241379310345 0.00310344827586207 0.000517241379310345; % k D=0.5
0.000517241379310345 8.62068965517241e-05 8.62068965517241e-05 8.62068965517241e-05 0.000517241379310345 8.62068965517241e-05 8.62068965517241e-05 0.000603448275862069 0.000603448275862069 8.62068965517241e-05 8.62068965517241e-05 8.62068965517241e-05 0.000603448275862069 8.62068965517241e-05 8.62068965517241e-05 0.000603448275862069 0.995086206896552 0.000517241379310345 8.62068965517241e-05; % l D=0.5
0.000517241379310345 8.62068965517241e-05 8.62068965517241e-05 8.62068965517241e-05 0.000517241379310345 8.62068965517241e-05 8.62068965517241e-05 0.000603448275862069 0.000603448275862069 8.62068965517241e-05 8.62068965517241e-05 0.995086206896552 0.000603448275862069 8.62068965517241e-05 8.62068965517241e-05 0.000603448275862069 8.62068965517241e-05 0.000517241379310345 8.62068965517241e-05; % p D=0.5
0.000517241379310345 8.62068965517241e-05 8.62068965517241e-05 8.62068965517241e-05 0.000517241379310345 0.995086206896552 8.62068965517241e-05 0.000603448275862069 0.000603448275862069 8.62068965517241e-05 8.62068965517241e-05 8.62068965517241e-05 0.000603448275862069 8.62068965517241e-05 8.62068965517241e-05 0.000603448275862069 8.62068965517241e-05 0.000517241379310345 8.62068965517241e-05; % t D=0.5
0.000517241379310345 8.62068965517241e-05 8.62068965517241e-05 0.995086206896552 0.000517241379310345 8.62068965517241e-05 8.62068965517241e-05 0.000603448275862069 0.000603448275862069 8.62068965517241e-05 8.62068965517241e-05 8.62068965517241e-05 0.000603448275862069 8.62068965517241e-05 8.62068965517241e-05 0.000603448275862069 8.62068965517241e-05 0.000517241379310345 8.62068965517241e-05; % v D=0.5
0.118620689655172 0.000603448275862069 0.000603448275862069 0.000603448275862069 0.158620689655172 0.000603448275862069 0.000603448275862069 0.169224137931034 0.0192241379310345 0.000603448275862069 0.000603448275862069 0.000603448275862069 0.149224137931034 0.000603448275862069 0.000603448275862069 0.169224137931034 0.000603448275862069 0.208620689655172 0.000603448275862069; % z D=0.5
0.00744827586206896 0.00124137931034483 0.00124137931034483 0.00124137931034483 0.235448275862069 0.00124137931034483 0.00124137931034483 0.136689655172414 0.136689655172414 0.00124137931034483 0.00124137931034483 0.00124137931034483 0.276689655172414 0.00124137931034483 0.00124137931034483 0.0966896551724138 0.00124137931034483 0.095448275862069 0.00124137931034483; % $ D=0.6
0.0677241379310345 0.000620689655172414 0.000620689655172414 0.000620689655172414 0.00372413793103448 0.000620689655172414 0.000620689655172414 0.268344827586207 0.208344827586207 0.000620689655172414 0.000620689655172414 0.000620689655172414 0.148344827586207 0.000620689655172414 0.000620689655172414 0.188344827586207 0.000620689655172414 0.107724137931034 0.000620689655172414; % B D=0.6
0.000620689655172414 0.000103448275862069 0.000103448275862069 0.000103448275862069 0.000620689655172414 0.000103448275862069 0.000103448275862069 0.000724137931034483 0.000724137931034483 0.000103448275862069 0.000103448275862069 0.000103448275862069 0.000724137931034483 0.000103448275862069 0.000103448275862069 0.000724137931034483 0.000103448275862069 0.000620689655172414 0.994103448275862; % D D=0.6
0.000620689655172414 0.000103448275862069 0.000103448275862069 0.000103448275862069 0.000620689655172414 0.000103448275862069 0.000103448275862069 0.000724137931034483 0.000724137931034483 0.000103448275862069 0.000103448275862069 0.000103448275862069 0.000724137931034483 0.994103448275862 0.000103448275862069 0.000724137931034483 0.000103448275862069 0.000620689655172414 0.000103448275862069; % G D=0.6
