syllables = '$BDGKLPTVZbdgklptvz';
discounts = [0.1 0.2 0.3 0.4 0.5 0.6 0.7 0.8 0.9 0.95];
kn_probs = [0.00124137931034483 0.079448275862069 0.000206896551724138 0.000206896551724138 0.000206896551724138 0.000206896551724138 0.000206896551724138 0.219448275862069 0.000206896551724138 0.199241379310345 0.139448275862069 0.000206896551724138 0.000206896551724138 0.000206896551724138 0.000206896551724138 0.139241379310345 0.000206896551724138 0.219448275862069 0.000206896551724138; % $ D=0.1
0.000103448275862069 0.000120689655172414 1.72413793103448e-05 1.72413793103448e-05 1.72413793103448e-05 1.72413793103448e-05 0.99901724137931 0.000120689655172414 1.72413793103448e-05 0.000103448275862069 0.000120689655172414 1.72413793103448e-05 1.72413793103448e-05 1.72413793103448e-05 1.72413793103448e-05 0.000103448275862069 1.72413793103448e-05 0.000120689655172414 1.72413793103448e-05; % B D=0.1
0.000103448275862069 0.000120689655172414 1.72413793103448e-05 1.72413793103448e-05 1.72413793103448e-05 1.72413793103448e-05 1.72413793103448e-05 0.000120689655172414 1.72413793103448e-05 0.000103448275862069 0.000120689655172414 1.72413793103448e-05 1.72413793103448e-05 1.72413793103448e-05 1.72413793103448e-05 0.000103448275862069 0.99901724137931 0.000120689655172414 1.72413793103448e-05; % D D=0.1
0.000103448275862069 0.000120689655172414 1.72413793103448e-05 1.72413793103448e-05 1.72413793103448e-05 1.72413793103448e-05 1.72413793103448e-05 0.000120689655172414 1.72413793103448e-05 0.000103448275862069 0.000120689655172414 1.72413793103448e-05 1.72413793103448e-05 0.99901724137931 1.72413793103448e-05 0.000103448275862069 1.72413793103448e-05 0.000120689655172414 1.72413793103448e-05; % G D=0.1
0.0697241379310345 0.189844827586207 0.000120689655172414 0.000120689655172414 0.000120689655172414 0.000120689655172414 0.000120689655172414 0.0098448275862069 0.000120689655172414 0.219724137931034 0.169844827586207 0.000120689655172414 0.000120689655172414 0.000120689655172414 0.000120689655172414 0.159724137931034 0.000120689655172414 0.179844827586207 0.000120689655172414; % K D=0.1
0.0396206896551724 0.149724137931034 0.000103448275862069 0.000103448275862069 0.000103448275862069 0.000103448275862069 0.000103448275862069 0.219724137931034 0.000103448275862069 0.000620689655172414 0.179724137931034 0.000103448275862069 0.000103448275862069 0.000103448275862069 0.000103448275862069 0.229620689655172 0.000103448275862069 0.179724137931034 0.000103448275862069; % L D=0.1
0.169724137931034 0.0098448275862069 0.000120689655172414 0.000120689655172414 0.000120689655172414 0.000120689655172414 0.000120689655172414 0.189844827586207 0.000120689655172414 0.169724137931034 0.179844827586207 0.000120689655172414 0.000120689655172414 0.000120689655172414 0.000120689655172414 0.0997241379310345 0.000120689655172414 0.179844827586207 0.000120689655172414; % P D=0.1
0.000103448275862069 0.000120689655172414 1.72413793103448e-05 1.72413793103448e-05 1.72413793103448e-05 1.72413793103448e-05 1.72413793103448e-05 0.000120689655172414 0.99901724137931 0.000103448275862069 0.000120689655172414 1.72413793103448e-05 1.72413793103448e-05 1.72413793103448e-05 1.72413793103448e-05 0.000103448275862069 1.72413793103448e-05 0.000120689655172414 1.72413793103448e-05; % T D=0.1
0.000103448275862069 0.000120689655172414 1.72413793103448e-05 1.72413793103448e-05 0.99901724137931 1.72413793103448e-05 1.72413793103448e-05 0.000120689655172414 1.72413793103448e-05 0.000103448275862069 0.000120689655172414 1.72413793103448e-05 1.72413793103448e-05 1.72413793103448e-05 1.72413793103448e-05 0.000103448275862069 1.72413793103448e-05 0.000120689655172414 1.72413793103448e-05; % V D=0.1
0.000103448275862069 0.000120689655172414 1.72413793103448e-05 1.72413793103448e-05 1.72413793103448e-05 1.72413793103448e-05 1.72413793103448e-05 0.000120689655172414 1.72413793103448e-05 0.000103448275862069 0.000120689655172414 1.72413793103448e-05 1.72413793103448e-05 1.72413793103448e-05 0.99901724137931 0.000103448275862069 1.72413793103448e-05 0.000120689655172414 1.72413793103448e-05; % Z D=0.1
0.000103448275862069 0.000120689655172414 0.99901724137931 1.72413793103448e-05 1.72413793103448e-05 1.72413793103448e-05 1.72413793103448e-05 0.000120689655172414 1.72413793103448e-05 0.000103448275862069 0.000120689655172414 1.72413793103448e-05 1.72413793103448e-05 1.72413793103448e-05 1.72413793103448e-05 0.000103448275862069 1.72413793103448e-05 0.000120689655172414 1.72413793103448e-05; % b D=0.1
0.0997241379310345 0.189844827586207 0.000120689655172414 0.000120689655172414 0.000120689655172414 0.000120689655172414 0.000120689655172414 0.129844827586207 0.000120689655172414 0.179724137931034 0.149844827586207 0.000120689655172414 0.000120689655172414 0.000120689655172414 0.000120689655172414 0.239724137931034 0.000120689655172414 0.0098448275862069 0.000120689655172414; % d D=0.1
0.0797241379310345 0.209844827586207 0.000120689655172414 0.000120689655172414 0.000120689655172414 0.000120689655172414 0.000120689655172414 0.149844827586207 0.000120689655172414 0.149724137931034 0.0098448275862069 0.000120689655172414 0.000120689655172414 0.000120689655172414 0.000120689655172414 0.199724137931034 0.000120689655172414 0.199844827586207 0.000120689655172414; % g D=0.1
0.000103448275862069 0.000120689655172414 1.72413793103448e-05 1.72413793103448e-05 1.72413793103448e-05 1.72413793103448e-05 1.72413793103448e-05 0.000120689655172414 1.72413793103448e-05 0.000103448275862069 0.000120689655172414 0.99901724137931 1.72413793103448e-05 1.72413793103448e-05 1.72413793103448e-05 0.000103448275862069 1.72413793103448e-05 0.000120689655172414 1.72413793103448e-05; % k D=0.1
0.000103448275862069 0.000120689655172414 1.72413793103448e-05 1.72413793103448e-05 1.72413793103448e-05 0.99901724137931 1.72413793103448e-05 0.000120689655172414 1.72413793103448e-05 0.000103448275862069 0.000120689655172414 1.72413793103448e-05 1.72413793103448e-05 1.72413793103448e-05 1.72413793103448e-05 0.000103448275862069 1.72413793103448e-05 0.000120689655172414 1.72413793103448e-05; % l D=0.1
0.000103448275862069 0.000120689655172414 1.72413793103448e-05 1.72413793103448e-05 1.72413793103448e-05 1.72413793103448e-05 1.72413793103448e-05 0.000120689655172414 1.72413793103448e-05 0.000103448275862069 0.000120689655172414 1.72413793103448e-05 1.72413793103448e-05 1.72413793103448e-05 1.72413793103448e-05 0.000103448275862069 1.72413793103448e-05 0.000120689655172414 0.99901724137931; % p D=0.1
0.000103448275862069 0.000120689655172414 1.72413793103448e-05 1.72413793103448e-05 1.72413793103448e-05 1.72413793103448e-05 1.72413793103448e-05 0.000120689655172414 1.72413793103448e-05 0.000103448275862069 0.000120689655172414 1.72413793103448e-05 0.99901724137931 1.72413793103448e-05 1.72413793103448e-05 0.000103448275862069 1.72413793103448e-05 0.000120689655172414 1.72413793103448e-05; % t D=0.1
0.000103448275862069 0.000120689655172414 1.72413793103448e-05 0.99901724137931 1.72413793103448e-05 1.72413793103448e-05 1.72413793103448e-05 0.000120689655172414 1.72413793103448e-05 0.000103448275862069 0.000120689655172414 1.72413793103448e-05 1.72413793103448e-05 1.72413793103448e-05 1.72413793103448e-05 0.000103448275862069 1.72413793103448e-05 0.000120689655172414 1.72413793103448e-05; % v D=0.1
0.0396206896551724 0.209724137931034 0.000103448275862069 0.000103448275862069 0.000103448275862069 0.000103448275862069 0.000103448275862069 0.189724137931034 0.000103448275862069 0.179620689655172 0.239724137931034 0.000103448275862069 0.000103448275862069 0.000103448275862069 0.000103448275862069 0.000620689655172414 0.000103448275862069 0.139724137931034 0.000103448275862069; % z D=0.1
