syllables = '$BDGKLPTVZbdgklptvz';
discounts = [0.1 0.2 0.3 0.4 0.5 0.6 0.7 0.8 0.9 0.95];
kn_probs = [0.000872727272727273 0.000145454545454545 0.132872727272727 0.000145454545454545 0.000145454545454545 0.000145454545454545 0.000145454545454545 0.000145454545454545 0.000145454545454545 0.132872727272727 0.146351515151515 0.000145454545454545 0.239539393939394 0.186206060606061 0.000145454545454545 0.000145454545454545 0.000145454545454545 0.000145454545454545 0.159539393939394; % $ D=0.1
0.000109090909090909 1.81818181818182e-05 0.000109090909090909 1.81818181818182e-05 1.81818181818182e-05 1.81818181818182e-05 1.81818181818182e-05 0.999018181818182 1.81818181818182e-05 0.000109090909090909 0.000127272727272727 1.81818181818182e-05 0.000109090909090909 0.000109090909090909 1.81818181818182e-05 1.81818181818182e-05 1.81818181818182e-05 1.81818181818182e-05 0.000109090909090909; % B D=0.1
0.000109090909090909 1.81818181818182e-05 0.000109090909090909 0.999018181818182 1.81818181818182e-05 1.81818181818182e-05 1.81818181818182e-05 1.81818181818182e-05 1.81818181818182e-05 0.000109090909090909 0.000127272727272727 1.81818181818182e-05 0.000109090909090909 0.000109090909090909 1.81818181818182e-05 1.81818181818182e-05 1.81818181818182e-05 1.81818181818182e-05 0.000109090909090909; % D D=0.1
0.0896545454545455 0.000109090909090909 0.000654545454545455 0.000109090909090909 0.000109090909090909 0.000109090909090909 0.000109090909090909 0.000109090909090909 0.000109090909090909 0.179654545454545 0.129763636363636 0.000109090909090909 0.229654545454545 0.209654545454545 0.000109090909090909 0.000109090909090909 0.000109090909090909 0.000109090909090909 0.159654545454545; % G D=0.1
0.169763636363636 0.000127272727272727 0.159763636363636 0.000127272727272727 0.000127272727272727 0.000127272727272727 0.000127272727272727 0.000127272727272727 0.000127272727272727 0.229763636363636 0.00989090909090909 0.000127272727272727 0.0997636363636364 0.149763636363636 0.000127272727272727 0.000127272727272727 0.000127272727272727 0.000127272727272727 0.179763636363636; % K D=0.1
0.000109090909090909 1.81818181818182e-05 0.000109090909090909 1.81818181818182e-05 1.81818181818182e-05 1.81818181818182e-05 1.81818181818182e-05 1.81818181818182e-05 1.81818181818182e-05 0.000109090909090909 0.000127272727272727 1.81818181818182e-05 0.000109090909090909 0.000109090909090909 1.81818181818182e-05 0.999018181818182 1.81818181818182e-05 1.81818181818182e-05 0.000109090909090909; % L D=0.1
0.109654545454545 0.000109090909090909 0.229654545454545 0.000109090909090909 0.000109090909090909 0.000109090909090909 0.000109090909090909 0.000109090909090909 0.000109090909090909 0.189654545454545 0.189763636363636 0.000109090909090909 0.159654545454545 0.000654545454545455 0.000109090909090909 0.000109090909090909 0.000109090909090909 0.000109090909090909 0.119654545454545; % P D=0.1
0.0796545454545455 0.000109090909090909 0.119654545454545 0.000109090909090909 0.000109090909090909 0.000109090909090909 0.000109090909090909 0.000109090909090909 0.000109090909090909 0.199654545454545 0.219763636363636 0.000109090909090909 0.000654545454545455 0.169654545454545 0.000109090909090909 0.000109090909090909 0.000109090909090909 0.000109090909090909 0.209654545454545; % T D=0.1
0.000109090909090909 1.81818181818182e-05 0.000109090909090909 1.81818181818182e-05 1.81818181818182e-05 1.81818181818182e-05 1.81818181818182e-05 1.81818181818182e-05 1.81818181818182e-05 0.000109090909090909 0.000127272727272727 1.81818181818182e-05 0.000109090909090909 0.000109090909090909 1.81818181818182e-05 1.81818181818182e-05 1.81818181818182e-05 0.999018181818182 0.000109090909090909; % V D=0.1
0.000109090909090909 1.81818181818182e-05 0.000109090909090909 1.81818181818182e-05 1.81818181818182e-05 0.999018181818182 1.81818181818182e-05 1.81818181818182e-05 1.81818181818182e-05 0.000109090909090909 0.000127272727272727 1.81818181818182e-05 0.000109090909090909 0.000109090909090909 1.81818181818182e-05 1.81818181818182e-05 1.81818181818182e-05 1.81818181818182e-05 0.000109090909090909; % Z D=0.1
0.000109090909090909 1.81818181818182e-05 0.000109090909090909 1.81818181818182e-05 0.999018181818182 1.81818181818182e-05 1.81818181818182e-05 1.81818181818182e-05 1.81818181818182e-05 0.000109090909090909 0.000127272727272727 1.81818181818182e-05 0.000109090909090909 0.000109090909090909 1.81818181818182e-05 1.81818181818182e-05 1.81818181818182e-05 1.81818181818182e-05 0.000109090909090909; % b D=0.1
0.000109090909090909 0.999018181818182 0.000109090909090909 1.81818181818182e-05 1.81818181818182e-05 1.81818181818182e-05 1.81818181818182e-05 1.81818181818182e-05 1.81818181818182e-05 0.000109090909090909 0.000127272727272727 1.81818181818182e-05 0.000109090909090909 0.000109090909090909 1.81818181818182e-05 1.81818181818182e-05 1.81818181818182e-05 1.81818181818182e-05 0.000109090909090909; % d D=0.1
0.000109090909090909 1.81818181818182e-05 0.000109090909090909 1.81818181818182e-05 1.81818181818182e-05 1.81818181818182e-05 1.81818181818182e-05 1.81818181818182e-05 1.81818181818182e-05 0.000109090909090909 0.000127272727272727 0.999018181818182 0.000109090909090909 0.000109090909090909 1.81818181818182e-05 1.81818181818182e-05 1.81818181818182e-05 1.81818181818182e-05 0.000109090909090909; % g D=0.1
0.000109090909090909 1.81818181818182e-05 0.000109090909090909 1.81818181818182e-05 1.81818181818182e-05 1.81818181818182e-05 1.81818181818182e-05 1.81818181818182e-05 1.81818181818182e-05 0.000109090909090909 0.000127272727272727 1.81818181818182e-05 0.000109090909090909 0.000109090909090909 0.999018181818182 1.81818181818182e-05 1.81818181818182e-05 1.81818181818182e-05 0.000109090909090909; % k D=0.1
0.000109090909090909 1.81818181818182e-05 0.000109090909090909 1.81818181818182e-05 1.81818181818182e-05 1.81818181818182e-05 0.999018181818182 1.81818181818182e-05 1.81818181818182e-05 0.000109090909090909 0.000127272727272727 1.81818181818182e-05 0.000109090909090909 0.000109090909090909 1.81818181818182e-05 1.81818181818182e-05 1.81818181818182e-05 1.81818181818182e-05 0.000109090909090909; % l D=0.1
0.119654545454545 0.000109090909090909 0.219654545454545 0.000109090909090909 0.000109090909090909 0.000109090909090909 0.000109090909090909 0.000109090909090909 0.000109090909090909 0.000654545454545455 0.179763636363636 0.000109090909090909 0.139654545454545 0.129654545454545 0.000109090909090909 0.000109090909090909 0.000109090909090909 0.000109090909090909 0.209654545454545; % p D=0.1
0.179654545454545 0.000109090909090909 0.169654545454545 0.000109090909090909 0.000109090909090909 0.000109090909090909 0.000109090909090909 0.000109090909090909 0.000109090909090909 0.0996545454545455 0.159763636363636 0.000109090909090909 0.189654545454545 0.199654545454545 0.000109090909090909 0.000109090909090909 0.000109090909090909 0.000109090909090909 0.000654545454545455; % t D=0.1
0.000109090909090909 1.81818181818182e-05 0.000109090909090909 1.81818181818182e-05 1.81818181818182e-05 1.81818181818182e-05 1.81818181818182e-05 1.81818181818182e-05 1.81818181818182e-05 0.000109090909090909 0.000127272727272727 1.81818181818182e-05 0.000109090909090909 0.000109090909090909 1.81818181818182e-05 1.81818181818182e-05 0.999018181818182 1.81818181818182e-05 0.000109090909090909; % v D=0.1
0.000109090909090909 1.81818181818182e-05 0.000109090909090909 1.81818181818182e-05 1.81818181818182e-05 1.81818181818182e-05 1.81818181818182e-05 1.81818181818182e-05 0.999018181818182 0.000109090909090909 0.000127272727272727 1.81818181818182e-05 0.000109090909090909 0.000109090909090909 1.81818181818182e-05 1.81818181818182e-05 1.81818181818182e-05 1.81818181818182e-05 0.000109090909090909; % z D=0.1
0.00174545454545455 0.000290909090909091 0.132412121212121 0.000290909090909091 0.000290909090909091 0.000290909090909091 0.000290909090909091 0.000290909090909091 0.000290909090909091 0.132412121212121 0.146036363636364 0.000290909090909091 0.239078787878788 0.185745454545455 0.000290909090909091 0.000290909090909091 0.000290909090909091 0.000290909090909091 0.159078787878788; % $ D=0.2
0.000218181818181818 3.63636363636364e-05 0.000218181818181818 3.63636363636364e-05 3.63636363636364e-05 3.63636363636364e-05 3.63636363636364e-05 0.998036363636364 3.63636363636364e-05 0.000218181818181818 0.000254545454545455 3.63636363636364e-05 0.000218181818181818 0.000218181818181818 3.63636363636364e-05 3.63636363636364e-05 3.63636363636364e-05 3.63636363636364e-05 0.000218181818181818; % B D=0.2
0.000218181818181818 3.63636363636364e-05 0.000218181818181818 0.998036363636364 3.63636363636364e-05 3.63636363636364e-05 3.63636363636364e-05 3.63636363636364e-05 3.63636363636364e-05 0.000218181818181818 0.000254545454545455 3.63636363636364e-05 0.000218181818181818 0.000218181818181818 3.63636363636364e-05 3.63636363636364e-05 3.63636363636364e-05 3.63636363636364e-05 0.000218181818181818; % D D=0.2
0.0893090909090909 0.000218181818181818 0.00130909090909091 0.000218181818181818 0.000218181818181818 0.000218181818181818 0.000218181818181818 0.000218181818181818 0.000218181818181818 0.179309090909091 0.129527272727273 0.000218181818181818 0.229309090909091 0.209309090909091 0.000218181818181818 0.000218181818181818 0.000218181818181818 0.000218181818181818 0.159309090909091; % G D=0.2
0.169527272727273 0.000254545454545455 0.159527272727273 0.000254545454545455 0.000254545454545455 0.000254545454545455 0.000254545454545455 0.000254545454545455 0.000254545454545455 0.229527272727273 0.00978181818181818 0.000254545454545455 0.0995272727272727 0.149527272727273 0.000254545454545455 0.000254545454545455 0.000254545454545455 0.000254545454545455 0.179527272727273; % K D=0.2
0.000218181818181818 3.63636363636364e-05 0.000218181818181818 3.63636363636364e-05 3.63636363636364e-05 3.63636363636364e-05 3.63636363636364e-05 3.63636363636364e-05 3.63636363636364e-05 0.000218181818181818 0.000254545454545455 3.63636363636364e-05 0.000218181818181818 0.000218181818181818 3.63636363636364e-05 0.998036363636364 3.63636363636364e-05 3.63636363636364e-05 0.000218181818181818; % L D=0.2
0.109309090909091 0.000218181818181818 0.229309090909091 0.000218181818181818 0.000218181818181818 0.000218181818181818 0.000218181818181818 0.000218181818181818 0.000218181818181818 0.189309090909091 0.189527272727273 0.000218181818181818 0.159309090909091 0.00130909090909091 0.000218181818181818 0.000218181818181818 0.000218181818181818 0.000218181818181818 0.119309090909091; % P D=0.2
0.0793090909090909 0.000218181818181818 0.119309090909091 0.000218181818181818 0.000218181818181818 0.000218181818181818 0.000218181818181818 0.000218181818181818 0.000218181818181818 0.199309090909091 0.219527272727273 0.000218181818181818 0.00130909090909091 0.169309090909091 0.000218181818181818 0.000218181818181818 0.000218181818181818 0.000218181818181818 0.209309090909091; % T D=0.2
0.000218181818181818 3.63636363636364e-05 0.000218181818181818 3.63636363636364e-05 3.63636363636364e-05 3.63636363636364e-05 3.63636363636364e-05 3.63636363636364e-05 3.63636363636364e-05 0.000218181818181818 0.000254545454545455 3.63636363636364e-05 0.000218181818181818 0.000218181818181818 3.63636363636364e-05 3.63636363636364e-05 3.63636363636364e-05 0.998036363636364 0.000218181818181818; % V D=0.2
0.000218181818181818 3.63636363636364e-05 0.000218181818181818 3.63636363636364e-05 3.63636363636364e-05 0.998036363636364 3.63636363636364e-05 3.63636363636364e-05 3.63636363636364e-05 0.000218181818181818 0.000254545454545455 3.63636363636364e-05 0.000218181818181818 0.000218181818181818 3.63636363636364e-05 3.63636363636364e-05 3.63636363636364e-05 3.63636363636364e-05 0.000218181818181818; % Z D=0.2
0.000218181818181818 3.63636363636364e-05 0.000218181818181818 3.63636363636364e-05 0.998036363636364 3.63636363636364e-05 3.63636363636364e-05 3.63636363636364e-05 3.63636363636364e-05 0.000218181818181818 0.000254545454545455 3.63636363636364e-05 0.000218181818181818 0.000218181818181818 3.63636363636364e-05 3.63636363636364e-05 3.63636363636364e-05 3.63636363636364e-05 0.000218181818181818; % b D=0.2
0.000218181818181818 0.998036363636364 0.000218181818181818 3.63636363636364e-05 3.63636363636364e-05 3.63636363636364e-05 3.63636363636364e-05 3.63636363636364e-05 3.63636363636364e-05 0.000218181818181818 0.000254545454545455 3.63636363636364e-05 0.000218181818181818 0.000218181818181818 3.63636363636364e-05 3.63636363636364e-05 3.63636363636364e-05 3.63636363636364e-05 0.000218181818181818; % d D=0.2
0.000218181818181818 3.63636363636364e-05 0.000218181818181818 3.63636363636364e-05 3.63636363636364e-05 3.63636363636364e-05 3.63636363636364e-05 3.63636363636364e-05 3.63636363636364e-05 0.000218181818181818 0.000254545454545455 0.998036363636364 0.000218181818181818 0.000218181818181818 3.63636363636364e-05 3.63636363636364e-05 3.63636363636364e-05 3.63636363636364e-05 0.000218181818181818; % g D=0.2
0.000218181818181818 3.63636363636364e-05 0.000218181818181818 3.63636363636364e-05 3.63636363636364e-05 3.63636363636364e-05 3.63636363636364e-05 3.63636363636364e-05 3.63636363636364e-05 0.000218181818181818 0.000254545454545455 3.63636363636364e-05 0.000218181818181818 0.000218181818181818 0.998036363636364 3.63636363636364e-05 3.63636363636364e-05 3.63636363636364e-05 0.000218181818181818; % k D=0.2
0.000218181818181818 3.63636363636364e-05 0.000218181818181818 3.63636363636364e-05 3.63636363636364e-05 3.63636363636364e-05 0.998036363636364 3.63636363636364e-05 3.63636363636364e-05 0.000218181818181818 0.000254545454545455 3.63636363636364e-05 0.000218181818181818 0.000218181818181818 3.63636363636364e-05 3.63636363636364e-05 3.63636363636364e-05 3.63636363636364e-05 0.000218181818181818; % l D=0.2
0.119309090909091 0.000218181818181818 0.219309090909091 0.000218181818181818 0.000218181818181818 0.000218181818181818 0.000218181818181818 0.000218181818181818 0.000218181818181818 0.00130909090909091 0.179527272727273 0.000218181818181818 0.139309090909091 0.129309090909091 0.000218181818181818 0.000218181818181818 0.000218181818181818 0.000218181818181818 0.209309090909091; % p D=0.2
0.179309090909091 0.000218181818181818 0.169309090909091 0.000218181818181818 0.000218181818181818 0.000218181818181818 0.000218181818181818 0.000218181818181818 0.000218181818181818 0.0993090909090909 0.159527272727273 0.000218181818181818 0.189309090909091 0.199309090909091 0.000218181818181818 0.000218181818181818 0.000218181818181818 0.000218181818181818 0.00130909090909091; % t D=0.2
0.000218181818181818 3.63636363636364e-05 0.000218181818181818 3.63636363636364e-05 3.63636363636364e-05 3.63636363636364e-05 3.63636363636364e-05 3.63636363636364e-05 3.63636363636364e-05 0.000218181818181818 0.000254545454545455 3.63636363636364e-05 0.000218181818181818 0.000218181818181818 3.63636363636364e-05 3.63636363636364e-05 0.998036363636364 3.63636363636364e-05 0.000218181818181818; % v D=0.2
0.000218181818181818 3.63636363636364e-05 0.000218181818181818 3.63636363636364e-05 3.63636363636364e-05 3.63636363636364e-05 3.63636363636364e-05 3.63636363636364e-05 0.998036363636364 0.000218181818181818 0.000254545454545455 3.63636363636364e-05 0.000218181818181818 0.000218181818181818 3.63636363636364e-05 3.63636363636364e-05 3.63636363636364e-05 3.63636363636364e-05 0.000218181818181818; % z D=0.2
0.00261818181818182 0.000436363636363636 0.131951515151515 0.000436363636363636 0.000436363636363636 0.000436363636363636 0.000436363636363636 0.000436363636363636 0.000436363636363636 0.131951515151515 0.145721212121212 0.000436363636363636 0.238618181818182 0.185284848484848 0.000436363636363636 0.000436363636363636 0.000436363636363636 0.000436363636363636 0.158618181818182; % $ D=0.3
0.000327272727272727 5.45454545454545e-05 0.000327272727272727 5.45454545454545e-05 5.45454545454545e-05 5.45454545454545e-05 5.45454545454545e-05 0.997054545454545 5.45454545454545e-05 0.000327272727272727 0.000381818181818182 5.45454545454545e-05 0.000327272727272727 0.000327272727272727 5.45454545454545e-05 5.45454545454545e-05 5.45454545454545e-05 5.45454545454545e-05 0.000327272727272727; % B D=0.3
0.000327272727272727 5.45454545454545e-05 0.000327272727272727 0.997054545454545 5.45454545454545e-05 5.45454545454545e-05 5.45454545454545e-05 5.45454545454545e-05 5.45454545454545e-05 0.000327272727272727 0.000381818181818182 5.45454545454545e-05 0.000327272727272727 0.000327272727272727 5.45454545454545e-05 5.45454545454545e-05 5.45454545454545e-05 5.45454545454545e-05 0.000327272727272727; % D D=0.3
0.0889636363636364 0.000327272727272727 0.00196363636363636 0.000327272727272727 0.000327272727272727 0.000327272727272727 0.000327272727272727 0.000327272727272727 0.000327272727272727 0.178963636363636 0.129290909090909 0.000327272727272727 0.228963636363636 0.208963636363636 0.000327272727272727 0.000327272727272727 0.000327272727272727 0.000327272727272727 0.158963636363636; % G D=0.3
0.169290909090909 0.000381818181818182 0.159290909090909 0.000381818181818182 0.000381818181818182 0.000381818181818182 0.000381818181818182 0.000381818181818182 0.000381818181818182 0.229290909090909 0.00967272727272727 0.000381818181818182 0.0992909090909091 0.149290909090909 0.000381818181818182 0.000381818181818182 0.000381818181818182 0.000381818181818182 0.179290909090909; % K D=0.3
0.000327272727272727 5.45454545454545e-05 0.000327272727272727 5.45454545454545e-05 5.45454545454545e-05 5.45454545454545e-05 5.45454545454545e-05 5.45454545454545e-05 5.45454545454545e-05 0.000327272727272727 0.000381818181818182 5.45454545454545e-05 0.000327272727272727 0.000327272727272727 5.45454545454545e-05 0.997054545454545 5.45454545454545e-05 5.45454545454545e-05 0.000327272727272727; % L D=0.3
0.108963636363636 0.000327272727272727 0.228963636363636 0.000327272727272727 0.000327272727272727 0.000327272727272727 0.000327272727272727 0.000327272727272727 0.000327272727272727 0.188963636363636 0.189290909090909 0.000327272727272727 0.158963636363636 0.00196363636363636 0.000327272727272727 0.000327272727272727 0.000327272727272727 0.000327272727272727 0.118963636363636; % P D=0.3
0.0789636363636364 0.000327272727272727 0.118963636363636 0.000327272727272727 0.000327272727272727 0.000327272727272727 0.000327272727272727 0.000327272727272727 0.000327272727272727 0.198963636363636 0.219290909090909 0.000327272727272727 0.00196363636363636 0.168963636363636 0.000327272727272727 0.000327272727272727 0.000327272727272727 0.000327272727272727 0.208963636363636; % T D=0.3
0.000327272727272727 5.45454545454545e-05 0.000327272727272727 5.45454545454545e-05 5.45454545454545e-05 5.45454545454545e-05 5.45454545454545e-05 5.45454545454545e-05 5.45454545454545e-05 0.000327272727272727 0.000381818181818182 5.45454545454545e-05 0.000327272727272727 0.000327272727272727 5.45454545454545e-05 5.45454545454545e-05 5.45454545454545e-05 0.997054545454545 0.000327272727272727; % V D=0.3
0.000327272727272727 5.45454545454545e-05 0.000327272727272727 5.45454545454545e-05 5.45454545454545e-05 0.997054545454545 5.45454545454545e-05 5.45454545454545e-05 5.45454545454545e-05 0.000327272727272727 0.000381818181818182 5.45454545454545e-05 0.000327272727272727 0.000327272727272727 5.45454545454545e-05 5.45454545454545e-05 5.45454545454545e-05 5.45454545454545e-05 0.000327272727272727; % Z D=0.3
0.000327272727272727 5.45454545454545e-05 0.000327272727272727 5.45454545454545e-05 0.997054545454545 5.45454545454545e-05 5.45454545454545e-05 5.45454545454545e-05 5.45454545454545e-05 0.000327272727272727 0.000381818181818182 5.45454545454545e-05 0.000327272727272727 0.000327272727272727 5.45454545454545e-05 5.45454545454545e-05 5.45454545454545e-05 5.45454545454545e-05 0.000327272727272727; % b D=0.3
0.000327272727272727 0.997054545454545 0.000327272727272727 5.45454545454545e-05 5.45454545454545e-05 5.45454545454545e-05 5.45454545454545e-05 5.45454545454545e-05 5.45454545454545e-05 0.000327272727272727 0.000381818181818182 5.45454545454545e-05 0.000327272727272727 0.000327272727272727 5.45454545454545e-05 5.45454545454545e-05 5.45454545454545e-05 5.45454545454545e-05 0.000327272727272727; % d D=0.3
0.000327272727272727 5.45454545454545e-05 0.000327272727272727 5.45454545454545e-05 5.45454545454545e-05 5.45454545454545e-05 5.45454545454545e-05 5.45454545454545e-05 5.45454545454545e-05 0.000327272727272727 0.000381818181818182 0.997054545454545 0.000327272727272727 0.000327272727272727 5.45454545454545e-05 5.45454545454545e-05 5.45454545454545e-05 5.45454545454545e-05 0.000327272727272727; % g D=0.3
0.000327272727272727 5.45454545454545e-05 0.000327272727272727 5.45454545454545e-05 5.45454545454545e-05 5.45454545454545e-05 5.45454545454545e-05 5.45454545454545e-05 5.45454545454545e-05 0.000327272727272727 0.000381818181818182 5.45454545454545e-05 0.000327272727272727 0.000327272727272727 0.997054545454545 5.45454545454545e-05 5.45454545454545e-05 5.45454545454545e-05 0.000327272727272727; % k D=0.3
0.000327272727272727 5.45454545454545e-05 0.000327272727272727 5.45454545454545e-05 5.45454545454545e-05 5.45454545454545e-05 0.997054545454545 5.45454545454545e-05 5.45454545454545e-05 0.000327272727272727 0.000381818181818182 5.45454545454545e-05 0.000327272727272727 0.000327272727272727 5.45454545454545e-05 5.45454545454545e-05 5.45454545454545e-05 5.45454545454545e-05 0.000327272727272727; % l D=0.3
0.118963636363636 0.000327272727272727 0.218963636363636 0.000327272727272727 0.000327272727272727 0.000327272727272727 0.000327272727272727 0.000327272727272727 0.000327272727272727 0.00196363636363636 0.179290909090909 0.000327272727272727 0.138963636363636 0.128963636363636 0.000327272727272727 0.000327272727272727 0.000327272727272727 0.000327272727272727 0.208963636363636; % p D=0.3
0.178963636363636 0.000327272727272727 0.168963636363636 0.000327272727272727 0.000327272727272727 0.000327272727272727 0.000327272727272727 0.000327272727272727 0.000327272727272727 0.0989636363636364 0.159290909090909 0.000327272727272727 0.188963636363636 0.198963636363636 0.000327272727272727 0.000327272727272727 0.000327272727272727 0.000327272727272727 0.00196363636363636; % t D=0.3
0.000327272727272727 5.45454545454545e-05 0.000327272727272727 5.45454545454545e-05 5.45454545454545e-05 5.45454545454545e-05 5.45454545454545e-05 5.45454545454545e-05 5.45454545454545e-05 0.000327272727272727 0.000381818181818182 5.45454545454545e-05 0.000327272727272727 0.000327272727272727 5.45454545454545e-05 5.45454545454545e-05 0.997054545454545 5.45454545454545e-05 0.000327272727272727; % v D=0.3
0.000327272727272727 5.45454545454545e-05 0.000327272727272727 5.45454545454545e-05 5.45454545454545e-05 5.45454545454545e-05 5.45454545454545e-05 5.45454545454545e-05 0.997054545454545 0.000327272727272727 0.000381818181818182 5.45454545454545e-05 0.000327272727272727 0.000327272727272727 5.45454545454545e-05 5.45454545454545e-05 5.45454545454545e-05 5.45454545454545e-05 0.000327272727272727; % z D=0.3
0.00349090909090909 0.000581818181818182 0.131490909090909 0.000581818181818182 0.000581818181818182 0.000581818181818182 0.000581818181818182 0.000581818181818182 0.000581818181818182 0.131490909090909 0.145406060606061 0.000581818181818182 0.238157575757576 0.184824242424242 0.000581818181818182 0.000581818181818182 0.000581818181818182 0.000581818181818182 0.158157575757576; % $ D=0.4
0.000436363636363636 7.27272727272727e-05 0.000436363636363636 7.27272727272727e-05 7.27272727272727e-05 7.27272727272727e-05 7.27272727272727e-05 0.996072727272727 7.27272727272727e-05 0.000436363636363636 0.000509090909090909 7.27272727272727e-05 0.000436363636363636 0.000436363636363636 7.27272727272727e-05 7.27272727272727e-05 7.27272727272727e-05 7.27272727272727e-05 0.000436363636363636; % B D=0.4
0.000436363636363636 7.27272727272727e-05 0.000436363636363636 0.996072727272727 7.27272727272727e-05 7.27272727272727e-05 7.27272727272727e-05 7.27272727272727e-05 7.27272727272727e-05 0.000436363636363636 0.000509090909090909 7.27272727272727e-05 0.000436363636363636 0.000436363636363636 7.27272727272727e-05 7.27272727272727e-05 7.27272727272727e-05 7.27272727272727e-05 0.000436363636363636; % D D=0.4
0.0886181818181818 0.000436363636363636 0.00261818181818182 0.000436363636363636 0.000436363636363636 0.000436363636363636 0.000436363636363636 0.000436363636363636 0.000436363636363636 0.178618181818182 0.129054545454545 0.000436363636363636 0.228618181818182 0.208618181818182 0.000436363636363636 0.000436363636363636 0.000436363636363636 0.000436363636363636 0.158618181818182; % G D=0.4
0.169054545454545 0.000509090909090909 0.159054545454545 0.000509090909090909 0.000509090909090909 0.000509090909090909 0.000509090909090909 0.000509090909090909 0.000509090909090909 0.229054545454545 0.00956363636363636 0.000509090909090909 0.0990545454545455 0.149054545454545 0.000509090909090909 0.000509090909090909 0.000509090909090909 0.000509090909090909 0.179054545454545; % K D=0.4
0.000436363636363636 7.27272727272727e-05 0.000436363636363636 7.27272727272727e-05 7.27272727272727e-05 7.27272727272727e-05 7.27272727272727e-05 7.27272727272727e-05 7.27272727272727e-05 0.000436363636363636 0.000509090909090909 7.27272727272727e-05 0.000436363636363636 0.000436363636363636 7.27272727272727e-05 0.996072727272727 7.27272727272727e-05 7.27272727272727e-05 0.000436363636363636; % L D=0.4
0.108618181818182 0.000436363636363636 0.228618181818182 0.000436363636363636 0.000436363636363636 0.000436363636363636 0.000436363636363636 0.000436363636363636 0.000436363636363636 0.188618181818182 0.189054545454545 0.000436363636363636 0.158618181818182 0.00261818181818182 0.000436363636363636 0.000436363636363636 0.000436363636363636 0.000436363636363636 0.118618181818182; % P D=0.4
0.0786181818181818 0.000436363636363636 0.118618181818182 0.000436363636363636 0.000436363636363636 0.000436363636363636 0.000436363636363636 0.000436363636363636 0.000436363636363636 0.198618181818182 0.219054545454545 0.000436363636363636 0.00261818181818182 0.168618181818182 0.000436363636363636 0.000436363636363636 0.000436363636363636 0.000436363636363636 0.208618181818182; % T D=0.4
0.000436363636363636 7.27272727272727e-05 0.000436363636363636 7.27272727272727e-05 7.27272727272727e-05 7.27272727272727e-05 7.27272727272727e-05 7.27272727272727e-05 7.27272727272727e-05 0.000436363636363636 0.000509090909090909 7.27272727272727e-05 0.000436363636363636 0.000436363636363636 7.27272727272727e-05 7.27272727272727e-05 7.27272727272727e-05 0.996072727272727 0.000436363636363636; % V D=0.4
0.000436363636363636 7.27272727272727e-05 0.000436363636363636 7.27272727272727e-05 7.27272727272727e-05 0.996072727272727 7.27272727272727e-05 7.27272727272727e-05 7.27272727272727e-05 0.000436363636363636 0.000509090909090909 7.27272727272727e-05 0.000436363636363636 0.000436363636363636 7.27272727272727e-05 7.27272727272727e-05 7.27272727272727e-05 7.27272727272727e-05 0.000436363636363636; % Z D=0.4
0.000436363636363636 7.27272727272727e-05 0.000436363636363636 7.27272727272727e-05 0.996072727272727 7.27272727272727e-05 7.27272727272727e-05 7.27272727272727e-05 7.27272727272727e-05 0.000436363636363636 0.000509090909090909 7.27272727272727e-05 0.000436363636363636 0.000436363636363636 7.27272727272727e-05 7.27272727272727e-05 7.27272727272727e-05 7.27272727272727e-05 0.000436363636363636; % b D=0.4
0.000436363636363636 0.996072727272727 0.000436363636363636 7.27272727272727e-05 7.27272727272727e-05 7.27272727272727e-05 7.27272727272727e-05 7.27272727272727e-05 7.27272727272727e-05 0.000436363636363636 0.000509090909090909 7.27272727272727e-05 0.000436363636363636 0.000436363636363636 7.27272727272727e-05 7.27272727272727e-05 7.27272727272727e-05 7.27272727272727e-05 0.000436363636363636; % d D=0.4
0.000436363636363636 7.27272727272727e-05 0.000436363636363636 7.27272727272727e-05 7.27272727272727e-05 7.27272727272727e-05 7.27272727272727e-05 7.27272727272727e-05 7.27272727272727e-05 0.000436363636363636 0.000509090909090909 0.996072727272727 0.000436363636363636 0.000436363636363636 7.27272727272727e-05 7.27272727272727e-05 7.27272727272727e-05 7.27272727272727e-05 0.000436363636363636; % g D=0.4
0.000436363636363636 7.27272727272727e-05 0.000436363636363636 7.27272727272727e-05 7.27272727272727e-05 7.27272727272727e-05 7.27272727272727e-05 7.27272727272727e-05 7.27272727272727e-05 0.000436363636363636 0.000509090909090909 7.27272727272727e-05 0.000436363636363636 0.000436363636363636 0.996072727272727 7.27272727272727e-05 7.27272727272727e-05 7.27272727272727e-05 0.000436363636363636; % k D=0.4
0.000436363636363636 7.27272727272727e-05 0.000436363636363636 7.27272727272727e-05 7.27272727272727e-05 7.27272727272727e-05 0.996072727272727 7.27272727272727e-05 7.27272727272727e-05 0.000436363636363636 0.000509090909090909 7.27272727272727e-05 0.000436363636363636 0.000436363636363636 7.27272727272727e-05 7.27272727272727e-05 7.27272727272727e-05 7.27272727272727e-05 0.000436363636363636; % l D=0.4
0.118618181818182 0.000436363636363636 0.218618181818182 0.000436363636363636 0.000436363636363636 0.000436363636363636 0.000436363636363636 0.000436363636363636 0.000436363636363636 0.00261818181818182 0.179054545454545 0.000436363636363636 0.138618181818182 0.128618181818182 0.000436363636363636 0.000436363636363636 0.000436363636363636 0.000436363636363636 0.208618181818182; % p D=0.4
0.178618181818182 0.000436363636363636 0.168618181818182 0.000436363636363636 0.000436363636363636 0.000436363636363636 0.000436363636363636 0.000436363636363636 0.000436363636363636 0.0986181818181818 0.159054545454545 0.000436363636363636 0.188618181818182 0.198618181818182 0.000436363636363636 0.000436363636363636 0.000436363636363636 0.000436363636363636 0.00261818181818182; % t D=0.4
0.000436363636363636 7.27272727272727e-05 0.000436363636363636 7.27272727272727e-05 7.27272727272727e-05 7.27272727272727e-05 7.27272727272727e-05 7.27272727272727e-05 7.27272727272727e-05 0.000436363636363636 0.000509090909090909 7.27272727272727e-05 0.000436363636363636 0.000436363636363636 7.27272727272727e-05 7.27272727272727e-05 0.996072727272727 7.27272727272727e-05 0.000436363636363636; % v D=0.4
0.000436363636363636 7.27272727272727e-05 0.000436363636363636 7.27272727272727e-05 7.27272727272727e-05 7.27272727272727e-05 7.27272727272727e-05 7.27272727272727e-05 0.996072727272727 0.000436363636363636 0.000509090909090909 7.27272727272727e-05 0.000436363636363636 0.000436363636363636 7.27272727272727e-05 7.27272727272727e-05 7.27272727272727e-05 7.27272727272727e-05 0.000436363636363636; % z D=0.4
0.00436363636363636 0.000727272727272727 0.131030303030303 0.000727272727272727 0.000727272727272727 0.000727272727272727 0.000727272727272727 0.000727272727272727 0.000727272727272727 0.131030303030303 0.145090909090909 0.000727272727272727 0.23769696969697 0.184363636363636 0.000727272727272727 0.000727272727272727 0.000727272727272727 0.000727272727272727 0.15769696969697; % $ D=0.5
0.000545454545454545 9.09090909090909e-05 0.000545454545454545 9.09090909090909e-05 9.09090909090909e-05 9.09090909090909e-05 9.09090909090909e-05 0.995090909090909 9.09090909090909e-05 0.000545454545454545 0.000636363636363636 9.09090909090909e-05 0.000545454545454545 0.000545454545454545 9.09090909090909e-05 9.09090909090909e-05 9.09090909090909e-05 9.09090909090909e-05 0.000545454545454545; % B D=0.5
0.000545454545454545 9.09090909090909e-05 0.000545454545454545 0.995090909090909 9.09090909090909e-05 9.09090909090909e-05 9.09090909090909e-05 9.09090909090909e-05 9.09090909090909e-05 0.000545454545454545 0.000636363636363636 9.09090909090909e-05 0.000545454545454545 0.000545454545454545 9.09090909090909e-05 9.09090909090909e-05 9.09090909090909e-05 9.09090909090909e-05 0.000545454545454545; % D D=0.5
0.0882727272727273 0.000545454545454545 0.00327272727272727 0.000545454545454545 0.000545454545454545 0.000545454545454545 0.000545454545454545 0.000545454545454545 0.000545454545454545 0.178272727272727 0.128818181818182 0.000545454545454545 0.228272727272727 0.208272727272727 0.000545454545454545 0.000545454545454545 0.000545454545454545 0.000545454545454545 0.158272727272727; % G D=0.5
0.168818181818182 0.000636363636363636 0.158818181818182 0.000636363636363636 0.000636363636363636 0.000636363636363636 0.000636363636363636 0.000636363636363636 0.000636363636363636 0.228818181818182 0.00945454545454546 0.000636363636363636 0.0988181818181818 0.148818181818182 0.000636363636363636 0.000636363636363636 0.000636363636363636 0.000636363636363636 0.178818181818182; % K D=0.5
0.000545454545454545 9.09090909090909e-05 0.000545454545454545 9.09090909090909e-05 9.09090909090909e-05 9.09090909090909e-05 9.09090909090909e-05 9.09090909090909e-05 9.09090909090909e-05 0.000545454545454545 0.000636363636363636 9.09090909090909e-05 0.000545454545454545 0.000545454545454545 9.09090909090909e-05 0.995090909090909 9.09090909090909e-05 9.09090909090909e-05 0.000545454545454545; % L D=0.5
0.108272727272727 0.000545454545454545 0.228272727272727 0.000545454545454545 0.000545454545454545 0.000545454545454545 0.000545454545454545 0.000545454545454545 0.000545454545454545 0.188272727272727 0.188818181818182 0.000545454545454545 0.158272727272727 0.00327272727272727 0.000545454545454545 0.000545454545454545 0.000545454545454545 0.000545454545454545 0.118272727272727; % P D=0.5
0.0782727272727273 0.000545454545454545 0.118272727272727 0.000545454545454545 0.000545454545454545 0.000545454545454545 0.000545454545454545 0.000545454545454545 0.000545454545454545 0.198272727272727 0.218818181818182 0.000545454545454545 0.00327272727272727 0.168272727272727 0.000545454545454545 0.000545454545454545 0.000545454545454545 0.000545454545454545 0.208272727272727; % T D=0.5
0.000545454545454545 9.09090909090909e-05 0.000545454545454545 9.09090909090909e-05 9.09090909090909e-05 9.09090909090909e-05 9.09090909090909e-05 9.09090909090909e-05 9.09090909090909e-05 0.000545454545454545 0.000636363636363636 9.09090909090909e-05 0.000545454545454545 0.000545454545454545 9.09090909090909e-05 9.09090909090909e-05 9.09090909090909e-05 0.995090909090909 0.000545454545454545; % V D=0.5
0.000545454545454545 9.09090909090909e-05 0.000545454545454545 9.09090909090909e-05 9.09090909090909e-05 0.995090909090909 9.09090909090909e-05 9.09090909090909e-05 9.09090909090909e-05 0.000545454545454545 0.000636363636363636 9.09090909090909e-05 0.000545454545454545 0.000545454545454545 9.09090909090909e-05 9.09090909090909e-05 9.09090909090909e-05 9.09090909090909e-05 0.000545454545454545; % Z D=0.5
0.000545454545454545 9.09090909090909e-05 0.000545454545454545 9.09090909090909e-05 0.995090909090909 9.09090909090909e-05 9.09090909090909e-05 9.09090909090909e-05 9.09090909090909e-05 0.000545454545454545 0.000636363636363636 9.09090909090909e-05 0.000545454545454545 0.000545454545454545 9.09090909090909e-05 9.09090909090909e-05 9.09090909090909e-05 9.09090909090909e-05 0.000545454545454545; % b D=0.5
0.000545454545454545 0.995090909090909 0.000545454545454545 9.09090909090909e-05 9.09090909090909e-05 9.09090909090909e-05 9.09090909090909e-05 9.09090909090909e-05 9.09090909090909e-05 0.000545454545454545 0.000636363636363636 9.09090909090909e-05 0.000545454545454545 0.000545454545454545 9.09090909090909e-05 9.09090909090909e-05 9.09090909090909e-05 9.09090909090909e-05 0.000545454545454545; % d D=0.5
0.000545454545454545 9.09090909090909e-05 0.000545454545454545 9.09090909090909e-05 9.09090909090909e-05 9.09090909090909e-05 9.09090909090909e-05 9.09090909090909e-05 9.09090909090909e-05 0.000545454545454545 0.000636363636363636 0.995090909090909 0.000545454545454545 0.000545454545454545 9.09090909090909e-05 9.09090909090909e-05 9.09090909090909e-05 9.09090909090909e-05 0.000545454545454545; % g D=0.5
0.000545454545454545 9.09090909090909e-05 0.000545454545454545 9.09090909090909e-05 9.09090909090909e-05 9.09090909090909e-05 9.09090909090909e-05 9.09090909090909e-05 9.09090909090909e-05 0.000545454545454545 0.000636363636363636 9.09090909090909e-05 0.000545454545454545 0.000545454545454545 0.995090909090909 9.09090909090909e-05 9.09090909090909e-05 9.09090909090909e-05 0.000545454545454545; % k D=0.5
0.000545454545454545 9.09090909090909e-05 0.000545454545454545 9.09090909090909e-05 9.09090909090909e-05 9.09090909090909e-05 0.995090909090909 9.09090909090909e-05 9.09090909090909e-05 0.000545454545454545 0.000636363636363636 9.09090909090909e-05 0.000545454545454545 0.000545454545454545 9.09090909090909e-05 9.09090909090909e-05 9.09090909090909e-05 9.09090909090909e-05 0.000545454545454545; % l D=0.5
0.118272727272727 0.000545454545454545 0.218272727272727 0.000545454545454545 0.000545454545454545 0.000545454545454545 0.000545454545454545 0.000545454545454545 0.000545454545454545 0.00327272727272727 0.178818181818182 0.000545454545454545 0.138272727272727 0.128272727272727 0.000545454545454545 0.000545454545454545 0.000545454545454545 0.000545454545454545 0.208272727272727; % p D=0.5
0.178272727272727 0.000545454545454545 0.168272727272727 0.000545454545454545 0.000545454545454545 0.000545454545454545 0.000545454545454545 0.000545454545454545 0.000545454545454545 0.0982727272727273 0.158818181818182 0.000545454545454545 0.188272727272727 0.198272727272727 0.000545454545454545 0.000545454545454545 0.000545454545454545 0.000545454545454545 0.00327272727272727; % t D=0.5
0.000545454545454545 9.09090909090909e-05 0.000545454545454545 9.09090909090909e-05 9.09090909090909e-05 9.09090909090909e-05 9.09090909090909e-05 9.09090909090909e-05 9.09090909090909e-05 0.000545454545454545 0.000636363636363636 9.09090909090909e-05 0.000545454545454545 0.000545454545454545 9.09090909090909e-05 9.09090909090909e-05 0.995090909090909 9.09090909090909e-05 0.000545454545454545; % v D=0.5
0.000545454545454545 9.09090909090909e-05 0.000545454545454545 9.09090909090909e-05 9.09090909090909e-05 9.09090909090909e-05 9.09090909090909e-05 9.09090909090909e-05 0.995090909090909 0.000545454545454545 0.000636363636363636 9.09090909090909e-05 0.000545454545454545 0.000545454545454545 9.09090909090909e-05 9.09090909090909e-05 9.09090909090909e-05 9.09090909090909e-05 0.000545454545454545; % z D=0.5
0.00523636363636364 0.000872727272727273 0.130569696969697 0.000872727272727273 0.000872727272727273 0.000872727272727273 0.000872727272727273 0.000872727272727273 0.000872727272727273 0.130569696969697 0.144775757575758 0.000872727272727273 0.237236363636364 0.18390303030303 0.000872727272727273 0.000872727272727273 0.000872727272727273 0.000872727272727273 0.157236363636364; % $ D=0.6
0.000654545454545455 0.000109090909090909 0.000654545454545455 0.000109090909090909 0.000109090909090909 0.000109090909090909 0.000109090909090909 0.994109090909091 0.000109090909090909 0.000654545454545455 0.000763636363636364 0.000109090909090909 0.000654545454545455 0.000654545454545455 0.000109090909090909 0.000109090909090909 0.000109090909090909 0.000109090909090909 0.000654545454545455; % B D=0.6
0.000654545454545455 0.000109090909090909 0.000654545454545455 0.994109090909091 0.000109090909090909 0.000109090909090909 0.000109090909090909 0.000109090909090909 0.000109090909090909 0.000654545454545455 0.000763636363636364 0.000109090909090909 0.000654545454545455 0.000654545454545455 0.000109090909090909 0.000109090909090909 0.000109090909090909 0.000109090909090909 0.000654545454545455; % D D=0.6
0.0879272727272727 0.000654545454545455 0.00392727272727273 0.000654545454545455 0.000654545454545455 0.000654545454545455 0.000654545454545455 0.000654545454545455 0.000654545454545455 0.177927272727273 0.128581818181818 0.000654545454545455 0.227927272727273 0.207927272727273 0.000654545454545455 0.000654545454545455 0.000654545454545455 0.000654545454545455 0.157927272727273; % G D=0.6
