syllables = '$BDGKLPTVZbdgklptvz';
discounts = [0.1 0.2 0.3 0.4 0.5 0.6 0.7 0.8 0.9 0.95];
kn_probs = [0.000222222222222222 0.203222222222222 3.7037037037037e-05 3.7037037037037e-05 0.173222222222222 3.7037037037037e-05 3.7037037037037e-05 3.7037037037037e-05 3.7037037037037e-05 3.7037037037037e-05 3.7037037037037e-05 3.7037037037037e-05 0.159888888888889 0.156555555555556 3.7037037037037e-05 0.143222222222222 3.7037037037037e-05 0.163222222222222 3.7037037037037e-05; % $ D=0.1
0.000111111111111111 0.000111111111111111 1.85185185185185e-05 1.85185185185185e-05 0.000111111111111111 0.999018518518519 1.85185185185185e-05 1.85185185185185e-05 1.85185185185185e-05 1.85185185185185e-05 1.85185185185185e-05 1.85185185185185e-05 0.000111111111111111 0.000111111111111111 1.85185185185185e-05 0.000111111111111111 1.85185185185185e-05 0.000111111111111111 1.85185185185185e-05; % B D=0.1
0.000111111111111111 0.000111111111111111 1.85185185185185e-05 1.85185185185185e-05 0.000111111111111111 1.85185185185185e-05 1.85185185185185e-05 1.85185185185185e-05 1.85185185185185e-05 0.999018518518519 1.85185185185185e-05 1.85185185185185e-05 0.000111111111111111 0.000111111111111111 1.85185185185185e-05 0.000111111111111111 1.85185185185185e-05 0.000111111111111111 1.85185185185185e-05; % D D=0.1
0.519666666666667 0.0896666666666667 0.000111111111111111 0.000111111111111111 0.0496666666666667 0.000111111111111111 0.000111111111111111 0.000111111111111111 0.000111111111111111 0.000111111111111111 0.000111111111111111 0.000111111111111111 0.000666666666666667 0.0996666666666667 0.000111111111111111 0.129666666666667 0.000111111111111111 0.109666666666667 0.000111111111111111; % G D=0.1
0.000111111111111111 0.000111111111111111 1.85185185185185e-05 1.85185185185185e-05 0.000111111111111111 1.85185185185185e-05 1.85185185185185e-05 1.85185185185185e-05 0.999018518518519 1.85185185185185e-05 1.85185185185185e-05 1.85185185185185e-05 0.000111111111111111 0.000111111111111111 1.85185185185185e-05 0.000111111111111111 1.85185185185185e-05 0.000111111111111111 1.85185185185185e-05; % K D=0.1
0.000111111111111111 0.000111111111111111 1.85185185185185e-05 1.85185185185185e-05 0.000111111111111111 1.85185185185185e-05 0.999018518518519 1.85185185185185e-05 1.85185185185185e-05 1.85185185185185e-05 1.85185185185185e-05 1.85185185185185e-05 0.000111111111111111 0.000111111111111111 1.85185185185185e-05 0.000111111111111111 1.85185185185185e-05 0.000111111111111111 1.85185185185185e-05; % L D=0.1
0.389666666666667 0.000666666666666667 0.000111111111111111 0.000111111111111111 0.139666666666667 0.000111111111111111 0.000111111111111111 0.000111111111111111 0.000111111111111111 0.000111111111111111 0.000111111111111111 0.000111111111111111 0.129666666666667 0.0896666666666667 0.000111111111111111 0.149666666666667 0.000111111111111111 0.0996666666666667 0.000111111111111111; % P D=0.1
0.000111111111111111 0.000111111111111111 1.85185185185185e-05 0.999018518518519 0.000111111111111111 1.85185185185185e-05 1.85185185185185e-05 1.85185185185185e-05 1.85185185185185e-05 1.85185185185185e-05 1.85185185185185e-05 1.85185185185185e-05 0.000111111111111111 0.000111111111111111 1.85185185185185e-05 0.000111111111111111 1.85185185185185e-05 0.000111111111111111 1.85185185185185e-05; % T D=0.1
0.479666666666667 0.0796666666666667 0.000111111111111111 0.000111111111111111 0.000666666666666667 0.000111111111111111 0.000111111111111111 0.000111111111111111 0.000111111111111111 0.000111111111111111 0.000111111111111111 0.000111111111111111 0.0796666666666667 0.149666666666667 0.000111111111111111 0.109666666666667 0.000111111111111111 0.0996666666666667 0.000111111111111111; % V D=0.1
0.529666666666667 0.0696666666666667 0.000111111111111111 0.000111111111111111 0.0896666666666667 0.000111111111111111 0.000111111111111111 0.000111111111111111 0.000111111111111111 0.000111111111111111 0.000111111111111111 0.000111111111111111 0.119666666666667 0.000666666666666667 0.000111111111111111 0.0796666666666667 0.000111111111111111 0.109666666666667 0.000111111111111111; % Z D=0.1
0.000111111111111111 0.000111111111111111 0.999018518518519 1.85185185185185e-05 0.000111111111111111 1.85185185185185e-05 1.85185185185185e-05 1.85185185185185e-05 1.85185185185185e-05 1.85185185185185e-05 1.85185185185185e-05 1.85185185185185e-05 0.000111111111111111 0.000111111111111111 1.85185185185185e-05 0.000111111111111111 1.85185185185185e-05 0.000111111111111111 1.85185185185185e-05; % b D=0.1
0.000111111111111111 0.000111111111111111 1.85185185185185e-05 1.85185185185185e-05 0.000111111111111111 1.85185185185185e-05 1.85185185185185e-05 1.85185185185185e-05 1.85185185185185e-05 1.85185185185185e-05 1.85185185185185e-05 1.85185185185185e-05 0.000111111111111111 0.000111111111111111 1.85185185185185e-05 0.000111111111111111 1.85185185185185e-05 0.000111111111111111 0.999018518518519; % d D=0.1
0.000111111111111111 0.000111111111111111 1.85185185185185e-05 1.85185185185185e-05 0.000111111111111111 1.85185185185185e-05 1.85185185185185e-05 1.85185185185185e-05 1.85185185185185e-05 1.85185185185185e-05 1.85185185185185e-05 1.85185185185185e-05 0.000111111111111111 0.000111111111111111 0.999018518518519 0.000111111111111111 1.85185185185185e-05 0.000111111111111111 1.85185185185185e-05; % g D=0.1
0.000111111111111111 0.000111111111111111 1.85185185185185e-05 1.85185185185185e-05 0.000111111111111111 1.85185185185185e-05 1.85185185185185e-05 1.85185185185185e-05 1.85185185185185e-05 1.85185185185185e-05 0.999018518518519 1.85185185185185e-05 0.000111111111111111 0.000111111111111111 1.85185185185185e-05 0.000111111111111111 1.85185185185185e-05 0.000111111111111111 1.85185185185185e-05; % k D=0.1
0.000111111111111111 0.000111111111111111 1.85185185185185e-05 1.85185185185185e-05 0.000111111111111111 1.85185185185185e-05 1.85185185185185e-05 0.999018518518519 1.85185185185185e-05 1.85185185185185e-05 1.85185185185185e-05 1.85185185185185e-05 0.000111111111111111 0.000111111111111111 1.85185185185185e-05 0.000111111111111111 1.85185185185185e-05 0.000111111111111111 1.85185185185185e-05; % l D=0.1
0.000111111111111111 0.000111111111111111 1.85185185185185e-05 1.85185185185185e-05 0.000111111111111111 1.85185185185185e-05 1.85185185185185e-05 1.85185185185185e-05 1.85185185185185e-05 1.85185185185185e-05 1.85185185185185e-05 0.999018518518519 0.000111111111111111 0.000111111111111111 1.85185185185185e-05 0.000111111111111111 1.85185185185185e-05 0.000111111111111111 1.85185185185185e-05; % p D=0.1
0.509666666666667 0.0696666666666667 0.000111111111111111 0.000111111111111111 0.109666666666667 0.000111111111111111 0.000111111111111111 0.000111111111111111 0.000111111111111111 0.000111111111111111 0.000111111111111111 0.000111111111111111 0.129666666666667 0.0796666666666667 0.000111111111111111 0.0996666666666667 0.000111111111111111 0.000666666666666667 0.000111111111111111; % t D=0.1
0.000111111111111111 0.000111111111111111 1.85185185185185e-05 1.85185185185185e-05 0.000111111111111111 1.85185185185185e-05 1.85185185185185e-05 1.85185185185185e-05 1.85185185185185e-05 1.85185185185185e-05 1.85185185185185e-05 1.85185185185185e-05 0.000111111111111111 0.000111111111111111 1.85185185185185e-05 0.000111111111111111 0.999018518518519 0.000111111111111111 1.85185185185185e-05; % v D=0.1
0.569666666666667 0.0796666666666667 0.000111111111111111 0.000111111111111111 0.0896666666666667 0.000111111111111111 0.000111111111111111 0.000111111111111111 0.000111111111111111 0.000111111111111111 0.000111111111111111 0.000111111111111111 0.0596666666666667 0.109666666666667 0.000111111111111111 0.000666666666666667 0.000111111111111111 0.0896666666666667 0.000111111111111111; % z D=0.1
