syllables = '$BDGKLPTVZbdgklptvz';
discounts = [0.1 0.2 0.3 0.4 0.5 0.6 0.7 0.8 0.9 0.95];
kn_probs = [0.00222222222222222 0.00037037037037037 0.00037037037037037 0.00037037037037037 0.00037037037037037 0.00037037037037037 0.00037037037037037 0.00037037037037037 0.198222222222222 0.198222222222222 0.198222222222222 0.278592592592593 0.118222222222222 0.00185185185185185 0.00037037037037037 0.00037037037037037 0.00037037037037037 0.00037037037037037 0.00037037037037037; % $ D=0.1
0.0296666666666667 0.000111111111111111 0.000111111111111111 0.000111111111111111 0.000111111111111111 0.000111111111111111 0.000111111111111111 0.000111111111111111 0.000666666666666667 0.219666666666667 0.199666666666667 0.249777777777778 0.189666666666667 0.109555555555556 0.000111111111111111 0.000111111111111111 0.000111111111111111 0.000111111111111111 0.000111111111111111; % B D=0.1
0.0497777777777778 0.00012962962962963 0.00012962962962963 0.00012962962962963 0.00012962962962963 0.00012962962962963 0.00012962962962963 0.00012962962962963 0.159777777777778 0.199777777777778 0.159777777777778 0.0199074074074074 0.159777777777778 0.249648148148148 0.00012962962962963 0.00012962962962963 0.00012962962962963 0.00012962962962963 0.00012962962962963; % D D=0.1
0.000111111111111111 1.85185185185185e-05 1.85185185185185e-05 1.85185185185185e-05 1.85185185185185e-05 1.85185185185185e-05 1.85185185185185e-05 1.85185185185185e-05 0.000111111111111111 0.000111111111111111 0.000111111111111111 0.00012962962962963 0.000111111111111111 9.25925925925926e-05 1.85185185185185e-05 1.85185185185185e-05 0.999018518518519 1.85185185185185e-05 1.85185185185185e-05; % G D=0.1
0.0596666666666667 0.000111111111111111 0.000111111111111111 0.000111111111111111 0.000111111111111111 0.000111111111111111 0.000111111111111111 0.000111111111111111 0.189666666666667 0.149666666666667 0.219666666666667 0.199777777777778 0.000666666666666667 0.179555555555556 0.000111111111111111 0.000111111111111111 0.000111111111111111 0.000111111111111111 0.000111111111111111; % K D=0.1
0.0196666666666667 0.000111111111111111 0.000111111111111111 0.000111111111111111 0.000111111111111111 0.000111111111111111 0.000111111111111111 0.000111111111111111 0.249666666666667 0.000666666666666667 0.139666666666667 0.179777777777778 0.229666666666667 0.179555555555556 0.000111111111111111 0.000111111111111111 0.000111111111111111 0.000111111111111111 0.000111111111111111; % L D=0.1
0.000111111111111111 1.85185185185185e-05 1.85185185185185e-05 1.85185185185185e-05 0.999018518518519 1.85185185185185e-05 1.85185185185185e-05 1.85185185185185e-05 0.000111111111111111 0.000111111111111111 0.000111111111111111 0.00012962962962963 0.000111111111111111 9.25925925925926e-05 1.85185185185185e-05 1.85185185185185e-05 1.85185185185185e-05 1.85185185185185e-05 1.85185185185185e-05; % P D=0.1
0.0496666666666667 0.000111111111111111 0.000111111111111111 0.000111111111111111 0.000111111111111111 0.000111111111111111 0.000111111111111111 0.000111111111111111 0.189666666666667 0.209666666666667 0.229666666666667 0.149777777777778 0.169666666666667 0.000555555555555556 0.000111111111111111 0.000111111111111111 0.000111111111111111 0.000111111111111111 0.000111111111111111; % T D=0.1
0.000111111111111111 1.85185185185185e-05 1.85185185185185e-05 1.85185185185185e-05 1.85185185185185e-05 1.85185185185185e-05 1.85185185185185e-05 1.85185185185185e-05 0.000111111111111111 0.000111111111111111 0.000111111111111111 0.00012962962962963 0.000111111111111111 9.25925925925926e-05 1.85185185185185e-05 1.85185185185185e-05 1.85185185185185e-05 0.999018518518519 1.85185185185185e-05; % V D=0.1
0.000111111111111111 1.85185185185185e-05 1.85185185185185e-05 1.85185185185185e-05 1.85185185185185e-05 0.999018518518519 1.85185185185185e-05 1.85185185185185e-05 0.000111111111111111 0.000111111111111111 0.000111111111111111 0.00012962962962963 0.000111111111111111 9.25925925925926e-05 1.85185185185185e-05 1.85185185185185e-05 1.85185185185185e-05 1.85185185185185e-05 1.85185185185185e-05; % Z D=0.1
0.000111111111111111 1.85185185185185e-05 1.85185185185185e-05 1.85185185185185e-05 1.85185185185185e-05 1.85185185185185e-05 1.85185185185185e-05 1.85185185185185e-05 0.000111111111111111 0.000111111111111111 0.000111111111111111 0.00012962962962963 0.000111111111111111 9.25925925925926e-05 1.85185185185185e-05 1.85185185185185e-05 1.85185185185185e-05 1.85185185185185e-05 0.999018518518519; % b D=0.1
0.000111111111111111 1.85185185185185e-05 1.85185185185185e-05 0.999018518518519 1.85185185185185e-05 1.85185185185185e-05 1.85185185185185e-05 1.85185185185185e-05 0.000111111111111111 0.000111111111111111 0.000111111111111111 0.00012962962962963 0.000111111111111111 9.25925925925926e-05 1.85185185185185e-05 1.85185185185185e-05 1.85185185185185e-05 1.85185185185185e-05 1.85185185185185e-05; % d D=0.1
0.000111111111111111 1.85185185185185e-05 1.85185185185185e-05 1.85185185185185e-05 1.85185185185185e-05 1.85185185185185e-05 0.999018518518519 1.85185185185185e-05 0.000111111111111111 0.000111111111111111 0.000111111111111111 0.00012962962962963 0.000111111111111111 9.25925925925926e-05 1.85185185185185e-05 1.85185185185185e-05 1.85185185185185e-05 1.85185185185185e-05 1.85185185185185e-05; % g D=0.1
0.000111111111111111 1.85185185185185e-05 1.85185185185185e-05 1.85185185185185e-05 1.85185185185185e-05 1.85185185185185e-05 1.85185185185185e-05 1.85185185185185e-05 0.000111111111111111 0.000111111111111111 0.000111111111111111 0.00012962962962963 0.000111111111111111 9.25925925925926e-05 1.85185185185185e-05 0.999018518518519 1.85185185185185e-05 1.85185185185185e-05 1.85185185185185e-05; % k D=0.1
0.000111111111111111 1.85185185185185e-05 1.85185185185185e-05 1.85185185185185e-05 1.85185185185185e-05 1.85185185185185e-05 1.85185185185185e-05 0.999018518518519 0.000111111111111111 0.000111111111111111 0.000111111111111111 0.00012962962962963 0.000111111111111111 9.25925925925926e-05 1.85185185185185e-05 1.85185185185185e-05 1.85185185185185e-05 1.85185185185185e-05 1.85185185185185e-05; % l D=0.1
0.000111111111111111 1.85185185185185e-05 1.85185185185185e-05 1.85185185185185e-05 1.85185185185185e-05 1.85185185185185e-05 1.85185185185185e-05 1.85185185185185e-05 0.000111111111111111 0.000111111111111111 0.000111111111111111 0.00012962962962963 0.000111111111111111 9.25925925925926e-05 0.999018518518519 1.85185185185185e-05 1.85185185185185e-05 1.85185185185185e-05 1.85185185185185e-05; % p D=0.1
0.000111111111111111 1.85185185185185e-05 0.999018518518519 1.85185185185185e-05 1.85185185185185e-05 1.85185185185185e-05 1.85185185185185e-05 1.85185185185185e-05 0.000111111111111111 0.000111111111111111 0.000111111111111111 0.00012962962962963 0.000111111111111111 9.25925925925926e-05 1.85185185185185e-05 1.85185185185185e-05 1.85185185185185e-05 1.85185185185185e-05 1.85185185185185e-05; % t D=0.1
0.000111111111111111 0.999018518518519 1.85185185185185e-05 1.85185185185185e-05 1.85185185185185e-05 1.85185185185185e-05 1.85185185185185e-05 1.85185185185185e-05 0.000111111111111111 0.000111111111111111 0.000111111111111111 0.00012962962962963 0.000111111111111111 9.25925925925926e-05 1.85185185185185e-05 1.85185185185185e-05 1.85185185185185e-05 1.85185185185185e-05 1.85185185185185e-05; % v D=0.1
0.0396666666666667 0.000111111111111111 0.000111111111111111 0.000111111111111111 0.000111111111111111 0.000111111111111111 0.000111111111111111 0.000111111111111111 0.159666666666667 0.169666666666667 0.000666666666666667 0.129777777777778 0.219666666666667 0.279555555555556 0.000111111111111111 0.000111111111111111 0.000111111111111111 0.000111111111111111 0.000111111111111111; % z D=0.1
