syllables = '$BDGKLPTVZbdgklptvz';
discounts = [0.1 0.2 0.3 0.4 0.5 0.6 0.7 0.8 0.9 0.95];
kn_probs = [0.00128571428571429 0.279285714285714 0.000214285714285714 0.119285714285714 0.179285714285714 0.000214285714285714 0.000214285714285714 0.000214285714285714 0.000214285714285714 0.000214285714285714 0.1395 0.0395 0.000214285714285714 0.239285714285714 0.000214285714285714 0.000214285714285714 0.000214285714285714 0.000214285714285714 0.000214285714285714; % $ D=0.1
0.000107142857142857 0.000107142857142857 1.78571428571429e-05 0.000107142857142857 0.000107142857142857 1.78571428571429e-05 1.78571428571429e-05 1.78571428571429e-05 1.78571428571429e-05 1.78571428571429e-05 0.000125 0.000125 1.78571428571429e-05 0.000107142857142857 1.78571428571429e-05 1.78571428571429e-05 1.78571428571429e-05 1.78571428571429e-05 0.999017857142857; % B D=0.1
0.05975 0.13975 0.000125 0.17975 0.17975 0.000125 0.000125 0.000125 0.000125 0.000125 0.019875 0.239875 0.000125 0.17975 0.000125 0.000125 0.000125 0.000125 0.000125; % D D=0.1
0.000107142857142857 0.000107142857142857 1.78571428571429e-05 0.000107142857142857 0.000107142857142857 1.78571428571429e-05 1.78571428571429e-05 1.78571428571429e-05 1.78571428571429e-05 1.78571428571429e-05 0.000125 0.000125 1.78571428571429e-05 0.000107142857142857 1.78571428571429e-05 0.999017857142857 1.78571428571429e-05 1.78571428571429e-05 1.78571428571429e-05; % G D=0.1
0.000107142857142857 0.000107142857142857 1.78571428571429e-05 0.000107142857142857 0.000107142857142857 1.78571428571429e-05 1.78571428571429e-05 1.78571428571429e-05 1.78571428571429e-05 1.78571428571429e-05 0.000125 0.000125 1.78571428571429e-05 0.000107142857142857 1.78571428571429e-05 1.78571428571429e-05 0.999017857142857 1.78571428571429e-05 1.78571428571429e-05; % K D=0.1
0.000107142857142857 0.000107142857142857 1.78571428571429e-05 0.000107142857142857 0.000107142857142857 1.78571428571429e-05 0.999017857142857 1.78571428571429e-05 1.78571428571429e-05 1.78571428571429e-05 0.000125 0.000125 1.78571428571429e-05 0.000107142857142857 1.78571428571429e-05 1.78571428571429e-05 1.78571428571429e-05 1.78571428571429e-05 1.78571428571429e-05; % L D=0.1
0.000107142857142857 0.000107142857142857 1.78571428571429e-05 0.000107142857142857 0.000107142857142857 1.78571428571429e-05 1.78571428571429e-05 1.78571428571429e-05 1.78571428571429e-05 1.78571428571429e-05 0.000125 0.000125 0.999017857142857 0.000107142857142857 1.78571428571429e-05 1.78571428571429e-05 1.78571428571429e-05 1.78571428571429e-05 1.78571428571429e-05; % P D=0.1
0.0696428571428571 0.000642857142857143 0.000107142857142857 0.169642857142857 0.169642857142857 0.000107142857142857 0.000107142857142857 0.000107142857142857 0.000107142857142857 0.000107142857142857 0.23975 0.18975 0.000107142857142857 0.159642857142857 0.000107142857142857 0.000107142857142857 0.000107142857142857 0.000107142857142857 0.000107142857142857; % T D=0.1
0.15975 0.17975 0.000125 0.15975 0.18975 0.000125 0.000125 0.000125 0.000125 0.000125 0.089875 0.019875 0.000125 0.19975 0.000125 0.000125 0.000125 0.000125 0.000125; % V D=0.1
0.0796428571428571 0.179642857142857 0.000107142857142857 0.000642857142857143 0.229642857142857 0.000107142857142857 0.000107142857142857 0.000107142857142857 0.000107142857142857 0.000107142857142857 0.14975 0.17975 0.000107142857142857 0.179642857142857 0.000107142857142857 0.000107142857142857 0.000107142857142857 0.000107142857142857 0.000107142857142857; % Z D=0.1
0.000107142857142857 0.000107142857142857 0.999017857142857 0.000107142857142857 0.000107142857142857 1.78571428571429e-05 1.78571428571429e-05 1.78571428571429e-05 1.78571428571429e-05 1.78571428571429e-05 0.000125 0.000125 1.78571428571429e-05 0.000107142857142857 1.78571428571429e-05 1.78571428571429e-05 1.78571428571429e-05 1.78571428571429e-05 1.78571428571429e-05; % b D=0.1
0.000107142857142857 0.000107142857142857 1.78571428571429e-05 0.000107142857142857 0.000107142857142857 1.78571428571429e-05 1.78571428571429e-05 1.78571428571429e-05 1.78571428571429e-05 1.78571428571429e-05 0.000125 0.000125 1.78571428571429e-05 0.000107142857142857 0.999017857142857 1.78571428571429e-05 1.78571428571429e-05 1.78571428571429e-05 1.78571428571429e-05; % d D=0.1
0.0596428571428572 0.159642857142857 0.000107142857142857 0.239642857142857 0.139642857142857 0.000107142857142857 0.000107142857142857 0.000107142857142857 0.000107142857142857 0.000107142857142857 0.24975 0.14975 0.000107142857142857 0.000642857142857143 0.000107142857142857 0.000107142857142857 0.000107142857142857 0.000107142857142857 0.000107142857142857; % g D=0.1
0.000107142857142857 0.000107142857142857 1.78571428571429e-05 0.000107142857142857 0.000107142857142857 0.999017857142857 1.78571428571429e-05 1.78571428571429e-05 1.78571428571429e-05 1.78571428571429e-05 0.000125 0.000125 1.78571428571429e-05 0.000107142857142857 1.78571428571429e-05 1.78571428571429e-05 1.78571428571429e-05 1.78571428571429e-05 1.78571428571429e-05; % k D=0.1
0.000107142857142857 0.000107142857142857 1.78571428571429e-05 0.000107142857142857 0.000107142857142857 1.78571428571429e-05 1.78571428571429e-05 1.78571428571429e-05 1.78571428571429e-05 1.78571428571429e-05 0.000125 0.000125 1.78571428571429e-05 0.000107142857142857 1.78571428571429e-05 1.78571428571429e-05 1.78571428571429e-05 0.999017857142857 1.78571428571429e-05; % l D=0.1
0.000107142857142857 0.000107142857142857 1.78571428571429e-05 0.000107142857142857 0.000107142857142857 1.78571428571429e-05 1.78571428571429e-05 1.78571428571429e-05 1.78571428571429e-05 0.999017857142857 0.000125 0.000125 1.78571428571429e-05 0.000107142857142857 1.78571428571429e-05 1.78571428571429e-05 1.78571428571429e-05 1.78571428571429e-05 1.78571428571429e-05; % p D=0.1
0.0696428571428571 0.199642857142857 0.000107142857142857 0.189642857142857 0.000642857142857143 0.000107142857142857 0.000107142857142857 0.000107142857142857 0.000107142857142857 0.000107142857142857 0.17975 0.19975 0.000107142857142857 0.159642857142857 0.000107142857142857 0.000107142857142857 0.000107142857142857 0.000107142857142857 0.000107142857142857; % t D=0.1
0.000107142857142857 0.000107142857142857 1.78571428571429e-05 0.000107142857142857 0.000107142857142857 1.78571428571429e-05 1.78571428571429e-05 1.78571428571429e-05 0.999017857142857 1.78571428571429e-05 0.000125 0.000125 1.78571428571429e-05 0.000107142857142857 1.78571428571429e-05 1.78571428571429e-05 1.78571428571429e-05 1.78571428571429e-05 1.78571428571429e-05; % v D=0.1
0.000107142857142857 0.000107142857142857 1.78571428571429e-05 0.000107142857142857 0.000107142857142857 1.78571428571429e-05 1.78571428571429e-05 0.999017857142857 1.78571428571429e-05 1.78571428571429e-05 0.000125 0.000125 1.78571428571429e-05 0.000107142857142857 1.78571428571429e-05 1.78571428571429e-05 1.78571428571429e-05 1.78571428571429e-05 1.78571428571429e-05; % z D=0.1
0.00257142857142857 0.278571428571429 0.000428571428571429 0.118571428571429 0.178571428571429 0.000428571428571429 0.000428571428571429 0.000428571428571429 0.000428571428571429 0.000428571428571429 0.139 0.039 0.000428571428571429 0.238571428571429 0.000428571428571429 0.000428571428571429 0.000428571428571429 0.000428571428571429 0.000428571428571429; % $ D=0.2
0.000214285714285714 0.000214285714285714 3.57142857142857e-05 0.000214285714285714 0.000214285714285714 3.57142857142857e-05 3.57142857142857e-05 3.57142857142857e-05 3.57142857142857e-05 3.57142857142857e-05 0.00025 0.00025 3.57142857142857e-05 0.000214285714285714 3.57142857142857e-05 3.57142857142857e-05 3.57142857142857e-05 3.57142857142857e-05 0.998035714285714; % B D=0.2
0.0595 0.1395 0.00025 0.1795 0.1795 0.00025 0.00025 0.00025 0.00025 0.00025 0.01975 0.23975 0.00025 0.1795 0.00025 0.00025 0.00025 0.00025 0.00025; % D D=0.2
