syllables = '$BDGKLPTVZbdgklptvz';
discounts = [0.1 0.2 0.3 0.4 0.5 0.6 0.7 0.8 0.9 0.95];
kn_probs = [0.00252631578947368 0.000421052631578947 0.000421052631578947 0.000421052631578947 0.000421052631578947 0.000421052631578947 0.198526315789474 0.000421052631578947 0.000421052631578947 0.0785263157894737 0.000421052631578947 0.0789473684210526 0.158526315789474 0.278947368421053 0.198947368421053 0.000421052631578947 0.000421052631578947 0.000421052631578947 0.000421052631578947; % $ D=0.1
0.00963157894736842 0.000105263157894737 0.000105263157894737 0.000105263157894737 0.000105263157894737 0.000105263157894737 0.179631578947368 0.000105263157894737 0.000105263157894737 0.159631578947368 0.000105263157894737 0.249736842105263 0.000631578947368421 0.159736842105263 0.239736842105263 0.000105263157894737 0.000105263157894737 0.000105263157894737 0.000105263157894737; % B D=0.1
0.000105263157894737 1.75438596491228e-05 1.75438596491228e-05 1.75438596491228e-05 1.75438596491228e-05 0.999017543859649 0.000105263157894737 1.75438596491228e-05 1.75438596491228e-05 0.000105263157894737 1.75438596491228e-05 0.00012280701754386 0.000105263157894737 0.00012280701754386 0.00012280701754386 1.75438596491228e-05 1.75438596491228e-05 1.75438596491228e-05 1.75438596491228e-05; % D D=0.1
0.0496315789473684 0.000105263157894737 0.000105263157894737 0.000105263157894737 0.000105263157894737 0.000105263157894737 0.000631578947368421 0.000105263157894737 0.000105263157894737 0.229631578947368 0.000105263157894737 0.219736842105263 0.219631578947368 0.139736842105263 0.139736842105263 0.000105263157894737 0.000105263157894737 0.000105263157894737 0.000105263157894737; % G D=0.1
0.0397368421052632 0.00012280701754386 0.00012280701754386 0.00012280701754386 0.00012280701754386 0.00012280701754386 0.219736842105263 0.00012280701754386 0.00012280701754386 0.179736842105263 0.00012280701754386 0.00985964912280702 0.209736842105263 0.139859649122807 0.199859649122807 0.00012280701754386 0.00012280701754386 0.00012280701754386 0.00012280701754386; % K D=0.1
0.000105263157894737 1.75438596491228e-05 1.75438596491228e-05 1.75438596491228e-05 0.999017543859649 1.75438596491228e-05 0.000105263157894737 1.75438596491228e-05 1.75438596491228e-05 0.000105263157894737 1.75438596491228e-05 0.00012280701754386 0.000105263157894737 0.00012280701754386 0.00012280701754386 1.75438596491228e-05 1.75438596491228e-05 1.75438596491228e-05 1.75438596491228e-05; % L D=0.1
0.000105263157894737 1.75438596491228e-05 1.75438596491228e-05 1.75438596491228e-05 1.75438596491228e-05 1.75438596491228e-05 0.000105263157894737 0.999017543859649 1.75438596491228e-05 0.000105263157894737 1.75438596491228e-05 0.00012280701754386 0.000105263157894737 0.00012280701754386 0.00012280701754386 1.75438596491228e-05 1.75438596491228e-05 1.75438596491228e-05 1.75438596491228e-05; % P D=0.1
0.000105263157894737 1.75438596491228e-05 1.75438596491228e-05 0.999017543859649 1.75438596491228e-05 1.75438596491228e-05 0.000105263157894737 1.75438596491228e-05 1.75438596491228e-05 0.000105263157894737 1.75438596491228e-05 0.00012280701754386 0.000105263157894737 0.00012280701754386 0.00012280701754386 1.75438596491228e-05 1.75438596491228e-05 1.75438596491228e-05 1.75438596491228e-05; % T D=0.1
0.0597368421052632 0.00012280701754386 0.00012280701754386 0.00012280701754386 0.00012280701754386 0.00012280701754386 0.219736842105263 0.00012280701754386 0.00012280701754386 0.229736842105263 0.00012280701754386 0.129859649122807 0.169736842105263 0.019859649122807 0.169859649122807 0.00012280701754386 0.00012280701754386 0.00012280701754386 0.00012280701754386; % V D=0.1
0.000105263157894737 1.75438596491228e-05 1.75438596491228e-05 1.75438596491228e-05 1.75438596491228e-05 1.75438596491228e-05 0.000105263157894737 1.75438596491228e-05 1.75438596491228e-05 0.000105263157894737 1.75438596491228e-05 0.00012280701754386 0.000105263157894737 0.00012280701754386 0.00012280701754386 1.75438596491228e-05 1.75438596491228e-05 1.75438596491228e-05 0.999017543859649; % Z D=0.1
0.000105263157894737 1.75438596491228e-05 1.75438596491228e-05 1.75438596491228e-05 1.75438596491228e-05 1.75438596491228e-05 0.000105263157894737 1.75438596491228e-05 1.75438596491228e-05 0.000105263157894737 1.75438596491228e-05 0.00012280701754386 0.000105263157894737 0.00012280701754386 0.00012280701754386 0.999017543859649 1.75438596491228e-05 1.75438596491228e-05 1.75438596491228e-05; % b D=0.1
0.000105263157894737 1.75438596491228e-05 0.999017543859649 1.75438596491228e-05 1.75438596491228e-05 1.75438596491228e-05 0.000105263157894737 1.75438596491228e-05 1.75438596491228e-05 0.000105263157894737 1.75438596491228e-05 0.00012280701754386 0.000105263157894737 0.00012280701754386 0.00012280701754386 1.75438596491228e-05 1.75438596491228e-05 1.75438596491228e-05 1.75438596491228e-05; % d D=0.1
0.000105263157894737 1.75438596491228e-05 1.75438596491228e-05 1.75438596491228e-05 1.75438596491228e-05 1.75438596491228e-05 0.000105263157894737 1.75438596491228e-05 1.75438596491228e-05 0.000105263157894737 1.75438596491228e-05 0.00012280701754386 0.000105263157894737 0.00012280701754386 0.00012280701754386 1.75438596491228e-05 1.75438596491228e-05 0.999017543859649 1.75438596491228e-05; % g D=0.1
0.000105263157894737 1.75438596491228e-05 1.75438596491228e-05 1.75438596491228e-05 1.75438596491228e-05 1.75438596491228e-05 0.000105263157894737 1.75438596491228e-05 0.999017543859649 0.000105263157894737 1.75438596491228e-05 0.00012280701754386 0.000105263157894737 0.00012280701754386 0.00012280701754386 1.75438596491228e-05 1.75438596491228e-05 1.75438596491228e-05 1.75438596491228e-05; % k D=0.1
0.000105263157894737 1.75438596491228e-05 1.75438596491228e-05 1.75438596491228e-05 1.75438596491228e-05 1.75438596491228e-05 0.000105263157894737 1.75438596491228e-05 1.75438596491228e-05 0.000105263157894737 0.999017543859649 0.00012280701754386 0.000105263157894737 0.00012280701754386 0.00012280701754386 1.75438596491228e-05 1.75438596491228e-05 1.75438596491228e-05 1.75438596491228e-05; % l D=0.1
0.0497368421052632 0.00012280701754386 0.00012280701754386 0.00012280701754386 0.00012280701754386 0.00012280701754386 0.169736842105263 0.00012280701754386 0.00012280701754386 0.179736842105263 0.00012280701754386 0.209859649122807 0.129736842105263 0.249859649122807 0.00985964912280702 0.00012280701754386 0.00012280701754386 0.00012280701754386 0.00012280701754386; % p D=0.1
0.000105263157894737 0.999017543859649 1.75438596491228e-05 1.75438596491228e-05 1.75438596491228e-05 1.75438596491228e-05 0.000105263157894737 1.75438596491228e-05 1.75438596491228e-05 0.000105263157894737 1.75438596491228e-05 0.00012280701754386 0.000105263157894737 0.00012280701754386 0.00012280701754386 1.75438596491228e-05 1.75438596491228e-05 1.75438596491228e-05 1.75438596491228e-05; % t D=0.1
0.000105263157894737 1.75438596491228e-05 1.75438596491228e-05 1.75438596491228e-05 1.75438596491228e-05 1.75438596491228e-05 0.000105263157894737 1.75438596491228e-05 1.75438596491228e-05 0.000105263157894737 1.75438596491228e-05 0.00012280701754386 0.000105263157894737 0.00012280701754386 0.00012280701754386 1.75438596491228e-05 0.999017543859649 1.75438596491228e-05 1.75438596491228e-05; % v D=0.1
0.0396315789473684 0.000105263157894737 0.000105263157894737 0.000105263157894737 0.000105263157894737 0.000105263157894737 0.159631578947368 0.000105263157894737 0.000105263157894737 0.000631578947368421 0.000105263157894737 0.159736842105263 0.229631578947368 0.219736842105263 0.189736842105263 0.000105263157894737 0.000105263157894737 0.000105263157894737 0.000105263157894737; % z D=0.1
