syllables = '$BDGKLPTVZbdgklptvz';
discounts = [0.1 0.2 0.3 0.4 0.5 0.6 0.7 0.8 0.9 0.95];
kn_probs = [0.000218181818181818 0.136551515151515 3.63636363636364e-05 3.63636363636364e-05 0.193218181818182 3.63636363636364e-05 3.63636363636364e-05 3.63636363636364e-05 3.63636363636364e-05 3.63636363636364e-05 3.63636363636364e-05 3.63636363636364e-05 0.156551515151515 0.146551515151515 0.153254545454545 3.63636363636364e-05 3.63636363636364e-05 3.63636363636364e-05 0.213218181818182; % $ D=0.1
0.000109090909090909 0.000109090909090909 0.999018181818182 1.81818181818182e-05 0.000109090909090909 1.81818181818182e-05 1.81818181818182e-05 1.81818181818182e-05 1.81818181818182e-05 1.81818181818182e-05 1.81818181818182e-05 1.81818181818182e-05 0.000109090909090909 0.000109090909090909 0.000127272727272727 1.81818181818182e-05 1.81818181818182e-05 1.81818181818182e-05 0.000109090909090909; % B D=0.1
0.589654545454545 0.000654545454545455 0.000109090909090909 0.000109090909090909 0.0596545454545455 0.000109090909090909 0.000109090909090909 0.000109090909090909 0.000109090909090909 0.000109090909090909 0.000109090909090909 0.000109090909090909 0.0896545454545455 0.0796545454545455 0.129763636363636 0.000109090909090909 0.000109090909090909 0.000109090909090909 0.0496545454545455; % D D=0.1
0.000109090909090909 0.000109090909090909 1.81818181818182e-05 1.81818181818182e-05 0.000109090909090909 1.81818181818182e-05 1.81818181818182e-05 1.81818181818182e-05 1.81818181818182e-05 1.81818181818182e-05 0.999018181818182 1.81818181818182e-05 0.000109090909090909 0.000109090909090909 0.000127272727272727 1.81818181818182e-05 1.81818181818182e-05 1.81818181818182e-05 0.000109090909090909; % G D=0.1
0.000109090909090909 0.000109090909090909 1.81818181818182e-05 0.999018181818182 0.000109090909090909 1.81818181818182e-05 1.81818181818182e-05 1.81818181818182e-05 1.81818181818182e-05 1.81818181818182e-05 1.81818181818182e-05 1.81818181818182e-05 0.000109090909090909 0.000109090909090909 0.000127272727272727 1.81818181818182e-05 1.81818181818182e-05 1.81818181818182e-05 0.000109090909090909; % K D=0.1
0.000109090909090909 0.000109090909090909 1.81818181818182e-05 1.81818181818182e-05 0.000109090909090909 1.81818181818182e-05 1.81818181818182e-05 1.81818181818182e-05 1.81818181818182e-05 1.81818181818182e-05 1.81818181818182e-05 1.81818181818182e-05 0.000109090909090909 0.000109090909090909 0.000127272727272727 0.999018181818182 1.81818181818182e-05 1.81818181818182e-05 0.000109090909090909; % L D=0.1
0.000109090909090909 0.000109090909090909 1.81818181818182e-05 1.81818181818182e-05 0.000109090909090909 1.81818181818182e-05 1.81818181818182e-05 1.81818181818182e-05 1.81818181818182e-05 1.81818181818182e-05 1.81818181818182e-05 0.999018181818182 0.000109090909090909 0.000109090909090909 0.000127272727272727 1.81818181818182e-05 1.81818181818182e-05 1.81818181818182e-05 0.000109090909090909; % P D=0.1
0.359654545454545 0.0996545454545455 0.000109090909090909 0.000109090909090909 0.109654545454545 0.000109090909090909 0.000109090909090909 0.000109090909090909 0.000109090909090909 0.000109090909090909 0.000109090909090909 0.000109090909090909 0.129654545454545 0.149654545454545 0.149763636363636 0.000109090909090909 0.000109090909090909 0.000109090909090909 0.000654545454545455; % T D=0.1
0.000109090909090909 0.000109090909090909 1.81818181818182e-05 1.81818181818182e-05 0.000109090909090909 1.81818181818182e-05 1.81818181818182e-05 1.81818181818182e-05 1.81818181818182e-05 1.81818181818182e-05 1.81818181818182e-05 1.81818181818182e-05 0.000109090909090909 0.000109090909090909 0.000127272727272727 1.81818181818182e-05 1.81818181818182e-05 0.999018181818182 0.000109090909090909; % V D=0.1
0.539763636363636 0.0797636363636364 0.000127272727272727 0.000127272727272727 0.0697636363636364 0.000127272727272727 0.000127272727272727 0.000127272727272727 0.000127272727272727 0.000127272727272727 0.000127272727272727 0.000127272727272727 0.119763636363636 0.0997636363636364 0.00989090909090909 0.000127272727272727 0.000127272727272727 0.000127272727272727 0.0797636363636364; % Z D=0.1
0.419654545454545 0.179654545454545 0.000109090909090909 0.000109090909090909 0.000654545454545455 0.000109090909090909 0.000109090909090909 0.000109090909090909 0.000109090909090909 0.000109090909090909 0.000109090909090909 0.000109090909090909 0.0896545454545455 0.109654545454545 0.139763636363636 0.000109090909090909 0.000109090909090909 0.000109090909090909 0.0596545454545455; % b D=0.1
0.000109090909090909 0.000109090909090909 1.81818181818182e-05 1.81818181818182e-05 0.000109090909090909 1.81818181818182e-05 1.81818181818182e-05 1.81818181818182e-05 1.81818181818182e-05 1.81818181818182e-05 1.81818181818182e-05 1.81818181818182e-05 0.000109090909090909 0.000109090909090909 0.000127272727272727 1.81818181818182e-05 0.999018181818182 1.81818181818182e-05 0.000109090909090909; % d D=0.1
0.000109090909090909 0.000109090909090909 1.81818181818182e-05 1.81818181818182e-05 0.000109090909090909 1.81818181818182e-05 0.999018181818182 1.81818181818182e-05 1.81818181818182e-05 1.81818181818182e-05 1.81818181818182e-05 1.81818181818182e-05 0.000109090909090909 0.000109090909090909 0.000127272727272727 1.81818181818182e-05 1.81818181818182e-05 1.81818181818182e-05 0.000109090909090909; % g D=0.1
0.000109090909090909 0.000109090909090909 1.81818181818182e-05 1.81818181818182e-05 0.000109090909090909 1.81818181818182e-05 1.81818181818182e-05 1.81818181818182e-05 0.999018181818182 1.81818181818182e-05 1.81818181818182e-05 1.81818181818182e-05 0.000109090909090909 0.000109090909090909 0.000127272727272727 1.81818181818182e-05 1.81818181818182e-05 1.81818181818182e-05 0.000109090909090909; % k D=0.1
0.000109090909090909 0.000109090909090909 1.81818181818182e-05 1.81818181818182e-05 0.000109090909090909 1.81818181818182e-05 1.81818181818182e-05 1.81818181818182e-05 1.81818181818182e-05 0.999018181818182 1.81818181818182e-05 1.81818181818182e-05 0.000109090909090909 0.000109090909090909 0.000127272727272727 1.81818181818182e-05 1.81818181818182e-05 1.81818181818182e-05 0.000109090909090909; % l D=0.1
0.000109090909090909 0.000109090909090909 1.81818181818182e-05 1.81818181818182e-05 0.000109090909090909 1.81818181818182e-05 1.81818181818182e-05 0.999018181818182 1.81818181818182e-05 1.81818181818182e-05 1.81818181818182e-05 1.81818181818182e-05 0.000109090909090909 0.000109090909090909 0.000127272727272727 1.81818181818182e-05 1.81818181818182e-05 1.81818181818182e-05 0.000109090909090909; % p D=0.1
0.529654545454545 0.139654545454545 0.000109090909090909 0.000109090909090909 0.0696545454545455 0.000109090909090909 0.000109090909090909 0.000109090909090909 0.000109090909090909 0.000109090909090909 0.000109090909090909 0.000109090909090909 0.000654545454545455 0.119654545454545 0.0597636363636364 0.000109090909090909 0.000109090909090909 0.000109090909090909 0.0796545454545455; % t D=0.1
0.559654545454545 0.0896545454545455 0.000109090909090909 0.000109090909090909 0.109654545454545 0.000109090909090909 0.000109090909090909 0.000109090909090909 0.000109090909090909 0.000109090909090909 0.000109090909090909 0.000109090909090909 0.0996545454545455 0.000654545454545455 0.0497636363636364 0.000109090909090909 0.000109090909090909 0.000109090909090909 0.0896545454545455; % v D=0.1
0.000109090909090909 0.000109090909090909 1.81818181818182e-05 1.81818181818182e-05 0.000109090909090909 0.999018181818182 1.81818181818182e-05 1.81818181818182e-05 1.81818181818182e-05 1.81818181818182e-05 1.81818181818182e-05 1.81818181818182e-05 0.000109090909090909 0.000109090909090909 0.000127272727272727 1.81818181818182e-05 1.81818181818182e-05 1.81818181818182e-05 0.000109090909090909; % z D=0.1
