syllables = '$BDGKLPTVZbdgklptvz';
discounts = [0.1 0.2 0.3 0.4 0.5 0.6 0.7 0.8 0.9 0.95];
kn_probs = [0.000327272727272727 0.189827272727273 5.45454545454546e-05 5.45454545454546e-05 5.45454545454546e-05 5.45454545454546e-05 0.219827272727273 5.45454545454546e-05 5.45454545454546e-05 5.45454545454546e-05 0.174827272727273 0.144881818181818 5.45454545454546e-05 0.124827272727273 5.45454545454546e-05 5.45454545454546e-05 5.45454545454546e-05 0.144827272727273 5.45454545454546e-05; % $ D=0.1
0.000109090909090909 0.000109090909090909 0.999018181818182 1.81818181818182e-05 1.81818181818182e-05 1.81818181818182e-05 0.000109090909090909 1.81818181818182e-05 1.81818181818182e-05 1.81818181818182e-05 0.000109090909090909 0.000127272727272727 1.81818181818182e-05 0.000109090909090909 1.81818181818182e-05 1.81818181818182e-05 1.81818181818182e-05 0.000109090909090909 1.81818181818182e-05; % B D=0.1
0.309654545454545 0.000654545454545455 0.000109090909090909 0.000109090909090909 0.000109090909090909 0.000109090909090909 0.0796545454545455 0.000109090909090909 0.000109090909090909 0.000109090909090909 0.139654545454545 0.139763636363636 0.000109090909090909 0.199654545454545 0.000109090909090909 0.000109090909090909 0.000109090909090909 0.129654545454545 0.000109090909090909; % D D=0.1
0.000109090909090909 0.000109090909090909 1.81818181818182e-05 1.81818181818182e-05 0.999018181818182 1.81818181818182e-05 0.000109090909090909 1.81818181818182e-05 1.81818181818182e-05 1.81818181818182e-05 0.000109090909090909 0.000127272727272727 1.81818181818182e-05 0.000109090909090909 1.81818181818182e-05 1.81818181818182e-05 1.81818181818182e-05 0.000109090909090909 1.81818181818182e-05; % G D=0.1
0.289654545454545 0.109654545454545 0.000109090909090909 0.000109090909090909 0.000109090909090909 0.000109090909090909 0.159654545454545 0.000109090909090909 0.000109090909090909 0.000109090909090909 0.139654545454545 0.139763636363636 0.000109090909090909 0.000654545454545455 0.000109090909090909 0.000109090909090909 0.000109090909090909 0.159654545454545 0.000109090909090909; % K D=0.1
0.000109090909090909 0.000109090909090909 1.81818181818182e-05 1.81818181818182e-05 1.81818181818182e-05 1.81818181818182e-05 0.000109090909090909 1.81818181818182e-05 1.81818181818182e-05 0.999018181818182 0.000109090909090909 0.000127272727272727 1.81818181818182e-05 0.000109090909090909 1.81818181818182e-05 1.81818181818182e-05 1.81818181818182e-05 0.000109090909090909 1.81818181818182e-05; % L D=0.1
0.000109090909090909 0.000109090909090909 1.81818181818182e-05 1.81818181818182e-05 1.81818181818182e-05 1.81818181818182e-05 0.000109090909090909 0.999018181818182 1.81818181818182e-05 1.81818181818182e-05 0.000109090909090909 0.000127272727272727 1.81818181818182e-05 0.000109090909090909 1.81818181818182e-05 1.81818181818182e-05 1.81818181818182e-05 0.000109090909090909 1.81818181818182e-05; % P D=0.1
0.239654545454545 0.219654545454545 0.000109090909090909 0.000109090909090909 0.000109090909090909 0.000109090909090909 0.000654545454545455 0.000109090909090909 0.000109090909090909 0.000109090909090909 0.0696545454545455 0.199763636363636 0.000109090909090909 0.119654545454545 0.000109090909090909 0.000109090909090909 0.000109090909090909 0.149654545454545 0.000109090909090909; % T D=0.1
0.409763636363636 0.109763636363636 0.000127272727272727 0.000127272727272727 0.000127272727272727 0.000127272727272727 0.109763636363636 0.000127272727272727 0.000127272727272727 0.000127272727272727 0.109763636363636 0.00989090909090909 0.000127272727272727 0.119763636363636 0.000127272727272727 0.000127272727272727 0.000127272727272727 0.129763636363636 0.000127272727272727; % V D=0.1
0.000109090909090909 0.000109090909090909 1.81818181818182e-05 1.81818181818182e-05 1.81818181818182e-05 1.81818181818182e-05 0.000109090909090909 1.81818181818182e-05 0.999018181818182 1.81818181818182e-05 0.000109090909090909 0.000127272727272727 1.81818181818182e-05 0.000109090909090909 1.81818181818182e-05 1.81818181818182e-05 1.81818181818182e-05 0.000109090909090909 1.81818181818182e-05; % Z D=0.1
0.000109090909090909 0.000109090909090909 1.81818181818182e-05 1.81818181818182e-05 1.81818181818182e-05 1.81818181818182e-05 0.000109090909090909 1.81818181818182e-05 1.81818181818182e-05 1.81818181818182e-05 0.000109090909090909 0.000127272727272727 1.81818181818182e-05 0.000109090909090909 0.999018181818182 1.81818181818182e-05 1.81818181818182e-05 0.000109090909090909 1.81818181818182e-05; % b D=0.1
0.000109090909090909 0.000109090909090909 1.81818181818182e-05 1.81818181818182e-05 1.81818181818182e-05 0.999018181818182 0.000109090909090909 1.81818181818182e-05 1.81818181818182e-05 1.81818181818182e-05 0.000109090909090909 0.000127272727272727 1.81818181818182e-05 0.000109090909090909 1.81818181818182e-05 1.81818181818182e-05 1.81818181818182e-05 0.000109090909090909 1.81818181818182e-05; % d D=0.1
0.409654545454545 0.0696545454545455 0.000109090909090909 0.000109090909090909 0.000109090909090909 0.000109090909090909 0.109654545454545 0.000109090909090909 0.000109090909090909 0.000109090909090909 0.189654545454545 0.0697636363636364 0.000109090909090909 0.149654545454545 0.000109090909090909 0.000109090909090909 0.000109090909090909 0.000654545454545455 0.000109090909090909; % g D=0.1
0.000109090909090909 0.000109090909090909 1.81818181818182e-05 0.999018181818182 1.81818181818182e-05 1.81818181818182e-05 0.000109090909090909 1.81818181818182e-05 1.81818181818182e-05 1.81818181818182e-05 0.000109090909090909 0.000127272727272727 1.81818181818182e-05 0.000109090909090909 1.81818181818182e-05 1.81818181818182e-05 1.81818181818182e-05 0.000109090909090909 1.81818181818182e-05; % k D=0.1
0.000109090909090909 0.000109090909090909 1.81818181818182e-05 1.81818181818182e-05 1.81818181818182e-05 1.81818181818182e-05 0.000109090909090909 1.81818181818182e-05 1.81818181818182e-05 1.81818181818182e-05 0.000109090909090909 0.000127272727272727 1.81818181818182e-05 0.000109090909090909 1.81818181818182e-05 0.999018181818182 1.81818181818182e-05 0.000109090909090909 1.81818181818182e-05; % l D=0.1
0.000109090909090909 0.000109090909090909 1.81818181818182e-05 1.81818181818182e-05 1.81818181818182e-05 1.81818181818182e-05 0.000109090909090909 1.81818181818182e-05 1.81818181818182e-05 1.81818181818182e-05 0.000109090909090909 0.000127272727272727 1.81818181818182e-05 0.000109090909090909 1.81818181818182e-05 1.81818181818182e-05 0.999018181818182 0.000109090909090909 1.81818181818182e-05; % p D=0.1
0.339654545454545 0.109654545454545 0.000109090909090909 0.000109090909090909 0.000109090909090909 0.000109090909090909 0.0996545454545455 0.000109090909090909 0.000109090909090909 0.000109090909090909 0.000654545454545455 0.149763636363636 0.000109090909090909 0.159654545454545 0.000109090909090909 0.000109090909090909 0.000109090909090909 0.139654545454545 0.000109090909090909; % t D=0.1
0.000109090909090909 0.000109090909090909 1.81818181818182e-05 1.81818181818182e-05 1.81818181818182e-05 1.81818181818182e-05 0.000109090909090909 1.81818181818182e-05 1.81818181818182e-05 1.81818181818182e-05 0.000109090909090909 0.000127272727272727 1.81818181818182e-05 0.000109090909090909 1.81818181818182e-05 1.81818181818182e-05 1.81818181818182e-05 0.000109090909090909 0.999018181818182; % v D=0.1
0.000109090909090909 0.000109090909090909 1.81818181818182e-05 1.81818181818182e-05 1.81818181818182e-05 1.81818181818182e-05 0.000109090909090909 1.81818181818182e-05 1.81818181818182e-05 1.81818181818182e-05 0.000109090909090909 0.000127272727272727 0.999018181818182 0.000109090909090909 1.81818181818182e-05 1.81818181818182e-05 1.81818181818182e-05 0.000109090909090909 1.81818181818182e-05; % z D=0.1
