syllables = '$BDGKLPTVZbdgklptvz';
discounts = [0.1 0.2 0.3 0.4 0.5 0.6 0.7 0.8 0.9 0.95];
kn_probs = [0.00261818181818182 0.000436363636363636 0.000436363636363636 0.000436363636363636 0.438618181818182 0.198618181818182 0.000436363636363636 0.000436363636363636 0.000436363636363636 0.000436363636363636 0.000436363636363636 0.000436363636363636 0.000436363636363636 0.0386181818181818 0.158618181818182 0.0386181818181818 0.000436363636363636 0.119054545454545 0.000436363636363636; % $ D=0.1
0.0396545454545455 0.000109090909090909 0.000109090909090909 0.000109090909090909 0.000654545454545455 0.259654545454545 0.000109090909090909 0.000109090909090909 0.000109090909090909 0.000109090909090909 0.000109090909090909 0.000109090909090909 0.000109090909090909 0.179654545454545 0.199654545454545 0.199654545454545 0.000109090909090909 0.119763636363636 0.000109090909090909; % B D=0.1
0.000109090909090909 1.81818181818182e-05 1.81818181818182e-05 1.81818181818182e-05 0.000109090909090909 0.000109090909090909 1.81818181818182e-05 1.81818181818182e-05 1.81818181818182e-05 1.81818181818182e-05 1.81818181818182e-05 1.81818181818182e-05 0.999018181818182 0.000109090909090909 0.000109090909090909 0.000109090909090909 1.81818181818182e-05 0.000127272727272727 1.81818181818182e-05; % D D=0.1
0.0796545454545455 0.000109090909090909 0.000109090909090909 0.000109090909090909 0.219654545454545 0.000654545454545455 0.000109090909090909 0.000109090909090909 0.000109090909090909 0.000109090909090909 0.000109090909090909 0.000109090909090909 0.000109090909090909 0.169654545454545 0.169654545454545 0.209654545454545 0.000109090909090909 0.149763636363636 0.000109090909090909; % G D=0.1
0.000109090909090909 1.81818181818182e-05 1.81818181818182e-05 1.81818181818182e-05 0.000109090909090909 0.000109090909090909 1.81818181818182e-05 1.81818181818182e-05 1.81818181818182e-05 1.81818181818182e-05 1.81818181818182e-05 0.999018181818182 1.81818181818182e-05 0.000109090909090909 0.000109090909090909 0.000109090909090909 1.81818181818182e-05 0.000127272727272727 1.81818181818182e-05; % K D=0.1
0.000109090909090909 1.81818181818182e-05 0.999018181818182 1.81818181818182e-05 0.000109090909090909 0.000109090909090909 1.81818181818182e-05 1.81818181818182e-05 1.81818181818182e-05 1.81818181818182e-05 1.81818181818182e-05 1.81818181818182e-05 1.81818181818182e-05 0.000109090909090909 0.000109090909090909 0.000109090909090909 1.81818181818182e-05 0.000127272727272727 1.81818181818182e-05; % L D=0.1
0.000109090909090909 1.81818181818182e-05 1.81818181818182e-05 1.81818181818182e-05 0.000109090909090909 0.000109090909090909 1.81818181818182e-05 0.999018181818182 1.81818181818182e-05 1.81818181818182e-05 1.81818181818182e-05 1.81818181818182e-05 1.81818181818182e-05 0.000109090909090909 0.000109090909090909 0.000109090909090909 1.81818181818182e-05 0.000127272727272727 1.81818181818182e-05; % P D=0.1
0.000109090909090909 1.81818181818182e-05 1.81818181818182e-05 1.81818181818182e-05 0.000109090909090909 0.000109090909090909 1.81818181818182e-05 1.81818181818182e-05 1.81818181818182e-05 1.81818181818182e-05 1.81818181818182e-05 1.81818181818182e-05 1.81818181818182e-05 0.000109090909090909 0.000109090909090909 0.000109090909090909 1.81818181818182e-05 0.000127272727272727 0.999018181818182; % T D=0.1
0.0196545454545455 0.000109090909090909 0.000109090909090909 0.000109090909090909 0.149654545454545 0.229654545454545 0.000109090909090909 0.000109090909090909 0.000109090909090909 0.000109090909090909 0.000109090909090909 0.000109090909090909 0.000109090909090909 0.249654545454545 0.000654545454545455 0.109654545454545 0.000109090909090909 0.239763636363636 0.000109090909090909; % V D=0.1
0.0396545454545455 0.000109090909090909 0.000109090909090909 0.000109090909090909 0.139654545454545 0.119654545454545 0.000109090909090909 0.000109090909090909 0.000109090909090909 0.000109090909090909 0.000109090909090909 0.000109090909090909 0.000109090909090909 0.179654545454545 0.249654545454545 0.000654545454545455 0.000109090909090909 0.269763636363636 0.000109090909090909; % Z D=0.1
0.000109090909090909 1.81818181818182e-05 1.81818181818182e-05 1.81818181818182e-05 0.000109090909090909 0.000109090909090909 1.81818181818182e-05 1.81818181818182e-05 1.81818181818182e-05 1.81818181818182e-05 1.81818181818182e-05 1.81818181818182e-05 1.81818181818182e-05 0.000109090909090909 0.000109090909090909 0.000109090909090909 0.999018181818182 0.000127272727272727 1.81818181818182e-05; % b D=0.1
0.000109090909090909 0.999018181818182 1.81818181818182e-05 1.81818181818182e-05 0.000109090909090909 0.000109090909090909 1.81818181818182e-05 1.81818181818182e-05 1.81818181818182e-05 1.81818181818182e-05 1.81818181818182e-05 1.81818181818182e-05 1.81818181818182e-05 0.000109090909090909 0.000109090909090909 0.000109090909090909 1.81818181818182e-05 0.000127272727272727 1.81818181818182e-05; % d D=0.1
0.000109090909090909 1.81818181818182e-05 1.81818181818182e-05 0.999018181818182 0.000109090909090909 0.000109090909090909 1.81818181818182e-05 1.81818181818182e-05 1.81818181818182e-05 1.81818181818182e-05 1.81818181818182e-05 1.81818181818182e-05 1.81818181818182e-05 0.000109090909090909 0.000109090909090909 0.000109090909090909 1.81818181818182e-05 0.000127272727272727 1.81818181818182e-05; % g D=0.1
0.000109090909090909 1.81818181818182e-05 1.81818181818182e-05 1.81818181818182e-05 0.000109090909090909 0.000109090909090909 0.999018181818182 1.81818181818182e-05 1.81818181818182e-05 1.81818181818182e-05 1.81818181818182e-05 1.81818181818182e-05 1.81818181818182e-05 0.000109090909090909 0.000109090909090909 0.000109090909090909 1.81818181818182e-05 0.000127272727272727 1.81818181818182e-05; % k D=0.1
0.000109090909090909 1.81818181818182e-05 1.81818181818182e-05 1.81818181818182e-05 0.000109090909090909 0.000109090909090909 1.81818181818182e-05 1.81818181818182e-05 0.999018181818182 1.81818181818182e-05 1.81818181818182e-05 1.81818181818182e-05 1.81818181818182e-05 0.000109090909090909 0.000109090909090909 0.000109090909090909 1.81818181818182e-05 0.000127272727272727 1.81818181818182e-05; % l D=0.1
0.000109090909090909 1.81818181818182e-05 1.81818181818182e-05 1.81818181818182e-05 0.000109090909090909 0.000109090909090909 1.81818181818182e-05 1.81818181818182e-05 1.81818181818182e-05 0.999018181818182 1.81818181818182e-05 1.81818181818182e-05 1.81818181818182e-05 0.000109090909090909 0.000109090909090909 0.000109090909090909 1.81818181818182e-05 0.000127272727272727 1.81818181818182e-05; % p D=0.1
0.00976363636363636 0.000127272727272727 0.000127272727272727 0.000127272727272727 0.219763636363636 0.159763636363636 0.000127272727272727 0.000127272727272727 0.000127272727272727 0.000127272727272727 0.000127272727272727 0.000127272727272727 0.000127272727272727 0.209763636363636 0.209763636363636 0.179763636363636 0.000127272727272727 0.00989090909090909 0.000127272727272727; % t D=0.1
0.000109090909090909 1.81818181818182e-05 1.81818181818182e-05 1.81818181818182e-05 0.000109090909090909 0.000109090909090909 1.81818181818182e-05 1.81818181818182e-05 1.81818181818182e-05 1.81818181818182e-05 0.999018181818182 1.81818181818182e-05 1.81818181818182e-05 0.000109090909090909 0.000109090909090909 0.000109090909090909 1.81818181818182e-05 0.000127272727272727 1.81818181818182e-05; % v D=0.1
0.0596545454545455 0.000109090909090909 0.000109090909090909 0.000109090909090909 0.159654545454545 0.179654545454545 0.000109090909090909 0.000109090909090909 0.000109090909090909 0.000109090909090909 0.000109090909090909 0.000109090909090909 0.000109090909090909 0.000654545454545455 0.129654545454545 0.289654545454545 0.000109090909090909 0.179763636363636 0.000109090909090909; % z D=0.1
