syllables = '$BDGKLPTVZbdgklptvz';
discounts = [0.1 0.2 0.3 0.4 0.5 0.6 0.7 0.8 0.9 0.95];
kn_probs = [0.000872727272727273 0.000145454545454545 0.000145454545454545 0.119539393939394 0.000145454545454545 0.146206060606061 0.119539393939394 0.000145454545454545 0.252872727272727 0.000145454545454545 0.000145454545454545 0.000145454545454545 0.000145454545454545 0.000145454545454545 0.000145454545454545 0.146351515151515 0.000145454545454545 0.000145454545454545 0.212872727272727; % $ D=0.1
0.000109090909090909 1.81818181818182e-05 1.81818181818182e-05 0.000109090909090909 1.81818181818182e-05 0.000109090909090909 0.000109090909090909 1.81818181818182e-05 0.000109090909090909 1.81818181818182e-05 1.81818181818182e-05 0.999018181818182 1.81818181818182e-05 1.81818181818182e-05 1.81818181818182e-05 0.000127272727272727 1.81818181818182e-05 1.81818181818182e-05 0.000109090909090909; % B D=0.1
0.149763636363636 0.000127272727272727 0.000127272727272727 0.189763636363636 0.000127272727272727 0.189763636363636 0.149763636363636 0.000127272727272727 0.159763636363636 0.000127272727272727 0.000127272727272727 0.000127272727272727 0.000127272727272727 0.000127272727272727 0.000127272727272727 0.00989090909090909 0.000127272727272727 0.000127272727272727 0.149763636363636; % D D=0.1
0.000109090909090909 1.81818181818182e-05 1.81818181818182e-05 0.000109090909090909 0.999018181818182 0.000109090909090909 0.000109090909090909 1.81818181818182e-05 0.000109090909090909 1.81818181818182e-05 1.81818181818182e-05 1.81818181818182e-05 1.81818181818182e-05 1.81818181818182e-05 1.81818181818182e-05 0.000127272727272727 1.81818181818182e-05 1.81818181818182e-05 0.000109090909090909; % G D=0.1
0.000109090909090909 0.999018181818182 1.81818181818182e-05 0.000109090909090909 1.81818181818182e-05 0.000109090909090909 0.000109090909090909 1.81818181818182e-05 0.000109090909090909 1.81818181818182e-05 1.81818181818182e-05 1.81818181818182e-05 1.81818181818182e-05 1.81818181818182e-05 1.81818181818182e-05 0.000127272727272727 1.81818181818182e-05 1.81818181818182e-05 0.000109090909090909; % K D=0.1
0.000109090909090909 1.81818181818182e-05 1.81818181818182e-05 0.000109090909090909 1.81818181818182e-05 0.000109090909090909 0.000109090909090909 1.81818181818182e-05 0.000109090909090909 1.81818181818182e-05 1.81818181818182e-05 1.81818181818182e-05 1.81818181818182e-05 1.81818181818182e-05 1.81818181818182e-05 0.000127272727272727 1.81818181818182e-05 0.999018181818182 0.000109090909090909; % L D=0.1
0.000109090909090909 1.81818181818182e-05 1.81818181818182e-05 0.000109090909090909 1.81818181818182e-05 0.000109090909090909 0.000109090909090909 1.81818181818182e-05 0.000109090909090909 0.999018181818182 1.81818181818182e-05 1.81818181818182e-05 1.81818181818182e-05 1.81818181818182e-05 1.81818181818182e-05 0.000127272727272727 1.81818181818182e-05 1.81818181818182e-05 0.000109090909090909; % P D=0.1
0.000109090909090909 1.81818181818182e-05 1.81818181818182e-05 0.000109090909090909 1.81818181818182e-05 0.000109090909090909 0.000109090909090909 1.81818181818182e-05 0.000109090909090909 1.81818181818182e-05 1.81818181818182e-05 1.81818181818182e-05 1.81818181818182e-05 1.81818181818182e-05 1.81818181818182e-05 0.000127272727272727 0.999018181818182 1.81818181818182e-05 0.000109090909090909; % T D=0.1
0.000109090909090909 1.81818181818182e-05 1.81818181818182e-05 0.000109090909090909 1.81818181818182e-05 0.000109090909090909 0.000109090909090909 1.81818181818182e-05 0.000109090909090909 1.81818181818182e-05 1.81818181818182e-05 1.81818181818182e-05 1.81818181818182e-05 0.999018181818182 1.81818181818182e-05 0.000127272727272727 1.81818181818182e-05 1.81818181818182e-05 0.000109090909090909; % V D=0.1
0.159654545454545 0.000109090909090909 0.000109090909090909 0.169654545454545 0.000109090909090909 0.169654545454545 0.000654545454545455 0.000109090909090909 0.149654545454545 0.000109090909090909 0.000109090909090909 0.000109090909090909 0.000109090909090909 0.000109090909090909 0.000109090909090909 0.169763636363636 0.000109090909090909 0.000109090909090909 0.179654545454545; % Z D=0.1
0.0596545454545455 0.000109090909090909 0.000109090909090909 0.189654545454545 0.000109090909090909 0.000654545454545455 0.289654545454545 0.000109090909090909 0.159654545454545 0.000109090909090909 0.000109090909090909 0.000109090909090909 0.000109090909090909 0.000109090909090909 0.000109090909090909 0.179763636363636 0.000109090909090909 0.000109090909090909 0.119654545454545; % b D=0.1
0.119654545454545 0.000109090909090909 0.000109090909090909 0.000654545454545455 0.000109090909090909 0.199654545454545 0.0996545454545455 0.000109090909090909 0.199654545454545 0.000109090909090909 0.000109090909090909 0.000109090909090909 0.000109090909090909 0.000109090909090909 0.000109090909090909 0.169763636363636 0.000109090909090909 0.000109090909090909 0.209654545454545; % d D=0.1
0.000109090909090909 1.81818181818182e-05 0.999018181818182 0.000109090909090909 1.81818181818182e-05 0.000109090909090909 0.000109090909090909 1.81818181818182e-05 0.000109090909090909 1.81818181818182e-05 1.81818181818182e-05 1.81818181818182e-05 1.81818181818182e-05 1.81818181818182e-05 1.81818181818182e-05 0.000127272727272727 1.81818181818182e-05 1.81818181818182e-05 0.000109090909090909; % g D=0.1
0.0796545454545455 0.000109090909090909 0.000109090909090909 0.169654545454545 0.000109090909090909 0.179654545454545 0.209654545454545 0.000109090909090909 0.000654545454545455 0.000109090909090909 0.000109090909090909 0.000109090909090909 0.000109090909090909 0.000109090909090909 0.000109090909090909 0.179763636363636 0.000109090909090909 0.000109090909090909 0.179654545454545; % k D=0.1
0.000109090909090909 1.81818181818182e-05 1.81818181818182e-05 0.000109090909090909 1.81818181818182e-05 0.000109090909090909 0.000109090909090909 1.81818181818182e-05 0.000109090909090909 1.81818181818182e-05 0.999018181818182 1.81818181818182e-05 1.81818181818182e-05 1.81818181818182e-05 1.81818181818182e-05 0.000127272727272727 1.81818181818182e-05 1.81818181818182e-05 0.000109090909090909; % l D=0.1
0.000109090909090909 1.81818181818182e-05 1.81818181818182e-05 0.000109090909090909 1.81818181818182e-05 0.000109090909090909 0.000109090909090909 1.81818181818182e-05 0.000109090909090909 1.81818181818182e-05 1.81818181818182e-05 1.81818181818182e-05 0.999018181818182 1.81818181818182e-05 1.81818181818182e-05 0.000127272727272727 1.81818181818182e-05 1.81818181818182e-05 0.000109090909090909; % p D=0.1
0.179654545454545 0.000109090909090909 0.000109090909090909 0.189654545454545 0.000109090909090909 0.149654545454545 0.159654545454545 0.000109090909090909 0.139654545454545 0.000109090909090909 0.000109090909090909 0.000109090909090909 0.000109090909090909 0.000109090909090909 0.000109090909090909 0.179763636363636 0.000109090909090909 0.000109090909090909 0.000654545454545455; % t D=0.1
0.000109090909090909 1.81818181818182e-05 1.81818181818182e-05 0.000109090909090909 1.81818181818182e-05 0.000109090909090909 0.000109090909090909 1.81818181818182e-05 0.000109090909090909 1.81818181818182e-05 1.81818181818182e-05 1.81818181818182e-05 1.81818181818182e-05 1.81818181818182e-05 0.999018181818182 0.000127272727272727 1.81818181818182e-05 1.81818181818182e-05 0.000109090909090909; % v D=0.1
0.000109090909090909 1.81818181818182e-05 1.81818181818182e-05 0.000109090909090909 1.81818181818182e-05 0.000109090909090909 0.000109090909090909 0.999018181818182 0.000109090909090909 1.81818181818182e-05 1.81818181818182e-05 1.81818181818182e-05 1.81818181818182e-05 1.81818181818182e-05 1.81818181818182e-05 0.000127272727272727 1.81818181818182e-05 1.81818181818182e-05 0.000109090909090909; % z D=0.1
