syllables = '$BDGKLPTVZbdgklptvz';
discounts = [0.1 0.2 0.3 0.4 0.5 0.6 0.7 0.8 0.9 0.95];
kn_probs = [0.00128571428571429 0.000214285714285714 0.000214285714285714 0.000214285714285714 0.179285714285714 0.000214285714285714 0.1995 0.000214285714285714 0.000214285714285714 0.199285714285714 0.199285714285714 0.0592857142857143 0.000214285714285714 0.000214285714285714 0.000214285714285714 0.000214285714285714 0.000214285714285714 0.1595 0.000214285714285714; % $ D=0.1
0.0496428571428571 0.000107142857142857 0.000107142857142857 0.000107142857142857 0.179642857142857 0.000107142857142857 0.20975 0.000107142857142857 0.000107142857142857 0.219642857142857 0.149642857142857 0.000642857142857143 0.000107142857142857 0.000107142857142857 0.000107142857142857 0.000107142857142857 0.000107142857142857 0.18975 0.000107142857142857; % B D=0.1
0.000107142857142857 1.78571428571429e-05 1.78571428571429e-05 1.78571428571429e-05 0.000107142857142857 1.78571428571429e-05 0.000125 1.78571428571429e-05 0.999017857142857 0.000107142857142857 0.000107142857142857 0.000107142857142857 1.78571428571429e-05 1.78571428571429e-05 1.78571428571429e-05 1.78571428571429e-05 1.78571428571429e-05 0.000125 1.78571428571429e-05; % D D=0.1
0.000107142857142857 1.78571428571429e-05 1.78571428571429e-05 1.78571428571429e-05 0.000107142857142857 1.78571428571429e-05 0.000125 1.78571428571429e-05 1.78571428571429e-05 0.000107142857142857 0.000107142857142857 0.000107142857142857 0.999017857142857 1.78571428571429e-05 1.78571428571429e-05 1.78571428571429e-05 1.78571428571429e-05 0.000125 1.78571428571429e-05; % G D=0.1
0.000107142857142857 1.78571428571429e-05 1.78571428571429e-05 1.78571428571429e-05 0.000107142857142857 1.78571428571429e-05 0.000125 1.78571428571429e-05 1.78571428571429e-05 0.000107142857142857 0.000107142857142857 0.000107142857142857 1.78571428571429e-05 1.78571428571429e-05 0.999017857142857 1.78571428571429e-05 1.78571428571429e-05 0.000125 1.78571428571429e-05; % K D=0.1
0.08975 0.000125 0.000125 0.000125 0.23975 0.000125 0.009875 0.000125 0.000125 0.17975 0.15975 0.14975 0.000125 0.000125 0.000125 0.000125 0.000125 0.169875 0.000125; % L D=0.1
0.000107142857142857 1.78571428571429e-05 1.78571428571429e-05 1.78571428571429e-05 0.000107142857142857 1.78571428571429e-05 0.000125 1.78571428571429e-05 1.78571428571429e-05 0.000107142857142857 0.000107142857142857 0.000107142857142857 1.78571428571429e-05 1.78571428571429e-05 1.78571428571429e-05 1.78571428571429e-05 0.999017857142857 0.000125 1.78571428571429e-05; % P D=0.1
0.109642857142857 0.000107142857142857 0.000107142857142857 0.000107142857142857 0.129642857142857 0.000107142857142857 0.16975 0.000107142857142857 0.000107142857142857 0.139642857142857 0.000642857142857143 0.299642857142857 0.000107142857142857 0.000107142857142857 0.000107142857142857 0.000107142857142857 0.000107142857142857 0.14975 0.000107142857142857; % T D=0.1
0.000107142857142857 1.78571428571429e-05 1.78571428571429e-05 1.78571428571429e-05 0.000107142857142857 1.78571428571429e-05 0.000125 0.999017857142857 1.78571428571429e-05 0.000107142857142857 0.000107142857142857 0.000107142857142857 1.78571428571429e-05 1.78571428571429e-05 1.78571428571429e-05 1.78571428571429e-05 1.78571428571429e-05 0.000125 1.78571428571429e-05; % V D=0.1
0.000107142857142857 1.78571428571429e-05 1.78571428571429e-05 1.78571428571429e-05 0.000107142857142857 1.78571428571429e-05 0.000125 1.78571428571429e-05 1.78571428571429e-05 0.000107142857142857 0.000107142857142857 0.000107142857142857 1.78571428571429e-05 1.78571428571429e-05 1.78571428571429e-05 1.78571428571429e-05 1.78571428571429e-05 0.000125 0.999017857142857; % Z D=0.1
0.000107142857142857 1.78571428571429e-05 0.999017857142857 1.78571428571429e-05 0.000107142857142857 1.78571428571429e-05 0.000125 1.78571428571429e-05 1.78571428571429e-05 0.000107142857142857 0.000107142857142857 0.000107142857142857 1.78571428571429e-05 1.78571428571429e-05 1.78571428571429e-05 1.78571428571429e-05 1.78571428571429e-05 0.000125 1.78571428571429e-05; % b D=0.1
0.000107142857142857 1.78571428571429e-05 1.78571428571429e-05 1.78571428571429e-05 0.000107142857142857 1.78571428571429e-05 0.000125 1.78571428571429e-05 1.78571428571429e-05 0.000107142857142857 0.000107142857142857 0.000107142857142857 1.78571428571429e-05 1.78571428571429e-05 1.78571428571429e-05 0.999017857142857 1.78571428571429e-05 0.000125 1.78571428571429e-05; % d D=0.1
0.06975 0.000125 0.000125 0.000125 0.21975 0.000125 0.169875 0.000125 0.000125 0.19975 0.17975 0.14975 0.000125 0.000125 0.000125 0.000125 0.000125 0.009875 0.000125; % g D=0.1
0.000107142857142857 1.78571428571429e-05 1.78571428571429e-05 0.999017857142857 0.000107142857142857 1.78571428571429e-05 0.000125 1.78571428571429e-05 1.78571428571429e-05 0.000107142857142857 0.000107142857142857 0.000107142857142857 1.78571428571429e-05 1.78571428571429e-05 1.78571428571429e-05 1.78571428571429e-05 1.78571428571429e-05 0.000125 1.78571428571429e-05; % k D=0.1
0.129642857142857 0.000107142857142857 0.000107142857142857 0.000107142857142857 0.000642857142857143 0.000107142857142857 0.19975 0.000107142857142857 0.000107142857142857 0.159642857142857 0.139642857142857 0.169642857142857 0.000107142857142857 0.000107142857142857 0.000107142857142857 0.000107142857142857 0.000107142857142857 0.19975 0.000107142857142857; % l D=0.1
0.000107142857142857 0.999017857142857 1.78571428571429e-05 1.78571428571429e-05 0.000107142857142857 1.78571428571429e-05 0.000125 1.78571428571429e-05 1.78571428571429e-05 0.000107142857142857 0.000107142857142857 0.000107142857142857 1.78571428571429e-05 1.78571428571429e-05 1.78571428571429e-05 1.78571428571429e-05 1.78571428571429e-05 0.000125 1.78571428571429e-05; % p D=0.1
0.000107142857142857 1.78571428571429e-05 1.78571428571429e-05 1.78571428571429e-05 0.000107142857142857 0.999017857142857 0.000125 1.78571428571429e-05 1.78571428571429e-05 0.000107142857142857 0.000107142857142857 0.000107142857142857 1.78571428571429e-05 1.78571428571429e-05 1.78571428571429e-05 1.78571428571429e-05 1.78571428571429e-05 0.000125 1.78571428571429e-05; % t D=0.1
0.000107142857142857 1.78571428571429e-05 1.78571428571429e-05 1.78571428571429e-05 0.000107142857142857 1.78571428571429e-05 0.000125 1.78571428571429e-05 1.78571428571429e-05 0.000107142857142857 0.000107142857142857 0.000107142857142857 1.78571428571429e-05 0.999017857142857 1.78571428571429e-05 1.78571428571429e-05 1.78571428571429e-05 0.000125 1.78571428571429e-05; % v D=0.1
0.0496428571428571 0.000107142857142857 0.000107142857142857 0.000107142857142857 0.139642857142857 0.000107142857142857 0.13975 0.000107142857142857 0.000107142857142857 0.000642857142857143 0.269642857142857 0.199642857142857 0.000107142857142857 0.000107142857142857 0.000107142857142857 0.000107142857142857 0.000107142857142857 0.19975 0.000107142857142857; % z D=0.1
0.00257142857142857 0.000428571428571429 0.000428571428571429 0.000428571428571429 0.178571428571429 0.000428571428571429 0.199 0.000428571428571429 0.000428571428571429 0.198571428571429 0.198571428571429 0.0585714285714286 0.000428571428571429 0.000428571428571429 0.000428571428571429 0.000428571428571429 0.000428571428571429 0.159 0.000428571428571429; % $ D=0.2
0.0492857142857143 0.000214285714285714 0.000214285714285714 0.000214285714285714 0.179285714285714 0.000214285714285714 0.2095 0.000214285714285714 0.000214285714285714 0.219285714285714 0.149285714285714 0.00128571428571429 0.000214285714285714 0.000214285714285714 0.000214285714285714 0.000214285714285714 0.000214285714285714 0.1895 0.000214285714285714; % B D=0.2
