syllables = '$BDGKLPTVZbdgklptvz';
discounts = [0.1 0.2 0.3 0.4 0.5 0.6 0.7 0.8 0.9 0.95];
kn_probs = [0.000888888888888889 0.000148148148148148 0.000148148148148148 0.000148148148148148 0.000148148148148148 0.186222222222222 0.159555555555556 0.000148148148148148 0.186222222222222 0.146222222222222 0.000148148148148148 0.000148148148148148 0.000148148148148148 0.106222222222222 0.000148148148148148 0.212888888888889 0.000148148148148148 0.000148148148148148 0.000148148148148148; % $ D=0.1
0.000111111111111111 1.85185185185185e-05 0.999018518518519 1.85185185185185e-05 1.85185185185185e-05 0.000111111111111111 0.000111111111111111 1.85185185185185e-05 0.000111111111111111 0.000111111111111111 1.85185185185185e-05 1.85185185185185e-05 1.85185185185185e-05 0.000111111111111111 1.85185185185185e-05 0.000111111111111111 1.85185185185185e-05 1.85185185185185e-05 1.85185185185185e-05; % B D=0.1
0.119666666666667 0.000111111111111111 0.000111111111111111 0.000111111111111111 0.000111111111111111 0.159666666666667 0.199666666666667 0.000111111111111111 0.259666666666667 0.109666666666667 0.000111111111111111 0.000111111111111111 0.000111111111111111 0.000666666666666667 0.000111111111111111 0.149666666666667 0.000111111111111111 0.000111111111111111 0.000111111111111111; % D D=0.1
0.129666666666667 0.000111111111111111 0.000111111111111111 0.000111111111111111 0.000111111111111111 0.229666666666667 0.000666666666666667 0.000111111111111111 0.169666666666667 0.199666666666667 0.000111111111111111 0.000111111111111111 0.000111111111111111 0.159666666666667 0.000111111111111111 0.109666666666667 0.000111111111111111 0.000111111111111111 0.000111111111111111; % G D=0.1
0.0996666666666667 0.000111111111111111 0.000111111111111111 0.000111111111111111 0.000111111111111111 0.199666666666667 0.209666666666667 0.000111111111111111 0.0896666666666667 0.199666666666667 0.000111111111111111 0.000111111111111111 0.000111111111111111 0.199666666666667 0.000111111111111111 0.000666666666666667 0.000111111111111111 0.000111111111111111 0.000111111111111111; % K D=0.1
0.000111111111111111 1.85185185185185e-05 1.85185185185185e-05 1.85185185185185e-05 1.85185185185185e-05 0.000111111111111111 0.000111111111111111 1.85185185185185e-05 0.000111111111111111 0.000111111111111111 1.85185185185185e-05 0.999018518518519 1.85185185185185e-05 0.000111111111111111 1.85185185185185e-05 0.000111111111111111 1.85185185185185e-05 1.85185185185185e-05 1.85185185185185e-05; % L D=0.1
0.000111111111111111 1.85185185185185e-05 1.85185185185185e-05 1.85185185185185e-05 1.85185185185185e-05 0.000111111111111111 0.000111111111111111 0.999018518518519 0.000111111111111111 0.000111111111111111 1.85185185185185e-05 1.85185185185185e-05 1.85185185185185e-05 0.000111111111111111 1.85185185185185e-05 0.000111111111111111 1.85185185185185e-05 1.85185185185185e-05 1.85185185185185e-05; % P D=0.1
0.000111111111111111 1.85185185185185e-05 1.85185185185185e-05 0.999018518518519 1.85185185185185e-05 0.000111111111111111 0.000111111111111111 1.85185185185185e-05 0.000111111111111111 0.000111111111111111 1.85185185185185e-05 1.85185185185185e-05 1.85185185185185e-05 0.000111111111111111 1.85185185185185e-05 0.000111111111111111 1.85185185185185e-05 1.85185185185185e-05 1.85185185185185e-05; % T D=0.1
0.000111111111111111 1.85185185185185e-05 1.85185185185185e-05 1.85185185185185e-05 1.85185185185185e-05 0.000111111111111111 0.000111111111111111 1.85185185185185e-05 0.000111111111111111 0.000111111111111111 0.999018518518519 1.85185185185185e-05 1.85185185185185e-05 0.000111111111111111 1.85185185185185e-05 0.000111111111111111 1.85185185185185e-05 1.85185185185185e-05 1.85185185185185e-05; % V D=0.1
0.000111111111111111 1.85185185185185e-05 1.85185185185185e-05 1.85185185185185e-05 1.85185185185185e-05 0.000111111111111111 0.000111111111111111 1.85185185185185e-05 0.000111111111111111 0.000111111111111111 1.85185185185185e-05 1.85185185185185e-05 0.999018518518519 0.000111111111111111 1.85185185185185e-05 0.000111111111111111 1.85185185185185e-05 1.85185185185185e-05 1.85185185185185e-05; % Z D=0.1
0.119666666666667 0.000111111111111111 0.000111111111111111 0.000111111111111111 0.000111111111111111 0.129666666666667 0.169666666666667 0.000111111111111111 0.000666666666666667 0.209666666666667 0.000111111111111111 0.000111111111111111 0.000111111111111111 0.149666666666667 0.000111111111111111 0.219666666666667 0.000111111111111111 0.000111111111111111 0.000111111111111111; % b D=0.1
0.000111111111111111 1.85185185185185e-05 1.85185185185185e-05 1.85185185185185e-05 1.85185185185185e-05 0.000111111111111111 0.000111111111111111 1.85185185185185e-05 0.000111111111111111 0.000111111111111111 1.85185185185185e-05 1.85185185185185e-05 1.85185185185185e-05 0.000111111111111111 1.85185185185185e-05 0.000111111111111111 1.85185185185185e-05 0.999018518518519 1.85185185185185e-05; % d D=0.1
0.000111111111111111 1.85185185185185e-05 1.85185185185185e-05 1.85185185185185e-05 1.85185185185185e-05 0.000111111111111111 0.000111111111111111 1.85185185185185e-05 0.000111111111111111 0.000111111111111111 1.85185185185185e-05 1.85185185185185e-05 1.85185185185185e-05 0.000111111111111111 0.999018518518519 0.000111111111111111 1.85185185185185e-05 1.85185185185185e-05 1.85185185185185e-05; % g D=0.1
0.000111111111111111 0.999018518518519 1.85185185185185e-05 1.85185185185185e-05 1.85185185185185e-05 0.000111111111111111 0.000111111111111111 1.85185185185185e-05 0.000111111111111111 0.000111111111111111 1.85185185185185e-05 1.85185185185185e-05 1.85185185185185e-05 0.000111111111111111 1.85185185185185e-05 0.000111111111111111 1.85185185185185e-05 1.85185185185185e-05 1.85185185185185e-05; % k D=0.1
0.000111111111111111 1.85185185185185e-05 1.85185185185185e-05 1.85185185185185e-05 1.85185185185185e-05 0.000111111111111111 0.000111111111111111 1.85185185185185e-05 0.000111111111111111 0.000111111111111111 1.85185185185185e-05 1.85185185185185e-05 1.85185185185185e-05 0.000111111111111111 1.85185185185185e-05 0.000111111111111111 1.85185185185185e-05 1.85185185185185e-05 0.999018518518519; % l D=0.1
0.000111111111111111 1.85185185185185e-05 1.85185185185185e-05 1.85185185185185e-05 0.999018518518519 0.000111111111111111 0.000111111111111111 1.85185185185185e-05 0.000111111111111111 0.000111111111111111 1.85185185185185e-05 1.85185185185185e-05 1.85185185185185e-05 0.000111111111111111 1.85185185185185e-05 0.000111111111111111 1.85185185185185e-05 1.85185185185185e-05 1.85185185185185e-05; % p D=0.1
0.0996666666666667 0.000111111111111111 0.000111111111111111 0.000111111111111111 0.000111111111111111 0.000666666666666667 0.169666666666667 0.000111111111111111 0.139666666666667 0.169666666666667 0.000111111111111111 0.000111111111111111 0.000111111111111111 0.209666666666667 0.000111111111111111 0.209666666666667 0.000111111111111111 0.000111111111111111 0.000111111111111111; % t D=0.1
0.000111111111111111 1.85185185185185e-05 1.85185185185185e-05 1.85185185185185e-05 1.85185185185185e-05 0.000111111111111111 0.000111111111111111 1.85185185185185e-05 0.000111111111111111 0.000111111111111111 1.85185185185185e-05 1.85185185185185e-05 1.85185185185185e-05 0.000111111111111111 1.85185185185185e-05 0.000111111111111111 0.999018518518519 1.85185185185185e-05 1.85185185185185e-05; % v D=0.1
0.179666666666667 0.000111111111111111 0.000111111111111111 0.000111111111111111 0.000111111111111111 0.139666666666667 0.129666666666667 0.000111111111111111 0.199666666666667 0.000666666666666667 0.000111111111111111 0.000111111111111111 0.000111111111111111 0.199666666666667 0.000111111111111111 0.149666666666667 0.000111111111111111 0.000111111111111111 0.000111111111111111; % z D=0.1
