syllables = '$BDGKLPTVZbdgklptvz';
discounts = [0.1 0.2 0.3 0.4 0.5 0.6 0.7 0.8 0.9 0.95];
kn_probs = [0.00257142857142857 0.118571428571429 0.000428571428571429 0.000428571428571429 0.159 0.000428571428571429 0.000428571428571429 0.159 0.000428571428571429 0.000428571428571429 0.198571428571429 0.000428571428571429 0.000428571428571429 0.000428571428571429 0.000428571428571429 0.000428571428571429 0.118571428571429 0.238571428571429 0.000428571428571429; % $ D=0.1
0.000107142857142857 0.000107142857142857 1.78571428571429e-05 1.78571428571429e-05 0.000125 1.78571428571429e-05 1.78571428571429e-05 0.000125 1.78571428571429e-05 1.78571428571429e-05 0.000107142857142857 1.78571428571429e-05 1.78571428571429e-05 0.999017857142857 1.78571428571429e-05 1.78571428571429e-05 0.000107142857142857 0.000107142857142857 1.78571428571429e-05; % B D=0.1
0.0596428571428572 0.000642857142857143 0.000107142857142857 0.000107142857142857 0.19975 0.000107142857142857 0.000107142857142857 0.19975 0.000107142857142857 0.000107142857142857 0.129642857142857 0.000107142857142857 0.000107142857142857 0.000107142857142857 0.000107142857142857 0.000107142857142857 0.179642857142857 0.229642857142857 0.000107142857142857; % D D=0.1
0.000107142857142857 0.000107142857142857 1.78571428571429e-05 1.78571428571429e-05 0.000125 1.78571428571429e-05 1.78571428571429e-05 0.000125 1.78571428571429e-05 0.999017857142857 0.000107142857142857 1.78571428571429e-05 1.78571428571429e-05 1.78571428571429e-05 1.78571428571429e-05 1.78571428571429e-05 0.000107142857142857 0.000107142857142857 1.78571428571429e-05; % G D=0.1
0.000107142857142857 0.000107142857142857 1.78571428571429e-05 0.999017857142857 0.000125 1.78571428571429e-05 1.78571428571429e-05 0.000125 1.78571428571429e-05 1.78571428571429e-05 0.000107142857142857 1.78571428571429e-05 1.78571428571429e-05 1.78571428571429e-05 1.78571428571429e-05 1.78571428571429e-05 0.000107142857142857 0.000107142857142857 1.78571428571429e-05; % K D=0.1
0.0196428571428571 0.199642857142857 0.000107142857142857 0.000107142857142857 0.19975 0.000107142857142857 0.000107142857142857 0.18975 0.000107142857142857 0.000107142857142857 0.189642857142857 0.000107142857142857 0.000107142857142857 0.000107142857142857 0.000107142857142857 0.000107142857142857 0.199642857142857 0.000642857142857143 0.000107142857142857; % L D=0.1
0.000107142857142857 0.000107142857142857 0.999017857142857 1.78571428571429e-05 0.000125 1.78571428571429e-05 1.78571428571429e-05 0.000125 1.78571428571429e-05 1.78571428571429e-05 0.000107142857142857 1.78571428571429e-05 1.78571428571429e-05 1.78571428571429e-05 1.78571428571429e-05 1.78571428571429e-05 0.000107142857142857 0.000107142857142857 1.78571428571429e-05; % P D=0.1
0.000107142857142857 0.000107142857142857 1.78571428571429e-05 1.78571428571429e-05 0.000125 1.78571428571429e-05 1.78571428571429e-05 0.000125 1.78571428571429e-05 1.78571428571429e-05 0.000107142857142857 1.78571428571429e-05 0.999017857142857 1.78571428571429e-05 1.78571428571429e-05 1.78571428571429e-05 0.000107142857142857 0.000107142857142857 1.78571428571429e-05; % T D=0.1
0.0196428571428571 0.209642857142857 0.000107142857142857 0.000107142857142857 0.15975 0.000107142857142857 0.000107142857142857 0.25975 0.000107142857142857 0.000107142857142857 0.179642857142857 0.000107142857142857 0.000107142857142857 0.000107142857142857 0.000107142857142857 0.000107142857142857 0.000642857142857143 0.169642857142857 0.000107142857142857; % V D=0.1
0.08975 0.15975 0.000125 0.000125 0.019875 0.000125 0.000125 0.089875 0.000125 0.000125 0.23975 0.000125 0.000125 0.000125 0.000125 0.000125 0.21975 0.17975 0.000125; % Z D=0.1
0.000107142857142857 0.000107142857142857 1.78571428571429e-05 1.78571428571429e-05 0.000125 1.78571428571429e-05 1.78571428571429e-05 0.000125 1.78571428571429e-05 1.78571428571429e-05 0.000107142857142857 1.78571428571429e-05 1.78571428571429e-05 1.78571428571429e-05 1.78571428571429e-05 0.999017857142857 0.000107142857142857 0.000107142857142857 1.78571428571429e-05; % b D=0.1
0.000107142857142857 0.000107142857142857 1.78571428571429e-05 1.78571428571429e-05 0.000125 1.78571428571429e-05 1.78571428571429e-05 0.000125 0.999017857142857 1.78571428571429e-05 0.000107142857142857 1.78571428571429e-05 1.78571428571429e-05 1.78571428571429e-05 1.78571428571429e-05 1.78571428571429e-05 0.000107142857142857 0.000107142857142857 1.78571428571429e-05; % d D=0.1
0.000107142857142857 0.000107142857142857 1.78571428571429e-05 1.78571428571429e-05 0.000125 1.78571428571429e-05 1.78571428571429e-05 0.000125 1.78571428571429e-05 1.78571428571429e-05 0.000107142857142857 1.78571428571429e-05 1.78571428571429e-05 1.78571428571429e-05 0.999017857142857 1.78571428571429e-05 0.000107142857142857 0.000107142857142857 1.78571428571429e-05; % g D=0.1
0.000107142857142857 0.000107142857142857 1.78571428571429e-05 1.78571428571429e-05 0.000125 1.78571428571429e-05 0.999017857142857 0.000125 1.78571428571429e-05 1.78571428571429e-05 0.000107142857142857 1.78571428571429e-05 1.78571428571429e-05 1.78571428571429e-05 1.78571428571429e-05 1.78571428571429e-05 0.000107142857142857 0.000107142857142857 1.78571428571429e-05; % k D=0.1
0.02975 0.17975 0.000125 0.000125 0.199875 0.000125 0.000125 0.009875 0.000125 0.000125 0.20975 0.000125 0.000125 0.000125 0.000125 0.000125 0.17975 0.18975 0.000125; % l D=0.1
0.0296428571428571 0.219642857142857 0.000107142857142857 0.000107142857142857 0.17975 0.000107142857142857 0.000107142857142857 0.20975 0.000107142857142857 0.000107142857142857 0.000642857142857143 0.000107142857142857 0.000107142857142857 0.000107142857142857 0.000107142857142857 0.000107142857142857 0.189642857142857 0.169642857142857 0.000107142857142857; % p D=0.1
0.000107142857142857 0.000107142857142857 1.78571428571429e-05 1.78571428571429e-05 0.000125 1.78571428571429e-05 1.78571428571429e-05 0.000125 1.78571428571429e-05 1.78571428571429e-05 0.000107142857142857 1.78571428571429e-05 1.78571428571429e-05 1.78571428571429e-05 1.78571428571429e-05 1.78571428571429e-05 0.000107142857142857 0.000107142857142857 0.999017857142857; % t D=0.1
0.000107142857142857 0.000107142857142857 1.78571428571429e-05 1.78571428571429e-05 0.000125 0.999017857142857 1.78571428571429e-05 0.000125 1.78571428571429e-05 1.78571428571429e-05 0.000107142857142857 1.78571428571429e-05 1.78571428571429e-05 1.78571428571429e-05 1.78571428571429e-05 1.78571428571429e-05 0.000107142857142857 0.000107142857142857 1.78571428571429e-05; % v D=0.1
0.000107142857142857 0.000107142857142857 1.78571428571429e-05 1.78571428571429e-05 0.000125 1.78571428571429e-05 1.78571428571429e-05 0.000125 1.78571428571429e-05 1.78571428571429e-05 0.000107142857142857 0.999017857142857 1.78571428571429e-05 1.78571428571429e-05 1.78571428571429e-05 1.78571428571429e-05 0.000107142857142857 0.000107142857142857 1.78571428571429e-05; % z D=0.1
0.00514285714285714 0.117142857142857 0.000857142857142857 0.000857142857142857 0.158 0.000857142857142857 0.000857142857142857 0.158 0.000857142857142857 0.000857142857142857 0.197142857142857 0.000857142857142857 0.000857142857142857 0.000857142857142857 0.000857142857142857 0.000857142857142857 0.117142857142857 0.237142857142857 0.000857142857142857; % $ D=0.2
0.000214285714285714 0.000214285714285714 3.57142857142857e-05 3.57142857142857e-05 0.00025 3.57142857142857e-05 3.57142857142857e-05 0.00025 3.57142857142857e-05 3.57142857142857e-05 0.000214285714285714 3.57142857142857e-05 3.57142857142857e-05 0.998035714285714 3.57142857142857e-05 3.57142857142857e-05 0.000214285714285714 0.000214285714285714 3.57142857142857e-05; % B D=0.2
