syllables = '$BDGKLPTVZbdgklptvz';
discounts = [0.1 0.2 0.3 0.4 0.5 0.6 0.7 0.8 0.9 0.95];
kn_probs = [0.00226415094339623 0.198716981132075 0.000452830188679245 0.000452830188679245 0.000452830188679245 0.278716981132075 0.0787169811320755 0.198716981132075 0.000452830188679245 0.118716981132075 0.118716981132075 0.000452830188679245 0.000452830188679245 0.000452830188679245 0.000452830188679245 0.000452830188679245 0.000452830188679245 0.000452830188679245 0.000452830188679245; % $ D=0.1
9.43396226415094e-05 0.000113207547169811 1.88679245283019e-05 1.88679245283019e-05 1.88679245283019e-05 0.000113207547169811 0.000113207547169811 0.000113207547169811 1.88679245283019e-05 0.000113207547169811 0.000113207547169811 1.88679245283019e-05 1.88679245283019e-05 1.88679245283019e-05 1.88679245283019e-05 0.999018867924528 1.88679245283019e-05 1.88679245283019e-05 1.88679245283019e-05; % B D=0.1
9.43396226415094e-05 0.000113207547169811 1.88679245283019e-05 1.88679245283019e-05 0.999018867924528 0.000113207547169811 0.000113207547169811 0.000113207547169811 1.88679245283019e-05 0.000113207547169811 0.000113207547169811 1.88679245283019e-05 1.88679245283019e-05 1.88679245283019e-05 1.88679245283019e-05 1.88679245283019e-05 1.88679245283019e-05 1.88679245283019e-05 1.88679245283019e-05; % D D=0.1
0.0795660377358491 0.179679245283019 0.000113207547169811 0.000113207547169811 0.000113207547169811 0.129679245283019 0.209679245283019 0.199679245283019 0.000113207547169811 0.199679245283019 0.000679245283018868 0.000113207547169811 0.000113207547169811 0.000113207547169811 0.000113207547169811 0.000113207547169811 0.000113207547169811 0.000113207547169811 0.000113207547169811; % G D=0.1
9.43396226415094e-05 0.000113207547169811 1.88679245283019e-05 0.999018867924528 1.88679245283019e-05 0.000113207547169811 0.000113207547169811 0.000113207547169811 1.88679245283019e-05 0.000113207547169811 0.000113207547169811 1.88679245283019e-05 1.88679245283019e-05 1.88679245283019e-05 1.88679245283019e-05 1.88679245283019e-05 1.88679245283019e-05 1.88679245283019e-05 1.88679245283019e-05; % K D=0.1
9.43396226415094e-05 0.000113207547169811 1.88679245283019e-05 1.88679245283019e-05 1.88679245283019e-05 0.000113207547169811 0.000113207547169811 0.000113207547169811 1.88679245283019e-05 0.000113207547169811 0.000113207547169811 1.88679245283019e-05 1.88679245283019e-05 1.88679245283019e-05 1.88679245283019e-05 1.88679245283019e-05 1.88679245283019e-05 1.88679245283019e-05 0.999018867924528; % L D=0.1
9.43396226415094e-05 0.000113207547169811 1.88679245283019e-05 1.88679245283019e-05 1.88679245283019e-05 0.000113207547169811 0.000113207547169811 0.000113207547169811 1.88679245283019e-05 0.000113207547169811 0.000113207547169811 0.999018867924528 1.88679245283019e-05 1.88679245283019e-05 1.88679245283019e-05 1.88679245283019e-05 1.88679245283019e-05 1.88679245283019e-05 1.88679245283019e-05; % P D=0.1
9.43396226415094e-05 0.000113207547169811 1.88679245283019e-05 1.88679245283019e-05 1.88679245283019e-05 0.000113207547169811 0.000113207547169811 0.000113207547169811 1.88679245283019e-05 0.000113207547169811 0.000113207547169811 1.88679245283019e-05 1.88679245283019e-05 1.88679245283019e-05 0.999018867924528 1.88679245283019e-05 1.88679245283019e-05 1.88679245283019e-05 1.88679245283019e-05; % T D=0.1
0.0695660377358491 0.189679245283019 0.000113207547169811 0.000113207547169811 0.000113207547169811 0.149679245283019 0.000679245283018868 0.189679245283019 0.000113207547169811 0.179679245283019 0.219679245283019 0.000113207547169811 0.000113207547169811 0.000113207547169811 0.000113207547169811 0.000113207547169811 0.000113207547169811 0.000113207547169811 0.000113207547169811; % V D=0.1
9.43396226415094e-05 0.000113207547169811 1.88679245283019e-05 1.88679245283019e-05 1.88679245283019e-05 0.000113207547169811 0.000113207547169811 0.000113207547169811 1.88679245283019e-05 0.000113207547169811 0.000113207547169811 1.88679245283019e-05 1.88679245283019e-05 0.999018867924528 1.88679245283019e-05 1.88679245283019e-05 1.88679245283019e-05 1.88679245283019e-05 1.88679245283019e-05; % Z D=0.1
9.43396226415094e-05 0.000113207547169811 0.999018867924528 1.88679245283019e-05 1.88679245283019e-05 0.000113207547169811 0.000113207547169811 0.000113207547169811 1.88679245283019e-05 0.000113207547169811 0.000113207547169811 1.88679245283019e-05 1.88679245283019e-05 1.88679245283019e-05 1.88679245283019e-05 1.88679245283019e-05 1.88679245283019e-05 1.88679245283019e-05 1.88679245283019e-05; % b D=0.1
9.43396226415094e-05 0.000113207547169811 1.88679245283019e-05 1.88679245283019e-05 1.88679245283019e-05 0.000113207547169811 0.000113207547169811 0.000113207547169811 0.999018867924528 0.000113207547169811 0.000113207547169811 1.88679245283019e-05 1.88679245283019e-05 1.88679245283019e-05 1.88679245283019e-05 1.88679245283019e-05 1.88679245283019e-05 1.88679245283019e-05 1.88679245283019e-05; % d D=0.1
0.0195660377358491 0.179679245283019 0.000113207547169811 0.000113207547169811 0.000113207547169811 0.000679245283018868 0.169679245283019 0.189679245283019 0.000113207547169811 0.229679245283019 0.209679245283019 0.000113207547169811 0.000113207547169811 0.000113207547169811 0.000113207547169811 0.000113207547169811 0.000113207547169811 0.000113207547169811 0.000113207547169811; % g D=0.1
0.0495660377358491 0.239679245283019 0.000113207547169811 0.000113207547169811 0.000113207547169811 0.159679245283019 0.159679245283019 0.189679245283019 0.000113207547169811 0.000679245283018868 0.199679245283019 0.000113207547169811 0.000113207547169811 0.000113207547169811 0.000113207547169811 0.000113207547169811 0.000113207547169811 0.000113207547169811 0.000113207547169811; % k D=0.1
9.43396226415094e-05 0.000113207547169811 1.88679245283019e-05 1.88679245283019e-05 1.88679245283019e-05 0.000113207547169811 0.000113207547169811 0.000113207547169811 1.88679245283019e-05 0.000113207547169811 0.000113207547169811 1.88679245283019e-05 1.88679245283019e-05 1.88679245283019e-05 1.88679245283019e-05 1.88679245283019e-05 0.999018867924528 1.88679245283019e-05 1.88679245283019e-05; % l D=0.1
0.000471698113207547 0.000566037735849057 9.43396226415094e-05 9.43396226415094e-05 9.43396226415094e-05 0.259566037735849 0.209566037735849 0.179566037735849 9.43396226415094e-05 0.179566037735849 0.169566037735849 9.43396226415094e-05 9.43396226415094e-05 9.43396226415094e-05 9.43396226415094e-05 9.43396226415094e-05 9.43396226415094e-05 9.43396226415094e-05 9.43396226415094e-05; % p D=0.1
9.43396226415094e-05 0.000113207547169811 1.88679245283019e-05 1.88679245283019e-05 1.88679245283019e-05 0.000113207547169811 0.000113207547169811 0.000113207547169811 1.88679245283019e-05 0.000113207547169811 0.000113207547169811 1.88679245283019e-05 1.88679245283019e-05 1.88679245283019e-05 1.88679245283019e-05 1.88679245283019e-05 1.88679245283019e-05 0.999018867924528 1.88679245283019e-05; % t D=0.1
0.0295660377358491 0.159679245283019 0.000113207547169811 0.000113207547169811 0.000113207547169811 0.229679245283019 0.229679245283019 0.000679245283018868 0.000113207547169811 0.179679245283019 0.169679245283019 0.000113207547169811 0.000113207547169811 0.000113207547169811 0.000113207547169811 0.000113207547169811 0.000113207547169811 0.000113207547169811 0.000113207547169811; % v D=0.1
9.43396226415094e-05 0.000113207547169811 1.88679245283019e-05 1.88679245283019e-05 1.88679245283019e-05 0.000113207547169811 0.000113207547169811 0.000113207547169811 1.88679245283019e-05 0.000113207547169811 0.000113207547169811 1.88679245283019e-05 0.999018867924528 1.88679245283019e-05 1.88679245283019e-05 1.88679245283019e-05 1.88679245283019e-05 1.88679245283019e-05 1.88679245283019e-05; % z D=0.1
