syllables = '$BDGKLPTVZbdgklptvz';
discounts = [0.1 0.2 0.3 0.4 0.5 0.6 0.7 0.8 0.9 0.95];
kn_probs = [0.000444444444444445 7.40740740740741e-05 0.133111111111111 0.186444444444444 7.40740740740741e-05 0.139777777777778 7.40740740740741e-05 7.40740740740741e-05 7.40740740740741e-05 7.40740740740741e-05 7.40740740740741e-05 0.193111111111111 7.40740740740741e-05 7.40740740740741e-05 7.40740740740741e-05 7.40740740740741e-05 0.173111111111111 0.173111111111111 7.40740740740741e-05; % $ D=0.1
0.239666666666667 0.000111111111111111 0.129666666666667 0.139666666666667 0.000111111111111111 0.000666666666666667 0.000111111111111111 0.000111111111111111 0.000111111111111111 0.000111111111111111 0.000111111111111111 0.209666666666667 0.000111111111111111 0.000111111111111111 0.000111111111111111 0.000111111111111111 0.149666666666667 0.129666666666667 0.000111111111111111; % B D=0.1
0.000111111111111111 1.85185185185185e-05 0.000111111111111111 0.000111111111111111 1.85185185185185e-05 0.000111111111111111 1.85185185185185e-05 0.999018518518519 1.85185185185185e-05 1.85185185185185e-05 1.85185185185185e-05 0.000111111111111111 1.85185185185185e-05 1.85185185185185e-05 1.85185185185185e-05 1.85185185185185e-05 0.000111111111111111 0.000111111111111111 1.85185185185185e-05; % D D=0.1
0.000111111111111111 1.85185185185185e-05 0.000111111111111111 0.000111111111111111 1.85185185185185e-05 0.000111111111111111 1.85185185185185e-05 1.85185185185185e-05 1.85185185185185e-05 1.85185185185185e-05 1.85185185185185e-05 0.000111111111111111 1.85185185185185e-05 1.85185185185185e-05 0.999018518518519 1.85185185185185e-05 0.000111111111111111 0.000111111111111111 1.85185185185185e-05; % G D=0.1
0.000111111111111111 0.999018518518519 0.000111111111111111 0.000111111111111111 1.85185185185185e-05 0.000111111111111111 1.85185185185185e-05 1.85185185185185e-05 1.85185185185185e-05 1.85185185185185e-05 1.85185185185185e-05 0.000111111111111111 1.85185185185185e-05 1.85185185185185e-05 1.85185185185185e-05 1.85185185185185e-05 0.000111111111111111 0.000111111111111111 1.85185185185185e-05; % K D=0.1
0.000111111111111111 1.85185185185185e-05 0.000111111111111111 0.000111111111111111 1.85185185185185e-05 0.000111111111111111 1.85185185185185e-05 1.85185185185185e-05 1.85185185185185e-05 1.85185185185185e-05 0.999018518518519 0.000111111111111111 1.85185185185185e-05 1.85185185185185e-05 1.85185185185185e-05 1.85185185185185e-05 0.000111111111111111 0.000111111111111111 1.85185185185185e-05; % L D=0.1
0.259666666666667 0.000111111111111111 0.179666666666667 0.199666666666667 0.000111111111111111 0.109666666666667 0.000111111111111111 0.000111111111111111 0.000111111111111111 0.000111111111111111 0.000111111111111111 0.129666666666667 0.000111111111111111 0.000111111111111111 0.000111111111111111 0.000111111111111111 0.000666666666666667 0.119666666666667 0.000111111111111111; % P D=0.1
0.000111111111111111 1.85185185185185e-05 0.000111111111111111 0.000111111111111111 1.85185185185185e-05 0.000111111111111111 1.85185185185185e-05 1.85185185185185e-05 1.85185185185185e-05 1.85185185185185e-05 1.85185185185185e-05 0.000111111111111111 1.85185185185185e-05 0.999018518518519 1.85185185185185e-05 1.85185185185185e-05 0.000111111111111111 0.000111111111111111 1.85185185185185e-05; % T D=0.1
0.000111111111111111 1.85185185185185e-05 0.000111111111111111 0.000111111111111111 1.85185185185185e-05 0.000111111111111111 1.85185185185185e-05 1.85185185185185e-05 1.85185185185185e-05 1.85185185185185e-05 1.85185185185185e-05 0.000111111111111111 0.999018518518519 1.85185185185185e-05 1.85185185185185e-05 1.85185185185185e-05 0.000111111111111111 0.000111111111111111 1.85185185185185e-05; % V D=0.1
0.249666666666667 0.000111111111111111 0.149666666666667 0.149666666666667 0.000111111111111111 0.169666666666667 0.000111111111111111 0.000111111111111111 0.000111111111111111 0.000111111111111111 0.000111111111111111 0.0996666666666667 0.000111111111111111 0.000111111111111111 0.000111111111111111 0.000111111111111111 0.179666666666667 0.000666666666666667 0.000111111111111111; % Z D=0.1
0.000111111111111111 1.85185185185185e-05 0.000111111111111111 0.000111111111111111 0.999018518518519 0.000111111111111111 1.85185185185185e-05 1.85185185185185e-05 1.85185185185185e-05 1.85185185185185e-05 1.85185185185185e-05 0.000111111111111111 1.85185185185185e-05 1.85185185185185e-05 1.85185185185185e-05 1.85185185185185e-05 0.000111111111111111 0.000111111111111111 1.85185185185185e-05; % b D=0.1
0.000111111111111111 1.85185185185185e-05 0.000111111111111111 0.000111111111111111 1.85185185185185e-05 0.000111111111111111 1.85185185185185e-05 1.85185185185185e-05 1.85185185185185e-05 1.85185185185185e-05 1.85185185185185e-05 0.000111111111111111 1.85185185185185e-05 1.85185185185185e-05 1.85185185185185e-05 0.999018518518519 0.000111111111111111 0.000111111111111111 1.85185185185185e-05; % d D=0.1
0.289666666666667 0.000111111111111111 0.159666666666667 0.000666666666666667 0.000111111111111111 0.189666666666667 0.000111111111111111 0.000111111111111111 0.000111111111111111 0.000111111111111111 0.000111111111111111 0.109666666666667 0.000111111111111111 0.000111111111111111 0.000111111111111111 0.000111111111111111 0.109666666666667 0.139666666666667 0.000111111111111111; % g D=0.1
0.269666666666667 0.000111111111111111 0.000666666666666667 0.109666666666667 0.000111111111111111 0.139666666666667 0.000111111111111111 0.000111111111111111 0.000111111111111111 0.000111111111111111 0.000111111111111111 0.159666666666667 0.000111111111111111 0.000111111111111111 0.000111111111111111 0.000111111111111111 0.149666666666667 0.169666666666667 0.000111111111111111; % k D=0.1
0.000111111111111111 1.85185185185185e-05 0.000111111111111111 0.000111111111111111 1.85185185185185e-05 0.000111111111111111 1.85185185185185e-05 1.85185185185185e-05 0.999018518518519 1.85185185185185e-05 1.85185185185185e-05 0.000111111111111111 1.85185185185185e-05 1.85185185185185e-05 1.85185185185185e-05 1.85185185185185e-05 0.000111111111111111 0.000111111111111111 1.85185185185185e-05; % l D=0.1
0.189666666666667 0.000111111111111111 0.179666666666667 0.119666666666667 0.000111111111111111 0.179666666666667 0.000111111111111111 0.000111111111111111 0.000111111111111111 0.000111111111111111 0.000111111111111111 0.000666666666666667 0.000111111111111111 0.000111111111111111 0.000111111111111111 0.000111111111111111 0.149666666666667 0.179666666666667 0.000111111111111111; % p D=0.1
0.000111111111111111 1.85185185185185e-05 0.000111111111111111 0.000111111111111111 1.85185185185185e-05 0.000111111111111111 0.999018518518519 1.85185185185185e-05 1.85185185185185e-05 1.85185185185185e-05 1.85185185185185e-05 0.000111111111111111 1.85185185185185e-05 1.85185185185185e-05 1.85185185185185e-05 1.85185185185185e-05 0.000111111111111111 0.000111111111111111 1.85185185185185e-05; % t D=0.1
0.000111111111111111 1.85185185185185e-05 0.000111111111111111 0.000111111111111111 1.85185185185185e-05 0.000111111111111111 1.85185185185185e-05 1.85185185185185e-05 1.85185185185185e-05 1.85185185185185e-05 1.85185185185185e-05 0.000111111111111111 1.85185185185185e-05 1.85185185185185e-05 1.85185185185185e-05 1.85185185185185e-05 0.000111111111111111 0.000111111111111111 0.999018518518519; % v D=0.1
0.000111111111111111 1.85185185185185e-05 0.000111111111111111 0.000111111111111111 1.85185185185185e-05 0.000111111111111111 1.85185185185185e-05 1.85185185185185e-05 1.85185185185185e-05 0.999018518518519 1.85185185185185e-05 0.000111111111111111 1.85185185185185e-05 1.85185185185185e-05 1.85185185185185e-05 1.85185185185185e-05 0.000111111111111111 0.000111111111111111 1.85185185185185e-05; % z D=0.1
0.000888888888888889 0.000148148148148148 0.132888888888889 0.186222222222222 0.000148148148148148 0.139555555555556 0.000148148148148148 0.000148148148148148 0.000148148148148148 0.000148148148148148 0.000148148148148148 0.192888888888889 0.000148148148148148 0.000148148148148148 0.000148148148148148 0.000148148148148148 0.172888888888889 0.172888888888889 0.000148148148148148; % $ D=0.2
0.239333333333333 0.000222222222222222 0.129333333333333 0.139333333333333 0.000222222222222222 0.00133333333333333 0.000222222222222222 0.000222222222222222 0.000222222222222222 0.000222222222222222 0.000222222222222222 0.209333333333333 0.000222222222222222 0.000222222222222222 0.000222222222222222 0.000222222222222222 0.149333333333333 0.129333333333333 0.000222222222222222; % B D=0.2
0.000222222222222222 3.7037037037037e-05 0.000222222222222222 0.000222222222222222 3.7037037037037e-05 0.000222222222222222 3.7037037037037e-05 0.998037037037037 3.7037037037037e-05 3.7037037037037e-05 3.7037037037037e-05 0.000222222222222222 3.7037037037037e-05 3.7037037037037e-05 3.7037037037037e-05 3.7037037037037e-05 0.000222222222222222 0.000222222222222222 3.7037037037037e-05; % D D=0.2
0.000222222222222222 3.7037037037037e-05 0.000222222222222222 0.000222222222222222 3.7037037037037e-05 0.000222222222222222 3.7037037037037e-05 3.7037037037037e-05 3.7037037037037e-05 3.7037037037037e-05 3.7037037037037e-05 0.000222222222222222 3.7037037037037e-05 3.7037037037037e-05 0.998037037037037 3.7037037037037e-05 0.000222222222222222 0.000222222222222222 3.7037037037037e-05; % G D=0.2
0.000222222222222222 0.998037037037037 0.000222222222222222 0.000222222222222222 3.7037037037037e-05 0.000222222222222222 3.7037037037037e-05 3.7037037037037e-05 3.7037037037037e-05 3.7037037037037e-05 3.7037037037037e-05 0.000222222222222222 3.7037037037037e-05 3.7037037037037e-05 3.7037037037037e-05 3.7037037037037e-05 0.000222222222222222 0.000222222222222222 3.7037037037037e-05; % K D=0.2
0.000222222222222222 3.7037037037037e-05 0.000222222222222222 0.000222222222222222 3.7037037037037e-05 0.000222222222222222 3.7037037037037e-05 3.7037037037037e-05 3.7037037037037e-05 3.7037037037037e-05 0.998037037037037 0.000222222222222222 3.7037037037037e-05 3.7037037037037e-05 3.7037037037037e-05 3.7037037037037e-05 0.000222222222222222 0.000222222222222222 3.7037037037037e-05; % L D=0.2
0.259333333333333 0.000222222222222222 0.179333333333333 0.199333333333333 0.000222222222222222 0.109333333333333 0.000222222222222222 0.000222222222222222 0.000222222222222222 0.000222222222222222 0.000222222222222222 0.129333333333333 0.000222222222222222 0.000222222222222222 0.000222222222222222 0.000222222222222222 0.00133333333333333 0.119333333333333 0.000222222222222222; % P D=0.2
0.000222222222222222 3.7037037037037e-05 0.000222222222222222 0.000222222222222222 3.7037037037037e-05 0.000222222222222222 3.7037037037037e-05 3.7037037037037e-05 3.7037037037037e-05 3.7037037037037e-05 3.7037037037037e-05 0.000222222222222222 3.7037037037037e-05 0.998037037037037 3.7037037037037e-05 3.7037037037037e-05 0.000222222222222222 0.000222222222222222 3.7037037037037e-05; % T D=0.2
0.000222222222222222 3.7037037037037e-05 0.000222222222222222 0.000222222222222222 3.7037037037037e-05 0.000222222222222222 3.7037037037037e-05 3.7037037037037e-05 3.7037037037037e-05 3.7037037037037e-05 3.7037037037037e-05 0.000222222222222222 0.998037037037037 3.7037037037037e-05 3.7037037037037e-05 3.7037037037037e-05 0.000222222222222222 0.000222222222222222 3.7037037037037e-05; % V D=0.2
0.249333333333333 0.000222222222222222 0.149333333333333 0.149333333333333 0.000222222222222222 0.169333333333333 0.000222222222222222 0.000222222222222222 0.000222222222222222 0.000222222222222222 0.000222222222222222 0.0993333333333333 0.000222222222222222 0.000222222222222222 0.000222222222222222 0.000222222222222222 0.179333333333333 0.00133333333333333 0.000222222222222222; % Z D=0.2
0.000222222222222222 3.7037037037037e-05 0.000222222222222222 0.000222222222222222 0.998037037037037 0.000222222222222222 3.7037037037037e-05 3.7037037037037e-05 3.7037037037037e-05 3.7037037037037e-05 3.7037037037037e-05 0.000222222222222222 3.7037037037037e-05 3.7037037037037e-05 3.7037037037037e-05 3.7037037037037e-05 0.000222222222222222 0.000222222222222222 3.7037037037037e-05; % b D=0.2
0.000222222222222222 3.7037037037037e-05 0.000222222222222222 0.000222222222222222 3.7037037037037e-05 0.000222222222222222 3.7037037037037e-05 3.7037037037037e-05 3.7037037037037e-05 3.7037037037037e-05 3.7037037037037e-05 0.000222222222222222 3.7037037037037e-05 3.7037037037037e-05 3.7037037037037e-05 0.998037037037037 0.000222222222222222 0.000222222222222222 3.7037037037037e-05; % d D=0.2
0.289333333333333 0.000222222222222222 0.159333333333333 0.00133333333333333 0.000222222222222222 0.189333333333333 0.000222222222222222 0.000222222222222222 0.000222222222222222 0.000222222222222222 0.000222222222222222 0.109333333333333 0.000222222222222222 0.000222222222222222 0.000222222222222222 0.000222222222222222 0.109333333333333 0.139333333333333 0.000222222222222222; % g D=0.2
0.269333333333333 0.000222222222222222 0.00133333333333333 0.109333333333333 0.000222222222222222 0.139333333333333 0.000222222222222222 0.000222222222222222 0.000222222222222222 0.000222222222222222 0.000222222222222222 0.159333333333333 0.000222222222222222 0.000222222222222222 0.000222222222222222 0.000222222222222222 0.149333333333333 0.169333333333333 0.000222222222222222; % k D=0.2
0.000222222222222222 3.7037037037037e-05 0.000222222222222222 0.000222222222222222 3.7037037037037e-05 0.000222222222222222 3.7037037037037e-05 3.7037037037037e-05 0.998037037037037 3.7037037037037e-05 3.7037037037037e-05 0.000222222222222222 3.7037037037037e-05 3.7037037037037e-05 3.7037037037037e-05 3.7037037037037e-05 0.000222222222222222 0.000222222222222222 3.7037037037037e-05; % l D=0.2
0.189333333333333 0.000222222222222222 0.179333333333333 0.119333333333333 0.000222222222222222 0.179333333333333 0.000222222222222222 0.000222222222222222 0.000222222222222222 0.000222222222222222 0.000222222222222222 0.00133333333333333 0.000222222222222222 0.000222222222222222 0.000222222222222222 0.000222222222222222 0.149333333333333 0.179333333333333 0.000222222222222222; % p D=0.2
0.000222222222222222 3.7037037037037e-05 0.000222222222222222 0.000222222222222222 3.7037037037037e-05 0.000222222222222222 0.998037037037037 3.7037037037037e-05 3.7037037037037e-05 3.7037037037037e-05 3.7037037037037e-05 0.000222222222222222 3.7037037037037e-05 3.7037037037037e-05 3.7037037037037e-05 3.7037037037037e-05 0.000222222222222222 0.000222222222222222 3.7037037037037e-05; % t D=0.2
0.000222222222222222 3.7037037037037e-05 0.000222222222222222 0.000222222222222222 3.7037037037037e-05 0.000222222222222222 3.7037037037037e-05 3.7037037037037e-05 3.7037037037037e-05 3.7037037037037e-05 3.7037037037037e-05 0.000222222222222222 3.7037037037037e-05 3.7037037037037e-05 3.7037037037037e-05 3.7037037037037e-05 0.000222222222222222 0.000222222222222222 0.998037037037037; % v D=0.2
0.000222222222222222 3.7037037037037e-05 0.000222222222222222 0.000222222222222222 3.7037037037037e-05 0.000222222222222222 3.7037037037037e-05 3.7037037037037e-05 3.7037037037037e-05 0.998037037037037 3.7037037037037e-05 0.000222222222222222 3.7037037037037e-05 3.7037037037037e-05 3.7037037037037e-05 3.7037037037037e-05 0.000222222222222222 0.000222222222222222 3.7037037037037e-05; % z D=0.2
0.00133333333333333 0.000222222222222222 0.132666666666667 0.186 0.000222222222222222 0.139333333333333 0.000222222222222222 0.000222222222222222 0.000222222222222222 0.000222222222222222 0.000222222222222222 0.192666666666667 0.000222222222222222 0.000222222222222222 0.000222222222222222 0.000222222222222222 0.172666666666667 0.172666666666667 0.000222222222222222; % $ D=0.3
0.239 0.000333333333333333 0.129 0.139 0.000333333333333333 0.002 0.000333333333333333 0.000333333333333333 0.000333333333333333 0.000333333333333333 0.000333333333333333 0.209 0.000333333333333333 0.000333333333333333 0.000333333333333333 0.000333333333333333 0.149 0.129 0.000333333333333333; % B D=0.3
0.000333333333333333 5.55555555555556e-05 0.000333333333333333 0.000333333333333333 5.55555555555556e-05 0.000333333333333333 5.55555555555556e-05 0.997055555555556 5.55555555555556e-05 5.55555555555556e-05 5.55555555555556e-05 0.000333333333333333 5.55555555555556e-05 5.55555555555556e-05 5.55555555555556e-05 5.55555555555556e-05 0.000333333333333333 0.000333333333333333 5.55555555555556e-05; % D D=0.3
0.000333333333333333 5.55555555555556e-05 0.000333333333333333 0.000333333333333333 5.55555555555556e-05 0.000333333333333333 5.55555555555556e-05 5.55555555555556e-05 5.55555555555556e-05 5.55555555555556e-05 5.55555555555556e-05 0.000333333333333333 5.55555555555556e-05 5.55555555555556e-05 0.997055555555556 5.55555555555556e-05 0.000333333333333333 0.000333333333333333 5.55555555555556e-05; % G D=0.3
0.000333333333333333 0.997055555555556 0.000333333333333333 0.000333333333333333 5.55555555555556e-05 0.000333333333333333 5.55555555555556e-05 5.55555555555556e-05 5.55555555555556e-05 5.55555555555556e-05 5.55555555555556e-05 0.000333333333333333 5.55555555555556e-05 5.55555555555556e-05 5.55555555555556e-05 5.55555555555556e-05 0.000333333333333333 0.000333333333333333 5.55555555555556e-05; % K D=0.3
0.000333333333333333 5.55555555555556e-05 0.000333333333333333 0.000333333333333333 5.55555555555556e-05 0.000333333333333333 5.55555555555556e-05 5.55555555555556e-05 5.55555555555556e-05 5.55555555555556e-05 0.997055555555556 0.000333333333333333 5.55555555555556e-05 5.55555555555556e-05 5.55555555555556e-05 5.55555555555556e-05 0.000333333333333333 0.000333333333333333 5.55555555555556e-05; % L D=0.3
0.259 0.000333333333333333 0.179 0.199 0.000333333333333333 0.109 0.000333333333333333 0.000333333333333333 0.000333333333333333 0.000333333333333333 0.000333333333333333 0.129 0.000333333333333333 0.000333333333333333 0.000333333333333333 0.000333333333333333 0.002 0.119 0.000333333333333333; % P D=0.3
0.000333333333333333 5.55555555555556e-05 0.000333333333333333 0.000333333333333333 5.55555555555556e-05 0.000333333333333333 5.55555555555556e-05 5.55555555555556e-05 5.55555555555556e-05 5.55555555555556e-05 5.55555555555556e-05 0.000333333333333333 5.55555555555556e-05 0.997055555555556 5.55555555555556e-05 5.55555555555556e-05 0.000333333333333333 0.000333333333333333 5.55555555555556e-05; % T D=0.3
0.000333333333333333 5.55555555555556e-05 0.000333333333333333 0.000333333333333333 5.55555555555556e-05 0.000333333333333333 5.55555555555556e-05 5.55555555555556e-05 5.55555555555556e-05 5.55555555555556e-05 5.55555555555556e-05 0.000333333333333333 0.997055555555556 5.55555555555556e-05 5.55555555555556e-05 5.55555555555556e-05 0.000333333333333333 0.000333333333333333 5.55555555555556e-05; % V D=0.3
0.249 0.000333333333333333 0.149 0.149 0.000333333333333333 0.169 0.000333333333333333 0.000333333333333333 0.000333333333333333 0.000333333333333333 0.000333333333333333 0.099 0.000333333333333333 0.000333333333333333 0.000333333333333333 0.000333333333333333 0.179 0.002 0.000333333333333333; % Z D=0.3
0.000333333333333333 5.55555555555556e-05 0.000333333333333333 0.000333333333333333 0.997055555555556 0.000333333333333333 5.55555555555556e-05 5.55555555555556e-05 5.55555555555556e-05 5.55555555555556e-05 5.55555555555556e-05 0.000333333333333333 5.55555555555556e-05 5.55555555555556e-05 5.55555555555556e-05 5.55555555555556e-05 0.000333333333333333 0.000333333333333333 5.55555555555556e-05; % b D=0.3
0.000333333333333333 5.55555555555556e-05 0.000333333333333333 0.000333333333333333 5.55555555555556e-05 0.000333333333333333 5.55555555555556e-05 5.55555555555556e-05 5.55555555555556e-05 5.55555555555556e-05 5.55555555555556e-05 0.000333333333333333 5.55555555555556e-05 5.55555555555556e-05 5.55555555555556e-05 0.997055555555556 0.000333333333333333 0.000333333333333333 5.55555555555556e-05; % d D=0.3
0.289 0.000333333333333333 0.159 0.002 0.000333333333333333 0.189 0.000333333333333333 0.000333333333333333 0.000333333333333333 0.000333333333333333 0.000333333333333333 0.109 0.000333333333333333 0.000333333333333333 0.000333333333333333 0.000333333333333333 0.109 0.139 0.000333333333333333; % g D=0.3
0.269 0.000333333333333333 0.002 0.109 0.000333333333333333 0.139 0.000333333333333333 0.000333333333333333 0.000333333333333333 0.000333333333333333 0.000333333333333333 0.159 0.000333333333333333 0.000333333333333333 0.000333333333333333 0.000333333333333333 0.149 0.169 0.000333333333333333; % k D=0.3
0.000333333333333333 5.55555555555556e-05 0.000333333333333333 0.000333333333333333 5.55555555555556e-05 0.000333333333333333 5.55555555555556e-05 5.55555555555556e-05 0.997055555555556 5.55555555555556e-05 5.55555555555556e-05 0.000333333333333333 5.55555555555556e-05 5.55555555555556e-05 5.55555555555556e-05 5.55555555555556e-05 0.000333333333333333 0.000333333333333333 5.55555555555556e-05; % l D=0.3
0.189 0.000333333333333333 0.179 0.119 0.000333333333333333 0.179 0.000333333333333333 0.000333333333333333 0.000333333333333333 0.000333333333333333 0.000333333333333333 0.002 0.000333333333333333 0.000333333333333333 0.000333333333333333 0.000333333333333333 0.149 0.179 0.000333333333333333; % p D=0.3
0.000333333333333333 5.55555555555556e-05 0.000333333333333333 0.000333333333333333 5.55555555555556e-05 0.000333333333333333 0.997055555555556 5.55555555555556e-05 5.55555555555556e-05 5.55555555555556e-05 5.55555555555556e-05 0.000333333333333333 5.55555555555556e-05 5.55555555555556e-05 5.55555555555556e-05 5.55555555555556e-05 0.000333333333333333 0.000333333333333333 5.55555555555556e-05; % t D=0.3
0.000333333333333333 5.55555555555556e-05 0.000333333333333333 0.000333333333333333 5.55555555555556e-05 0.000333333333333333 5.55555555555556e-05 5.55555555555556e-05 5.55555555555556e-05 5.55555555555556e-05 5.55555555555556e-05 0.000333333333333333 5.55555555555556e-05 5.55555555555556e-05 5.55555555555556e-05 5.55555555555556e-05 0.000333333333333333 0.000333333333333333 0.997055555555556; % v D=0.3
0.000333333333333333 5.55555555555556e-05 0.000333333333333333 0.000333333333333333 5.55555555555556e-05 0.000333333333333333 5.55555555555556e-05 5.55555555555556e-05 5.55555555555556e-05 0.997055555555556 5.55555555555556e-05 0.000333333333333333 5.55555555555556e-05 5.55555555555556e-05 5.55555555555556e-05 5.55555555555556e-05 0.000333333333333333 0.000333333333333333 5.55555555555556e-05; % z D=0.3
0.00177777777777778 0.000296296296296296 0.132444444444444 0.185777777777778 0.000296296296296296 0.139111111111111 0.000296296296296296 0.000296296296296296 0.000296296296296296 0.000296296296296296 0.000296296296296296 0.192444444444444 0.000296296296296296 0.000296296296296296 0.000296296296296296 0.000296296296296296 0.172444444444444 0.172444444444444 0.000296296296296296; % $ D=0.4
0.238666666666667 0.000444444444444445 0.128666666666667 0.138666666666667 0.000444444444444445 0.00266666666666667 0.000444444444444445 0.000444444444444445 0.000444444444444445 0.000444444444444445 0.000444444444444445 0.208666666666667 0.000444444444444445 0.000444444444444445 0.000444444444444445 0.000444444444444445 0.148666666666667 0.128666666666667 0.000444444444444445; % B D=0.4
0.000444444444444445 7.40740740740741e-05 0.000444444444444445 0.000444444444444445 7.40740740740741e-05 0.000444444444444445 7.40740740740741e-05 0.996074074074074 7.40740740740741e-05 7.40740740740741e-05 7.40740740740741e-05 0.000444444444444445 7.40740740740741e-05 7.40740740740741e-05 7.40740740740741e-05 7.40740740740741e-05 0.000444444444444445 0.000444444444444445 7.40740740740741e-05; % D D=0.4
0.000444444444444445 7.40740740740741e-05 0.000444444444444445 0.000444444444444445 7.40740740740741e-05 0.000444444444444445 7.40740740740741e-05 7.40740740740741e-05 7.40740740740741e-05 7.40740740740741e-05 7.40740740740741e-05 0.000444444444444445 7.40740740740741e-05 7.40740740740741e-05 0.996074074074074 7.40740740740741e-05 0.000444444444444445 0.000444444444444445 7.40740740740741e-05; % G D=0.4
0.000444444444444445 0.996074074074074 0.000444444444444445 0.000444444444444445 7.40740740740741e-05 0.000444444444444445 7.40740740740741e-05 7.40740740740741e-05 7.40740740740741e-05 7.40740740740741e-05 7.40740740740741e-05 0.000444444444444445 7.40740740740741e-05 7.40740740740741e-05 7.40740740740741e-05 7.40740740740741e-05 0.000444444444444445 0.000444444444444445 7.40740740740741e-05; % K D=0.4
0.000444444444444445 7.40740740740741e-05 0.000444444444444445 0.000444444444444445 7.40740740740741e-05 0.000444444444444445 7.40740740740741e-05 7.40740740740741e-05 7.40740740740741e-05 7.40740740740741e-05 0.996074074074074 0.000444444444444445 7.40740740740741e-05 7.40740740740741e-05 7.40740740740741e-05 7.40740740740741e-05 0.000444444444444445 0.000444444444444445 7.40740740740741e-05; % L D=0.4
0.258666666666667 0.000444444444444445 0.178666666666667 0.198666666666667 0.000444444444444445 0.108666666666667 0.000444444444444445 0.000444444444444445 0.000444444444444445 0.000444444444444445 0.000444444444444445 0.128666666666667 0.000444444444444445 0.000444444444444445 0.000444444444444445 0.000444444444444445 0.00266666666666667 0.118666666666667 0.000444444444444445; % P D=0.4
0.000444444444444445 7.40740740740741e-05 0.000444444444444445 0.000444444444444445 7.40740740740741e-05 0.000444444444444445 7.40740740740741e-05 7.40740740740741e-05 7.40740740740741e-05 7.40740740740741e-05 7.40740740740741e-05 0.000444444444444445 7.40740740740741e-05 0.996074074074074 7.40740740740741e-05 7.40740740740741e-05 0.000444444444444445 0.000444444444444445 7.40740740740741e-05; % T D=0.4
0.000444444444444445 7.40740740740741e-05 0.000444444444444445 0.000444444444444445 7.40740740740741e-05 0.000444444444444445 7.40740740740741e-05 7.40740740740741e-05 7.40740740740741e-05 7.40740740740741e-05 7.40740740740741e-05 0.000444444444444445 0.996074074074074 7.40740740740741e-05 7.40740740740741e-05 7.40740740740741e-05 0.000444444444444445 0.000444444444444445 7.40740740740741e-05; % V D=0.4
0.248666666666667 0.000444444444444445 0.148666666666667 0.148666666666667 0.000444444444444445 0.168666666666667 0.000444444444444445 0.000444444444444445 0.000444444444444445 0.000444444444444445 0.000444444444444445 0.0986666666666667 0.000444444444444445 0.000444444444444445 0.000444444444444445 0.000444444444444445 0.178666666666667 0.00266666666666667 0.000444444444444445; % Z D=0.4
0.000444444444444445 7.40740740740741e-05 0.000444444444444445 0.000444444444444445 0.996074074074074 0.000444444444444445 7.40740740740741e-05 7.40740740740741e-05 7.40740740740741e-05 7.40740740740741e-05 7.40740740740741e-05 0.000444444444444445 7.40740740740741e-05 7.40740740740741e-05 7.40740740740741e-05 7.40740740740741e-05 0.000444444444444445 0.000444444444444445 7.40740740740741e-05; % b D=0.4
0.000444444444444445 7.40740740740741e-05 0.000444444444444445 0.000444444444444445 7.40740740740741e-05 0.000444444444444445 7.40740740740741e-05 7.40740740740741e-05 7.40740740740741e-05 7.40740740740741e-05 7.40740740740741e-05 0.000444444444444445 7.40740740740741e-05 7.40740740740741e-05 7.40740740740741e-05 0.996074074074074 0.000444444444444445 0.000444444444444445 7.40740740740741e-05; % d D=0.4
0.288666666666667 0.000444444444444445 0.158666666666667 0.00266666666666667 0.000444444444444445 0.188666666666667 0.000444444444444445 0.000444444444444445 0.000444444444444445 0.000444444444444445 0.000444444444444445 0.108666666666667 0.000444444444444445 0.000444444444444445 0.000444444444444445 0.000444444444444445 0.108666666666667 0.138666666666667 0.000444444444444445; % g D=0.4
0.268666666666667 0.000444444444444445 0.00266666666666667 0.108666666666667 0.000444444444444445 0.138666666666667 0.000444444444444445 0.000444444444444445 0.000444444444444445 0.000444444444444445 0.000444444444444445 0.158666666666667 0.000444444444444445 0.000444444444444445 0.000444444444444445 0.000444444444444445 0.148666666666667 0.168666666666667 0.000444444444444445; % k D=0.4
0.000444444444444445 7.40740740740741e-05 0.000444444444444445 0.000444444444444445 7.40740740740741e-05 0.000444444444444445 7.40740740740741e-05 7.40740740740741e-05 0.996074074074074 7.40740740740741e-05 7.40740740740741e-05 0.000444444444444445 7.40740740740741e-05 7.40740740740741e-05 7.40740740740741e-05 7.40740740740741e-05 0.000444444444444445 0.000444444444444445 7.40740740740741e-05; % l D=0.4
0.188666666666667 0.000444444444444445 0.178666666666667 0.118666666666667 0.000444444444444445 0.178666666666667 0.000444444444444445 0.000444444444444445 0.000444444444444445 0.000444444444444445 0.000444444444444445 0.00266666666666667 0.000444444444444445 0.000444444444444445 0.000444444444444445 0.000444444444444445 0.148666666666667 0.178666666666667 0.000444444444444445; % p D=0.4
0.000444444444444445 7.40740740740741e-05 0.000444444444444445 0.000444444444444445 7.40740740740741e-05 0.000444444444444445 0.996074074074074 7.40740740740741e-05 7.40740740740741e-05 7.40740740740741e-05 7.40740740740741e-05 0.000444444444444445 7.40740740740741e-05 7.40740740740741e-05 7.40740740740741e-05 7.40740740740741e-05 0.000444444444444445 0.000444444444444445 7.40740740740741e-05; % t D=0.4
0.000444444444444445 7.40740740740741e-05 0.000444444444444445 0.000444444444444445 7.40740740740741e-05 0.000444444444444445 7.40740740740741e-05 7.40740740740741e-05 7.40740740740741e-05 7.40740740740741e-05 7.40740740740741e-05 0.000444444444444445 7.40740740740741e-05 7.40740740740741e-05 7.40740740740741e-05 7.40740740740741e-05 0.000444444444444445 0.000444444444444445 0.996074074074074; % v D=0.4
0.000444444444444445 7.40740740740741e-05 0.000444444444444445 0.000444444444444445 7.40740740740741e-05 0.000444444444444445 7.40740740740741e-05 7.40740740740741e-05 7.40740740740741e-05 0.996074074074074 7.40740740740741e-05 0.000444444444444445 7.40740740740741e-05 7.40740740740741e-05 7.40740740740741e-05 7.40740740740741e-05 0.000444444444444445 0.000444444444444445 7.40740740740741e-05; % z D=0.4
0.00222222222222222 0.00037037037037037 0.132222222222222 0.185555555555556 0.00037037037037037 0.138888888888889 0.00037037037037037 0.00037037037037037 0.00037037037037037 0.00037037037037037 0.00037037037037037 0.192222222222222 0.00037037037037037 0.00037037037037037 0.00037037037037037 0.00037037037037037 0.172222222222222 0.172222222222222 0.00037037037037037; % $ D=0.5
0.238333333333333 0.000555555555555556 0.128333333333333 0.138333333333333 0.000555555555555556 0.00333333333333333 0.000555555555555556 0.000555555555555556 0.000555555555555556 0.000555555555555556 0.000555555555555556 0.208333333333333 0.000555555555555556 0.000555555555555556 0.000555555555555556 0.000555555555555556 0.148333333333333 0.128333333333333 0.000555555555555556; % B D=0.5
0.000555555555555556 9.25925925925926e-05 0.000555555555555556 0.000555555555555556 9.25925925925926e-05 0.000555555555555556 9.25925925925926e-05 0.995092592592593 9.25925925925926e-05 9.25925925925926e-05 9.25925925925926e-05 0.000555555555555556 9.25925925925926e-05 9.25925925925926e-05 9.25925925925926e-05 9.25925925925926e-05 0.000555555555555556 0.000555555555555556 9.25925925925926e-05; % D D=0.5
0.000555555555555556 9.25925925925926e-05 0.000555555555555556 0.000555555555555556 9.25925925925926e-05 0.000555555555555556 9.25925925925926e-05 9.25925925925926e-05 9.25925925925926e-05 9.25925925925926e-05 9.25925925925926e-05 0.000555555555555556 9.25925925925926e-05 9.25925925925926e-05 0.995092592592593 9.25925925925926e-05 0.000555555555555556 0.000555555555555556 9.25925925925926e-05; % G D=0.5
0.000555555555555556 0.995092592592593 0.000555555555555556 0.000555555555555556 9.25925925925926e-05 0.000555555555555556 9.25925925925926e-05 9.25925925925926e-05 9.25925925925926e-05 9.25925925925926e-05 9.25925925925926e-05 0.000555555555555556 9.25925925925926e-05 9.25925925925926e-05 9.25925925925926e-05 9.25925925925926e-05 0.000555555555555556 0.000555555555555556 9.25925925925926e-05; % K D=0.5
0.000555555555555556 9.25925925925926e-05 0.000555555555555556 0.000555555555555556 9.25925925925926e-05 0.000555555555555556 9.25925925925926e-05 9.25925925925926e-05 9.25925925925926e-05 9.25925925925926e-05 0.995092592592593 0.000555555555555556 9.25925925925926e-05 9.25925925925926e-05 9.25925925925926e-05 9.25925925925926e-05 0.000555555555555556 0.000555555555555556 9.25925925925926e-05; % L D=0.5
0.258333333333333 0.000555555555555556 0.178333333333333 0.198333333333333 0.000555555555555556 0.108333333333333 0.000555555555555556 0.000555555555555556 0.000555555555555556 0.000555555555555556 0.000555555555555556 0.128333333333333 0.000555555555555556 0.000555555555555556 0.000555555555555556 0.000555555555555556 0.00333333333333333 0.118333333333333 0.000555555555555556; % P D=0.5
0.000555555555555556 9.25925925925926e-05 0.000555555555555556 0.000555555555555556 9.25925925925926e-05 0.000555555555555556 9.25925925925926e-05 9.25925925925926e-05 9.25925925925926e-05 9.25925925925926e-05 9.25925925925926e-05 0.000555555555555556 9.25925925925926e-05 0.995092592592593 9.25925925925926e-05 9.25925925925926e-05 0.000555555555555556 0.000555555555555556 9.25925925925926e-05; % T D=0.5
0.000555555555555556 9.25925925925926e-05 0.000555555555555556 0.000555555555555556 9.25925925925926e-05 0.000555555555555556 9.25925925925926e-05 9.25925925925926e-05 9.25925925925926e-05 9.25925925925926e-05 9.25925925925926e-05 0.000555555555555556 0.995092592592593 9.25925925925926e-05 9.25925925925926e-05 9.25925925925926e-05 0.000555555555555556 0.000555555555555556 9.25925925925926e-05; % V D=0.5
0.248333333333333 0.000555555555555556 0.148333333333333 0.148333333333333 0.000555555555555556 0.168333333333333 0.000555555555555556 0.000555555555555556 0.000555555555555556 0.000555555555555556 0.000555555555555556 0.0983333333333333 0.000555555555555556 0.000555555555555556 0.000555555555555556 0.000555555555555556 0.178333333333333 0.00333333333333333 0.000555555555555556; % Z D=0.5
0.000555555555555556 9.25925925925926e-05 0.000555555555555556 0.000555555555555556 0.995092592592593 0.000555555555555556 9.25925925925926e-05 9.25925925925926e-05 9.25925925925926e-05 9.25925925925926e-05 9.25925925925926e-05 0.000555555555555556 9.25925925925926e-05 9.25925925925926e-05 9.25925925925926e-05 9.25925925925926e-05 0.000555555555555556 0.000555555555555556 9.25925925925926e-05; % b D=0.5
0.000555555555555556 9.25925925925926e-05 0.000555555555555556 0.000555555555555556 9.25925925925926e-05 0.000555555555555556 9.25925925925926e-05 9.25925925925926e-05 9.25925925925926e-05 9.25925925925926e-05 9.25925925925926e-05 0.000555555555555556 9.25925925925926e-05 9.25925925925926e-05 9.25925925925926e-05 0.995092592592593 0.000555555555555556 0.000555555555555556 9.25925925925926e-05; % d D=0.5
0.288333333333333 0.000555555555555556 0.158333333333333 0.00333333333333333 0.000555555555555556 0.188333333333333 0.000555555555555556 0.000555555555555556 0.000555555555555556 0.000555555555555556 0.000555555555555556 0.108333333333333 0.000555555555555556 0.000555555555555556 0.000555555555555556 0.000555555555555556 0.108333333333333 0.138333333333333 0.000555555555555556; % g D=0.5
0.268333333333333 0.000555555555555556 0.00333333333333333 0.108333333333333 0.000555555555555556 0.138333333333333 0.000555555555555556 0.000555555555555556 0.000555555555555556 0.000555555555555556 0.000555555555555556 0.158333333333333 0.000555555555555556 0.000555555555555556 0.000555555555555556 0.000555555555555556 0.148333333333333 0.168333333333333 0.000555555555555556; % k D=0.5
0.000555555555555556 9.25925925925926e-05 0.000555555555555556 0.000555555555555556 9.25925925925926e-05 0.000555555555555556 9.25925925925926e-05 9.25925925925926e-05 0.995092592592593 9.25925925925926e-05 9.25925925925926e-05 0.000555555555555556 9.25925925925926e-05 9.25925925925926e-05 9.25925925925926e-05 9.25925925925926e-05 0.000555555555555556 0.000555555555555556 9.25925925925926e-05; % l D=0.5
0.188333333333333 0.000555555555555556 0.178333333333333 0.118333333333333 0.000555555555555556 0.178333333333333 0.000555555555555556 0.000555555555555556 0.000555555555555556 0.000555555555555556 0.000555555555555556 0.00333333333333333 0.000555555555555556 0.000555555555555556 0.000555555555555556 0.000555555555555556 0.148333333333333 0.178333333333333 0.000555555555555556; % p D=0.5
0.000555555555555556 9.25925925925926e-05 0.000555555555555556 0.000555555555555556 9.25925925925926e-05 0.000555555555555556 0.995092592592593 9.25925925925926e-05 9.25925925925926e-05 9.25925925925926e-05 9.25925925925926e-05 0.000555555555555556 9.25925925925926e-05 9.25925925925926e-05 9.25925925925926e-05 9.25925925925926e-05 0.000555555555555556 0.000555555555555556 9.25925925925926e-05; % t D=0.5
0.000555555555555556 9.25925925925926e-05 0.000555555555555556 0.000555555555555556 9.25925925925926e-05 0.000555555555555556 9.25925925925926e-05 9.25925925925926e-05 9.25925925925926e-05 9.25925925925926e-05 9.25925925925926e-05 0.000555555555555556 9.25925925925926e-05 9.25925925925926e-05 9.25925925925926e-05 9.25925925925926e-05 0.000555555555555556 0.000555555555555556 0.995092592592593; % v D=0.5
0.000555555555555556 9.25925925925926e-05 0.000555555555555556 0.000555555555555556 9.25925925925926e-05 0.000555555555555556 9.25925925925926e-05 9.25925925925926e-05 9.25925925925926e-05 0.995092592592593 9.25925925925926e-05 0.000555555555555556 9.25925925925926e-05 9.25925925925926e-05 9.25925925925926e-05 9.25925925925926e-05 0.000555555555555556 0.000555555555555556 9.25925925925926e-05; % z D=0.5
0.00266666666666667 0.000444444444444444 0.132 0.185333333333333 0.000444444444444444 0.138666666666667 0.000444444444444444 0.000444444444444444 0.000444444444444444 0.000444444444444444 0.000444444444444444 0.192 0.000444444444444444 0.000444444444444444 0.000444444444444444 0.000444444444444444 0.172 0.172 0.000444444444444444; % $ D=0.6
0.238 0.000666666666666667 0.128 0.138 0.000666666666666667 0.004 0.000666666666666667 0.000666666666666667 0.000666666666666667 0.000666666666666667 0.000666666666666667 0.208 0.000666666666666667 0.000666666666666667 0.000666666666666667 0.000666666666666667 0.148 0.128 0.000666666666666667; % B D=0.6
0.000666666666666667 0.000111111111111111 0.000666666666666667 0.000666666666666667 0.000111111111111111 0.000666666666666667 0.000111111111111111 0.994111111111111 0.000111111111111111 0.000111111111111111 0.000111111111111111 0.000666666666666667 0.000111111111111111 0.000111111111111111 0.000111111111111111 0.000111111111111111 0.000666666666666667 0.000666666666666667 0.000111111111111111; % D D=0.6
0.000666666666666667 0.000111111111111111 0.000666666666666667 0.000666666666666667 0.000111111111111111 0.000666666666666667 0.000111111111111111 0.000111111111111111 0.000111111111111111 0.000111111111111111 0.000111111111111111 0.000666666666666667 0.000111111111111111 0.000111111111111111 0.994111111111111 0.000111111111111111 0.000666666666666667 0.000666666666666667 0.000111111111111111; % G D=0.6
0.000666666666666667 0.994111111111111 0.000666666666666667 0.000666666666666667 0.000111111111111111 0.000666666666666667 0.000111111111111111 0.000111111111111111 0.000111111111111111 0.000111111111111111 0.000111111111111111 0.000666666666666667 0.000111111111111111 0.000111111111111111 0.000111111111111111 0.000111111111111111 0.000666666666666667 0.000666666666666667 0.000111111111111111; % K D=0.6
0.000666666666666667 0.000111111111111111 0.000666666666666667 0.000666666666666667 0.000111111111111111 0.000666666666666667 0.000111111111111111 0.000111111111111111 0.000111111111111111 0.000111111111111111 0.994111111111111 0.000666666666666667 0.000111111111111111 0.000111111111111111 0.000111111111111111 0.000111111111111111 0.000666666666666667 0.000666666666666667 0.000111111111111111; % L D=0.6
