syllables = '$BDGKLPTVZbdgklptvz';
discounts = [0.1 0.2 0.3 0.4 0.5 0.6 0.7 0.8 0.9 0.95];
kn_probs = [0.00126315789473684 0.000210526315789474 0.000210526315789474 0.159263157894737 0.000210526315789474 0.000210526315789474 0.199263157894737 0.000210526315789474 0.159473684210526 0.000210526315789474 0.0994736842105263 0.179263157894737 0.000210526315789474 0.000210526315789474 0.000210526315789474 0.000210526315789474 0.000210526315789474 0.000210526315789474 0.199473684210526; % $ D=0.1
0.0896315789473684 0.000105263157894737 0.000105263157894737 0.139631578947368 0.000105263157894737 0.000105263157894737 0.000631578947368421 0.000105263157894737 0.129736842105263 0.000105263157894737 0.229736842105263 0.229631578947368 0.000105263157894737 0.000105263157894737 0.000105263157894737 0.000105263157894737 0.000105263157894737 0.000105263157894737 0.179736842105263; % B D=0.1
0.000105263157894737 1.75438596491228e-05 1.75438596491228e-05 0.000105263157894737 1.75438596491228e-05 1.75438596491228e-05 0.000105263157894737 0.999017543859649 0.00012280701754386 1.75438596491228e-05 0.00012280701754386 0.000105263157894737 1.75438596491228e-05 1.75438596491228e-05 1.75438596491228e-05 1.75438596491228e-05 1.75438596491228e-05 1.75438596491228e-05 0.00012280701754386; % D D=0.1
0.000105263157894737 1.75438596491228e-05 1.75438596491228e-05 0.000105263157894737 1.75438596491228e-05 0.999017543859649 0.000105263157894737 1.75438596491228e-05 0.00012280701754386 1.75438596491228e-05 0.00012280701754386 0.000105263157894737 1.75438596491228e-05 1.75438596491228e-05 1.75438596491228e-05 1.75438596491228e-05 1.75438596491228e-05 1.75438596491228e-05 0.00012280701754386; % G D=0.1
0.000105263157894737 1.75438596491228e-05 1.75438596491228e-05 0.000105263157894737 1.75438596491228e-05 1.75438596491228e-05 0.000105263157894737 1.75438596491228e-05 0.00012280701754386 1.75438596491228e-05 0.00012280701754386 0.000105263157894737 1.75438596491228e-05 0.999017543859649 1.75438596491228e-05 1.75438596491228e-05 1.75438596491228e-05 1.75438596491228e-05 0.00012280701754386; % K D=0.1
0.119631578947368 0.000105263157894737 0.000105263157894737 0.000631578947368421 0.000105263157894737 0.000105263157894737 0.149631578947368 0.000105263157894737 0.189736842105263 0.000105263157894737 0.229736842105263 0.149631578947368 0.000105263157894737 0.000105263157894737 0.000105263157894737 0.000105263157894737 0.000105263157894737 0.000105263157894737 0.159736842105263; % L D=0.1
0.000105263157894737 1.75438596491228e-05 1.75438596491228e-05 0.000105263157894737 1.75438596491228e-05 1.75438596491228e-05 0.000105263157894737 1.75438596491228e-05 0.00012280701754386 1.75438596491228e-05 0.00012280701754386 0.000105263157894737 1.75438596491228e-05 1.75438596491228e-05 1.75438596491228e-05 0.999017543859649 1.75438596491228e-05 1.75438596491228e-05 0.00012280701754386; % P D=0.1
0.0597368421052632 0.00012280701754386 0.00012280701754386 0.199736842105263 0.00012280701754386 0.00012280701754386 0.219736842105263 0.00012280701754386 0.179859649122807 0.00012280701754386 0.189859649122807 0.139736842105263 0.00012280701754386 0.00012280701754386 0.00012280701754386 0.00012280701754386 0.00012280701754386 0.00012280701754386 0.00985964912280702; % T D=0.1
0.000105263157894737 1.75438596491228e-05 1.75438596491228e-05 0.000105263157894737 0.999017543859649 1.75438596491228e-05 0.000105263157894737 1.75438596491228e-05 0.00012280701754386 1.75438596491228e-05 0.00012280701754386 0.000105263157894737 1.75438596491228e-05 1.75438596491228e-05 1.75438596491228e-05 1.75438596491228e-05 1.75438596491228e-05 1.75438596491228e-05 0.00012280701754386; % V D=0.1
0.000105263157894737 1.75438596491228e-05 1.75438596491228e-05 0.000105263157894737 1.75438596491228e-05 1.75438596491228e-05 0.000105263157894737 1.75438596491228e-05 0.00012280701754386 1.75438596491228e-05 0.00012280701754386 0.000105263157894737 1.75438596491228e-05 1.75438596491228e-05 1.75438596491228e-05 1.75438596491228e-05 0.999017543859649 1.75438596491228e-05 0.00012280701754386; % Z D=0.1
0.000105263157894737 1.75438596491228e-05 1.75438596491228e-05 0.000105263157894737 1.75438596491228e-05 1.75438596491228e-05 0.000105263157894737 1.75438596491228e-05 0.00012280701754386 1.75438596491228e-05 0.00012280701754386 0.000105263157894737 1.75438596491228e-05 1.75438596491228e-05 0.999017543859649 1.75438596491228e-05 1.75438596491228e-05 1.75438596491228e-05 0.00012280701754386; % b D=0.1
0.000105263157894737 1.75438596491228e-05 1.75438596491228e-05 0.000105263157894737 1.75438596491228e-05 1.75438596491228e-05 0.000105263157894737 1.75438596491228e-05 0.00012280701754386 1.75438596491228e-05 0.00012280701754386 0.000105263157894737 0.999017543859649 1.75438596491228e-05 1.75438596491228e-05 1.75438596491228e-05 1.75438596491228e-05 1.75438596491228e-05 0.00012280701754386; % d D=0.1
0.000105263157894737 1.75438596491228e-05 1.75438596491228e-05 0.000105263157894737 1.75438596491228e-05 1.75438596491228e-05 0.000105263157894737 1.75438596491228e-05 0.00012280701754386 0.999017543859649 0.00012280701754386 0.000105263157894737 1.75438596491228e-05 1.75438596491228e-05 1.75438596491228e-05 1.75438596491228e-05 1.75438596491228e-05 1.75438596491228e-05 0.00012280701754386; % g D=0.1
0.0797368421052632 0.00012280701754386 0.00012280701754386 0.199736842105263 0.00012280701754386 0.00012280701754386 0.179736842105263 0.00012280701754386 0.00985964912280702 0.00012280701754386 0.159859649122807 0.139736842105263 0.00012280701754386 0.00012280701754386 0.00012280701754386 0.00012280701754386 0.00012280701754386 0.00012280701754386 0.229859649122807; % k D=0.1
0.0697368421052632 0.00012280701754386 0.00012280701754386 0.109736842105263 0.00012280701754386 0.00012280701754386 0.169736842105263 0.00012280701754386 0.179859649122807 0.00012280701754386 0.00985964912280702 0.249736842105263 0.00012280701754386 0.00012280701754386 0.00012280701754386 0.00012280701754386 0.00012280701754386 0.00012280701754386 0.209859649122807; % l D=0.1
0.000105263157894737 0.999017543859649 1.75438596491228e-05 0.000105263157894737 1.75438596491228e-05 1.75438596491228e-05 0.000105263157894737 1.75438596491228e-05 0.00012280701754386 1.75438596491228e-05 0.00012280701754386 0.000105263157894737 1.75438596491228e-05 1.75438596491228e-05 1.75438596491228e-05 1.75438596491228e-05 1.75438596491228e-05 1.75438596491228e-05 0.00012280701754386; % p D=0.1
0.0796315789473684 0.000105263157894737 0.000105263157894737 0.269631578947368 0.000105263157894737 0.000105263157894737 0.179631578947368 0.000105263157894737 0.229736842105263 0.000105263157894737 0.129736842105263 0.000631578947368421 0.000105263157894737 0.000105263157894737 0.000105263157894737 0.000105263157894737 0.000105263157894737 0.000105263157894737 0.109736842105263; % t D=0.1
0.000105263157894737 1.75438596491228e-05 0.999017543859649 0.000105263157894737 1.75438596491228e-05 1.75438596491228e-05 0.000105263157894737 1.75438596491228e-05 0.00012280701754386 1.75438596491228e-05 0.00012280701754386 0.000105263157894737 1.75438596491228e-05 1.75438596491228e-05 1.75438596491228e-05 1.75438596491228e-05 1.75438596491228e-05 1.75438596491228e-05 0.00012280701754386; % v D=0.1
0.000105263157894737 1.75438596491228e-05 1.75438596491228e-05 0.000105263157894737 1.75438596491228e-05 1.75438596491228e-05 0.000105263157894737 1.75438596491228e-05 0.00012280701754386 1.75438596491228e-05 0.00012280701754386 0.000105263157894737 1.75438596491228e-05 1.75438596491228e-05 1.75438596491228e-05 1.75438596491228e-05 1.75438596491228e-05 0.999017543859649 0.00012280701754386; % z D=0.1
