syllables = '$BDGKLPTVZbdgklptvz';
discounts = [0.1 0.2 0.3 0.4 0.5 0.6 0.7 0.8 0.9 0.95];
kn_probs = [0.00378787878787879 0.000946969696969697 0.246401515151515 0.162121212121212 0.000946969696969697 0.000946969696969697 0.000946969696969697 0.000946969696969697 0.000946969696969697 0.163068181818182 0.000946969696969697 0.000946969696969697 0.000946969696969697 0.000946969696969697 0.000946969696969697 0.000946969696969697 0.246401515151515 0.162121212121212 0.00473484848484848; % $ D=0.1
0.00113636363636364 0.000284090909090909 0.00142045454545455 0.00113636363636364 0.000284090909090909 0.000284090909090909 0.000284090909090909 0.000284090909090909 0.000284090909090909 0.00142045454545455 0.987784090909091 0.000284090909090909 0.000284090909090909 0.000284090909090909 0.000284090909090909 0.000284090909090909 0.00142045454545455 0.00113636363636364 0.00142045454545455; % B D=0.1
0.00113636363636364 0.987784090909091 0.00142045454545455 0.00113636363636364 0.000284090909090909 0.000284090909090909 0.000284090909090909 0.000284090909090909 0.000284090909090909 0.00142045454545455 0.000284090909090909 0.000284090909090909 0.000284090909090909 0.000284090909090909 0.000284090909090909 0.000284090909090909 0.00142045454545455 0.00113636363636364 0.00142045454545455; % D D=0.1
0.00113636363636364 0.000284090909090909 0.00142045454545455 0.00113636363636364 0.000284090909090909 0.000284090909090909 0.000284090909090909 0.000284090909090909 0.000284090909090909 0.00142045454545455 0.000284090909090909 0.000284090909090909 0.000284090909090909 0.000284090909090909 0.000284090909090909 0.987784090909091 0.00142045454545455 0.00113636363636364 0.00142045454545455; % G D=0.1
0.243181818181818 0.00142045454545455 0.00710227272727273 0.243181818181818 0.00142045454545455 0.00142045454545455 0.00142045454545455 0.00142045454545455 0.00142045454545455 0.244602272727273 0.00142045454545455 0.00142045454545455 0.00142045454545455 0.00142045454545455 0.00142045454545455 0.00142045454545455 0.00710227272727273 0.118181818181818 0.119602272727273; % K D=0.1
0.00454545454545455 0.00113636363636364 0.118181818181818 0.367045454545455 0.00113636363636364 0.00113636363636364 0.00113636363636364 0.00113636363636364 0.00113636363636364 0.00568181818181818 0.00113636363636364 0.00113636363636364 0.00113636363636364 0.00113636363636364 0.00113636363636364 0.00113636363636364 0.00568181818181818 0.117045454545455 0.368181818181818; % L D=0.1
0.00113636363636364 0.000284090909090909 0.00142045454545455 0.00113636363636364 0.000284090909090909 0.000284090909090909 0.000284090909090909 0.000284090909090909 0.000284090909090909 0.00142045454545455 0.000284090909090909 0.000284090909090909 0.987784090909091 0.000284090909090909 0.000284090909090909 0.000284090909090909 0.00142045454545455 0.00113636363636364 0.00142045454545455; % P D=0.1
0.00113636363636364 0.000284090909090909 0.00142045454545455 0.00113636363636364 0.000284090909090909 0.000284090909090909 0.987784090909091 0.000284090909090909 0.000284090909090909 0.00142045454545455 0.000284090909090909 0.000284090909090909 0.000284090909090909 0.000284090909090909 0.000284090909090909 0.000284090909090909 0.00142045454545455 0.00113636363636364 0.00142045454545455; % T D=0.1
0.368181818181818 0.00142045454545455 0.00710227272727273 0.118181818181818 0.00142045454545455 0.00142045454545455 0.00142045454545455 0.00142045454545455 0.00142045454545455 0.119602272727273 0.00142045454545455 0.00142045454545455 0.00142045454545455 0.00142045454545455 0.00142045454545455 0.00142045454545455 0.244602272727273 0.00568181818181818 0.119602272727273; % V D=0.1
0.00113636363636364 0.000284090909090909 0.00142045454545455 0.00113636363636364 0.000284090909090909 0.000284090909090909 0.000284090909090909 0.987784090909091 0.000284090909090909 0.00142045454545455 0.000284090909090909 0.000284090909090909 0.000284090909090909 0.000284090909090909 0.000284090909090909 0.000284090909090909 0.00142045454545455 0.00113636363636364 0.00142045454545455; % Z D=0.1
0.00113636363636364 0.000284090909090909 0.00142045454545455 0.00113636363636364 0.987784090909091 0.000284090909090909 0.000284090909090909 0.000284090909090909 0.000284090909090909 0.00142045454545455 0.000284090909090909 0.000284090909090909 0.000284090909090909 0.000284090909090909 0.000284090909090909 0.000284090909090909 0.00142045454545455 0.00113636363636364 0.00142045454545455; % b D=0.1
0.00113636363636364 0.000284090909090909 0.00142045454545455 0.00113636363636364 0.000284090909090909 0.000284090909090909 0.000284090909090909 0.000284090909090909 0.000284090909090909 0.00142045454545455 0.000284090909090909 0.000284090909090909 0.000284090909090909 0.987784090909091 0.000284090909090909 0.000284090909090909 0.00142045454545455 0.00113636363636364 0.00142045454545455; % d D=0.1
0.00454545454545455 0.00113636363636364 0.243181818181818 0.00454545454545455 0.00113636363636364 0.00113636363636364 0.00113636363636364 0.00113636363636364 0.00113636363636364 0.00568181818181818 0.00113636363636364 0.00113636363636364 0.00113636363636364 0.00113636363636364 0.00113636363636364 0.00113636363636364 0.118181818181818 0.492045454545455 0.118181818181818; % g D=0.1
0.492045454545455 0.00113636363636364 0.118181818181818 0.00454545454545455 0.00113636363636364 0.00113636363636364 0.00113636363636364 0.00113636363636364 0.00113636363636364 0.243181818181818 0.00113636363636364 0.00113636363636364 0.00113636363636364 0.00113636363636364 0.00113636363636364 0.00113636363636364 0.118181818181818 0.00454545454545455 0.00568181818181818; % k D=0.1
0.368181818181818 0.00142045454545455 0.119602272727273 0.00568181818181818 0.00142045454545455 0.00142045454545455 0.00142045454545455 0.00142045454545455 0.00142045454545455 0.119602272727273 0.00142045454545455 0.00142045454545455 0.00142045454545455 0.00142045454545455 0.00142045454545455 0.00142045454545455 0.119602272727273 0.00568181818181818 0.244602272727273; % l D=0.1
0.00113636363636364 0.000284090909090909 0.00142045454545455 0.00113636363636364 0.000284090909090909 0.000284090909090909 0.000284090909090909 0.000284090909090909 0.000284090909090909 0.00142045454545455 0.000284090909090909 0.000284090909090909 0.000284090909090909 0.000284090909090909 0.987784090909091 0.000284090909090909 0.00142045454545455 0.00113636363636364 0.00142045454545455; % p D=0.1
0.00113636363636364 0.000284090909090909 0.00142045454545455 0.00113636363636364 0.000284090909090909 0.987784090909091 0.000284090909090909 0.000284090909090909 0.000284090909090909 0.00142045454545455 0.000284090909090909 0.000284090909090909 0.000284090909090909 0.000284090909090909 0.000284090909090909 0.000284090909090909 0.00142045454545455 0.00113636363636364 0.00142045454545455; % t D=0.1
0.00113636363636364 0.000284090909090909 0.00142045454545455 0.00113636363636364 0.000284090909090909 0.000284090909090909 0.000284090909090909 0.000284090909090909 0.987784090909091 0.00142045454545455 0.000284090909090909 0.000284090909090909 0.000284090909090909 0.000284090909090909 0.000284090909090909 0.000284090909090909 0.00142045454545455 0.00113636363636364 0.00142045454545455; % v D=0.1
0.00113636363636364 0.000284090909090909 0.00142045454545455 0.00113636363636364 0.000284090909090909 0.000284090909090909 0.000284090909090909 0.000284090909090909 0.000284090909090909 0.00142045454545455 0.000284090909090909 0.987784090909091 0.000284090909090909 0.000284090909090909 0.000284090909090909 0.000284090909090909 0.00142045454545455 0.00113636363636364 0.00142045454545455; % z D=0.1
0.00757575757575758 0.00189393939393939 0.24280303030303 0.157575757575758 0.00189393939393939 0.00189393939393939 0.00189393939393939 0.00189393939393939 0.00189393939393939 0.159469696969697 0.00189393939393939 0.00189393939393939 0.00189393939393939 0.00189393939393939 0.00189393939393939 0.00189393939393939 0.24280303030303 0.157575757575758 0.00946969696969697; % $ D=0.2
