syllables = '$BDGKLPTVZbdgklptvz';
discounts = [0.1 0.2 0.3 0.4 0.5 0.6 0.7 0.8 0.9 0.95];
kn_probs = [0.000296296296296296 4.93827160493827e-05 4.93827160493827e-05 0.168740740740741 0.159851851851852 4.93827160493827e-05 0.168740740740741 4.93827160493827e-05 4.93827160493827e-05 4.93827160493827e-05 0.150962962962963 0.195407407407407 4.93827160493827e-05 4.93827160493827e-05 4.93827160493827e-05 4.93827160493827e-05 4.93827160493827e-05 0.155407407407407 4.93827160493827e-05; % $ D=0.1
7.40740740740741e-05 1.23456790123457e-05 1.23456790123457e-05 7.40740740740741e-05 7.40740740740741e-05 1.23456790123457e-05 7.40740740740741e-05 1.23456790123457e-05 1.23456790123457e-05 1.23456790123457e-05 7.40740740740741e-05 7.40740740740741e-05 1.23456790123457e-05 1.23456790123457e-05 1.23456790123457e-05 0.999345679012346 1.23456790123457e-05 7.40740740740741e-05 1.23456790123457e-05; % B D=0.1
7.40740740740741e-05 1.23456790123457e-05 1.23456790123457e-05 7.40740740740741e-05 7.40740740740741e-05 1.23456790123457e-05 7.40740740740741e-05 1.23456790123457e-05 1.23456790123457e-05 1.23456790123457e-05 7.40740740740741e-05 7.40740740740741e-05 1.23456790123457e-05 1.23456790123457e-05 0.999345679012346 1.23456790123457e-05 1.23456790123457e-05 7.40740740740741e-05 1.23456790123457e-05; % D D=0.1
7.40740740740741e-05 1.23456790123457e-05 1.23456790123457e-05 7.40740740740741e-05 7.40740740740741e-05 1.23456790123457e-05 7.40740740740741e-05 1.23456790123457e-05 1.23456790123457e-05 1.23456790123457e-05 7.40740740740741e-05 7.40740740740741e-05 0.999345679012346 1.23456790123457e-05 1.23456790123457e-05 1.23456790123457e-05 1.23456790123457e-05 7.40740740740741e-05 1.23456790123457e-05; % G D=0.1
7.40740740740741e-05 0.999345679012346 1.23456790123457e-05 7.40740740740741e-05 7.40740740740741e-05 1.23456790123457e-05 7.40740740740741e-05 1.23456790123457e-05 1.23456790123457e-05 1.23456790123457e-05 7.40740740740741e-05 7.40740740740741e-05 1.23456790123457e-05 1.23456790123457e-05 1.23456790123457e-05 1.23456790123457e-05 1.23456790123457e-05 7.40740740740741e-05 1.23456790123457e-05; % K D=0.1
7.40740740740741e-05 1.23456790123457e-05 1.23456790123457e-05 7.40740740740741e-05 7.40740740740741e-05 1.23456790123457e-05 7.40740740740741e-05 0.999345679012346 1.23456790123457e-05 1.23456790123457e-05 7.40740740740741e-05 7.40740740740741e-05 1.23456790123457e-05 1.23456790123457e-05 1.23456790123457e-05 1.23456790123457e-05 1.23456790123457e-05 7.40740740740741e-05 1.23456790123457e-05; % L D=0.1
7.40740740740741e-05 1.23456790123457e-05 1.23456790123457e-05 7.40740740740741e-05 7.40740740740741e-05 1.23456790123457e-05 7.40740740740741e-05 1.23456790123457e-05 0.999345679012346 1.23456790123457e-05 7.40740740740741e-05 7.40740740740741e-05 1.23456790123457e-05 1.23456790123457e-05 1.23456790123457e-05 1.23456790123457e-05 1.23456790123457e-05 7.40740740740741e-05 1.23456790123457e-05; % P D=0.1
0.279777777777778 7.40740740740741e-05 7.40740740740741e-05 0.000444444444444445 0.153111111111111 7.40740740740741e-05 0.153111111111111 7.40740740740741e-05 7.40740740740741e-05 7.40740740740741e-05 0.193111111111111 0.106444444444444 7.40740740740741e-05 7.40740740740741e-05 7.40740740740741e-05 7.40740740740741e-05 7.40740740740741e-05 0.113111111111111 7.40740740740741e-05; % T D=0.1
0.306444444444444 7.40740740740741e-05 7.40740740740741e-05 0.159777777777778 0.126444444444444 7.40740740740741e-05 0.000444444444444445 7.40740740740741e-05 7.40740740740741e-05 7.40740740740741e-05 0.119777777777778 0.139777777777778 7.40740740740741e-05 7.40740740740741e-05 7.40740740740741e-05 7.40740740740741e-05 7.40740740740741e-05 0.146444444444444 7.40740740740741e-05; % V D=0.1
7.40740740740741e-05 1.23456790123457e-05 1.23456790123457e-05 7.40740740740741e-05 7.40740740740741e-05 1.23456790123457e-05 7.40740740740741e-05 1.23456790123457e-05 1.23456790123457e-05 1.23456790123457e-05 7.40740740740741e-05 7.40740740740741e-05 1.23456790123457e-05 1.23456790123457e-05 1.23456790123457e-05 1.23456790123457e-05 0.999345679012346 7.40740740740741e-05 1.23456790123457e-05; % Z D=0.1
7.40740740740741e-05 1.23456790123457e-05 1.23456790123457e-05 7.40740740740741e-05 7.40740740740741e-05 1.23456790123457e-05 7.40740740740741e-05 1.23456790123457e-05 1.23456790123457e-05 0.999345679012346 7.40740740740741e-05 7.40740740740741e-05 1.23456790123457e-05 1.23456790123457e-05 1.23456790123457e-05 1.23456790123457e-05 1.23456790123457e-05 7.40740740740741e-05 1.23456790123457e-05; % b D=0.1
7.40740740740741e-05 1.23456790123457e-05 1.23456790123457e-05 7.40740740740741e-05 7.40740740740741e-05 1.23456790123457e-05 7.40740740740741e-05 1.23456790123457e-05 1.23456790123457e-05 1.23456790123457e-05 7.40740740740741e-05 7.40740740740741e-05 1.23456790123457e-05 0.999345679012346 1.23456790123457e-05 1.23456790123457e-05 1.23456790123457e-05 7.40740740740741e-05 1.23456790123457e-05; % d D=0.1
7.40740740740741e-05 1.23456790123457e-05 1.23456790123457e-05 7.40740740740741e-05 7.40740740740741e-05 0.999345679012346 7.40740740740741e-05 1.23456790123457e-05 1.23456790123457e-05 1.23456790123457e-05 7.40740740740741e-05 7.40740740740741e-05 1.23456790123457e-05 1.23456790123457e-05 1.23456790123457e-05 1.23456790123457e-05 1.23456790123457e-05 7.40740740740741e-05 1.23456790123457e-05; % g D=0.1
0.213111111111111 7.40740740740741e-05 7.40740740740741e-05 0.153111111111111 0.179777777777778 7.40740740740741e-05 0.133111111111111 7.40740740740741e-05 7.40740740740741e-05 7.40740740740741e-05 0.139777777777778 0.000444444444444445 7.40740740740741e-05 7.40740740740741e-05 7.40740740740741e-05 7.40740740740741e-05 7.40740740740741e-05 0.179777777777778 7.40740740740741e-05; % k D=0.1
0.246444444444444 7.40740740740741e-05 7.40740740740741e-05 0.153111111111111 0.159777777777778 7.40740740740741e-05 0.146444444444444 7.40740740740741e-05 7.40740740740741e-05 7.40740740740741e-05 0.179777777777778 0.113111111111111 7.40740740740741e-05 7.40740740740741e-05 7.40740740740741e-05 7.40740740740741e-05 7.40740740740741e-05 0.000444444444444445 7.40740740740741e-05; % l D=0.1
0.239777777777778 7.40740740740741e-05 7.40740740740741e-05 0.166444444444444 0.000444444444444445 7.40740740740741e-05 0.119777777777778 7.40740740740741e-05 7.40740740740741e-05 7.40740740740741e-05 0.139777777777778 0.173111111111111 7.40740740740741e-05 7.40740740740741e-05 7.40740740740741e-05 7.40740740740741e-05 7.40740740740741e-05 0.159777777777778 7.40740740740741e-05; % p D=0.1
7.40740740740741e-05 1.23456790123457e-05 1.23456790123457e-05 7.40740740740741e-05 7.40740740740741e-05 1.23456790123457e-05 7.40740740740741e-05 1.23456790123457e-05 1.23456790123457e-05 1.23456790123457e-05 7.40740740740741e-05 7.40740740740741e-05 1.23456790123457e-05 1.23456790123457e-05 1.23456790123457e-05 1.23456790123457e-05 1.23456790123457e-05 7.40740740740741e-05 0.999345679012346; % t D=0.1
7.40740740740741e-05 1.23456790123457e-05 0.999345679012346 7.40740740740741e-05 7.40740740740741e-05 1.23456790123457e-05 7.40740740740741e-05 1.23456790123457e-05 1.23456790123457e-05 1.23456790123457e-05 7.40740740740741e-05 7.40740740740741e-05 1.23456790123457e-05 1.23456790123457e-05 1.23456790123457e-05 1.23456790123457e-05 1.23456790123457e-05 7.40740740740741e-05 1.23456790123457e-05; % v D=0.1
0.213111111111111 7.40740740740741e-05 7.40740740740741e-05 0.113111111111111 0.139777777777778 7.40740740740741e-05 0.193111111111111 7.40740740740741e-05 7.40740740740741e-05 7.40740740740741e-05 0.000444444444444445 0.173111111111111 7.40740740740741e-05 7.40740740740741e-05 7.40740740740741e-05 7.40740740740741e-05 7.40740740740741e-05 0.166444444444444 7.40740740740741e-05; % z D=0.1
