syllables = '$BDGKLPTVZbdgklptvz';
discounts = [0.1 0.2 0.3 0.4 0.5 0.6 0.7 0.8 0.9 0.95];
kn_probs = [0.00452898550724638 0.0795289855072464 0.000905797101449275 0.16195652173913 0.000905797101449275 0.328623188405797 0.246195652173913 0.000905797101449275 0.000905797101449275 0.000905797101449275 0.163768115942029 0.000905797101449275 0.000905797101449275 0.000905797101449275 0.000905797101449275 0.000905797101449275 0.000905797101449275 0.000905797101449275 0.00452898550724638; % $ D=0.1
0.00135869565217391 0.00135869565217391 0.000271739130434783 0.00108695652173913 0.000271739130434783 0.00108695652173913 0.00135869565217391 0.987771739130435 0.000271739130434783 0.000271739130434783 0.0016304347826087 0.000271739130434783 0.000271739130434783 0.000271739130434783 0.000271739130434783 0.000271739130434783 0.000271739130434783 0.000271739130434783 0.00135869565217391; % B D=0.1
0.00135869565217391 0.00135869565217391 0.000271739130434783 0.00108695652173913 0.000271739130434783 0.00108695652173913 0.00135869565217391 0.000271739130434783 0.000271739130434783 0.000271739130434783 0.0016304347826087 0.987771739130435 0.000271739130434783 0.000271739130434783 0.000271739130434783 0.000271739130434783 0.000271739130434783 0.000271739130434783 0.00135869565217391; % D D=0.1
0.00135869565217391 0.00135869565217391 0.000271739130434783 0.00108695652173913 0.000271739130434783 0.00108695652173913 0.00135869565217391 0.000271739130434783 0.000271739130434783 0.000271739130434783 0.0016304347826087 0.000271739130434783 0.000271739130434783 0.987771739130435 0.000271739130434783 0.000271739130434783 0.000271739130434783 0.000271739130434783 0.00135869565217391; % G D=0.1
0.00135869565217391 0.00135869565217391 0.000271739130434783 0.00108695652173913 0.000271739130434783 0.00108695652173913 0.00135869565217391 0.000271739130434783 0.000271739130434783 0.000271739130434783 0.0016304347826087 0.000271739130434783 0.000271739130434783 0.000271739130434783 0.987771739130435 0.000271739130434783 0.000271739130434783 0.000271739130434783 0.00135869565217391; % K D=0.1
0.00135869565217391 0.00135869565217391 0.000271739130434783 0.00108695652173913 0.000271739130434783 0.00108695652173913 0.00135869565217391 0.000271739130434783 0.000271739130434783 0.000271739130434783 0.0016304347826087 0.000271739130434783 0.000271739130434783 0.000271739130434783 0.000271739130434783 0.987771739130435 0.000271739130434783 0.000271739130434783 0.00135869565217391; % L D=0.1
0.00135869565217391 0.00135869565217391 0.000271739130434783 0.00108695652173913 0.000271739130434783 0.00108695652173913 0.00135869565217391 0.000271739130434783 0.000271739130434783 0.000271739130434783 0.0016304347826087 0.000271739130434783 0.000271739130434783 0.000271739130434783 0.000271739130434783 0.000271739130434783 0.000271739130434783 0.987771739130435 0.00135869565217391; % P D=0.1
0.00543478260869565 0.00543478260869565 0.00108695652173913 0.366847826086956 0.00108695652173913 0.00434782608695652 0.117934782608696 0.00108695652173913 0.00108695652173913 0.00108695652173913 0.119021739130435 0.00108695652173913 0.00108695652173913 0.00108695652173913 0.00108695652173913 0.00108695652173913 0.00108695652173913 0.00108695652173913 0.367934782608696; % T D=0.1
0.36929347826087 0.11929347826087 0.00135869565217391 0.00543478260869565 0.00135869565217391 0.242934782608696 0.11929347826087 0.00135869565217391 0.00135869565217391 0.00135869565217391 0.120652173913043 0.00135869565217391 0.00135869565217391 0.00135869565217391 0.00135869565217391 0.00135869565217391 0.00135869565217391 0.00135869565217391 0.00679347826086957; % V D=0.1
0.00135869565217391 0.00135869565217391 0.000271739130434783 0.00108695652173913 0.000271739130434783 0.00108695652173913 0.00135869565217391 0.000271739130434783 0.987771739130435 0.000271739130434783 0.0016304347826087 0.000271739130434783 0.000271739130434783 0.000271739130434783 0.000271739130434783 0.000271739130434783 0.000271739130434783 0.000271739130434783 0.00135869565217391; % Z D=0.1
0.00135869565217391 0.00135869565217391 0.000271739130434783 0.00108695652173913 0.000271739130434783 0.00108695652173913 0.00135869565217391 0.000271739130434783 0.000271739130434783 0.000271739130434783 0.0016304347826087 0.000271739130434783 0.987771739130435 0.000271739130434783 0.000271739130434783 0.000271739130434783 0.000271739130434783 0.000271739130434783 0.00135869565217391; % b D=0.1
0.492934782608696 0.00543478260869565 0.00108695652173913 0.241847826086957 0.00108695652173913 0.116847826086957 0.00543478260869565 0.00108695652173913 0.00108695652173913 0.00108695652173913 0.00652173913043478 0.00108695652173913 0.00108695652173913 0.00108695652173913 0.00108695652173913 0.00108695652173913 0.00108695652173913 0.00108695652173913 0.117934782608696; % d D=0.1
0.00135869565217391 0.00135869565217391 0.987771739130435 0.00108695652173913 0.000271739130434783 0.00108695652173913 0.00135869565217391 0.000271739130434783 0.000271739130434783 0.000271739130434783 0.0016304347826087 0.000271739130434783 0.000271739130434783 0.000271739130434783 0.000271739130434783 0.000271739130434783 0.000271739130434783 0.000271739130434783 0.00135869565217391; % g D=0.1
0.00135869565217391 0.00135869565217391 0.000271739130434783 0.00108695652173913 0.000271739130434783 0.00108695652173913 0.00135869565217391 0.000271739130434783 0.000271739130434783 0.000271739130434783 0.0016304347826087 0.000271739130434783 0.000271739130434783 0.000271739130434783 0.000271739130434783 0.000271739130434783 0.987771739130435 0.000271739130434783 0.00135869565217391; % k D=0.1
0.120652173913043 0.245652173913043 0.0016304347826087 0.119021739130435 0.0016304347826087 0.00652173913043478 0.245652173913043 0.0016304347826087 0.0016304347826087 0.0016304347826087 0.122282608695652 0.0016304347826087 0.0016304347826087 0.0016304347826087 0.0016304347826087 0.0016304347826087 0.0016304347826087 0.0016304347826087 0.120652173913043; % l D=0.1
0.00135869565217391 0.00135869565217391 0.000271739130434783 0.00108695652173913 0.987771739130435 0.00108695652173913 0.00135869565217391 0.000271739130434783 0.000271739130434783 0.000271739130434783 0.0016304347826087 0.000271739130434783 0.000271739130434783 0.000271739130434783 0.000271739130434783 0.000271739130434783 0.000271739130434783 0.000271739130434783 0.00135869565217391; % p D=0.1
0.245652173913043 0.120652173913043 0.0016304347826087 0.00652173913043478 0.0016304347826087 0.119021739130435 0.120652173913043 0.0016304347826087 0.0016304347826087 0.0016304347826087 0.122282608695652 0.0016304347826087 0.0016304347826087 0.0016304347826087 0.0016304347826087 0.0016304347826087 0.0016304347826087 0.0016304347826087 0.245652173913043; % t D=0.1
0.242934782608696 0.367934782608696 0.00108695652173913 0.00434782608695652 0.00108695652173913 0.00434782608695652 0.00543478260869565 0.00108695652173913 0.00108695652173913 0.00108695652173913 0.244021739130435 0.00108695652173913 0.00108695652173913 0.00108695652173913 0.00108695652173913 0.00108695652173913 0.00108695652173913 0.00108695652173913 0.117934782608696; % v D=0.1
0.00135869565217391 0.00135869565217391 0.000271739130434783 0.00108695652173913 0.000271739130434783 0.00108695652173913 0.00135869565217391 0.000271739130434783 0.000271739130434783 0.987771739130435 0.0016304347826087 0.000271739130434783 0.000271739130434783 0.000271739130434783 0.000271739130434783 0.000271739130434783 0.000271739130434783 0.000271739130434783 0.00135869565217391; % z D=0.1
0.00905797101449275 0.0757246376811594 0.00181159420289855 0.157246376811594 0.00181159420289855 0.323913043478261 0.242391304347826 0.00181159420289855 0.00181159420289855 0.00181159420289855 0.160869565217391 0.00181159420289855 0.00181159420289855 0.00181159420289855 0.00181159420289855 0.00181159420289855 0.00181159420289855 0.00181159420289855 0.00905797101449275; % $ D=0.2
0.00271739130434783 0.00271739130434783 0.000543478260869565 0.00217391304347826 0.000543478260869565 0.00217391304347826 0.00271739130434783 0.97554347826087 0.000543478260869565 0.000543478260869565 0.00326086956521739 0.000543478260869565 0.000543478260869565 0.000543478260869565 0.000543478260869565 0.000543478260869565 0.000543478260869565 0.000543478260869565 0.00271739130434783; % B D=0.2
0.00271739130434783 0.00271739130434783 0.000543478260869565 0.00217391304347826 0.000543478260869565 0.00217391304347826 0.00271739130434783 0.000543478260869565 0.000543478260869565 0.000543478260869565 0.00326086956521739 0.97554347826087 0.000543478260869565 0.000543478260869565 0.000543478260869565 0.000543478260869565 0.000543478260869565 0.000543478260869565 0.00271739130434783; % D D=0.2
0.00271739130434783 0.00271739130434783 0.000543478260869565 0.00217391304347826 0.000543478260869565 0.00217391304347826 0.00271739130434783 0.000543478260869565 0.000543478260869565 0.000543478260869565 0.00326086956521739 0.000543478260869565 0.000543478260869565 0.97554347826087 0.000543478260869565 0.000543478260869565 0.000543478260869565 0.000543478260869565 0.00271739130434783; % G D=0.2
0.00271739130434783 0.00271739130434783 0.000543478260869565 0.00217391304347826 0.000543478260869565 0.00217391304347826 0.00271739130434783 0.000543478260869565 0.000543478260869565 0.000543478260869565 0.00326086956521739 0.000543478260869565 0.000543478260869565 0.000543478260869565 0.97554347826087 0.000543478260869565 0.000543478260869565 0.000543478260869565 0.00271739130434783; % K D=0.2
0.00271739130434783 0.00271739130434783 0.000543478260869565 0.00217391304347826 0.000543478260869565 0.00217391304347826 0.00271739130434783 0.000543478260869565 0.000543478260869565 0.000543478260869565 0.00326086956521739 0.000543478260869565 0.000543478260869565 0.000543478260869565 0.000543478260869565 0.97554347826087 0.000543478260869565 0.000543478260869565 0.00271739130434783; % L D=0.2
0.00271739130434783 0.00271739130434783 0.000543478260869565 0.00217391304347826 0.000543478260869565 0.00217391304347826 0.00271739130434783 0.000543478260869565 0.000543478260869565 0.000543478260869565 0.00326086956521739 0.000543478260869565 0.000543478260869565 0.000543478260869565 0.000543478260869565 0.000543478260869565 0.000543478260869565 0.97554347826087 0.00271739130434783; % P D=0.2
0.0108695652173913 0.0108695652173913 0.00217391304347826 0.358695652173913 0.00217391304347826 0.00869565217391304 0.110869565217391 0.00217391304347826 0.00217391304347826 0.00217391304347826 0.11304347826087 0.00217391304347826 0.00217391304347826 0.00217391304347826 0.00217391304347826 0.00217391304347826 0.00217391304347826 0.00217391304347826 0.360869565217391; % T D=0.2
0.363586956521739 0.113586956521739 0.00271739130434783 0.0108695652173913 0.00271739130434783 0.235869565217391 0.113586956521739 0.00271739130434783 0.00271739130434783 0.00271739130434783 0.116304347826087 0.00271739130434783 0.00271739130434783 0.00271739130434783 0.00271739130434783 0.00271739130434783 0.00271739130434783 0.00271739130434783 0.0135869565217391; % V D=0.2
0.00271739130434783 0.00271739130434783 0.000543478260869565 0.00217391304347826 0.000543478260869565 0.00217391304347826 0.00271739130434783 0.000543478260869565 0.97554347826087 0.000543478260869565 0.00326086956521739 0.000543478260869565 0.000543478260869565 0.000543478260869565 0.000543478260869565 0.000543478260869565 0.000543478260869565 0.000543478260869565 0.00271739130434783; % Z D=0.2
0.00271739130434783 0.00271739130434783 0.000543478260869565 0.00217391304347826 0.000543478260869565 0.00217391304347826 0.00271739130434783 0.000543478260869565 0.000543478260869565 0.000543478260869565 0.00326086956521739 0.000543478260869565 0.97554347826087 0.000543478260869565 0.000543478260869565 0.000543478260869565 0.000543478260869565 0.000543478260869565 0.00271739130434783; % b D=0.2
0.485869565217391 0.0108695652173913 0.00217391304347826 0.233695652173913 0.00217391304347826 0.108695652173913 0.0108695652173913 0.00217391304347826 0.00217391304347826 0.00217391304347826 0.0130434782608696 0.00217391304347826 0.00217391304347826 0.00217391304347826 0.00217391304347826 0.00217391304347826 0.00217391304347826 0.00217391304347826 0.110869565217391; % d D=0.2
0.00271739130434783 0.00271739130434783 0.97554347826087 0.00217391304347826 0.000543478260869565 0.00217391304347826 0.00271739130434783 0.000543478260869565 0.000543478260869565 0.000543478260869565 0.00326086956521739 0.000543478260869565 0.000543478260869565 0.000543478260869565 0.000543478260869565 0.000543478260869565 0.000543478260869565 0.000543478260869565 0.00271739130434783; % g D=0.2
0.00271739130434783 0.00271739130434783 0.000543478260869565 0.00217391304347826 0.000543478260869565 0.00217391304347826 0.00271739130434783 0.000543478260869565 0.000543478260869565 0.000543478260869565 0.00326086956521739 0.000543478260869565 0.000543478260869565 0.000543478260869565 0.000543478260869565 0.000543478260869565 0.97554347826087 0.000543478260869565 0.00271739130434783; % k D=0.2
0.116304347826087 0.241304347826087 0.00326086956521739 0.11304347826087 0.00326086956521739 0.0130434782608696 0.241304347826087 0.00326086956521739 0.00326086956521739 0.00326086956521739 0.119565217391304 0.00326086956521739 0.00326086956521739 0.00326086956521739 0.00326086956521739 0.00326086956521739 0.00326086956521739 0.00326086956521739 0.116304347826087; % l D=0.2
0.00271739130434783 0.00271739130434783 0.000543478260869565 0.00217391304347826 0.97554347826087 0.00217391304347826 0.00271739130434783 0.000543478260869565 0.000543478260869565 0.000543478260869565 0.00326086956521739 0.000543478260869565 0.000543478260869565 0.000543478260869565 0.000543478260869565 0.000543478260869565 0.000543478260869565 0.000543478260869565 0.00271739130434783; % p D=0.2
0.241304347826087 0.116304347826087 0.00326086956521739 0.0130434782608696 0.00326086956521739 0.11304347826087 0.116304347826087 0.00326086956521739 0.00326086956521739 0.00326086956521739 0.119565217391304 0.00326086956521739 0.00326086956521739 0.00326086956521739 0.00326086956521739 0.00326086956521739 0.00326086956521739 0.00326086956521739 0.241304347826087; % t D=0.2
0.235869565217391 0.360869565217391 0.00217391304347826 0.00869565217391304 0.00217391304347826 0.00869565217391304 0.0108695652173913 0.00217391304347826 0.00217391304347826 0.00217391304347826 0.23804347826087 0.00217391304347826 0.00217391304347826 0.00217391304347826 0.00217391304347826 0.00217391304347826 0.00217391304347826 0.00217391304347826 0.110869565217391; % v D=0.2
0.00271739130434783 0.00271739130434783 0.000543478260869565 0.00217391304347826 0.000543478260869565 0.00217391304347826 0.00271739130434783 0.000543478260869565 0.000543478260869565 0.97554347826087 0.00326086956521739 0.000543478260869565 0.000543478260869565 0.000543478260869565 0.000543478260869565 0.000543478260869565 0.000543478260869565 0.000543478260869565 0.00271739130434783; % z D=0.2
0.0135869565217391 0.0719202898550725 0.00271739130434783 0.152536231884058 0.00271739130434783 0.319202898550725 0.238586956521739 0.00271739130434783 0.00271739130434783 0.00271739130434783 0.157971014492754 0.00271739130434783 0.00271739130434783 0.00271739130434783 0.00271739130434783 0.00271739130434783 0.00271739130434783 0.00271739130434783 0.0135869565217391; % $ D=0.3
0.00407608695652174 0.00407608695652174 0.000815217391304348 0.00326086956521739 0.000815217391304348 0.00326086956521739 0.00407608695652174 0.963315217391304 0.000815217391304348 0.000815217391304348 0.00489130434782609 0.000815217391304348 0.000815217391304348 0.000815217391304348 0.000815217391304348 0.000815217391304348 0.000815217391304348 0.000815217391304348 0.00407608695652174; % B D=0.3
0.00407608695652174 0.00407608695652174 0.000815217391304348 0.00326086956521739 0.000815217391304348 0.00326086956521739 0.00407608695652174 0.000815217391304348 0.000815217391304348 0.000815217391304348 0.00489130434782609 0.963315217391304 0.000815217391304348 0.000815217391304348 0.000815217391304348 0.000815217391304348 0.000815217391304348 0.000815217391304348 0.00407608695652174; % D D=0.3
0.00407608695652174 0.00407608695652174 0.000815217391304348 0.00326086956521739 0.000815217391304348 0.00326086956521739 0.00407608695652174 0.000815217391304348 0.000815217391304348 0.000815217391304348 0.00489130434782609 0.000815217391304348 0.000815217391304348 0.963315217391304 0.000815217391304348 0.000815217391304348 0.000815217391304348 0.000815217391304348 0.00407608695652174; % G D=0.3
0.00407608695652174 0.00407608695652174 0.000815217391304348 0.00326086956521739 0.000815217391304348 0.00326086956521739 0.00407608695652174 0.000815217391304348 0.000815217391304348 0.000815217391304348 0.00489130434782609 0.000815217391304348 0.000815217391304348 0.000815217391304348 0.963315217391304 0.000815217391304348 0.000815217391304348 0.000815217391304348 0.00407608695652174; % K D=0.3
0.00407608695652174 0.00407608695652174 0.000815217391304348 0.00326086956521739 0.000815217391304348 0.00326086956521739 0.00407608695652174 0.000815217391304348 0.000815217391304348 0.000815217391304348 0.00489130434782609 0.000815217391304348 0.000815217391304348 0.000815217391304348 0.000815217391304348 0.963315217391304 0.000815217391304348 0.000815217391304348 0.00407608695652174; % L D=0.3
0.00407608695652174 0.00407608695652174 0.000815217391304348 0.00326086956521739 0.000815217391304348 0.00326086956521739 0.00407608695652174 0.000815217391304348 0.000815217391304348 0.000815217391304348 0.00489130434782609 0.000815217391304348 0.000815217391304348 0.000815217391304348 0.000815217391304348 0.000815217391304348 0.000815217391304348 0.963315217391304 0.00407608695652174; % P D=0.3
0.016304347826087 0.016304347826087 0.00326086956521739 0.35054347826087 0.00326086956521739 0.0130434782608696 0.103804347826087 0.00326086956521739 0.00326086956521739 0.00326086956521739 0.107065217391304 0.00326086956521739 0.00326086956521739 0.00326086956521739 0.00326086956521739 0.00326086956521739 0.00326086956521739 0.00326086956521739 0.353804347826087; % T D=0.3
0.357880434782609 0.107880434782609 0.00407608695652174 0.016304347826087 0.00407608695652174 0.228804347826087 0.107880434782609 0.00407608695652174 0.00407608695652174 0.00407608695652174 0.11195652173913 0.00407608695652174 0.00407608695652174 0.00407608695652174 0.00407608695652174 0.00407608695652174 0.00407608695652174 0.00407608695652174 0.0203804347826087; % V D=0.3
0.00407608695652174 0.00407608695652174 0.000815217391304348 0.00326086956521739 0.000815217391304348 0.00326086956521739 0.00407608695652174 0.000815217391304348 0.963315217391304 0.000815217391304348 0.00489130434782609 0.000815217391304348 0.000815217391304348 0.000815217391304348 0.000815217391304348 0.000815217391304348 0.000815217391304348 0.000815217391304348 0.00407608695652174; % Z D=0.3
0.00407608695652174 0.00407608695652174 0.000815217391304348 0.00326086956521739 0.000815217391304348 0.00326086956521739 0.00407608695652174 0.000815217391304348 0.000815217391304348 0.000815217391304348 0.00489130434782609 0.000815217391304348 0.963315217391304 0.000815217391304348 0.000815217391304348 0.000815217391304348 0.000815217391304348 0.000815217391304348 0.00407608695652174; % b D=0.3
0.478804347826087 0.016304347826087 0.00326086956521739 0.22554347826087 0.00326086956521739 0.10054347826087 0.016304347826087 0.00326086956521739 0.00326086956521739 0.00326086956521739 0.0195652173913043 0.00326086956521739 0.00326086956521739 0.00326086956521739 0.00326086956521739 0.00326086956521739 0.00326086956521739 0.00326086956521739 0.103804347826087; % d D=0.3
0.00407608695652174 0.00407608695652174 0.963315217391304 0.00326086956521739 0.000815217391304348 0.00326086956521739 0.00407608695652174 0.000815217391304348 0.000815217391304348 0.000815217391304348 0.00489130434782609 0.000815217391304348 0.000815217391304348 0.000815217391304348 0.000815217391304348 0.000815217391304348 0.000815217391304348 0.000815217391304348 0.00407608695652174; % g D=0.3
0.00407608695652174 0.00407608695652174 0.000815217391304348 0.00326086956521739 0.000815217391304348 0.00326086956521739 0.00407608695652174 0.000815217391304348 0.000815217391304348 0.000815217391304348 0.00489130434782609 0.000815217391304348 0.000815217391304348 0.000815217391304348 0.000815217391304348 0.000815217391304348 0.963315217391304 0.000815217391304348 0.00407608695652174; % k D=0.3
0.11195652173913 0.23695652173913 0.00489130434782609 0.107065217391304 0.00489130434782609 0.0195652173913043 0.23695652173913 0.00489130434782609 0.00489130434782609 0.00489130434782609 0.116847826086957 0.00489130434782609 0.00489130434782609 0.00489130434782609 0.00489130434782609 0.00489130434782609 0.00489130434782609 0.00489130434782609 0.11195652173913; % l D=0.3
0.00407608695652174 0.00407608695652174 0.000815217391304348 0.00326086956521739 0.963315217391304 0.00326086956521739 0.00407608695652174 0.000815217391304348 0.000815217391304348 0.000815217391304348 0.00489130434782609 0.000815217391304348 0.000815217391304348 0.000815217391304348 0.000815217391304348 0.000815217391304348 0.000815217391304348 0.000815217391304348 0.00407608695652174; % p D=0.3
0.23695652173913 0.11195652173913 0.00489130434782609 0.0195652173913043 0.00489130434782609 0.107065217391304 0.11195652173913 0.00489130434782609 0.00489130434782609 0.00489130434782609 0.116847826086957 0.00489130434782609 0.00489130434782609 0.00489130434782609 0.00489130434782609 0.00489130434782609 0.00489130434782609 0.00489130434782609 0.23695652173913; % t D=0.3
0.228804347826087 0.353804347826087 0.00326086956521739 0.0130434782608696 0.00326086956521739 0.0130434782608696 0.016304347826087 0.00326086956521739 0.00326086956521739 0.00326086956521739 0.232065217391304 0.00326086956521739 0.00326086956521739 0.00326086956521739 0.00326086956521739 0.00326086956521739 0.00326086956521739 0.00326086956521739 0.103804347826087; % v D=0.3
0.00407608695652174 0.00407608695652174 0.000815217391304348 0.00326086956521739 0.000815217391304348 0.00326086956521739 0.00407608695652174 0.000815217391304348 0.000815217391304348 0.963315217391304 0.00489130434782609 0.000815217391304348 0.000815217391304348 0.000815217391304348 0.000815217391304348 0.000815217391304348 0.000815217391304348 0.000815217391304348 0.00407608695652174; % z D=0.3
0.0181159420289855 0.0681159420289855 0.0036231884057971 0.147826086956522 0.0036231884057971 0.314492753623188 0.234782608695652 0.0036231884057971 0.0036231884057971 0.0036231884057971 0.155072463768116 0.0036231884057971 0.0036231884057971 0.0036231884057971 0.0036231884057971 0.0036231884057971 0.0036231884057971 0.0036231884057971 0.0181159420289855; % $ D=0.4
0.00543478260869565 0.00543478260869565 0.00108695652173913 0.00434782608695652 0.00108695652173913 0.00434782608695652 0.00543478260869565 0.951086956521739 0.00108695652173913 0.00108695652173913 0.00652173913043478 0.00108695652173913 0.00108695652173913 0.00108695652173913 0.00108695652173913 0.00108695652173913 0.00108695652173913 0.00108695652173913 0.00543478260869565; % B D=0.4
0.00543478260869565 0.00543478260869565 0.00108695652173913 0.00434782608695652 0.00108695652173913 0.00434782608695652 0.00543478260869565 0.00108695652173913 0.00108695652173913 0.00108695652173913 0.00652173913043478 0.951086956521739 0.00108695652173913 0.00108695652173913 0.00108695652173913 0.00108695652173913 0.00108695652173913 0.00108695652173913 0.00543478260869565; % D D=0.4
0.00543478260869565 0.00543478260869565 0.00108695652173913 0.00434782608695652 0.00108695652173913 0.00434782608695652 0.00543478260869565 0.00108695652173913 0.00108695652173913 0.00108695652173913 0.00652173913043478 0.00108695652173913 0.00108695652173913 0.951086956521739 0.00108695652173913 0.00108695652173913 0.00108695652173913 0.00108695652173913 0.00543478260869565; % G D=0.4
0.00543478260869565 0.00543478260869565 0.00108695652173913 0.00434782608695652 0.00108695652173913 0.00434782608695652 0.00543478260869565 0.00108695652173913 0.00108695652173913 0.00108695652173913 0.00652173913043478 0.00108695652173913 0.00108695652173913 0.00108695652173913 0.951086956521739 0.00108695652173913 0.00108695652173913 0.00108695652173913 0.00543478260869565; % K D=0.4
0.00543478260869565 0.00543478260869565 0.00108695652173913 0.00434782608695652 0.00108695652173913 0.00434782608695652 0.00543478260869565 0.00108695652173913 0.00108695652173913 0.00108695652173913 0.00652173913043478 0.00108695652173913 0.00108695652173913 0.00108695652173913 0.00108695652173913 0.951086956521739 0.00108695652173913 0.00108695652173913 0.00543478260869565; % L D=0.4
0.00543478260869565 0.00543478260869565 0.00108695652173913 0.00434782608695652 0.00108695652173913 0.00434782608695652 0.00543478260869565 0.00108695652173913 0.00108695652173913 0.00108695652173913 0.00652173913043478 0.00108695652173913 0.00108695652173913 0.00108695652173913 0.00108695652173913 0.00108695652173913 0.00108695652173913 0.951086956521739 0.00543478260869565; % P D=0.4
0.0217391304347826 0.0217391304347826 0.00434782608695652 0.342391304347826 0.00434782608695652 0.0173913043478261 0.0967391304347826 0.00434782608695652 0.00434782608695652 0.00434782608695652 0.101086956521739 0.00434782608695652 0.00434782608695652 0.00434782608695652 0.00434782608695652 0.00434782608695652 0.00434782608695652 0.00434782608695652 0.346739130434783; % T D=0.4
0.352173913043478 0.102173913043478 0.00543478260869565 0.0217391304347826 0.00543478260869565 0.221739130434783 0.102173913043478 0.00543478260869565 0.00543478260869565 0.00543478260869565 0.107608695652174 0.00543478260869565 0.00543478260869565 0.00543478260869565 0.00543478260869565 0.00543478260869565 0.00543478260869565 0.00543478260869565 0.0271739130434783; % V D=0.4
0.00543478260869565 0.00543478260869565 0.00108695652173913 0.00434782608695652 0.00108695652173913 0.00434782608695652 0.00543478260869565 0.00108695652173913 0.951086956521739 0.00108695652173913 0.00652173913043478 0.00108695652173913 0.00108695652173913 0.00108695652173913 0.00108695652173913 0.00108695652173913 0.00108695652173913 0.00108695652173913 0.00543478260869565; % Z D=0.4
0.00543478260869565 0.00543478260869565 0.00108695652173913 0.00434782608695652 0.00108695652173913 0.00434782608695652 0.00543478260869565 0.00108695652173913 0.00108695652173913 0.00108695652173913 0.00652173913043478 0.00108695652173913 0.951086956521739 0.00108695652173913 0.00108695652173913 0.00108695652173913 0.00108695652173913 0.00108695652173913 0.00543478260869565; % b D=0.4
0.471739130434783 0.0217391304347826 0.00434782608695652 0.217391304347826 0.00434782608695652 0.0923913043478261 0.0217391304347826 0.00434782608695652 0.00434782608695652 0.00434782608695652 0.0260869565217391 0.00434782608695652 0.00434782608695652 0.00434782608695652 0.00434782608695652 0.00434782608695652 0.00434782608695652 0.00434782608695652 0.0967391304347826; % d D=0.4
0.00543478260869565 0.00543478260869565 0.951086956521739 0.00434782608695652 0.00108695652173913 0.00434782608695652 0.00543478260869565 0.00108695652173913 0.00108695652173913 0.00108695652173913 0.00652173913043478 0.00108695652173913 0.00108695652173913 0.00108695652173913 0.00108695652173913 0.00108695652173913 0.00108695652173913 0.00108695652173913 0.00543478260869565; % g D=0.4
0.00543478260869565 0.00543478260869565 0.00108695652173913 0.00434782608695652 0.00108695652173913 0.00434782608695652 0.00543478260869565 0.00108695652173913 0.00108695652173913 0.00108695652173913 0.00652173913043478 0.00108695652173913 0.00108695652173913 0.00108695652173913 0.00108695652173913 0.00108695652173913 0.951086956521739 0.00108695652173913 0.00543478260869565; % k D=0.4
0.107608695652174 0.232608695652174 0.00652173913043478 0.101086956521739 0.00652173913043478 0.0260869565217391 0.232608695652174 0.00652173913043478 0.00652173913043478 0.00652173913043478 0.114130434782609 0.00652173913043478 0.00652173913043478 0.00652173913043478 0.00652173913043478 0.00652173913043478 0.00652173913043478 0.00652173913043478 0.107608695652174; % l D=0.4
0.00543478260869565 0.00543478260869565 0.00108695652173913 0.00434782608695652 0.951086956521739 0.00434782608695652 0.00543478260869565 0.00108695652173913 0.00108695652173913 0.00108695652173913 0.00652173913043478 0.00108695652173913 0.00108695652173913 0.00108695652173913 0.00108695652173913 0.00108695652173913 0.00108695652173913 0.00108695652173913 0.00543478260869565; % p D=0.4
0.232608695652174 0.107608695652174 0.00652173913043478 0.0260869565217391 0.00652173913043478 0.101086956521739 0.107608695652174 0.00652173913043478 0.00652173913043478 0.00652173913043478 0.114130434782609 0.00652173913043478 0.00652173913043478 0.00652173913043478 0.00652173913043478 0.00652173913043478 0.00652173913043478 0.00652173913043478 0.232608695652174; % t D=0.4
0.221739130434783 0.346739130434783 0.00434782608695652 0.0173913043478261 0.00434782608695652 0.0173913043478261 0.0217391304347826 0.00434782608695652 0.00434782608695652 0.00434782608695652 0.226086956521739 0.00434782608695652 0.00434782608695652 0.00434782608695652 0.00434782608695652 0.00434782608695652 0.00434782608695652 0.00434782608695652 0.0967391304347826; % v D=0.4
0.00543478260869565 0.00543478260869565 0.00108695652173913 0.00434782608695652 0.00108695652173913 0.00434782608695652 0.00543478260869565 0.00108695652173913 0.00108695652173913 0.951086956521739 0.00652173913043478 0.00108695652173913 0.00108695652173913 0.00108695652173913 0.00108695652173913 0.00108695652173913 0.00108695652173913 0.00108695652173913 0.00543478260869565; % z D=0.4
0.0226449275362319 0.0643115942028985 0.00452898550724638 0.143115942028986 0.00452898550724638 0.309782608695652 0.230978260869565 0.00452898550724638 0.00452898550724638 0.00452898550724638 0.152173913043478 0.00452898550724638 0.00452898550724638 0.00452898550724638 0.00452898550724638 0.00452898550724638 0.00452898550724638 0.00452898550724638 0.0226449275362319; % $ D=0.5
0.00679347826086957 0.00679347826086957 0.00135869565217391 0.00543478260869565 0.00135869565217391 0.00543478260869565 0.00679347826086957 0.938858695652174 0.00135869565217391 0.00135869565217391 0.00815217391304348 0.00135869565217391 0.00135869565217391 0.00135869565217391 0.00135869565217391 0.00135869565217391 0.00135869565217391 0.00135869565217391 0.00679347826086957; % B D=0.5
0.00679347826086957 0.00679347826086957 0.00135869565217391 0.00543478260869565 0.00135869565217391 0.00543478260869565 0.00679347826086957 0.00135869565217391 0.00135869565217391 0.00135869565217391 0.00815217391304348 0.938858695652174 0.00135869565217391 0.00135869565217391 0.00135869565217391 0.00135869565217391 0.00135869565217391 0.00135869565217391 0.00679347826086957; % D D=0.5
0.00679347826086957 0.00679347826086957 0.00135869565217391 0.00543478260869565 0.00135869565217391 0.00543478260869565 0.00679347826086957 0.00135869565217391 0.00135869565217391 0.00135869565217391 0.00815217391304348 0.00135869565217391 0.00135869565217391 0.938858695652174 0.00135869565217391 0.00135869565217391 0.00135869565217391 0.00135869565217391 0.00679347826086957; % G D=0.5
0.00679347826086957 0.00679347826086957 0.00135869565217391 0.00543478260869565 0.00135869565217391 0.00543478260869565 0.00679347826086957 0.00135869565217391 0.00135869565217391 0.00135869565217391 0.00815217391304348 0.00135869565217391 0.00135869565217391 0.00135869565217391 0.938858695652174 0.00135869565217391 0.00135869565217391 0.00135869565217391 0.00679347826086957; % K D=0.5
0.00679347826086957 0.00679347826086957 0.00135869565217391 0.00543478260869565 0.00135869565217391 0.00543478260869565 0.00679347826086957 0.00135869565217391 0.00135869565217391 0.00135869565217391 0.00815217391304348 0.00135869565217391 0.00135869565217391 0.00135869565217391 0.00135869565217391 0.938858695652174 0.00135869565217391 0.00135869565217391 0.00679347826086957; % L D=0.5
0.00679347826086957 0.00679347826086957 0.00135869565217391 0.00543478260869565 0.00135869565217391 0.00543478260869565 0.00679347826086957 0.00135869565217391 0.00135869565217391 0.00135869565217391 0.00815217391304348 0.00135869565217391 0.00135869565217391 0.00135869565217391 0.00135869565217391 0.00135869565217391 0.00135869565217391 0.938858695652174 0.00679347826086957; % P D=0.5
0.0271739130434783 0.0271739130434783 0.00543478260869565 0.334239130434783 0.00543478260869565 0.0217391304347826 0.0896739130434783 0.00543478260869565 0.00543478260869565 0.00543478260869565 0.0951086956521739 0.00543478260869565 0.00543478260869565 0.00543478260869565 0.00543478260869565 0.00543478260869565 0.00543478260869565 0.00543478260869565 0.339673913043478; % T D=0.5
0.346467391304348 0.0964673913043478 0.00679347826086957 0.0271739130434783 0.00679347826086957 0.214673913043478 0.0964673913043478 0.00679347826086957 0.00679347826086957 0.00679347826086957 0.103260869565217 0.00679347826086957 0.00679347826086957 0.00679347826086957 0.00679347826086957 0.00679347826086957 0.00679347826086957 0.00679347826086957 0.0339673913043478; % V D=0.5
0.00679347826086957 0.00679347826086957 0.00135869565217391 0.00543478260869565 0.00135869565217391 0.00543478260869565 0.00679347826086957 0.00135869565217391 0.938858695652174 0.00135869565217391 0.00815217391304348 0.00135869565217391 0.00135869565217391 0.00135869565217391 0.00135869565217391 0.00135869565217391 0.00135869565217391 0.00135869565217391 0.00679347826086957; % Z D=0.5
0.00679347826086957 0.00679347826086957 0.00135869565217391 0.00543478260869565 0.00135869565217391 0.00543478260869565 0.00679347826086957 0.00135869565217391 0.00135869565217391 0.00135869565217391 0.00815217391304348 0.00135869565217391 0.938858695652174 0.00135869565217391 0.00135869565217391 0.00135869565217391 0.00135869565217391 0.00135869565217391 0.00679347826086957; % b D=0.5
0.464673913043478 0.0271739130434783 0.00543478260869565 0.209239130434783 0.00543478260869565 0.0842391304347826 0.0271739130434783 0.00543478260869565 0.00543478260869565 0.00543478260869565 0.0326086956521739 0.00543478260869565 0.00543478260869565 0.00543478260869565 0.00543478260869565 0.00543478260869565 0.00543478260869565 0.00543478260869565 0.0896739130434783; % d D=0.5
0.00679347826086957 0.00679347826086957 0.938858695652174 0.00543478260869565 0.00135869565217391 0.00543478260869565 0.00679347826086957 0.00135869565217391 0.00135869565217391 0.00135869565217391 0.00815217391304348 0.00135869565217391 0.00135869565217391 0.00135869565217391 0.00135869565217391 0.00135869565217391 0.00135869565217391 0.00135869565217391 0.00679347826086957; % g D=0.5
0.00679347826086957 0.00679347826086957 0.00135869565217391 0.00543478260869565 0.00135869565217391 0.00543478260869565 0.00679347826086957 0.00135869565217391 0.00135869565217391 0.00135869565217391 0.00815217391304348 0.00135869565217391 0.00135869565217391 0.00135869565217391 0.00135869565217391 0.00135869565217391 0.938858695652174 0.00135869565217391 0.00679347826086957; % k D=0.5
0.103260869565217 0.228260869565217 0.00815217391304348 0.0951086956521739 0.00815217391304348 0.0326086956521739 0.228260869565217 0.00815217391304348 0.00815217391304348 0.00815217391304348 0.111413043478261 0.00815217391304348 0.00815217391304348 0.00815217391304348 0.00815217391304348 0.00815217391304348 0.00815217391304348 0.00815217391304348 0.103260869565217; % l D=0.5
0.00679347826086957 0.00679347826086957 0.00135869565217391 0.00543478260869565 0.938858695652174 0.00543478260869565 0.00679347826086957 0.00135869565217391 0.00135869565217391 0.00135869565217391 0.00815217391304348 0.00135869565217391 0.00135869565217391 0.00135869565217391 0.00135869565217391 0.00135869565217391 0.00135869565217391 0.00135869565217391 0.00679347826086957; % p D=0.5
0.228260869565217 0.103260869565217 0.00815217391304348 0.0326086956521739 0.00815217391304348 0.0951086956521739 0.103260869565217 0.00815217391304348 0.00815217391304348 0.00815217391304348 0.111413043478261 0.00815217391304348 0.00815217391304348 0.00815217391304348 0.00815217391304348 0.00815217391304348 0.00815217391304348 0.00815217391304348 0.228260869565217; % t D=0.5
0.214673913043478 0.339673913043478 0.00543478260869565 0.0217391304347826 0.00543478260869565 0.0217391304347826 0.0271739130434783 0.00543478260869565 0.00543478260869565 0.00543478260869565 0.220108695652174 0.00543478260869565 0.00543478260869565 0.00543478260869565 0.00543478260869565 0.00543478260869565 0.00543478260869565 0.00543478260869565 0.0896739130434783; % v D=0.5
0.00679347826086957 0.00679347826086957 0.00135869565217391 0.00543478260869565 0.00135869565217391 0.00543478260869565 0.00679347826086957 0.00135869565217391 0.00135869565217391 0.938858695652174 0.00815217391304348 0.00135869565217391 0.00135869565217391 0.00135869565217391 0.00135869565217391 0.00135869565217391 0.00135869565217391 0.00135869565217391 0.00679347826086957; % z D=0.5
0.0271739130434783 0.0605072463768116 0.00543478260869565 0.138405797101449 0.00543478260869565 0.305072463768116 0.227173913043478 0.00543478260869565 0.00543478260869565 0.00543478260869565 0.149275362318841 0.00543478260869565 0.00543478260869565 0.00543478260869565 0.00543478260869565 0.00543478260869565 0.00543478260869565 0.00543478260869565 0.0271739130434783; % $ D=0.6
0.00815217391304348 0.00815217391304348 0.0016304347826087 0.00652173913043478 0.0016304347826087 0.00652173913043478 0.00815217391304348 0.926630434782609 0.0016304347826087 0.0016304347826087 0.00978260869565217 0.0016304347826087 0.0016304347826087 0.0016304347826087 0.0016304347826087 0.0016304347826087 0.0016304347826087 0.0016304347826087 0.00815217391304348; % B D=0.6
0.00815217391304348 0.00815217391304348 0.0016304347826087 0.00652173913043478 0.0016304347826087 0.00652173913043478 0.00815217391304348 0.0016304347826087 0.0016304347826087 0.0016304347826087 0.00978260869565217 0.926630434782609 0.0016304347826087 0.0016304347826087 0.0016304347826087 0.0016304347826087 0.0016304347826087 0.0016304347826087 0.00815217391304348; % D D=0.6
0.00815217391304348 0.00815217391304348 0.0016304347826087 0.00652173913043478 0.0016304347826087 0.00652173913043478 0.00815217391304348 0.0016304347826087 0.0016304347826087 0.0016304347826087 0.00978260869565217 0.0016304347826087 0.0016304347826087 0.926630434782609 0.0016304347826087 0.0016304347826087 0.0016304347826087 0.0016304347826087 0.00815217391304348; % G D=0.6
0.00815217391304348 0.00815217391304348 0.0016304347826087 0.00652173913043478 0.0016304347826087 0.00652173913043478 0.00815217391304348 0.0016304347826087 0.0016304347826087 0.0016304347826087 0.00978260869565217 0.0016304347826087 0.0016304347826087 0.0016304347826087 0.926630434782609 0.0016304347826087 0.0016304347826087 0.0016304347826087 0.00815217391304348; % K D=0.6
0.00815217391304348 0.00815217391304348 0.0016304347826087 0.00652173913043478 0.0016304347826087 0.00652173913043478 0.00815217391304348 0.0016304347826087 0.0016304347826087 0.0016304347826087 0.00978260869565217 0.0016304347826087 0.0016304347826087 0.0016304347826087 0.0016304347826087 0.926630434782609 0.0016304347826087 0.0016304347826087 0.00815217391304348; % L D=0.6
0.00815217391304348 0.00815217391304348 0.0016304347826087 0.00652173913043478 0.0016304347826087 0.00652173913043478 0.00815217391304348 0.0016304347826087 0.0016304347826087 0.0016304347826087 0.00978260869565217 0.0016304347826087 0.0016304347826087 0.0016304347826087 0.0016304347826087 0.0016304347826087 0.0016304347826087 0.926630434782609 0.00815217391304348; % P D=0.6
