syllables = '$BDGKLPTVZbdgklptvz';
discounts = [0.1 0.2 0.3 0.4 0.5 0.6 0.7 0.8 0.9 0.95];
kn_probs = [0.000296296296296296 4.93827160493827e-05 4.93827160493827e-05 4.93827160493827e-05 4.93827160493827e-05 0.222074074074074 0.173185185185185 4.93827160493827e-05 4.93827160493827e-05 4.93827160493827e-05 4.93827160493827e-05 0.159851851851852 4.93827160493827e-05 0.133185185185185 4.93827160493827e-05 4.93827160493827e-05 4.93827160493827e-05 0.173185185185185 0.13762962962963; % $ D=0.1
0.246444444444444 7.40740740740741e-05 7.40740740740741e-05 7.40740740740741e-05 7.40740740740741e-05 0.126444444444444 0.139777777777778 7.40740740740741e-05 7.40740740740741e-05 7.40740740740741e-05 7.40740740740741e-05 0.153111111111111 7.40740740740741e-05 0.000444444444444445 7.40740740740741e-05 7.40740740740741e-05 7.40740740740741e-05 0.133111111111111 0.199777777777778; % B D=0.1
0.266444444444444 7.40740740740741e-05 7.40740740740741e-05 7.40740740740741e-05 7.40740740740741e-05 0.166444444444444 0.113111111111111 7.40740740740741e-05 7.40740740740741e-05 7.40740740740741e-05 7.40740740740741e-05 0.126444444444444 7.40740740740741e-05 0.146444444444444 7.40740740740741e-05 7.40740740740741e-05 7.40740740740741e-05 0.179777777777778 0.000444444444444445; % D D=0.1
0.213111111111111 7.40740740740741e-05 7.40740740740741e-05 7.40740740740741e-05 7.40740740740741e-05 0.113111111111111 0.000444444444444445 7.40740740740741e-05 7.40740740740741e-05 7.40740740740741e-05 7.40740740740741e-05 0.199777777777778 7.40740740740741e-05 0.133111111111111 7.40740740740741e-05 7.40740740740741e-05 7.40740740740741e-05 0.159777777777778 0.179777777777778; % G D=0.1
0.233111111111111 7.40740740740741e-05 7.40740740740741e-05 7.40740740740741e-05 7.40740740740741e-05 0.133111111111111 0.179777777777778 7.40740740740741e-05 7.40740740740741e-05 7.40740740740741e-05 7.40740740740741e-05 0.126444444444444 7.40740740740741e-05 0.193111111111111 7.40740740740741e-05 7.40740740740741e-05 7.40740740740741e-05 0.000444444444444445 0.133111111111111; % K D=0.1
7.40740740740741e-05 1.23456790123457e-05 1.23456790123457e-05 1.23456790123457e-05 1.23456790123457e-05 7.40740740740741e-05 7.40740740740741e-05 1.23456790123457e-05 1.23456790123457e-05 1.23456790123457e-05 1.23456790123457e-05 7.40740740740741e-05 0.999345679012346 7.40740740740741e-05 1.23456790123457e-05 1.23456790123457e-05 1.23456790123457e-05 7.40740740740741e-05 7.40740740740741e-05; % L D=0.1
7.40740740740741e-05 1.23456790123457e-05 1.23456790123457e-05 1.23456790123457e-05 1.23456790123457e-05 7.40740740740741e-05 7.40740740740741e-05 1.23456790123457e-05 1.23456790123457e-05 1.23456790123457e-05 1.23456790123457e-05 7.40740740740741e-05 1.23456790123457e-05 7.40740740740741e-05 0.999345679012346 1.23456790123457e-05 1.23456790123457e-05 7.40740740740741e-05 7.40740740740741e-05; % P D=0.1
0.253111111111111 7.40740740740741e-05 7.40740740740741e-05 7.40740740740741e-05 7.40740740740741e-05 0.126444444444444 0.166444444444444 7.40740740740741e-05 7.40740740740741e-05 7.40740740740741e-05 7.40740740740741e-05 0.000444444444444445 7.40740740740741e-05 0.166444444444444 7.40740740740741e-05 7.40740740740741e-05 7.40740740740741e-05 0.159777777777778 0.126444444444444; % T D=0.1
7.40740740740741e-05 1.23456790123457e-05 1.23456790123457e-05 1.23456790123457e-05 0.999345679012346 7.40740740740741e-05 7.40740740740741e-05 1.23456790123457e-05 1.23456790123457e-05 1.23456790123457e-05 1.23456790123457e-05 7.40740740740741e-05 1.23456790123457e-05 7.40740740740741e-05 1.23456790123457e-05 1.23456790123457e-05 1.23456790123457e-05 7.40740740740741e-05 7.40740740740741e-05; % V D=0.1
7.40740740740741e-05 1.23456790123457e-05 1.23456790123457e-05 1.23456790123457e-05 1.23456790123457e-05 7.40740740740741e-05 7.40740740740741e-05 0.999345679012346 1.23456790123457e-05 1.23456790123457e-05 1.23456790123457e-05 7.40740740740741e-05 1.23456790123457e-05 7.40740740740741e-05 1.23456790123457e-05 1.23456790123457e-05 1.23456790123457e-05 7.40740740740741e-05 7.40740740740741e-05; % Z D=0.1
7.40740740740741e-05 0.999345679012346 1.23456790123457e-05 1.23456790123457e-05 1.23456790123457e-05 7.40740740740741e-05 7.40740740740741e-05 1.23456790123457e-05 1.23456790123457e-05 1.23456790123457e-05 1.23456790123457e-05 7.40740740740741e-05 1.23456790123457e-05 7.40740740740741e-05 1.23456790123457e-05 1.23456790123457e-05 1.23456790123457e-05 7.40740740740741e-05 7.40740740740741e-05; % b D=0.1
7.40740740740741e-05 1.23456790123457e-05 1.23456790123457e-05 1.23456790123457e-05 1.23456790123457e-05 7.40740740740741e-05 7.40740740740741e-05 1.23456790123457e-05 1.23456790123457e-05 1.23456790123457e-05 1.23456790123457e-05 7.40740740740741e-05 1.23456790123457e-05 7.40740740740741e-05 1.23456790123457e-05 1.23456790123457e-05 0.999345679012346 7.40740740740741e-05 7.40740740740741e-05; % d D=0.1
0.286444444444444 7.40740740740741e-05 7.40740740740741e-05 7.40740740740741e-05 7.40740740740741e-05 0.000444444444444445 0.139777777777778 7.40740740740741e-05 7.40740740740741e-05 7.40740740740741e-05 7.40740740740741e-05 0.153111111111111 7.40740740740741e-05 0.159777777777778 7.40740740740741e-05 7.40740740740741e-05 7.40740740740741e-05 0.106444444444444 0.153111111111111; % g D=0.1
7.40740740740741e-05 1.23456790123457e-05 1.23456790123457e-05 1.23456790123457e-05 1.23456790123457e-05 7.40740740740741e-05 7.40740740740741e-05 1.23456790123457e-05 1.23456790123457e-05 1.23456790123457e-05 0.999345679012346 7.40740740740741e-05 1.23456790123457e-05 7.40740740740741e-05 1.23456790123457e-05 1.23456790123457e-05 1.23456790123457e-05 7.40740740740741e-05 7.40740740740741e-05; % k D=0.1
7.40740740740741e-05 1.23456790123457e-05 1.23456790123457e-05 0.999345679012346 1.23456790123457e-05 7.40740740740741e-05 7.40740740740741e-05 1.23456790123457e-05 1.23456790123457e-05 1.23456790123457e-05 1.23456790123457e-05 7.40740740740741e-05 1.23456790123457e-05 7.40740740740741e-05 1.23456790123457e-05 1.23456790123457e-05 1.23456790123457e-05 7.40740740740741e-05 7.40740740740741e-05; % l D=0.1
7.40740740740741e-05 1.23456790123457e-05 1.23456790123457e-05 1.23456790123457e-05 1.23456790123457e-05 7.40740740740741e-05 7.40740740740741e-05 1.23456790123457e-05 0.999345679012346 1.23456790123457e-05 1.23456790123457e-05 7.40740740740741e-05 1.23456790123457e-05 7.40740740740741e-05 1.23456790123457e-05 1.23456790123457e-05 1.23456790123457e-05 7.40740740740741e-05 7.40740740740741e-05; % p D=0.1
7.40740740740741e-05 1.23456790123457e-05 1.23456790123457e-05 1.23456790123457e-05 1.23456790123457e-05 7.40740740740741e-05 7.40740740740741e-05 1.23456790123457e-05 1.23456790123457e-05 0.999345679012346 1.23456790123457e-05 7.40740740740741e-05 1.23456790123457e-05 7.40740740740741e-05 1.23456790123457e-05 1.23456790123457e-05 1.23456790123457e-05 7.40740740740741e-05 7.40740740740741e-05; % t D=0.1
7.40740740740741e-05 1.23456790123457e-05 1.23456790123457e-05 1.23456790123457e-05 1.23456790123457e-05 7.40740740740741e-05 7.40740740740741e-05 1.23456790123457e-05 1.23456790123457e-05 1.23456790123457e-05 1.23456790123457e-05 7.40740740740741e-05 1.23456790123457e-05 7.40740740740741e-05 1.23456790123457e-05 0.999345679012346 1.23456790123457e-05 7.40740740740741e-05 7.40740740740741e-05; % v D=0.1
7.40740740740741e-05 1.23456790123457e-05 0.999345679012346 1.23456790123457e-05 1.23456790123457e-05 7.40740740740741e-05 7.40740740740741e-05 1.23456790123457e-05 1.23456790123457e-05 1.23456790123457e-05 1.23456790123457e-05 7.40740740740741e-05 1.23456790123457e-05 7.40740740740741e-05 1.23456790123457e-05 1.23456790123457e-05 1.23456790123457e-05 7.40740740740741e-05 7.40740740740741e-05; % z D=0.1
