syllables = '$BDGKLPTVZbdgklptvz';
discounts = [0.1 0.2 0.3 0.4 0.5 0.6 0.7 0.8 0.9 0.95];
kn_probs = [0.00568181818181818 0.00113636363636364 0.00113636363636364 0.00113636363636364 0.00113636363636364 0.0806818181818182 0.00113636363636364 0.00113636363636364 0.00113636363636364 0.00113636363636364 0.00113636363636364 0.162878787878788 0.00113636363636364 0.162878787878788 0.247348484848485 0.00113636363636364 0.0806818181818182 0.00113636363636364 0.246212121212121; % $ D=0.1
0.119602272727273 0.00142045454545455 0.00142045454545455 0.00142045454545455 0.00142045454545455 0.244602272727273 0.00142045454545455 0.00142045454545455 0.00142045454545455 0.00142045454545455 0.00142045454545455 0.118181818181818 0.00142045454545455 0.00568181818181818 0.119602272727273 0.00142045454545455 0.369602272727273 0.00142045454545455 0.00568181818181818; % B D=0.1
0.368181818181818 0.00113636363636364 0.00113636363636364 0.00113636363636364 0.00113636363636364 0.118181818181818 0.00113636363636364 0.00113636363636364 0.00113636363636364 0.00113636363636364 0.00113636363636364 0.367045454545455 0.00113636363636364 0.00454545454545455 0.00568181818181818 0.00113636363636364 0.118181818181818 0.00113636363636364 0.00454545454545455; % D D=0.1
0.00710227272727273 0.00142045454545455 0.00142045454545455 0.00142045454545455 0.00142045454545455 0.00710227272727273 0.00142045454545455 0.00142045454545455 0.00142045454545455 0.00142045454545455 0.00142045454545455 0.243181818181818 0.00142045454545455 0.243181818181818 0.119602272727273 0.00142045454545455 0.244602272727273 0.00142045454545455 0.118181818181818; % G D=0.1
0.00142045454545455 0.000284090909090909 0.000284090909090909 0.000284090909090909 0.000284090909090909 0.00142045454545455 0.000284090909090909 0.000284090909090909 0.000284090909090909 0.987784090909091 0.000284090909090909 0.00113636363636364 0.000284090909090909 0.00113636363636364 0.00142045454545455 0.000284090909090909 0.00142045454545455 0.000284090909090909 0.00113636363636364; % K D=0.1
0.00142045454545455 0.000284090909090909 0.000284090909090909 0.000284090909090909 0.000284090909090909 0.00142045454545455 0.000284090909090909 0.000284090909090909 0.000284090909090909 0.000284090909090909 0.000284090909090909 0.00113636363636364 0.000284090909090909 0.00113636363636364 0.00142045454545455 0.000284090909090909 0.00142045454545455 0.987784090909091 0.00113636363636364; % L D=0.1
0.00142045454545455 0.000284090909090909 0.000284090909090909 0.000284090909090909 0.000284090909090909 0.00142045454545455 0.000284090909090909 0.987784090909091 0.000284090909090909 0.000284090909090909 0.000284090909090909 0.00113636363636364 0.000284090909090909 0.00113636363636364 0.00142045454545455 0.000284090909090909 0.00142045454545455 0.000284090909090909 0.00113636363636364; % P D=0.1
0.00142045454545455 0.987784090909091 0.000284090909090909 0.000284090909090909 0.000284090909090909 0.00142045454545455 0.000284090909090909 0.000284090909090909 0.000284090909090909 0.000284090909090909 0.000284090909090909 0.00113636363636364 0.000284090909090909 0.00113636363636364 0.00142045454545455 0.000284090909090909 0.00142045454545455 0.000284090909090909 0.00113636363636364; % T D=0.1
0.368181818181818 0.00113636363636364 0.00113636363636364 0.00113636363636364 0.00113636363636364 0.00568181818181818 0.00113636363636364 0.00113636363636364 0.00113636363636364 0.00113636363636364 0.00113636363636364 0.00454545454545455 0.00113636363636364 0.242045454545455 0.118181818181818 0.00113636363636364 0.00568181818181818 0.00113636363636364 0.242045454545455; % V D=0.1
0.493181818181818 0.00113636363636364 0.00113636363636364 0.00113636363636364 0.00113636363636364 0.118181818181818 0.00113636363636364 0.00113636363636364 0.00113636363636364 0.00113636363636364 0.00113636363636364 0.00454545454545455 0.00113636363636364 0.00454545454545455 0.00568181818181818 0.00113636363636364 0.118181818181818 0.00113636363636364 0.242045454545455; % Z D=0.1
0.00142045454545455 0.000284090909090909 0.000284090909090909 0.000284090909090909 0.000284090909090909 0.00142045454545455 0.000284090909090909 0.000284090909090909 0.000284090909090909 0.000284090909090909 0.000284090909090909 0.00113636363636364 0.987784090909091 0.00113636363636364 0.00142045454545455 0.000284090909090909 0.00142045454545455 0.000284090909090909 0.00113636363636364; % b D=0.1
0.00142045454545455 0.000284090909090909 0.000284090909090909 0.000284090909090909 0.987784090909091 0.00142045454545455 0.000284090909090909 0.000284090909090909 0.000284090909090909 0.000284090909090909 0.000284090909090909 0.00113636363636364 0.000284090909090909 0.00113636363636364 0.00142045454545455 0.000284090909090909 0.00142045454545455 0.000284090909090909 0.00113636363636364; % d D=0.1
0.00142045454545455 0.000284090909090909 0.000284090909090909 0.000284090909090909 0.000284090909090909 0.00142045454545455 0.000284090909090909 0.000284090909090909 0.987784090909091 0.000284090909090909 0.000284090909090909 0.00113636363636364 0.000284090909090909 0.00113636363636364 0.00142045454545455 0.000284090909090909 0.00142045454545455 0.000284090909090909 0.00113636363636364; % g D=0.1
0.00142045454545455 0.000284090909090909 0.987784090909091 0.000284090909090909 0.000284090909090909 0.00142045454545455 0.000284090909090909 0.000284090909090909 0.000284090909090909 0.000284090909090909 0.000284090909090909 0.00113636363636364 0.000284090909090909 0.00113636363636364 0.00142045454545455 0.000284090909090909 0.00142045454545455 0.000284090909090909 0.00113636363636364; % k D=0.1
0.00142045454545455 0.000284090909090909 0.000284090909090909 0.000284090909090909 0.000284090909090909 0.00142045454545455 0.000284090909090909 0.000284090909090909 0.000284090909090909 0.000284090909090909 0.987784090909091 0.00113636363636364 0.000284090909090909 0.00113636363636364 0.00142045454545455 0.000284090909090909 0.00142045454545455 0.000284090909090909 0.00113636363636364; % l D=0.1
0.118181818181818 0.00113636363636364 0.00113636363636364 0.00113636363636364 0.00113636363636364 0.368181818181818 0.00113636363636364 0.00113636363636364 0.00113636363636364 0.00113636363636364 0.00113636363636364 0.00454545454545455 0.00113636363636364 0.242045454545455 0.243181818181818 0.00113636363636364 0.00568181818181818 0.00113636363636364 0.00454545454545455; % p D=0.1
0.00142045454545455 0.000284090909090909 0.000284090909090909 0.000284090909090909 0.000284090909090909 0.00142045454545455 0.000284090909090909 0.000284090909090909 0.000284090909090909 0.000284090909090909 0.000284090909090909 0.00113636363636364 0.000284090909090909 0.00113636363636364 0.00142045454545455 0.987784090909091 0.00142045454545455 0.000284090909090909 0.00113636363636364; % t D=0.1
0.00142045454545455 0.000284090909090909 0.000284090909090909 0.987784090909091 0.000284090909090909 0.00142045454545455 0.000284090909090909 0.000284090909090909 0.000284090909090909 0.000284090909090909 0.000284090909090909 0.00113636363636364 0.000284090909090909 0.00113636363636364 0.00142045454545455 0.000284090909090909 0.00142045454545455 0.000284090909090909 0.00113636363636364; % v D=0.1
0.00142045454545455 0.000284090909090909 0.000284090909090909 0.000284090909090909 0.000284090909090909 0.00142045454545455 0.987784090909091 0.000284090909090909 0.000284090909090909 0.000284090909090909 0.000284090909090909 0.00113636363636364 0.000284090909090909 0.00113636363636364 0.00142045454545455 0.000284090909090909 0.00142045454545455 0.000284090909090909 0.00113636363636364; % z D=0.1
0.0113636363636364 0.00227272727272727 0.00227272727272727 0.00227272727272727 0.00227272727272727 0.078030303030303 0.00227272727272727 0.00227272727272727 0.00227272727272727 0.00227272727272727 0.00227272727272727 0.159090909090909 0.00227272727272727 0.159090909090909 0.24469696969697 0.00227272727272727 0.078030303030303 0.00227272727272727 0.242424242424242; % $ D=0.2
