syllables = '$BDGKLPTVZbdgklptvz';
discounts = [0.1 0.2 0.3 0.4 0.5 0.6 0.7 0.8 0.9 0.95];
kn_probs = [0.00434782608695652 0.00108695652173913 0.163768115942029 0.163768115942029 0.329347826086957 0.0815217391304348 0.00108695652173913 0.00108695652173913 0.00108695652173913 0.00108695652173913 0.0804347826086956 0.00108695652173913 0.00108695652173913 0.00108695652173913 0.00108695652173913 0.00108695652173913 0.00108695652173913 0.00108695652173913 0.163768115942029; % $ D=0.1
0.244021739130435 0.0016304347826087 0.245652173913043 0.120652173913043 0.119021739130435 0.00978260869565217 0.0016304347826087 0.0016304347826087 0.0016304347826087 0.0016304347826087 0.120652173913043 0.0016304347826087 0.0016304347826087 0.0016304347826087 0.0016304347826087 0.0016304347826087 0.0016304347826087 0.0016304347826087 0.120652173913043; % B D=0.1
0.00108695652173913 0.000271739130434783 0.00135869565217391 0.00135869565217391 0.00108695652173913 0.0016304347826087 0.000271739130434783 0.000271739130434783 0.000271739130434783 0.000271739130434783 0.00135869565217391 0.987771739130435 0.000271739130434783 0.000271739130434783 0.000271739130434783 0.000271739130434783 0.000271739130434783 0.000271739130434783 0.00135869565217391; % D D=0.1
0.00108695652173913 0.000271739130434783 0.00135869565217391 0.00135869565217391 0.00108695652173913 0.0016304347826087 0.000271739130434783 0.000271739130434783 0.000271739130434783 0.000271739130434783 0.00135869565217391 0.000271739130434783 0.987771739130435 0.000271739130434783 0.000271739130434783 0.000271739130434783 0.000271739130434783 0.000271739130434783 0.00135869565217391; % G D=0.1
0.00108695652173913 0.000271739130434783 0.00135869565217391 0.00135869565217391 0.00108695652173913 0.0016304347826087 0.000271739130434783 0.000271739130434783 0.987771739130435 0.000271739130434783 0.00135869565217391 0.000271739130434783 0.000271739130434783 0.000271739130434783 0.000271739130434783 0.000271739130434783 0.000271739130434783 0.000271739130434783 0.00135869565217391; % K D=0.1
0.00108695652173913 0.000271739130434783 0.00135869565217391 0.00135869565217391 0.00108695652173913 0.0016304347826087 0.000271739130434783 0.000271739130434783 0.000271739130434783 0.000271739130434783 0.00135869565217391 0.000271739130434783 0.000271739130434783 0.000271739130434783 0.000271739130434783 0.000271739130434783 0.987771739130435 0.000271739130434783 0.00135869565217391; % L D=0.1
0.00108695652173913 0.000271739130434783 0.00135869565217391 0.00135869565217391 0.00108695652173913 0.0016304347826087 0.000271739130434783 0.000271739130434783 0.000271739130434783 0.000271739130434783 0.00135869565217391 0.000271739130434783 0.000271739130434783 0.000271739130434783 0.987771739130435 0.000271739130434783 0.000271739130434783 0.000271739130434783 0.00135869565217391; % P D=0.1
0.00108695652173913 0.987771739130435 0.00135869565217391 0.00135869565217391 0.00108695652173913 0.0016304347826087 0.000271739130434783 0.000271739130434783 0.000271739130434783 0.000271739130434783 0.00135869565217391 0.000271739130434783 0.000271739130434783 0.000271739130434783 0.000271739130434783 0.000271739130434783 0.000271739130434783 0.000271739130434783 0.00135869565217391; % T D=0.1
0.00434782608695652 0.00108695652173913 0.242934782608696 0.367934782608696 0.00434782608695652 0.119021739130435 0.00108695652173913 0.00108695652173913 0.00108695652173913 0.00108695652173913 0.242934782608696 0.00108695652173913 0.00108695652173913 0.00108695652173913 0.00108695652173913 0.00108695652173913 0.00108695652173913 0.00108695652173913 0.00543478260869565; % V D=0.1
0.241847826086957 0.00108695652173913 0.00543478260869565 0.00543478260869565 0.00434782608695652 0.244021739130435 0.00108695652173913 0.00108695652173913 0.00108695652173913 0.00108695652173913 0.117934782608696 0.00108695652173913 0.00108695652173913 0.00108695652173913 0.00108695652173913 0.00108695652173913 0.00108695652173913 0.00108695652173913 0.367934782608696; % Z D=0.1
0.00108695652173913 0.000271739130434783 0.00135869565217391 0.00135869565217391 0.00108695652173913 0.0016304347826087 0.987771739130435 0.000271739130434783 0.000271739130434783 0.000271739130434783 0.00135869565217391 0.000271739130434783 0.000271739130434783 0.000271739130434783 0.000271739130434783 0.000271739130434783 0.000271739130434783 0.000271739130434783 0.00135869565217391; % b D=0.1
0.616847826086957 0.00108695652173913 0.00543478260869565 0.117934782608696 0.00434782608695652 0.119021739130435 0.00108695652173913 0.00108695652173913 0.00108695652173913 0.00108695652173913 0.00543478260869565 0.00108695652173913 0.00108695652173913 0.00108695652173913 0.00108695652173913 0.00108695652173913 0.00108695652173913 0.00108695652173913 0.117934782608696; % d D=0.1
0.00108695652173913 0.000271739130434783 0.00135869565217391 0.00135869565217391 0.00108695652173913 0.0016304347826087 0.000271739130434783 0.000271739130434783 0.000271739130434783 0.987771739130435 0.00135869565217391 0.000271739130434783 0.000271739130434783 0.000271739130434783 0.000271739130434783 0.000271739130434783 0.000271739130434783 0.000271739130434783 0.00135869565217391; % g D=0.1
0.00108695652173913 0.000271739130434783 0.00135869565217391 0.00135869565217391 0.00108695652173913 0.0016304347826087 0.000271739130434783 0.000271739130434783 0.000271739130434783 0.000271739130434783 0.00135869565217391 0.000271739130434783 0.000271739130434783 0.000271739130434783 0.000271739130434783 0.987771739130435 0.000271739130434783 0.000271739130434783 0.00135869565217391; % k D=0.1
0.367934782608696 0.00135869565217391 0.11929347826087 0.00679347826086957 0.117934782608696 0.245652173913043 0.00135869565217391 0.00135869565217391 0.00135869565217391 0.00135869565217391 0.00679347826086957 0.00135869565217391 0.00135869565217391 0.00135869565217391 0.00135869565217391 0.00135869565217391 0.00135869565217391 0.00135869565217391 0.11929347826087; % l D=0.1
0.00108695652173913 0.000271739130434783 0.00135869565217391 0.00135869565217391 0.00108695652173913 0.0016304347826087 0.000271739130434783 0.000271739130434783 0.000271739130434783 0.000271739130434783 0.00135869565217391 0.000271739130434783 0.000271739130434783 0.000271739130434783 0.000271739130434783 0.000271739130434783 0.000271739130434783 0.987771739130435 0.00135869565217391; % p D=0.1
0.00108695652173913 0.000271739130434783 0.00135869565217391 0.00135869565217391 0.00108695652173913 0.0016304347826087 0.000271739130434783 0.987771739130435 0.000271739130434783 0.000271739130434783 0.00135869565217391 0.000271739130434783 0.000271739130434783 0.000271739130434783 0.000271739130434783 0.000271739130434783 0.000271739130434783 0.000271739130434783 0.00135869565217391; % t D=0.1
0.00543478260869565 0.00135869565217391 0.11929347826087 0.11929347826087 0.242934782608696 0.120652173913043 0.00135869565217391 0.00135869565217391 0.00135869565217391 0.00135869565217391 0.36929347826087 0.00135869565217391 0.00135869565217391 0.00135869565217391 0.00135869565217391 0.00135869565217391 0.00135869565217391 0.00135869565217391 0.00679347826086957; % v D=0.1
0.00108695652173913 0.000271739130434783 0.00135869565217391 0.00135869565217391 0.00108695652173913 0.0016304347826087 0.000271739130434783 0.000271739130434783 0.000271739130434783 0.000271739130434783 0.00135869565217391 0.000271739130434783 0.000271739130434783 0.987771739130435 0.000271739130434783 0.000271739130434783 0.000271739130434783 0.000271739130434783 0.00135869565217391; % z D=0.1
0.00869565217391305 0.00217391304347826 0.160869565217391 0.160869565217391 0.32536231884058 0.0797101449275362 0.00217391304347826 0.00217391304347826 0.00217391304347826 0.00217391304347826 0.077536231884058 0.00217391304347826 0.00217391304347826 0.00217391304347826 0.00217391304347826 0.00217391304347826 0.00217391304347826 0.00217391304347826 0.160869565217391; % $ D=0.2
0.23804347826087 0.00326086956521739 0.241304347826087 0.116304347826087 0.11304347826087 0.0195652173913043 0.00326086956521739 0.00326086956521739 0.00326086956521739 0.00326086956521739 0.116304347826087 0.00326086956521739 0.00326086956521739 0.00326086956521739 0.00326086956521739 0.00326086956521739 0.00326086956521739 0.00326086956521739 0.116304347826087; % B D=0.2
0.00217391304347826 0.000543478260869565 0.00271739130434783 0.00271739130434783 0.00217391304347826 0.00326086956521739 0.000543478260869565 0.000543478260869565 0.000543478260869565 0.000543478260869565 0.00271739130434783 0.97554347826087 0.000543478260869565 0.000543478260869565 0.000543478260869565 0.000543478260869565 0.000543478260869565 0.000543478260869565 0.00271739130434783; % D D=0.2
0.00217391304347826 0.000543478260869565 0.00271739130434783 0.00271739130434783 0.00217391304347826 0.00326086956521739 0.000543478260869565 0.000543478260869565 0.000543478260869565 0.000543478260869565 0.00271739130434783 0.000543478260869565 0.97554347826087 0.000543478260869565 0.000543478260869565 0.000543478260869565 0.000543478260869565 0.000543478260869565 0.00271739130434783; % G D=0.2
0.00217391304347826 0.000543478260869565 0.00271739130434783 0.00271739130434783 0.00217391304347826 0.00326086956521739 0.000543478260869565 0.000543478260869565 0.97554347826087 0.000543478260869565 0.00271739130434783 0.000543478260869565 0.000543478260869565 0.000543478260869565 0.000543478260869565 0.000543478260869565 0.000543478260869565 0.000543478260869565 0.00271739130434783; % K D=0.2
0.00217391304347826 0.000543478260869565 0.00271739130434783 0.00271739130434783 0.00217391304347826 0.00326086956521739 0.000543478260869565 0.000543478260869565 0.000543478260869565 0.000543478260869565 0.00271739130434783 0.000543478260869565 0.000543478260869565 0.000543478260869565 0.000543478260869565 0.000543478260869565 0.97554347826087 0.000543478260869565 0.00271739130434783; % L D=0.2
0.00217391304347826 0.000543478260869565 0.00271739130434783 0.00271739130434783 0.00217391304347826 0.00326086956521739 0.000543478260869565 0.000543478260869565 0.000543478260869565 0.000543478260869565 0.00271739130434783 0.000543478260869565 0.000543478260869565 0.000543478260869565 0.97554347826087 0.000543478260869565 0.000543478260869565 0.000543478260869565 0.00271739130434783; % P D=0.2
0.00217391304347826 0.97554347826087 0.00271739130434783 0.00271739130434783 0.00217391304347826 0.00326086956521739 0.000543478260869565 0.000543478260869565 0.000543478260869565 0.000543478260869565 0.00271739130434783 0.000543478260869565 0.000543478260869565 0.000543478260869565 0.000543478260869565 0.000543478260869565 0.000543478260869565 0.000543478260869565 0.00271739130434783; % T D=0.2
0.00869565217391304 0.00217391304347826 0.235869565217391 0.360869565217391 0.00869565217391304 0.11304347826087 0.00217391304347826 0.00217391304347826 0.00217391304347826 0.00217391304347826 0.235869565217391 0.00217391304347826 0.00217391304347826 0.00217391304347826 0.00217391304347826 0.00217391304347826 0.00217391304347826 0.00217391304347826 0.0108695652173913; % V D=0.2
0.233695652173913 0.00217391304347826 0.0108695652173913 0.0108695652173913 0.00869565217391304 0.23804347826087 0.00217391304347826 0.00217391304347826 0.00217391304347826 0.00217391304347826 0.110869565217391 0.00217391304347826 0.00217391304347826 0.00217391304347826 0.00217391304347826 0.00217391304347826 0.00217391304347826 0.00217391304347826 0.360869565217391; % Z D=0.2
0.00217391304347826 0.000543478260869565 0.00271739130434783 0.00271739130434783 0.00217391304347826 0.00326086956521739 0.97554347826087 0.000543478260869565 0.000543478260869565 0.000543478260869565 0.00271739130434783 0.000543478260869565 0.000543478260869565 0.000543478260869565 0.000543478260869565 0.000543478260869565 0.000543478260869565 0.000543478260869565 0.00271739130434783; % b D=0.2
0.608695652173913 0.00217391304347826 0.0108695652173913 0.110869565217391 0.00869565217391304 0.11304347826087 0.00217391304347826 0.00217391304347826 0.00217391304347826 0.00217391304347826 0.0108695652173913 0.00217391304347826 0.00217391304347826 0.00217391304347826 0.00217391304347826 0.00217391304347826 0.00217391304347826 0.00217391304347826 0.110869565217391; % d D=0.2
0.00217391304347826 0.000543478260869565 0.00271739130434783 0.00271739130434783 0.00217391304347826 0.00326086956521739 0.000543478260869565 0.000543478260869565 0.000543478260869565 0.97554347826087 0.00271739130434783 0.000543478260869565 0.000543478260869565 0.000543478260869565 0.000543478260869565 0.000543478260869565 0.000543478260869565 0.000543478260869565 0.00271739130434783; % g D=0.2
0.00217391304347826 0.000543478260869565 0.00271739130434783 0.00271739130434783 0.00217391304347826 0.00326086956521739 0.000543478260869565 0.000543478260869565 0.000543478260869565 0.000543478260869565 0.00271739130434783 0.000543478260869565 0.000543478260869565 0.000543478260869565 0.000543478260869565 0.97554347826087 0.000543478260869565 0.000543478260869565 0.00271739130434783; % k D=0.2
0.360869565217391 0.00271739130434783 0.113586956521739 0.0135869565217391 0.110869565217391 0.241304347826087 0.00271739130434783 0.00271739130434783 0.00271739130434783 0.00271739130434783 0.0135869565217391 0.00271739130434783 0.00271739130434783 0.00271739130434783 0.00271739130434783 0.00271739130434783 0.00271739130434783 0.00271739130434783 0.113586956521739; % l D=0.2
0.00217391304347826 0.000543478260869565 0.00271739130434783 0.00271739130434783 0.00217391304347826 0.00326086956521739 0.000543478260869565 0.000543478260869565 0.000543478260869565 0.000543478260869565 0.00271739130434783 0.000543478260869565 0.000543478260869565 0.000543478260869565 0.000543478260869565 0.000543478260869565 0.000543478260869565 0.97554347826087 0.00271739130434783; % p D=0.2
0.00217391304347826 0.000543478260869565 0.00271739130434783 0.00271739130434783 0.00217391304347826 0.00326086956521739 0.000543478260869565 0.97554347826087 0.000543478260869565 0.000543478260869565 0.00271739130434783 0.000543478260869565 0.000543478260869565 0.000543478260869565 0.000543478260869565 0.000543478260869565 0.000543478260869565 0.000543478260869565 0.00271739130434783; % t D=0.2
0.0108695652173913 0.00271739130434783 0.113586956521739 0.113586956521739 0.235869565217391 0.116304347826087 0.00271739130434783 0.00271739130434783 0.00271739130434783 0.00271739130434783 0.363586956521739 0.00271739130434783 0.00271739130434783 0.00271739130434783 0.00271739130434783 0.00271739130434783 0.00271739130434783 0.00271739130434783 0.0135869565217391; % v D=0.2
0.00217391304347826 0.000543478260869565 0.00271739130434783 0.00271739130434783 0.00217391304347826 0.00326086956521739 0.000543478260869565 0.000543478260869565 0.000543478260869565 0.000543478260869565 0.00271739130434783 0.000543478260869565 0.000543478260869565 0.97554347826087 0.000543478260869565 0.000543478260869565 0.000543478260869565 0.000543478260869565 0.00271739130434783; % z D=0.2
0.0130434782608696 0.00326086956521739 0.157971014492754 0.157971014492754 0.321376811594203 0.0778985507246377 0.00326086956521739 0.00326086956521739 0.00326086956521739 0.00326086956521739 0.0746376811594203 0.00326086956521739 0.00326086956521739 0.00326086956521739 0.00326086956521739 0.00326086956521739 0.00326086956521739 0.00326086956521739 0.157971014492754; % $ D=0.3
0.232065217391304 0.00489130434782609 0.23695652173913 0.11195652173913 0.107065217391304 0.0293478260869565 0.00489130434782609 0.00489130434782609 0.00489130434782609 0.00489130434782609 0.11195652173913 0.00489130434782609 0.00489130434782609 0.00489130434782609 0.00489130434782609 0.00489130434782609 0.00489130434782609 0.00489130434782609 0.11195652173913; % B D=0.3
0.00326086956521739 0.000815217391304348 0.00407608695652174 0.00407608695652174 0.00326086956521739 0.00489130434782609 0.000815217391304348 0.000815217391304348 0.000815217391304348 0.000815217391304348 0.00407608695652174 0.963315217391304 0.000815217391304348 0.000815217391304348 0.000815217391304348 0.000815217391304348 0.000815217391304348 0.000815217391304348 0.00407608695652174; % D D=0.3
0.00326086956521739 0.000815217391304348 0.00407608695652174 0.00407608695652174 0.00326086956521739 0.00489130434782609 0.000815217391304348 0.000815217391304348 0.000815217391304348 0.000815217391304348 0.00407608695652174 0.000815217391304348 0.963315217391304 0.000815217391304348 0.000815217391304348 0.000815217391304348 0.000815217391304348 0.000815217391304348 0.00407608695652174; % G D=0.3
0.00326086956521739 0.000815217391304348 0.00407608695652174 0.00407608695652174 0.00326086956521739 0.00489130434782609 0.000815217391304348 0.000815217391304348 0.963315217391304 0.000815217391304348 0.00407608695652174 0.000815217391304348 0.000815217391304348 0.000815217391304348 0.000815217391304348 0.000815217391304348 0.000815217391304348 0.000815217391304348 0.00407608695652174; % K D=0.3
0.00326086956521739 0.000815217391304348 0.00407608695652174 0.00407608695652174 0.00326086956521739 0.00489130434782609 0.000815217391304348 0.000815217391304348 0.000815217391304348 0.000815217391304348 0.00407608695652174 0.000815217391304348 0.000815217391304348 0.000815217391304348 0.000815217391304348 0.000815217391304348 0.963315217391304 0.000815217391304348 0.00407608695652174; % L D=0.3
0.00326086956521739 0.000815217391304348 0.00407608695652174 0.00407608695652174 0.00326086956521739 0.00489130434782609 0.000815217391304348 0.000815217391304348 0.000815217391304348 0.000815217391304348 0.00407608695652174 0.000815217391304348 0.000815217391304348 0.000815217391304348 0.963315217391304 0.000815217391304348 0.000815217391304348 0.000815217391304348 0.00407608695652174; % P D=0.3
0.00326086956521739 0.963315217391304 0.00407608695652174 0.00407608695652174 0.00326086956521739 0.00489130434782609 0.000815217391304348 0.000815217391304348 0.000815217391304348 0.000815217391304348 0.00407608695652174 0.000815217391304348 0.000815217391304348 0.000815217391304348 0.000815217391304348 0.000815217391304348 0.000815217391304348 0.000815217391304348 0.00407608695652174; % T D=0.3
0.0130434782608696 0.00326086956521739 0.228804347826087 0.353804347826087 0.0130434782608696 0.107065217391304 0.00326086956521739 0.00326086956521739 0.00326086956521739 0.00326086956521739 0.228804347826087 0.00326086956521739 0.00326086956521739 0.00326086956521739 0.00326086956521739 0.00326086956521739 0.00326086956521739 0.00326086956521739 0.016304347826087; % V D=0.3
0.22554347826087 0.00326086956521739 0.016304347826087 0.016304347826087 0.0130434782608696 0.232065217391304 0.00326086956521739 0.00326086956521739 0.00326086956521739 0.00326086956521739 0.103804347826087 0.00326086956521739 0.00326086956521739 0.00326086956521739 0.00326086956521739 0.00326086956521739 0.00326086956521739 0.00326086956521739 0.353804347826087; % Z D=0.3
0.00326086956521739 0.000815217391304348 0.00407608695652174 0.00407608695652174 0.00326086956521739 0.00489130434782609 0.963315217391304 0.000815217391304348 0.000815217391304348 0.000815217391304348 0.00407608695652174 0.000815217391304348 0.000815217391304348 0.000815217391304348 0.000815217391304348 0.000815217391304348 0.000815217391304348 0.000815217391304348 0.00407608695652174; % b D=0.3
0.60054347826087 0.00326086956521739 0.016304347826087 0.103804347826087 0.0130434782608696 0.107065217391304 0.00326086956521739 0.00326086956521739 0.00326086956521739 0.00326086956521739 0.016304347826087 0.00326086956521739 0.00326086956521739 0.00326086956521739 0.00326086956521739 0.00326086956521739 0.00326086956521739 0.00326086956521739 0.103804347826087; % d D=0.3
0.00326086956521739 0.000815217391304348 0.00407608695652174 0.00407608695652174 0.00326086956521739 0.00489130434782609 0.000815217391304348 0.000815217391304348 0.000815217391304348 0.963315217391304 0.00407608695652174 0.000815217391304348 0.000815217391304348 0.000815217391304348 0.000815217391304348 0.000815217391304348 0.000815217391304348 0.000815217391304348 0.00407608695652174; % g D=0.3
0.00326086956521739 0.000815217391304348 0.00407608695652174 0.00407608695652174 0.00326086956521739 0.00489130434782609 0.000815217391304348 0.000815217391304348 0.000815217391304348 0.000815217391304348 0.00407608695652174 0.000815217391304348 0.000815217391304348 0.000815217391304348 0.000815217391304348 0.963315217391304 0.000815217391304348 0.000815217391304348 0.00407608695652174; % k D=0.3
0.353804347826087 0.00407608695652174 0.107880434782609 0.0203804347826087 0.103804347826087 0.23695652173913 0.00407608695652174 0.00407608695652174 0.00407608695652174 0.00407608695652174 0.0203804347826087 0.00407608695652174 0.00407608695652174 0.00407608695652174 0.00407608695652174 0.00407608695652174 0.00407608695652174 0.00407608695652174 0.107880434782609; % l D=0.3
0.00326086956521739 0.000815217391304348 0.00407608695652174 0.00407608695652174 0.00326086956521739 0.00489130434782609 0.000815217391304348 0.000815217391304348 0.000815217391304348 0.000815217391304348 0.00407608695652174 0.000815217391304348 0.000815217391304348 0.000815217391304348 0.000815217391304348 0.000815217391304348 0.000815217391304348 0.963315217391304 0.00407608695652174; % p D=0.3
0.00326086956521739 0.000815217391304348 0.00407608695652174 0.00407608695652174 0.00326086956521739 0.00489130434782609 0.000815217391304348 0.963315217391304 0.000815217391304348 0.000815217391304348 0.00407608695652174 0.000815217391304348 0.000815217391304348 0.000815217391304348 0.000815217391304348 0.000815217391304348 0.000815217391304348 0.000815217391304348 0.00407608695652174; % t D=0.3
0.016304347826087 0.00407608695652174 0.107880434782609 0.107880434782609 0.228804347826087 0.11195652173913 0.00407608695652174 0.00407608695652174 0.00407608695652174 0.00407608695652174 0.357880434782609 0.00407608695652174 0.00407608695652174 0.00407608695652174 0.00407608695652174 0.00407608695652174 0.00407608695652174 0.00407608695652174 0.0203804347826087; % v D=0.3
0.00326086956521739 0.000815217391304348 0.00407608695652174 0.00407608695652174 0.00326086956521739 0.00489130434782609 0.000815217391304348 0.000815217391304348 0.000815217391304348 0.000815217391304348 0.00407608695652174 0.000815217391304348 0.000815217391304348 0.963315217391304 0.000815217391304348 0.000815217391304348 0.000815217391304348 0.000815217391304348 0.00407608695652174; % z D=0.3
0.0173913043478261 0.00434782608695652 0.155072463768116 0.155072463768116 0.317391304347826 0.0760869565217391 0.00434782608695652 0.00434782608695652 0.00434782608695652 0.00434782608695652 0.0717391304347826 0.00434782608695652 0.00434782608695652 0.00434782608695652 0.00434782608695652 0.00434782608695652 0.00434782608695652 0.00434782608695652 0.155072463768116; % $ D=0.4
0.226086956521739 0.00652173913043478 0.232608695652174 0.107608695652174 0.101086956521739 0.0391304347826087 0.00652173913043478 0.00652173913043478 0.00652173913043478 0.00652173913043478 0.107608695652174 0.00652173913043478 0.00652173913043478 0.00652173913043478 0.00652173913043478 0.00652173913043478 0.00652173913043478 0.00652173913043478 0.107608695652174; % B D=0.4
0.00434782608695652 0.00108695652173913 0.00543478260869565 0.00543478260869565 0.00434782608695652 0.00652173913043478 0.00108695652173913 0.00108695652173913 0.00108695652173913 0.00108695652173913 0.00543478260869565 0.951086956521739 0.00108695652173913 0.00108695652173913 0.00108695652173913 0.00108695652173913 0.00108695652173913 0.00108695652173913 0.00543478260869565; % D D=0.4
0.00434782608695652 0.00108695652173913 0.00543478260869565 0.00543478260869565 0.00434782608695652 0.00652173913043478 0.00108695652173913 0.00108695652173913 0.00108695652173913 0.00108695652173913 0.00543478260869565 0.00108695652173913 0.951086956521739 0.00108695652173913 0.00108695652173913 0.00108695652173913 0.00108695652173913 0.00108695652173913 0.00543478260869565; % G D=0.4
0.00434782608695652 0.00108695652173913 0.00543478260869565 0.00543478260869565 0.00434782608695652 0.00652173913043478 0.00108695652173913 0.00108695652173913 0.951086956521739 0.00108695652173913 0.00543478260869565 0.00108695652173913 0.00108695652173913 0.00108695652173913 0.00108695652173913 0.00108695652173913 0.00108695652173913 0.00108695652173913 0.00543478260869565; % K D=0.4
0.00434782608695652 0.00108695652173913 0.00543478260869565 0.00543478260869565 0.00434782608695652 0.00652173913043478 0.00108695652173913 0.00108695652173913 0.00108695652173913 0.00108695652173913 0.00543478260869565 0.00108695652173913 0.00108695652173913 0.00108695652173913 0.00108695652173913 0.00108695652173913 0.951086956521739 0.00108695652173913 0.00543478260869565; % L D=0.4
0.00434782608695652 0.00108695652173913 0.00543478260869565 0.00543478260869565 0.00434782608695652 0.00652173913043478 0.00108695652173913 0.00108695652173913 0.00108695652173913 0.00108695652173913 0.00543478260869565 0.00108695652173913 0.00108695652173913 0.00108695652173913 0.951086956521739 0.00108695652173913 0.00108695652173913 0.00108695652173913 0.00543478260869565; % P D=0.4
0.00434782608695652 0.951086956521739 0.00543478260869565 0.00543478260869565 0.00434782608695652 0.00652173913043478 0.00108695652173913 0.00108695652173913 0.00108695652173913 0.00108695652173913 0.00543478260869565 0.00108695652173913 0.00108695652173913 0.00108695652173913 0.00108695652173913 0.00108695652173913 0.00108695652173913 0.00108695652173913 0.00543478260869565; % T D=0.4
0.0173913043478261 0.00434782608695652 0.221739130434783 0.346739130434783 0.0173913043478261 0.101086956521739 0.00434782608695652 0.00434782608695652 0.00434782608695652 0.00434782608695652 0.221739130434783 0.00434782608695652 0.00434782608695652 0.00434782608695652 0.00434782608695652 0.00434782608695652 0.00434782608695652 0.00434782608695652 0.0217391304347826; % V D=0.4
0.217391304347826 0.00434782608695652 0.0217391304347826 0.0217391304347826 0.0173913043478261 0.226086956521739 0.00434782608695652 0.00434782608695652 0.00434782608695652 0.00434782608695652 0.0967391304347826 0.00434782608695652 0.00434782608695652 0.00434782608695652 0.00434782608695652 0.00434782608695652 0.00434782608695652 0.00434782608695652 0.346739130434783; % Z D=0.4
0.00434782608695652 0.00108695652173913 0.00543478260869565 0.00543478260869565 0.00434782608695652 0.00652173913043478 0.951086956521739 0.00108695652173913 0.00108695652173913 0.00108695652173913 0.00543478260869565 0.00108695652173913 0.00108695652173913 0.00108695652173913 0.00108695652173913 0.00108695652173913 0.00108695652173913 0.00108695652173913 0.00543478260869565; % b D=0.4
0.592391304347826 0.00434782608695652 0.0217391304347826 0.0967391304347826 0.0173913043478261 0.101086956521739 0.00434782608695652 0.00434782608695652 0.00434782608695652 0.00434782608695652 0.0217391304347826 0.00434782608695652 0.00434782608695652 0.00434782608695652 0.00434782608695652 0.00434782608695652 0.00434782608695652 0.00434782608695652 0.0967391304347826; % d D=0.4
0.00434782608695652 0.00108695652173913 0.00543478260869565 0.00543478260869565 0.00434782608695652 0.00652173913043478 0.00108695652173913 0.00108695652173913 0.00108695652173913 0.951086956521739 0.00543478260869565 0.00108695652173913 0.00108695652173913 0.00108695652173913 0.00108695652173913 0.00108695652173913 0.00108695652173913 0.00108695652173913 0.00543478260869565; % g D=0.4
0.00434782608695652 0.00108695652173913 0.00543478260869565 0.00543478260869565 0.00434782608695652 0.00652173913043478 0.00108695652173913 0.00108695652173913 0.00108695652173913 0.00108695652173913 0.00543478260869565 0.00108695652173913 0.00108695652173913 0.00108695652173913 0.00108695652173913 0.951086956521739 0.00108695652173913 0.00108695652173913 0.00543478260869565; % k D=0.4
0.346739130434783 0.00543478260869565 0.102173913043478 0.0271739130434783 0.0967391304347826 0.232608695652174 0.00543478260869565 0.00543478260869565 0.00543478260869565 0.00543478260869565 0.0271739130434783 0.00543478260869565 0.00543478260869565 0.00543478260869565 0.00543478260869565 0.00543478260869565 0.00543478260869565 0.00543478260869565 0.102173913043478; % l D=0.4
0.00434782608695652 0.00108695652173913 0.00543478260869565 0.00543478260869565 0.00434782608695652 0.00652173913043478 0.00108695652173913 0.00108695652173913 0.00108695652173913 0.00108695652173913 0.00543478260869565 0.00108695652173913 0.00108695652173913 0.00108695652173913 0.00108695652173913 0.00108695652173913 0.00108695652173913 0.951086956521739 0.00543478260869565; % p D=0.4
0.00434782608695652 0.00108695652173913 0.00543478260869565 0.00543478260869565 0.00434782608695652 0.00652173913043478 0.00108695652173913 0.951086956521739 0.00108695652173913 0.00108695652173913 0.00543478260869565 0.00108695652173913 0.00108695652173913 0.00108695652173913 0.00108695652173913 0.00108695652173913 0.00108695652173913 0.00108695652173913 0.00543478260869565; % t D=0.4
0.0217391304347826 0.00543478260869565 0.102173913043478 0.102173913043478 0.221739130434783 0.107608695652174 0.00543478260869565 0.00543478260869565 0.00543478260869565 0.00543478260869565 0.352173913043478 0.00543478260869565 0.00543478260869565 0.00543478260869565 0.00543478260869565 0.00543478260869565 0.00543478260869565 0.00543478260869565 0.0271739130434783; % v D=0.4
0.00434782608695652 0.00108695652173913 0.00543478260869565 0.00543478260869565 0.00434782608695652 0.00652173913043478 0.00108695652173913 0.00108695652173913 0.00108695652173913 0.00108695652173913 0.00543478260869565 0.00108695652173913 0.00108695652173913 0.951086956521739 0.00108695652173913 0.00108695652173913 0.00108695652173913 0.00108695652173913 0.00543478260869565; % z D=0.4
0.0217391304347826 0.00543478260869565 0.152173913043478 0.152173913043478 0.313405797101449 0.0742753623188406 0.00543478260869565 0.00543478260869565 0.00543478260869565 0.00543478260869565 0.0688405797101449 0.00543478260869565 0.00543478260869565 0.00543478260869565 0.00543478260869565 0.00543478260869565 0.00543478260869565 0.00543478260869565 0.152173913043478; % $ D=0.5
0.220108695652174 0.00815217391304348 0.228260869565217 0.103260869565217 0.0951086956521739 0.0489130434782609 0.00815217391304348 0.00815217391304348 0.00815217391304348 0.00815217391304348 0.103260869565217 0.00815217391304348 0.00815217391304348 0.00815217391304348 0.00815217391304348 0.00815217391304348 0.00815217391304348 0.00815217391304348 0.103260869565217; % B D=0.5
0.00543478260869565 0.00135869565217391 0.00679347826086957 0.00679347826086957 0.00543478260869565 0.00815217391304348 0.00135869565217391 0.00135869565217391 0.00135869565217391 0.00135869565217391 0.00679347826086957 0.938858695652174 0.00135869565217391 0.00135869565217391 0.00135869565217391 0.00135869565217391 0.00135869565217391 0.00135869565217391 0.00679347826086957; % D D=0.5
0.00543478260869565 0.00135869565217391 0.00679347826086957 0.00679347826086957 0.00543478260869565 0.00815217391304348 0.00135869565217391 0.00135869565217391 0.00135869565217391 0.00135869565217391 0.00679347826086957 0.00135869565217391 0.938858695652174 0.00135869565217391 0.00135869565217391 0.00135869565217391 0.00135869565217391 0.00135869565217391 0.00679347826086957; % G D=0.5
0.00543478260869565 0.00135869565217391 0.00679347826086957 0.00679347826086957 0.00543478260869565 0.00815217391304348 0.00135869565217391 0.00135869565217391 0.938858695652174 0.00135869565217391 0.00679347826086957 0.00135869565217391 0.00135869565217391 0.00135869565217391 0.00135869565217391 0.00135869565217391 0.00135869565217391 0.00135869565217391 0.00679347826086957; % K D=0.5
0.00543478260869565 0.00135869565217391 0.00679347826086957 0.00679347826086957 0.00543478260869565 0.00815217391304348 0.00135869565217391 0.00135869565217391 0.00135869565217391 0.00135869565217391 0.00679347826086957 0.00135869565217391 0.00135869565217391 0.00135869565217391 0.00135869565217391 0.00135869565217391 0.938858695652174 0.00135869565217391 0.00679347826086957; % L D=0.5
0.00543478260869565 0.00135869565217391 0.00679347826086957 0.00679347826086957 0.00543478260869565 0.00815217391304348 0.00135869565217391 0.00135869565217391 0.00135869565217391 0.00135869565217391 0.00679347826086957 0.00135869565217391 0.00135869565217391 0.00135869565217391 0.938858695652174 0.00135869565217391 0.00135869565217391 0.00135869565217391 0.00679347826086957; % P D=0.5
0.00543478260869565 0.938858695652174 0.00679347826086957 0.00679347826086957 0.00543478260869565 0.00815217391304348 0.00135869565217391 0.00135869565217391 0.00135869565217391 0.00135869565217391 0.00679347826086957 0.00135869565217391 0.00135869565217391 0.00135869565217391 0.00135869565217391 0.00135869565217391 0.00135869565217391 0.00135869565217391 0.00679347826086957; % T D=0.5
0.0217391304347826 0.00543478260869565 0.214673913043478 0.339673913043478 0.0217391304347826 0.0951086956521739 0.00543478260869565 0.00543478260869565 0.00543478260869565 0.00543478260869565 0.214673913043478 0.00543478260869565 0.00543478260869565 0.00543478260869565 0.00543478260869565 0.00543478260869565 0.00543478260869565 0.00543478260869565 0.0271739130434783; % V D=0.5
0.209239130434783 0.00543478260869565 0.0271739130434783 0.0271739130434783 0.0217391304347826 0.220108695652174 0.00543478260869565 0.00543478260869565 0.00543478260869565 0.00543478260869565 0.0896739130434783 0.00543478260869565 0.00543478260869565 0.00543478260869565 0.00543478260869565 0.00543478260869565 0.00543478260869565 0.00543478260869565 0.339673913043478; % Z D=0.5
0.00543478260869565 0.00135869565217391 0.00679347826086957 0.00679347826086957 0.00543478260869565 0.00815217391304348 0.938858695652174 0.00135869565217391 0.00135869565217391 0.00135869565217391 0.00679347826086957 0.00135869565217391 0.00135869565217391 0.00135869565217391 0.00135869565217391 0.00135869565217391 0.00135869565217391 0.00135869565217391 0.00679347826086957; % b D=0.5
0.584239130434783 0.00543478260869565 0.0271739130434783 0.0896739130434783 0.0217391304347826 0.0951086956521739 0.00543478260869565 0.00543478260869565 0.00543478260869565 0.00543478260869565 0.0271739130434783 0.00543478260869565 0.00543478260869565 0.00543478260869565 0.00543478260869565 0.00543478260869565 0.00543478260869565 0.00543478260869565 0.0896739130434783; % d D=0.5
0.00543478260869565 0.00135869565217391 0.00679347826086957 0.00679347826086957 0.00543478260869565 0.00815217391304348 0.00135869565217391 0.00135869565217391 0.00135869565217391 0.938858695652174 0.00679347826086957 0.00135869565217391 0.00135869565217391 0.00135869565217391 0.00135869565217391 0.00135869565217391 0.00135869565217391 0.00135869565217391 0.00679347826086957; % g D=0.5
0.00543478260869565 0.00135869565217391 0.00679347826086957 0.00679347826086957 0.00543478260869565 0.00815217391304348 0.00135869565217391 0.00135869565217391 0.00135869565217391 0.00135869565217391 0.00679347826086957 0.00135869565217391 0.00135869565217391 0.00135869565217391 0.00135869565217391 0.938858695652174 0.00135869565217391 0.00135869565217391 0.00679347826086957; % k D=0.5
0.339673913043478 0.00679347826086957 0.0964673913043478 0.0339673913043478 0.0896739130434783 0.228260869565217 0.00679347826086957 0.00679347826086957 0.00679347826086957 0.00679347826086957 0.0339673913043478 0.00679347826086957 0.00679347826086957 0.00679347826086957 0.00679347826086957 0.00679347826086957 0.00679347826086957 0.00679347826086957 0.0964673913043478; % l D=0.5
0.00543478260869565 0.00135869565217391 0.00679347826086957 0.00679347826086957 0.00543478260869565 0.00815217391304348 0.00135869565217391 0.00135869565217391 0.00135869565217391 0.00135869565217391 0.00679347826086957 0.00135869565217391 0.00135869565217391 0.00135869565217391 0.00135869565217391 0.00135869565217391 0.00135869565217391 0.938858695652174 0.00679347826086957; % p D=0.5
0.00543478260869565 0.00135869565217391 0.00679347826086957 0.00679347826086957 0.00543478260869565 0.00815217391304348 0.00135869565217391 0.938858695652174 0.00135869565217391 0.00135869565217391 0.00679347826086957 0.00135869565217391 0.00135869565217391 0.00135869565217391 0.00135869565217391 0.00135869565217391 0.00135869565217391 0.00135869565217391 0.00679347826086957; % t D=0.5
0.0271739130434783 0.00679347826086957 0.0964673913043478 0.0964673913043478 0.214673913043478 0.103260869565217 0.00679347826086957 0.00679347826086957 0.00679347826086957 0.00679347826086957 0.346467391304348 0.00679347826086957 0.00679347826086957 0.00679347826086957 0.00679347826086957 0.00679347826086957 0.00679347826086957 0.00679347826086957 0.0339673913043478; % v D=0.5
0.00543478260869565 0.00135869565217391 0.00679347826086957 0.00679347826086957 0.00543478260869565 0.00815217391304348 0.00135869565217391 0.00135869565217391 0.00135869565217391 0.00135869565217391 0.00679347826086957 0.00135869565217391 0.00135869565217391 0.938858695652174 0.00135869565217391 0.00135869565217391 0.00135869565217391 0.00135869565217391 0.00679347826086957; % z D=0.5
0.0260869565217391 0.00652173913043478 0.149275362318841 0.149275362318841 0.309420289855072 0.072463768115942 0.00652173913043478 0.00652173913043478 0.00652173913043478 0.00652173913043478 0.0659420289855072 0.00652173913043478 0.00652173913043478 0.00652173913043478 0.00652173913043478 0.00652173913043478 0.00652173913043478 0.00652173913043478 0.149275362318841; % $ D=0.6
0.214130434782609 0.00978260869565217 0.223913043478261 0.0989130434782609 0.0891304347826087 0.058695652173913 0.00978260869565217 0.00978260869565217 0.00978260869565217 0.00978260869565217 0.0989130434782609 0.00978260869565217 0.00978260869565217 0.00978260869565217 0.00978260869565217 0.00978260869565217 0.00978260869565217 0.00978260869565217 0.0989130434782609; % B D=0.6
0.00652173913043478 0.0016304347826087 0.00815217391304348 0.00815217391304348 0.00652173913043478 0.00978260869565217 0.0016304347826087 0.0016304347826087 0.0016304347826087 0.0016304347826087 0.00815217391304348 0.926630434782609 0.0016304347826087 0.0016304347826087 0.0016304347826087 0.0016304347826087 0.0016304347826087 0.0016304347826087 0.00815217391304348; % D D=0.6
0.00652173913043478 0.0016304347826087 0.00815217391304348 0.00815217391304348 0.00652173913043478 0.00978260869565217 0.0016304347826087 0.0016304347826087 0.0016304347826087 0.0016304347826087 0.00815217391304348 0.0016304347826087 0.926630434782609 0.0016304347826087 0.0016304347826087 0.0016304347826087 0.0016304347826087 0.0016304347826087 0.00815217391304348; % G D=0.6
0.00652173913043478 0.0016304347826087 0.00815217391304348 0.00815217391304348 0.00652173913043478 0.00978260869565217 0.0016304347826087 0.0016304347826087 0.926630434782609 0.0016304347826087 0.00815217391304348 0.0016304347826087 0.0016304347826087 0.0016304347826087 0.0016304347826087 0.0016304347826087 0.0016304347826087 0.0016304347826087 0.00815217391304348; % K D=0.6
0.00652173913043478 0.0016304347826087 0.00815217391304348 0.00815217391304348 0.00652173913043478 0.00978260869565217 0.0016304347826087 0.0016304347826087 0.0016304347826087 0.0016304347826087 0.00815217391304348 0.0016304347826087 0.0016304347826087 0.0016304347826087 0.0016304347826087 0.0016304347826087 0.926630434782609 0.0016304347826087 0.00815217391304348; % L D=0.6
0.00652173913043478 0.0016304347826087 0.00815217391304348 0.00815217391304348 0.00652173913043478 0.00978260869565217 0.0016304347826087 0.0016304347826087 0.0016304347826087 0.0016304347826087 0.00815217391304348 0.0016304347826087 0.0016304347826087 0.0016304347826087 0.926630434782609 0.0016304347826087 0.0016304347826087 0.0016304347826087 0.00815217391304348; % P D=0.6
