syllables = '$BDGKLPTVZbdgklptvz';
discounts = [0.1 0.2 0.3 0.4 0.5 0.6 0.7 0.8 0.9 0.95];
kn_probs = [0.000888888888888889 0.000148148148148148 0.119555555555556 0.000148148148148148 0.000148148148148148 0.186222222222222 0.000148148148148148 0.0928888888888889 0.239555555555556 0.000148148148148148 0.000148148148148148 0.000148148148148148 0.146222222222222 0.000148148148148148 0.000148148148148148 0.000148148148148148 0.212888888888889 0.000148148148148148 0.000148148148148148; % $ D=0.1
0.000222222222222222 3.7037037037037e-05 0.000222222222222222 3.7037037037037e-05 3.7037037037037e-05 0.000222222222222222 3.7037037037037e-05 0.000222222222222222 0.000222222222222222 3.7037037037037e-05 3.7037037037037e-05 3.7037037037037e-05 0.000222222222222222 3.7037037037037e-05 3.7037037037037e-05 3.7037037037037e-05 0.000222222222222222 0.998037037037037 3.7037037037037e-05; % B D=0.1
0.000222222222222222 3.7037037037037e-05 0.000222222222222222 3.7037037037037e-05 3.7037037037037e-05 0.000222222222222222 0.998037037037037 0.000222222222222222 0.000222222222222222 3.7037037037037e-05 3.7037037037037e-05 3.7037037037037e-05 0.000222222222222222 3.7037037037037e-05 3.7037037037037e-05 3.7037037037037e-05 0.000222222222222222 3.7037037037037e-05 3.7037037037037e-05; % D D=0.1
0.319333333333333 0.000222222222222222 0.179333333333333 0.000222222222222222 0.000222222222222222 0.119333333333333 0.000222222222222222 0.199333333333333 0.0993333333333333 0.000222222222222222 0.000222222222222222 0.000222222222222222 0.00133333333333333 0.000222222222222222 0.000222222222222222 0.000222222222222222 0.0793333333333333 0.000222222222222222 0.000222222222222222; % G D=0.1
0.000222222222222222 3.7037037037037e-05 0.000222222222222222 3.7037037037037e-05 3.7037037037037e-05 0.000222222222222222 3.7037037037037e-05 0.000222222222222222 0.000222222222222222 3.7037037037037e-05 3.7037037037037e-05 3.7037037037037e-05 0.000222222222222222 3.7037037037037e-05 3.7037037037037e-05 0.998037037037037 0.000222222222222222 3.7037037037037e-05 3.7037037037037e-05; % K D=0.1
0.000222222222222222 3.7037037037037e-05 0.000222222222222222 3.7037037037037e-05 0.998037037037037 0.000222222222222222 3.7037037037037e-05 0.000222222222222222 0.000222222222222222 3.7037037037037e-05 3.7037037037037e-05 3.7037037037037e-05 0.000222222222222222 3.7037037037037e-05 3.7037037037037e-05 3.7037037037037e-05 0.000222222222222222 3.7037037037037e-05 3.7037037037037e-05; % L D=0.1
0.339333333333333 0.000222222222222222 0.00133333333333333 0.000222222222222222 0.000222222222222222 0.159333333333333 0.000222222222222222 0.179333333333333 0.0593333333333333 0.000222222222222222 0.000222222222222222 0.000222222222222222 0.179333333333333 0.000222222222222222 0.000222222222222222 0.000222222222222222 0.0793333333333333 0.000222222222222222 0.000222222222222222; % P D=0.1
0.000222222222222222 3.7037037037037e-05 0.000222222222222222 3.7037037037037e-05 3.7037037037037e-05 0.000222222222222222 3.7037037037037e-05 0.000222222222222222 0.000222222222222222 3.7037037037037e-05 3.7037037037037e-05 3.7037037037037e-05 0.000222222222222222 3.7037037037037e-05 0.998037037037037 3.7037037037037e-05 0.000222222222222222 3.7037037037037e-05 3.7037037037037e-05; % T D=0.1
0.000222222222222222 3.7037037037037e-05 0.000222222222222222 3.7037037037037e-05 3.7037037037037e-05 0.000222222222222222 3.7037037037037e-05 0.000222222222222222 0.000222222222222222 0.998037037037037 3.7037037037037e-05 3.7037037037037e-05 0.000222222222222222 3.7037037037037e-05 3.7037037037037e-05 3.7037037037037e-05 0.000222222222222222 3.7037037037037e-05 3.7037037037037e-05; % V D=0.1
0.000222222222222222 0.998037037037037 0.000222222222222222 3.7037037037037e-05 3.7037037037037e-05 0.000222222222222222 3.7037037037037e-05 0.000222222222222222 0.000222222222222222 3.7037037037037e-05 3.7037037037037e-05 3.7037037037037e-05 0.000222222222222222 3.7037037037037e-05 3.7037037037037e-05 3.7037037037037e-05 0.000222222222222222 3.7037037037037e-05 3.7037037037037e-05; % Z D=0.1
0.179333333333333 0.000222222222222222 0.219333333333333 0.000222222222222222 0.000222222222222222 0.159333333333333 0.000222222222222222 0.0993333333333333 0.199333333333333 0.000222222222222222 0.000222222222222222 0.000222222222222222 0.139333333333333 0.000222222222222222 0.000222222222222222 0.000222222222222222 0.00133333333333333 0.000222222222222222 0.000222222222222222; % b D=0.1
0.319333333333333 0.000222222222222222 0.0593333333333333 0.000222222222222222 0.000222222222222222 0.0993333333333333 0.000222222222222222 0.00133333333333333 0.0993333333333333 0.000222222222222222 0.000222222222222222 0.000222222222222222 0.179333333333333 0.000222222222222222 0.000222222222222222 0.000222222222222222 0.239333333333333 0.000222222222222222 0.000222222222222222; % d D=0.1
0.000222222222222222 3.7037037037037e-05 0.000222222222222222 0.998037037037037 3.7037037037037e-05 0.000222222222222222 3.7037037037037e-05 0.000222222222222222 0.000222222222222222 3.7037037037037e-05 3.7037037037037e-05 3.7037037037037e-05 0.000222222222222222 3.7037037037037e-05 3.7037037037037e-05 3.7037037037037e-05 0.000222222222222222 3.7037037037037e-05 3.7037037037037e-05; % g D=0.1
0.000222222222222222 3.7037037037037e-05 0.000222222222222222 3.7037037037037e-05 3.7037037037037e-05 0.000222222222222222 3.7037037037037e-05 0.000222222222222222 0.000222222222222222 3.7037037037037e-05 0.998037037037037 3.7037037037037e-05 0.000222222222222222 3.7037037037037e-05 3.7037037037037e-05 3.7037037037037e-05 0.000222222222222222 3.7037037037037e-05 3.7037037037037e-05; % k D=0.1
0.000222222222222222 3.7037037037037e-05 0.000222222222222222 3.7037037037037e-05 3.7037037037037e-05 0.000222222222222222 3.7037037037037e-05 0.000222222222222222 0.000222222222222222 3.7037037037037e-05 3.7037037037037e-05 0.998037037037037 0.000222222222222222 3.7037037037037e-05 3.7037037037037e-05 3.7037037037037e-05 0.000222222222222222 3.7037037037037e-05 3.7037037037037e-05; % l D=0.1
0.219333333333333 0.000222222222222222 0.0593333333333333 0.000222222222222222 0.000222222222222222 0.00133333333333333 0.000222222222222222 0.239333333333333 0.179333333333333 0.000222222222222222 0.000222222222222222 0.000222222222222222 0.119333333333333 0.000222222222222222 0.000222222222222222 0.000222222222222222 0.179333333333333 0.000222222222222222 0.000222222222222222; % p D=0.1
0.000222222222222222 3.7037037037037e-05 0.000222222222222222 3.7037037037037e-05 3.7037037037037e-05 0.000222222222222222 3.7037037037037e-05 0.000222222222222222 0.000222222222222222 3.7037037037037e-05 3.7037037037037e-05 3.7037037037037e-05 0.000222222222222222 3.7037037037037e-05 3.7037037037037e-05 3.7037037037037e-05 0.000222222222222222 3.7037037037037e-05 0.998037037037037; % t D=0.1
0.119333333333333 0.000222222222222222 0.299333333333333 0.000222222222222222 0.000222222222222222 0.179333333333333 0.000222222222222222 0.139333333333333 0.00133333333333333 0.000222222222222222 0.000222222222222222 0.000222222222222222 0.159333333333333 0.000222222222222222 0.000222222222222222 0.000222222222222222 0.0993333333333333 0.000222222222222222 0.000222222222222222; % v D=0.1
0.000222222222222222 3.7037037037037e-05 0.000222222222222222 3.7037037037037e-05 3.7037037037037e-05 0.000222222222222222 3.7037037037037e-05 0.000222222222222222 0.000222222222222222 3.7037037037037e-05 3.7037037037037e-05 3.7037037037037e-05 0.000222222222222222 0.998037037037037 3.7037037037037e-05 3.7037037037037e-05 0.000222222222222222 3.7037037037037e-05 3.7037037037037e-05; % z D=0.1
0.00177777777777778 0.000296296296296296 0.119111111111111 0.000296296296296296 0.000296296296296296 0.185777777777778 0.000296296296296296 0.0924444444444444 0.239111111111111 0.000296296296296296 0.000296296296296296 0.000296296296296296 0.145777777777778 0.000296296296296296 0.000296296296296296 0.000296296296296296 0.212444444444444 0.000296296296296296 0.000296296296296296; % $ D=0.2
