syllables = '$BDGKLPTVZbdgklptvz';
discounts = [0.1 0.2 0.3 0.4 0.5 0.6 0.7 0.8 0.9 0.95];
kn_probs = [0.000290909090909091 4.84848484848485e-05 4.84848484848485e-05 0.150957575757576 4.84848484848485e-05 0.186561616161616 4.84848484848485e-05 0.213179797979798 4.84848484848485e-05 4.84848484848485e-05 4.84848484848485e-05 0.159846464646465 4.84848484848485e-05 0.133179797979798 4.84848484848485e-05 4.84848484848485e-05 4.84848484848485e-05 0.15540202020202 4.84848484848485e-05; % $ D=0.1
0.286436363636364 7.27272727272727e-05 7.27272727272727e-05 0.17310303030303 7.27272727272727e-05 0.159842424242424 7.27272727272727e-05 0.0731030303030303 7.27272727272727e-05 7.27272727272727e-05 7.27272727272727e-05 0.159769696969697 7.27272727272727e-05 0.000436363636363636 7.27272727272727e-05 7.27272727272727e-05 7.27272727272727e-05 0.146436363636364 7.27272727272727e-05; % B D=0.1
0.199842424242424 8.48484848484849e-05 8.48484848484849e-05 0.113175757575758 8.48484848484849e-05 0.00659393939393939 8.48484848484849e-05 0.159842424242424 8.48484848484849e-05 8.48484848484849e-05 8.48484848484849e-05 0.173175757575758 8.48484848484849e-05 0.173175757575758 8.48484848484849e-05 8.48484848484849e-05 8.48484848484849e-05 0.173175757575758 8.48484848484849e-05; % D D=0.1
7.27272727272727e-05 1.21212121212121e-05 1.21212121212121e-05 7.27272727272727e-05 1.21212121212121e-05 8.48484848484849e-05 1.21212121212121e-05 7.27272727272727e-05 0.999345454545455 1.21212121212121e-05 1.21212121212121e-05 7.27272727272727e-05 1.21212121212121e-05 7.27272727272727e-05 1.21212121212121e-05 1.21212121212121e-05 1.21212121212121e-05 7.27272727272727e-05 1.21212121212121e-05; % G D=0.1
0.339769696969697 7.27272727272727e-05 7.27272727272727e-05 0.126436363636364 7.27272727272727e-05 0.126509090909091 7.27272727272727e-05 0.13310303030303 7.27272727272727e-05 7.27272727272727e-05 7.27272727272727e-05 0.146436363636364 7.27272727272727e-05 0.126436363636364 7.27272727272727e-05 7.27272727272727e-05 7.27272727272727e-05 0.000436363636363636 7.27272727272727e-05; % K D=0.1
7.27272727272727e-05 1.21212121212121e-05 0.999345454545455 7.27272727272727e-05 1.21212121212121e-05 8.48484848484849e-05 1.21212121212121e-05 7.27272727272727e-05 1.21212121212121e-05 1.21212121212121e-05 1.21212121212121e-05 7.27272727272727e-05 1.21212121212121e-05 7.27272727272727e-05 1.21212121212121e-05 1.21212121212121e-05 1.21212121212121e-05 7.27272727272727e-05 1.21212121212121e-05; % L D=0.1
7.27272727272727e-05 1.21212121212121e-05 1.21212121212121e-05 7.27272727272727e-05 1.21212121212121e-05 8.48484848484849e-05 1.21212121212121e-05 7.27272727272727e-05 1.21212121212121e-05 1.21212121212121e-05 0.999345454545455 7.27272727272727e-05 1.21212121212121e-05 7.27272727272727e-05 1.21212121212121e-05 1.21212121212121e-05 1.21212121212121e-05 7.27272727272727e-05 1.21212121212121e-05; % P D=0.1
7.27272727272727e-05 1.21212121212121e-05 1.21212121212121e-05 7.27272727272727e-05 1.21212121212121e-05 8.48484848484849e-05 1.21212121212121e-05 7.27272727272727e-05 1.21212121212121e-05 1.21212121212121e-05 1.21212121212121e-05 7.27272727272727e-05 1.21212121212121e-05 7.27272727272727e-05 1.21212121212121e-05 1.21212121212121e-05 0.999345454545455 7.27272727272727e-05 1.21212121212121e-05; % T D=0.1
7.27272727272727e-05 1.21212121212121e-05 1.21212121212121e-05 7.27272727272727e-05 1.21212121212121e-05 8.48484848484849e-05 1.21212121212121e-05 7.27272727272727e-05 1.21212121212121e-05 1.21212121212121e-05 1.21212121212121e-05 7.27272727272727e-05 1.21212121212121e-05 7.27272727272727e-05 0.999345454545455 1.21212121212121e-05 1.21212121212121e-05 7.27272727272727e-05 1.21212121212121e-05; % V D=0.1
0.186436363636364 7.27272727272727e-05 7.27272727272727e-05 0.179769696969697 7.27272727272727e-05 0.139842424242424 7.27272727272727e-05 0.11310303030303 7.27272727272727e-05 7.27272727272727e-05 7.27272727272727e-05 0.000436363636363636 7.27272727272727e-05 0.19310303030303 7.27272727272727e-05 7.27272727272727e-05 7.27272727272727e-05 0.186436363636364 7.27272727272727e-05; % Z D=0.1
7.27272727272727e-05 1.21212121212121e-05 1.21212121212121e-05 7.27272727272727e-05 1.21212121212121e-05 8.48484848484849e-05 1.21212121212121e-05 7.27272727272727e-05 1.21212121212121e-05 0.999345454545455 1.21212121212121e-05 7.27272727272727e-05 1.21212121212121e-05 7.27272727272727e-05 1.21212121212121e-05 1.21212121212121e-05 1.21212121212121e-05 7.27272727272727e-05 1.21212121212121e-05; % b D=0.1
7.27272727272727e-05 1.21212121212121e-05 1.21212121212121e-05 7.27272727272727e-05 1.21212121212121e-05 8.48484848484849e-05 0.999345454545455 7.27272727272727e-05 1.21212121212121e-05 1.21212121212121e-05 1.21212121212121e-05 7.27272727272727e-05 1.21212121212121e-05 7.27272727272727e-05 1.21212121212121e-05 1.21212121212121e-05 1.21212121212121e-05 7.27272727272727e-05 1.21212121212121e-05; % d D=0.1
7.27272727272727e-05 1.21212121212121e-05 1.21212121212121e-05 7.27272727272727e-05 0.999345454545455 8.48484848484849e-05 1.21212121212121e-05 7.27272727272727e-05 1.21212121212121e-05 1.21212121212121e-05 1.21212121212121e-05 7.27272727272727e-05 1.21212121212121e-05 7.27272727272727e-05 1.21212121212121e-05 1.21212121212121e-05 1.21212121212121e-05 7.27272727272727e-05 1.21212121212121e-05; % g D=0.1
7.27272727272727e-05 0.999345454545455 1.21212121212121e-05 7.27272727272727e-05 1.21212121212121e-05 8.48484848484849e-05 1.21212121212121e-05 7.27272727272727e-05 1.21212121212121e-05 1.21212121212121e-05 1.21212121212121e-05 7.27272727272727e-05 1.21212121212121e-05 7.27272727272727e-05 1.21212121212121e-05 1.21212121212121e-05 1.21212121212121e-05 7.27272727272727e-05 1.21212121212121e-05; % k D=0.1
7.27272727272727e-05 1.21212121212121e-05 1.21212121212121e-05 7.27272727272727e-05 1.21212121212121e-05 8.48484848484849e-05 1.21212121212121e-05 7.27272727272727e-05 1.21212121212121e-05 1.21212121212121e-05 1.21212121212121e-05 7.27272727272727e-05 1.21212121212121e-05 7.27272727272727e-05 1.21212121212121e-05 0.999345454545455 1.21212121212121e-05 7.27272727272727e-05 1.21212121212121e-05; % l D=0.1
0.286436363636364 7.27272727272727e-05 7.27272727272727e-05 0.000436363636363636 7.27272727272727e-05 0.119842424242424 7.27272727272727e-05 0.199769696969697 7.27272727272727e-05 7.27272727272727e-05 7.27272727272727e-05 0.139769696969697 7.27272727272727e-05 0.15310303030303 7.27272727272727e-05 7.27272727272727e-05 7.27272727272727e-05 0.099769696969697 7.27272727272727e-05; % p D=0.1
7.27272727272727e-05 1.21212121212121e-05 1.21212121212121e-05 7.27272727272727e-05 1.21212121212121e-05 8.48484848484849e-05 1.21212121212121e-05 7.27272727272727e-05 1.21212121212121e-05 1.21212121212121e-05 1.21212121212121e-05 7.27272727272727e-05 1.21212121212121e-05 7.27272727272727e-05 1.21212121212121e-05 1.21212121212121e-05 1.21212121212121e-05 7.27272727272727e-05 0.999345454545455; % t D=0.1
7.27272727272727e-05 1.21212121212121e-05 1.21212121212121e-05 7.27272727272727e-05 1.21212121212121e-05 8.48484848484849e-05 1.21212121212121e-05 7.27272727272727e-05 1.21212121212121e-05 1.21212121212121e-05 1.21212121212121e-05 7.27272727272727e-05 0.999345454545455 7.27272727272727e-05 1.21212121212121e-05 1.21212121212121e-05 1.21212121212121e-05 7.27272727272727e-05 1.21212121212121e-05; % v D=0.1
0.199769696969697 7.27272727272727e-05 7.27272727272727e-05 0.179769696969697 7.27272727272727e-05 0.166509090909091 7.27272727272727e-05 0.000436363636363636 7.27272727272727e-05 7.27272727272727e-05 7.27272727272727e-05 0.139769696969697 7.27272727272727e-05 0.15310303030303 7.27272727272727e-05 7.27272727272727e-05 7.27272727272727e-05 0.159769696969697 7.27272727272727e-05; % z D=0.1
0.000581818181818182 9.6969696969697e-05 9.6969696969697e-05 0.15080404040404 9.6969696969697e-05 0.186456565656566 9.6969696969697e-05 0.213026262626263 9.6969696969697e-05 9.6969696969697e-05 9.6969696969697e-05 0.159692929292929 9.6969696969697e-05 0.133026262626263 9.6969696969697e-05 9.6969696969697e-05 9.6969696969697e-05 0.155248484848485 9.6969696969697e-05; % $ D=0.2
0.286206060606061 0.000145454545454545 0.000145454545454545 0.172872727272727 0.000145454545454545 0.159684848484848 0.000145454545454545 0.0728727272727273 0.000145454545454545 0.000145454545454545 0.000145454545454545 0.159539393939394 0.000145454545454545 0.000872727272727273 0.000145454545454545 0.000145454545454545 0.000145454545454545 0.146206060606061 0.000145454545454545; % B D=0.2
0.199684848484848 0.00016969696969697 0.00016969696969697 0.113018181818182 0.00016969696969697 0.00652121212121212 0.00016969696969697 0.159684848484848 0.00016969696969697 0.00016969696969697 0.00016969696969697 0.173018181818182 0.00016969696969697 0.173018181818182 0.00016969696969697 0.00016969696969697 0.00016969696969697 0.173018181818182 0.00016969696969697; % D D=0.2
0.000145454545454545 2.42424242424242e-05 2.42424242424242e-05 0.000145454545454545 2.42424242424242e-05 0.00016969696969697 2.42424242424242e-05 0.000145454545454545 0.998690909090909 2.42424242424242e-05 2.42424242424242e-05 0.000145454545454545 2.42424242424242e-05 0.000145454545454545 2.42424242424242e-05 2.42424242424242e-05 2.42424242424242e-05 0.000145454545454545 2.42424242424242e-05; % G D=0.2
0.339539393939394 0.000145454545454545 0.000145454545454545 0.126206060606061 0.000145454545454545 0.126351515151515 0.000145454545454545 0.132872727272727 0.000145454545454545 0.000145454545454545 0.000145454545454545 0.146206060606061 0.000145454545454545 0.126206060606061 0.000145454545454545 0.000145454545454545 0.000145454545454545 0.000872727272727273 0.000145454545454545; % K D=0.2
0.000145454545454545 2.42424242424242e-05 0.998690909090909 0.000145454545454545 2.42424242424242e-05 0.00016969696969697 2.42424242424242e-05 0.000145454545454545 2.42424242424242e-05 2.42424242424242e-05 2.42424242424242e-05 0.000145454545454545 2.42424242424242e-05 0.000145454545454545 2.42424242424242e-05 2.42424242424242e-05 2.42424242424242e-05 0.000145454545454545 2.42424242424242e-05; % L D=0.2
0.000145454545454545 2.42424242424242e-05 2.42424242424242e-05 0.000145454545454545 2.42424242424242e-05 0.00016969696969697 2.42424242424242e-05 0.000145454545454545 2.42424242424242e-05 2.42424242424242e-05 0.998690909090909 0.000145454545454545 2.42424242424242e-05 0.000145454545454545 2.42424242424242e-05 2.42424242424242e-05 2.42424242424242e-05 0.000145454545454545 2.42424242424242e-05; % P D=0.2
0.000145454545454545 2.42424242424242e-05 2.42424242424242e-05 0.000145454545454545 2.42424242424242e-05 0.00016969696969697 2.42424242424242e-05 0.000145454545454545 2.42424242424242e-05 2.42424242424242e-05 2.42424242424242e-05 0.000145454545454545 2.42424242424242e-05 0.000145454545454545 2.42424242424242e-05 2.42424242424242e-05 0.998690909090909 0.000145454545454545 2.42424242424242e-05; % T D=0.2
0.000145454545454545 2.42424242424242e-05 2.42424242424242e-05 0.000145454545454545 2.42424242424242e-05 0.00016969696969697 2.42424242424242e-05 0.000145454545454545 2.42424242424242e-05 2.42424242424242e-05 2.42424242424242e-05 0.000145454545454545 2.42424242424242e-05 0.000145454545454545 0.998690909090909 2.42424242424242e-05 2.42424242424242e-05 0.000145454545454545 2.42424242424242e-05; % V D=0.2
0.186206060606061 0.000145454545454545 0.000145454545454545 0.179539393939394 0.000145454545454545 0.139684848484848 0.000145454545454545 0.112872727272727 0.000145454545454545 0.000145454545454545 0.000145454545454545 0.000872727272727273 0.000145454545454545 0.192872727272727 0.000145454545454545 0.000145454545454545 0.000145454545454545 0.186206060606061 0.000145454545454545; % Z D=0.2
0.000145454545454545 2.42424242424242e-05 2.42424242424242e-05 0.000145454545454545 2.42424242424242e-05 0.00016969696969697 2.42424242424242e-05 0.000145454545454545 2.42424242424242e-05 0.998690909090909 2.42424242424242e-05 0.000145454545454545 2.42424242424242e-05 0.000145454545454545 2.42424242424242e-05 2.42424242424242e-05 2.42424242424242e-05 0.000145454545454545 2.42424242424242e-05; % b D=0.2
0.000145454545454545 2.42424242424242e-05 2.42424242424242e-05 0.000145454545454545 2.42424242424242e-05 0.00016969696969697 0.998690909090909 0.000145454545454545 2.42424242424242e-05 2.42424242424242e-05 2.42424242424242e-05 0.000145454545454545 2.42424242424242e-05 0.000145454545454545 2.42424242424242e-05 2.42424242424242e-05 2.42424242424242e-05 0.000145454545454545 2.42424242424242e-05; % d D=0.2
0.000145454545454545 2.42424242424242e-05 2.42424242424242e-05 0.000145454545454545 0.998690909090909 0.00016969696969697 2.42424242424242e-05 0.000145454545454545 2.42424242424242e-05 2.42424242424242e-05 2.42424242424242e-05 0.000145454545454545 2.42424242424242e-05 0.000145454545454545 2.42424242424242e-05 2.42424242424242e-05 2.42424242424242e-05 0.000145454545454545 2.42424242424242e-05; % g D=0.2
0.000145454545454545 0.998690909090909 2.42424242424242e-05 0.000145454545454545 2.42424242424242e-05 0.00016969696969697 2.42424242424242e-05 0.000145454545454545 2.42424242424242e-05 2.42424242424242e-05 2.42424242424242e-05 0.000145454545454545 2.42424242424242e-05 0.000145454545454545 2.42424242424242e-05 2.42424242424242e-05 2.42424242424242e-05 0.000145454545454545 2.42424242424242e-05; % k D=0.2
0.000145454545454545 2.42424242424242e-05 2.42424242424242e-05 0.000145454545454545 2.42424242424242e-05 0.00016969696969697 2.42424242424242e-05 0.000145454545454545 2.42424242424242e-05 2.42424242424242e-05 2.42424242424242e-05 0.000145454545454545 2.42424242424242e-05 0.000145454545454545 2.42424242424242e-05 0.998690909090909 2.42424242424242e-05 0.000145454545454545 2.42424242424242e-05; % l D=0.2
0.286206060606061 0.000145454545454545 0.000145454545454545 0.000872727272727273 0.000145454545454545 0.119684848484848 0.000145454545454545 0.199539393939394 0.000145454545454545 0.000145454545454545 0.000145454545454545 0.139539393939394 0.000145454545454545 0.152872727272727 0.000145454545454545 0.000145454545454545 0.000145454545454545 0.0995393939393939 0.000145454545454545; % p D=0.2
0.000145454545454545 2.42424242424242e-05 2.42424242424242e-05 0.000145454545454545 2.42424242424242e-05 0.00016969696969697 2.42424242424242e-05 0.000145454545454545 2.42424242424242e-05 2.42424242424242e-05 2.42424242424242e-05 0.000145454545454545 2.42424242424242e-05 0.000145454545454545 2.42424242424242e-05 2.42424242424242e-05 2.42424242424242e-05 0.000145454545454545 0.998690909090909; % t D=0.2
0.000145454545454545 2.42424242424242e-05 2.42424242424242e-05 0.000145454545454545 2.42424242424242e-05 0.00016969696969697 2.42424242424242e-05 0.000145454545454545 2.42424242424242e-05 2.42424242424242e-05 2.42424242424242e-05 0.000145454545454545 0.998690909090909 0.000145454545454545 2.42424242424242e-05 2.42424242424242e-05 2.42424242424242e-05 0.000145454545454545 2.42424242424242e-05; % v D=0.2
0.199539393939394 0.000145454545454545 0.000145454545454545 0.179539393939394 0.000145454545454545 0.166351515151515 0.000145454545454545 0.000872727272727273 0.000145454545454545 0.000145454545454545 0.000145454545454545 0.139539393939394 0.000145454545454545 0.152872727272727 0.000145454545454545 0.000145454545454545 0.000145454545454545 0.159539393939394 0.000145454545454545; % z D=0.2
0.000872727272727273 0.000145454545454545 0.000145454545454545 0.150650505050505 0.000145454545454545 0.186351515151515 0.000145454545454545 0.212872727272727 0.000145454545454545 0.000145454545454545 0.000145454545454545 0.159539393939394 0.000145454545454545 0.132872727272727 0.000145454545454545 0.000145454545454545 0.000145454545454545 0.15509494949495 0.000145454545454545; % $ D=0.3
0.285975757575758 0.000218181818181818 0.000218181818181818 0.172642424242424 0.000218181818181818 0.159527272727273 0.000218181818181818 0.0726424242424242 0.000218181818181818 0.000218181818181818 0.000218181818181818 0.159309090909091 0.000218181818181818 0.00130909090909091 0.000218181818181818 0.000218181818181818 0.000218181818181818 0.145975757575758 0.000218181818181818; % B D=0.3
0.199527272727273 0.000254545454545455 0.000254545454545455 0.112860606060606 0.000254545454545455 0.00644848484848485 0.000254545454545455 0.159527272727273 0.000254545454545455 0.000254545454545455 0.000254545454545455 0.172860606060606 0.000254545454545455 0.172860606060606 0.000254545454545455 0.000254545454545455 0.000254545454545455 0.172860606060606 0.000254545454545455; % D D=0.3
0.000218181818181818 3.63636363636364e-05 3.63636363636364e-05 0.000218181818181818 3.63636363636364e-05 0.000254545454545455 3.63636363636364e-05 0.000218181818181818 0.998036363636363 3.63636363636364e-05 3.63636363636364e-05 0.000218181818181818 3.63636363636364e-05 0.000218181818181818 3.63636363636364e-05 3.63636363636364e-05 3.63636363636364e-05 0.000218181818181818 3.63636363636364e-05; % G D=0.3
0.339309090909091 0.000218181818181818 0.000218181818181818 0.125975757575758 0.000218181818181818 0.126193939393939 0.000218181818181818 0.132642424242424 0.000218181818181818 0.000218181818181818 0.000218181818181818 0.145975757575758 0.000218181818181818 0.125975757575758 0.000218181818181818 0.000218181818181818 0.000218181818181818 0.00130909090909091 0.000218181818181818; % K D=0.3
0.000218181818181818 3.63636363636364e-05 0.998036363636363 0.000218181818181818 3.63636363636364e-05 0.000254545454545455 3.63636363636364e-05 0.000218181818181818 3.63636363636364e-05 3.63636363636364e-05 3.63636363636364e-05 0.000218181818181818 3.63636363636364e-05 0.000218181818181818 3.63636363636364e-05 3.63636363636364e-05 3.63636363636364e-05 0.000218181818181818 3.63636363636364e-05; % L D=0.3
0.000218181818181818 3.63636363636364e-05 3.63636363636364e-05 0.000218181818181818 3.63636363636364e-05 0.000254545454545455 3.63636363636364e-05 0.000218181818181818 3.63636363636364e-05 3.63636363636364e-05 0.998036363636363 0.000218181818181818 3.63636363636364e-05 0.000218181818181818 3.63636363636364e-05 3.63636363636364e-05 3.63636363636364e-05 0.000218181818181818 3.63636363636364e-05; % P D=0.3
0.000218181818181818 3.63636363636364e-05 3.63636363636364e-05 0.000218181818181818 3.63636363636364e-05 0.000254545454545455 3.63636363636364e-05 0.000218181818181818 3.63636363636364e-05 3.63636363636364e-05 3.63636363636364e-05 0.000218181818181818 3.63636363636364e-05 0.000218181818181818 3.63636363636364e-05 3.63636363636364e-05 0.998036363636363 0.000218181818181818 3.63636363636364e-05; % T D=0.3
0.000218181818181818 3.63636363636364e-05 3.63636363636364e-05 0.000218181818181818 3.63636363636364e-05 0.000254545454545455 3.63636363636364e-05 0.000218181818181818 3.63636363636364e-05 3.63636363636364e-05 3.63636363636364e-05 0.000218181818181818 3.63636363636364e-05 0.000218181818181818 0.998036363636363 3.63636363636364e-05 3.63636363636364e-05 0.000218181818181818 3.63636363636364e-05; % V D=0.3
0.185975757575758 0.000218181818181818 0.000218181818181818 0.179309090909091 0.000218181818181818 0.139527272727273 0.000218181818181818 0.112642424242424 0.000218181818181818 0.000218181818181818 0.000218181818181818 0.00130909090909091 0.000218181818181818 0.192642424242424 0.000218181818181818 0.000218181818181818 0.000218181818181818 0.185975757575758 0.000218181818181818; % Z D=0.3
0.000218181818181818 3.63636363636364e-05 3.63636363636364e-05 0.000218181818181818 3.63636363636364e-05 0.000254545454545455 3.63636363636364e-05 0.000218181818181818 3.63636363636364e-05 0.998036363636363 3.63636363636364e-05 0.000218181818181818 3.63636363636364e-05 0.000218181818181818 3.63636363636364e-05 3.63636363636364e-05 3.63636363636364e-05 0.000218181818181818 3.63636363636364e-05; % b D=0.3
0.000218181818181818 3.63636363636364e-05 3.63636363636364e-05 0.000218181818181818 3.63636363636364e-05 0.000254545454545455 0.998036363636363 0.000218181818181818 3.63636363636364e-05 3.63636363636364e-05 3.63636363636364e-05 0.000218181818181818 3.63636363636364e-05 0.000218181818181818 3.63636363636364e-05 3.63636363636364e-05 3.63636363636364e-05 0.000218181818181818 3.63636363636364e-05; % d D=0.3
0.000218181818181818 3.63636363636364e-05 3.63636363636364e-05 0.000218181818181818 0.998036363636363 0.000254545454545455 3.63636363636364e-05 0.000218181818181818 3.63636363636364e-05 3.63636363636364e-05 3.63636363636364e-05 0.000218181818181818 3.63636363636364e-05 0.000218181818181818 3.63636363636364e-05 3.63636363636364e-05 3.63636363636364e-05 0.000218181818181818 3.63636363636364e-05; % g D=0.3
0.000218181818181818 0.998036363636363 3.63636363636364e-05 0.000218181818181818 3.63636363636364e-05 0.000254545454545455 3.63636363636364e-05 0.000218181818181818 3.63636363636364e-05 3.63636363636364e-05 3.63636363636364e-05 0.000218181818181818 3.63636363636364e-05 0.000218181818181818 3.63636363636364e-05 3.63636363636364e-05 3.63636363636364e-05 0.000218181818181818 3.63636363636364e-05; % k D=0.3
0.000218181818181818 3.63636363636364e-05 3.63636363636364e-05 0.000218181818181818 3.63636363636364e-05 0.000254545454545455 3.63636363636364e-05 0.000218181818181818 3.63636363636364e-05 3.63636363636364e-05 3.63636363636364e-05 0.000218181818181818 3.63636363636364e-05 0.000218181818181818 3.63636363636364e-05 0.998036363636363 3.63636363636364e-05 0.000218181818181818 3.63636363636364e-05; % l D=0.3
0.285975757575758 0.000218181818181818 0.000218181818181818 0.00130909090909091 0.000218181818181818 0.119527272727273 0.000218181818181818 0.199309090909091 0.000218181818181818 0.000218181818181818 0.000218181818181818 0.139309090909091 0.000218181818181818 0.152642424242424 0.000218181818181818 0.000218181818181818 0.000218181818181818 0.0993090909090909 0.000218181818181818; % p D=0.3
0.000218181818181818 3.63636363636364e-05 3.63636363636364e-05 0.000218181818181818 3.63636363636364e-05 0.000254545454545455 3.63636363636364e-05 0.000218181818181818 3.63636363636364e-05 3.63636363636364e-05 3.63636363636364e-05 0.000218181818181818 3.63636363636364e-05 0.000218181818181818 3.63636363636364e-05 3.63636363636364e-05 3.63636363636364e-05 0.000218181818181818 0.998036363636363; % t D=0.3
0.000218181818181818 3.63636363636364e-05 3.63636363636364e-05 0.000218181818181818 3.63636363636364e-05 0.000254545454545455 3.63636363636364e-05 0.000218181818181818 3.63636363636364e-05 3.63636363636364e-05 3.63636363636364e-05 0.000218181818181818 0.998036363636363 0.000218181818181818 3.63636363636364e-05 3.63636363636364e-05 3.63636363636364e-05 0.000218181818181818 3.63636363636364e-05; % v D=0.3
0.199309090909091 0.000218181818181818 0.000218181818181818 0.179309090909091 0.000218181818181818 0.166193939393939 0.000218181818181818 0.00130909090909091 0.000218181818181818 0.000218181818181818 0.000218181818181818 0.139309090909091 0.000218181818181818 0.152642424242424 0.000218181818181818 0.000218181818181818 0.000218181818181818 0.159309090909091 0.000218181818181818; % z D=0.3
0.00116363636363636 0.000193939393939394 0.000193939393939394 0.15049696969697 0.000193939393939394 0.186246464646465 0.000193939393939394 0.212719191919192 0.000193939393939394 0.000193939393939394 0.000193939393939394 0.159385858585859 0.000193939393939394 0.132719191919192 0.000193939393939394 0.000193939393939394 0.000193939393939394 0.154941414141414 0.000193939393939394; % $ D=0.4
0.285745454545455 0.000290909090909091 0.000290909090909091 0.172412121212121 0.000290909090909091 0.159369696969697 0.000290909090909091 0.0724121212121212 0.000290909090909091 0.000290909090909091 0.000290909090909091 0.159078787878788 0.000290909090909091 0.00174545454545455 0.000290909090909091 0.000290909090909091 0.000290909090909091 0.145745454545455 0.000290909090909091; % B D=0.4
0.199369696969697 0.000339393939393939 0.000339393939393939 0.11270303030303 0.000339393939393939 0.00637575757575758 0.000339393939393939 0.159369696969697 0.000339393939393939 0.000339393939393939 0.000339393939393939 0.17270303030303 0.000339393939393939 0.17270303030303 0.000339393939393939 0.000339393939393939 0.000339393939393939 0.17270303030303 0.000339393939393939; % D D=0.4
0.000290909090909091 4.84848484848485e-05 4.84848484848485e-05 0.000290909090909091 4.84848484848485e-05 0.000339393939393939 4.84848484848485e-05 0.000290909090909091 0.997381818181818 4.84848484848485e-05 4.84848484848485e-05 0.000290909090909091 4.84848484848485e-05 0.000290909090909091 4.84848484848485e-05 4.84848484848485e-05 4.84848484848485e-05 0.000290909090909091 4.84848484848485e-05; % G D=0.4
0.339078787878788 0.000290909090909091 0.000290909090909091 0.125745454545455 0.000290909090909091 0.126036363636364 0.000290909090909091 0.132412121212121 0.000290909090909091 0.000290909090909091 0.000290909090909091 0.145745454545455 0.000290909090909091 0.125745454545455 0.000290909090909091 0.000290909090909091 0.000290909090909091 0.00174545454545455 0.000290909090909091; % K D=0.4
0.000290909090909091 4.84848484848485e-05 0.997381818181818 0.000290909090909091 4.84848484848485e-05 0.000339393939393939 4.84848484848485e-05 0.000290909090909091 4.84848484848485e-05 4.84848484848485e-05 4.84848484848485e-05 0.000290909090909091 4.84848484848485e-05 0.000290909090909091 4.84848484848485e-05 4.84848484848485e-05 4.84848484848485e-05 0.000290909090909091 4.84848484848485e-05; % L D=0.4
0.000290909090909091 4.84848484848485e-05 4.84848484848485e-05 0.000290909090909091 4.84848484848485e-05 0.000339393939393939 4.84848484848485e-05 0.000290909090909091 4.84848484848485e-05 4.84848484848485e-05 0.997381818181818 0.000290909090909091 4.84848484848485e-05 0.000290909090909091 4.84848484848485e-05 4.84848484848485e-05 4.84848484848485e-05 0.000290909090909091 4.84848484848485e-05; % P D=0.4
0.000290909090909091 4.84848484848485e-05 4.84848484848485e-05 0.000290909090909091 4.84848484848485e-05 0.000339393939393939 4.84848484848485e-05 0.000290909090909091 4.84848484848485e-05 4.84848484848485e-05 4.84848484848485e-05 0.000290909090909091 4.84848484848485e-05 0.000290909090909091 4.84848484848485e-05 4.84848484848485e-05 0.997381818181818 0.000290909090909091 4.84848484848485e-05; % T D=0.4
0.000290909090909091 4.84848484848485e-05 4.84848484848485e-05 0.000290909090909091 4.84848484848485e-05 0.000339393939393939 4.84848484848485e-05 0.000290909090909091 4.84848484848485e-05 4.84848484848485e-05 4.84848484848485e-05 0.000290909090909091 4.84848484848485e-05 0.000290909090909091 0.997381818181818 4.84848484848485e-05 4.84848484848485e-05 0.000290909090909091 4.84848484848485e-05; % V D=0.4
0.185745454545455 0.000290909090909091 0.000290909090909091 0.179078787878788 0.000290909090909091 0.139369696969697 0.000290909090909091 0.112412121212121 0.000290909090909091 0.000290909090909091 0.000290909090909091 0.00174545454545455 0.000290909090909091 0.192412121212121 0.000290909090909091 0.000290909090909091 0.000290909090909091 0.185745454545455 0.000290909090909091; % Z D=0.4
0.000290909090909091 4.84848484848485e-05 4.84848484848485e-05 0.000290909090909091 4.84848484848485e-05 0.000339393939393939 4.84848484848485e-05 0.000290909090909091 4.84848484848485e-05 0.997381818181818 4.84848484848485e-05 0.000290909090909091 4.84848484848485e-05 0.000290909090909091 4.84848484848485e-05 4.84848484848485e-05 4.84848484848485e-05 0.000290909090909091 4.84848484848485e-05; % b D=0.4
0.000290909090909091 4.84848484848485e-05 4.84848484848485e-05 0.000290909090909091 4.84848484848485e-05 0.000339393939393939 0.997381818181818 0.000290909090909091 4.84848484848485e-05 4.84848484848485e-05 4.84848484848485e-05 0.000290909090909091 4.84848484848485e-05 0.000290909090909091 4.84848484848485e-05 4.84848484848485e-05 4.84848484848485e-05 0.000290909090909091 4.84848484848485e-05; % d D=0.4
0.000290909090909091 4.84848484848485e-05 4.84848484848485e-05 0.000290909090909091 0.997381818181818 0.000339393939393939 4.84848484848485e-05 0.000290909090909091 4.84848484848485e-05 4.84848484848485e-05 4.84848484848485e-05 0.000290909090909091 4.84848484848485e-05 0.000290909090909091 4.84848484848485e-05 4.84848484848485e-05 4.84848484848485e-05 0.000290909090909091 4.84848484848485e-05; % g D=0.4
0.000290909090909091 0.997381818181818 4.84848484848485e-05 0.000290909090909091 4.84848484848485e-05 0.000339393939393939 4.84848484848485e-05 0.000290909090909091 4.84848484848485e-05 4.84848484848485e-05 4.84848484848485e-05 0.000290909090909091 4.84848484848485e-05 0.000290909090909091 4.84848484848485e-05 4.84848484848485e-05 4.84848484848485e-05 0.000290909090909091 4.84848484848485e-05; % k D=0.4
0.000290909090909091 4.84848484848485e-05 4.84848484848485e-05 0.000290909090909091 4.84848484848485e-05 0.000339393939393939 4.84848484848485e-05 0.000290909090909091 4.84848484848485e-05 4.84848484848485e-05 4.84848484848485e-05 0.000290909090909091 4.84848484848485e-05 0.000290909090909091 4.84848484848485e-05 0.997381818181818 4.84848484848485e-05 0.000290909090909091 4.84848484848485e-05; % l D=0.4
0.285745454545455 0.000290909090909091 0.000290909090909091 0.00174545454545455 0.000290909090909091 0.119369696969697 0.000290909090909091 0.199078787878788 0.000290909090909091 0.000290909090909091 0.000290909090909091 0.139078787878788 0.000290909090909091 0.152412121212121 0.000290909090909091 0.000290909090909091 0.000290909090909091 0.0990787878787879 0.000290909090909091; % p D=0.4
0.000290909090909091 4.84848484848485e-05 4.84848484848485e-05 0.000290909090909091 4.84848484848485e-05 0.000339393939393939 4.84848484848485e-05 0.000290909090909091 4.84848484848485e-05 4.84848484848485e-05 4.84848484848485e-05 0.000290909090909091 4.84848484848485e-05 0.000290909090909091 4.84848484848485e-05 4.84848484848485e-05 4.84848484848485e-05 0.000290909090909091 0.997381818181818; % t D=0.4
0.000290909090909091 4.84848484848485e-05 4.84848484848485e-05 0.000290909090909091 4.84848484848485e-05 0.000339393939393939 4.84848484848485e-05 0.000290909090909091 4.84848484848485e-05 4.84848484848485e-05 4.84848484848485e-05 0.000290909090909091 0.997381818181818 0.000290909090909091 4.84848484848485e-05 4.84848484848485e-05 4.84848484848485e-05 0.000290909090909091 4.84848484848485e-05; % v D=0.4
0.199078787878788 0.000290909090909091 0.000290909090909091 0.179078787878788 0.000290909090909091 0.166036363636364 0.000290909090909091 0.00174545454545455 0.000290909090909091 0.000290909090909091 0.000290909090909091 0.139078787878788 0.000290909090909091 0.152412121212121 0.000290909090909091 0.000290909090909091 0.000290909090909091 0.159078787878788 0.000290909090909091; % z D=0.4
0.00145454545454545 0.000242424242424242 0.000242424242424242 0.150343434343434 0.000242424242424242 0.186141414141414 0.000242424242424242 0.212565656565657 0.000242424242424242 0.000242424242424242 0.000242424242424242 0.159232323232323 0.000242424242424242 0.132565656565657 0.000242424242424242 0.000242424242424242 0.000242424242424242 0.154787878787879 0.000242424242424242; % $ D=0.5
0.285515151515151 0.000363636363636364 0.000363636363636364 0.172181818181818 0.000363636363636364 0.159212121212121 0.000363636363636364 0.0721818181818182 0.000363636363636364 0.000363636363636364 0.000363636363636364 0.158848484848485 0.000363636363636364 0.00218181818181818 0.000363636363636364 0.000363636363636364 0.000363636363636364 0.145515151515152 0.000363636363636364; % B D=0.5
0.199212121212121 0.000424242424242424 0.000424242424242424 0.112545454545455 0.000424242424242424 0.0063030303030303 0.000424242424242424 0.159212121212121 0.000424242424242424 0.000424242424242424 0.000424242424242424 0.172545454545455 0.000424242424242424 0.172545454545455 0.000424242424242424 0.000424242424242424 0.000424242424242424 0.172545454545455 0.000424242424242424; % D D=0.5
0.000363636363636364 6.06060606060606e-05 6.06060606060606e-05 0.000363636363636364 6.06060606060606e-05 0.000424242424242424 6.06060606060606e-05 0.000363636363636364 0.996727272727273 6.06060606060606e-05 6.06060606060606e-05 0.000363636363636364 6.06060606060606e-05 0.000363636363636364 6.06060606060606e-05 6.06060606060606e-05 6.06060606060606e-05 0.000363636363636364 6.06060606060606e-05; % G D=0.5
0.338848484848485 0.000363636363636364 0.000363636363636364 0.125515151515152 0.000363636363636364 0.125878787878788 0.000363636363636364 0.132181818181818 0.000363636363636364 0.000363636363636364 0.000363636363636364 0.145515151515152 0.000363636363636364 0.125515151515152 0.000363636363636364 0.000363636363636364 0.000363636363636364 0.00218181818181818 0.000363636363636364; % K D=0.5
0.000363636363636364 6.06060606060606e-05 0.996727272727273 0.000363636363636364 6.06060606060606e-05 0.000424242424242424 6.06060606060606e-05 0.000363636363636364 6.06060606060606e-05 6.06060606060606e-05 6.06060606060606e-05 0.000363636363636364 6.06060606060606e-05 0.000363636363636364 6.06060606060606e-05 6.06060606060606e-05 6.06060606060606e-05 0.000363636363636364 6.06060606060606e-05; % L D=0.5
0.000363636363636364 6.06060606060606e-05 6.06060606060606e-05 0.000363636363636364 6.06060606060606e-05 0.000424242424242424 6.06060606060606e-05 0.000363636363636364 6.06060606060606e-05 6.06060606060606e-05 0.996727272727273 0.000363636363636364 6.06060606060606e-05 0.000363636363636364 6.06060606060606e-05 6.06060606060606e-05 6.06060606060606e-05 0.000363636363636364 6.06060606060606e-05; % P D=0.5
0.000363636363636364 6.06060606060606e-05 6.06060606060606e-05 0.000363636363636364 6.06060606060606e-05 0.000424242424242424 6.06060606060606e-05 0.000363636363636364 6.06060606060606e-05 6.06060606060606e-05 6.06060606060606e-05 0.000363636363636364 6.06060606060606e-05 0.000363636363636364 6.06060606060606e-05 6.06060606060606e-05 0.996727272727273 0.000363636363636364 6.06060606060606e-05; % T D=0.5
0.000363636363636364 6.06060606060606e-05 6.06060606060606e-05 0.000363636363636364 6.06060606060606e-05 0.000424242424242424 6.06060606060606e-05 0.000363636363636364 6.06060606060606e-05 6.06060606060606e-05 6.06060606060606e-05 0.000363636363636364 6.06060606060606e-05 0.000363636363636364 0.996727272727273 6.06060606060606e-05 6.06060606060606e-05 0.000363636363636364 6.06060606060606e-05; % V D=0.5
0.185515151515151 0.000363636363636364 0.000363636363636364 0.178848484848485 0.000363636363636364 0.139212121212121 0.000363636363636364 0.112181818181818 0.000363636363636364 0.000363636363636364 0.000363636363636364 0.00218181818181818 0.000363636363636364 0.192181818181818 0.000363636363636364 0.000363636363636364 0.000363636363636364 0.185515151515151 0.000363636363636364; % Z D=0.5
0.000363636363636364 6.06060606060606e-05 6.06060606060606e-05 0.000363636363636364 6.06060606060606e-05 0.000424242424242424 6.06060606060606e-05 0.000363636363636364 6.06060606060606e-05 0.996727272727273 6.06060606060606e-05 0.000363636363636364 6.06060606060606e-05 0.000363636363636364 6.06060606060606e-05 6.06060606060606e-05 6.06060606060606e-05 0.000363636363636364 6.06060606060606e-05; % b D=0.5
0.000363636363636364 6.06060606060606e-05 6.06060606060606e-05 0.000363636363636364 6.06060606060606e-05 0.000424242424242424 0.996727272727273 0.000363636363636364 6.06060606060606e-05 6.06060606060606e-05 6.06060606060606e-05 0.000363636363636364 6.06060606060606e-05 0.000363636363636364 6.06060606060606e-05 6.06060606060606e-05 6.06060606060606e-05 0.000363636363636364 6.06060606060606e-05; % d D=0.5
0.000363636363636364 6.06060606060606e-05 6.06060606060606e-05 0.000363636363636364 0.996727272727273 0.000424242424242424 6.06060606060606e-05 0.000363636363636364 6.06060606060606e-05 6.06060606060606e-05 6.06060606060606e-05 0.000363636363636364 6.06060606060606e-05 0.000363636363636364 6.06060606060606e-05 6.06060606060606e-05 6.06060606060606e-05 0.000363636363636364 6.06060606060606e-05; % g D=0.5
0.000363636363636364 0.996727272727273 6.06060606060606e-05 0.000363636363636364 6.06060606060606e-05 0.000424242424242424 6.06060606060606e-05 0.000363636363636364 6.06060606060606e-05 6.06060606060606e-05 6.06060606060606e-05 0.000363636363636364 6.06060606060606e-05 0.000363636363636364 6.06060606060606e-05 6.06060606060606e-05 6.06060606060606e-05 0.000363636363636364 6.06060606060606e-05; % k D=0.5
0.000363636363636364 6.06060606060606e-05 6.06060606060606e-05 0.000363636363636364 6.06060606060606e-05 0.000424242424242424 6.06060606060606e-05 0.000363636363636364 6.06060606060606e-05 6.06060606060606e-05 6.06060606060606e-05 0.000363636363636364 6.06060606060606e-05 0.000363636363636364 6.06060606060606e-05 0.996727272727273 6.06060606060606e-05 0.000363636363636364 6.06060606060606e-05; % l D=0.5
0.285515151515151 0.000363636363636364 0.000363636363636364 0.00218181818181818 0.000363636363636364 0.119212121212121 0.000363636363636364 0.198848484848485 0.000363636363636364 0.000363636363636364 0.000363636363636364 0.138848484848485 0.000363636363636364 0.152181818181818 0.000363636363636364 0.000363636363636364 0.000363636363636364 0.0988484848484849 0.000363636363636364; % p D=0.5
0.000363636363636364 6.06060606060606e-05 6.06060606060606e-05 0.000363636363636364 6.06060606060606e-05 0.000424242424242424 6.06060606060606e-05 0.000363636363636364 6.06060606060606e-05 6.06060606060606e-05 6.06060606060606e-05 0.000363636363636364 6.06060606060606e-05 0.000363636363636364 6.06060606060606e-05 6.06060606060606e-05 6.06060606060606e-05 0.000363636363636364 0.996727272727273; % t D=0.5
0.000363636363636364 6.06060606060606e-05 6.06060606060606e-05 0.000363636363636364 6.06060606060606e-05 0.000424242424242424 6.06060606060606e-05 0.000363636363636364 6.06060606060606e-05 6.06060606060606e-05 6.06060606060606e-05 0.000363636363636364 0.996727272727273 0.000363636363636364 6.06060606060606e-05 6.06060606060606e-05 6.06060606060606e-05 0.000363636363636364 6.06060606060606e-05; % v D=0.5
0.198848484848485 0.000363636363636364 0.000363636363636364 0.178848484848485 0.000363636363636364 0.165878787878788 0.000363636363636364 0.00218181818181818 0.000363636363636364 0.000363636363636364 0.000363636363636364 0.138848484848485 0.000363636363636364 0.152181818181818 0.000363636363636364 0.000363636363636364 0.000363636363636364 0.158848484848485 0.000363636363636364; % z D=0.5
0.00174545454545455 0.000290909090909091 0.000290909090909091 0.150189898989899 0.000290909090909091 0.186036363636364 0.000290909090909091 0.212412121212121 0.000290909090909091 0.000290909090909091 0.000290909090909091 0.159078787878788 0.000290909090909091 0.132412121212121 0.000290909090909091 0.000290909090909091 0.000290909090909091 0.154634343434343 0.000290909090909091; % $ D=0.6
0.285284848484848 0.000436363636363636 0.000436363636363636 0.171951515151515 0.000436363636363636 0.159054545454545 0.000436363636363636 0.0719515151515152 0.000436363636363636 0.000436363636363636 0.000436363636363636 0.158618181818182 0.000436363636363636 0.00261818181818182 0.000436363636363636 0.000436363636363636 0.000436363636363636 0.145284848484848 0.000436363636363636; % B D=0.6
0.199054545454545 0.000509090909090909 0.000509090909090909 0.112387878787879 0.000509090909090909 0.00623030303030303 0.000509090909090909 0.159054545454545 0.000509090909090909 0.000509090909090909 0.000509090909090909 0.172387878787879 0.000509090909090909 0.172387878787879 0.000509090909090909 0.000509090909090909 0.000509090909090909 0.172387878787879 0.000509090909090909; % D D=0.6
0.000436363636363636 7.27272727272727e-05 7.27272727272727e-05 0.000436363636363636 7.27272727272727e-05 0.000509090909090909 7.27272727272727e-05 0.000436363636363636 0.996072727272727 7.27272727272727e-05 7.27272727272727e-05 0.000436363636363636 7.27272727272727e-05 0.000436363636363636 7.27272727272727e-05 7.27272727272727e-05 7.27272727272727e-05 0.000436363636363636 7.27272727272727e-05; % G D=0.6
