syllables = '$BDGKLPTVZbdgklptvz';
discounts = [0.1 0.2 0.3 0.4 0.5 0.6 0.7 0.8 0.9 0.95];
kn_probs = [0.00425531914893617 0.00106382978723404 0.0792553191489362 0.00106382978723404 0.00106382978723404 0.0813829787234042 0.00106382978723404 0.00106382978723404 0.246985815602837 0.00106382978723404 0.00106382978723404 0.246985815602837 0.00106382978723404 0.00106382978723404 0.0813829787234042 0.00106382978723404 0.00106382978723404 0.00106382978723404 0.246985815602837; % $ D=0.1
0.36781914893617 0.00132978723404255 0.00531914893617021 0.00132978723404255 0.00132978723404255 0.120478723404255 0.00132978723404255 0.00132978723404255 0.00664893617021277 0.00132978723404255 0.00132978723404255 0.119148936170213 0.00132978723404255 0.00132978723404255 0.245478723404255 0.00132978723404255 0.00132978723404255 0.00132978723404255 0.119148936170213; % B D=0.1
0.00106382978723404 0.000265957446808511 0.00106382978723404 0.000265957446808511 0.000265957446808511 0.00159574468085106 0.000265957446808511 0.987765957446809 0.00132978723404255 0.000265957446808511 0.000265957446808511 0.00132978723404255 0.000265957446808511 0.000265957446808511 0.00159574468085106 0.000265957446808511 0.000265957446808511 0.000265957446808511 0.00132978723404255; % D D=0.1
0.00106382978723404 0.000265957446808511 0.00106382978723404 0.000265957446808511 0.000265957446808511 0.00159574468085106 0.000265957446808511 0.000265957446808511 0.00132978723404255 0.000265957446808511 0.987765957446809 0.00132978723404255 0.000265957446808511 0.000265957446808511 0.00159574468085106 0.000265957446808511 0.000265957446808511 0.000265957446808511 0.00132978723404255; % G D=0.1
0.243882978723404 0.00159574468085106 0.243882978723404 0.00159574468085106 0.00159574468085106 0.122074468085106 0.00159574468085106 0.00159574468085106 0.120478723404255 0.00159574468085106 0.00159574468085106 0.120478723404255 0.00159574468085106 0.00159574468085106 0.00957446808510638 0.00159574468085106 0.00159574468085106 0.00159574468085106 0.120478723404255; % K D=0.1
0.00106382978723404 0.000265957446808511 0.00106382978723404 0.000265957446808511 0.000265957446808511 0.00159574468085106 0.000265957446808511 0.000265957446808511 0.00132978723404255 0.000265957446808511 0.000265957446808511 0.00132978723404255 0.987765957446809 0.000265957446808511 0.00159574468085106 0.000265957446808511 0.000265957446808511 0.000265957446808511 0.00132978723404255; % L D=0.1
0.36781914893617 0.00132978723404255 0.00531914893617021 0.00132978723404255 0.00132978723404255 0.00797872340425532 0.00132978723404255 0.00132978723404255 0.244148936170213 0.00132978723404255 0.00132978723404255 0.119148936170213 0.00132978723404255 0.00132978723404255 0.120478723404255 0.00132978723404255 0.00132978723404255 0.00132978723404255 0.119148936170213; % P D=0.1
0.00106382978723404 0.000265957446808511 0.00106382978723404 0.000265957446808511 0.000265957446808511 0.00159574468085106 0.000265957446808511 0.000265957446808511 0.00132978723404255 0.987765957446809 0.000265957446808511 0.00132978723404255 0.000265957446808511 0.000265957446808511 0.00159574468085106 0.000265957446808511 0.000265957446808511 0.000265957446808511 0.00132978723404255; % T D=0.1
0.00106382978723404 0.000265957446808511 0.00106382978723404 0.987765957446809 0.000265957446808511 0.00159574468085106 0.000265957446808511 0.000265957446808511 0.00132978723404255 0.000265957446808511 0.000265957446808511 0.00132978723404255 0.000265957446808511 0.000265957446808511 0.00159574468085106 0.000265957446808511 0.000265957446808511 0.000265957446808511 0.00132978723404255; % V D=0.1
0.491755319148936 0.00106382978723404 0.00425531914893617 0.00106382978723404 0.00106382978723404 0.118882978723404 0.00106382978723404 0.00106382978723404 0.00531914893617021 0.00106382978723404 0.00106382978723404 0.00531914893617021 0.00106382978723404 0.00106382978723404 0.118882978723404 0.00106382978723404 0.00106382978723404 0.00106382978723404 0.24281914893617; % Z D=0.1
0.00106382978723404 0.987765957446809 0.00106382978723404 0.000265957446808511 0.000265957446808511 0.00159574468085106 0.000265957446808511 0.000265957446808511 0.00132978723404255 0.000265957446808511 0.000265957446808511 0.00132978723404255 0.000265957446808511 0.000265957446808511 0.00159574468085106 0.000265957446808511 0.000265957446808511 0.000265957446808511 0.00132978723404255; % b D=0.1
0.00106382978723404 0.000265957446808511 0.00106382978723404 0.000265957446808511 0.000265957446808511 0.00159574468085106 0.000265957446808511 0.000265957446808511 0.00132978723404255 0.000265957446808511 0.000265957446808511 0.00132978723404255 0.000265957446808511 0.000265957446808511 0.00159574468085106 0.987765957446809 0.000265957446808511 0.000265957446808511 0.00132978723404255; % d D=0.1
0.00106382978723404 0.000265957446808511 0.00106382978723404 0.000265957446808511 0.000265957446808511 0.00159574468085106 0.987765957446809 0.000265957446808511 0.00132978723404255 0.000265957446808511 0.000265957446808511 0.00132978723404255 0.000265957446808511 0.000265957446808511 0.00159574468085106 0.000265957446808511 0.000265957446808511 0.000265957446808511 0.00132978723404255; % g D=0.1
0.00106382978723404 0.000265957446808511 0.00106382978723404 0.000265957446808511 0.000265957446808511 0.00159574468085106 0.000265957446808511 0.000265957446808511 0.00132978723404255 0.000265957446808511 0.000265957446808511 0.00132978723404255 0.000265957446808511 0.000265957446808511 0.00159574468085106 0.000265957446808511 0.987765957446809 0.000265957446808511 0.00132978723404255; % k D=0.1
0.00106382978723404 0.000265957446808511 0.00106382978723404 0.000265957446808511 0.987765957446809 0.00159574468085106 0.000265957446808511 0.000265957446808511 0.00132978723404255 0.000265957446808511 0.000265957446808511 0.00132978723404255 0.000265957446808511 0.000265957446808511 0.00159574468085106 0.000265957446808511 0.000265957446808511 0.000265957446808511 0.00132978723404255; % l D=0.1
0.00106382978723404 0.000265957446808511 0.00106382978723404 0.000265957446808511 0.000265957446808511 0.00159574468085106 0.000265957446808511 0.000265957446808511 0.00132978723404255 0.000265957446808511 0.000265957446808511 0.00132978723404255 0.000265957446808511 0.987765957446809 0.00159574468085106 0.000265957446808511 0.000265957446808511 0.000265957446808511 0.00132978723404255; % p D=0.1
0.00425531914893617 0.00106382978723404 0.491755319148936 0.00106382978723404 0.00106382978723404 0.243882978723404 0.00106382978723404 0.00106382978723404 0.11781914893617 0.00106382978723404 0.00106382978723404 0.00531914893617021 0.00106382978723404 0.00106382978723404 0.118882978723404 0.00106382978723404 0.00106382978723404 0.00106382978723404 0.00531914893617021; % t D=0.1
0.00531914893617021 0.00132978723404255 0.11781914893617 0.00132978723404255 0.00132978723404255 0.245478723404255 0.00132978723404255 0.00132978723404255 0.119148936170213 0.00132978723404255 0.00132978723404255 0.244148936170213 0.00132978723404255 0.00132978723404255 0.245478723404255 0.00132978723404255 0.00132978723404255 0.00132978723404255 0.00664893617021277; % v D=0.1
0.00106382978723404 0.000265957446808511 0.00106382978723404 0.000265957446808511 0.000265957446808511 0.00159574468085106 0.000265957446808511 0.000265957446808511 0.00132978723404255 0.000265957446808511 0.000265957446808511 0.00132978723404255 0.000265957446808511 0.000265957446808511 0.00159574468085106 0.000265957446808511 0.000265957446808511 0.987765957446809 0.00132978723404255; % z D=0.1
0.00851063829787234 0.00212765957446809 0.075177304964539 0.00212765957446809 0.00212765957446809 0.0794326241134752 0.00212765957446809 0.00212765957446809 0.243971631205674 0.00212765957446809 0.00212765957446809 0.243971631205674 0.00212765957446809 0.00212765957446809 0.0794326241134752 0.00212765957446809 0.00212765957446809 0.00212765957446809 0.243971631205674; % $ D=0.2
