syllables = '$BDGKLPTVZbdgklptvz';
discounts = [0.1 0.2 0.3 0.4 0.5 0.6 0.7 0.8 0.9 0.95];
kn_probs = [0.000290909090909091 4.84848484848485e-05 0.173179797979798 4.84848484848485e-05 0.128735353535354 0.177624242424242 4.84848484848485e-05 4.84848484848485e-05 4.84848484848485e-05 4.84848484848485e-05 4.84848484848485e-05 0.164290909090909 4.84848484848485e-05 4.84848484848485e-05 4.84848484848485e-05 4.84848484848485e-05 0.168783838383838 0.186513131313131 4.84848484848485e-05; % $ D=0.1
0.219769696969697 7.27272727272727e-05 0.159769696969697 7.27272727272727e-05 0.126436363636364 0.15310303030303 7.27272727272727e-05 7.27272727272727e-05 7.27272727272727e-05 7.27272727272727e-05 7.27272727272727e-05 0.17310303030303 7.27272727272727e-05 7.27272727272727e-05 7.27272727272727e-05 7.27272727272727e-05 0.166509090909091 0.000436363636363636 7.27272727272727e-05; % B D=0.1
7.27272727272727e-05 1.21212121212121e-05 7.27272727272727e-05 1.21212121212121e-05 7.27272727272727e-05 7.27272727272727e-05 1.21212121212121e-05 1.21212121212121e-05 1.21212121212121e-05 1.21212121212121e-05 1.21212121212121e-05 7.27272727272727e-05 1.21212121212121e-05 1.21212121212121e-05 1.21212121212121e-05 0.999345454545455 8.48484848484849e-05 7.27272727272727e-05 1.21212121212121e-05; % D D=0.1
7.27272727272727e-05 1.21212121212121e-05 7.27272727272727e-05 1.21212121212121e-05 7.27272727272727e-05 7.27272727272727e-05 0.999345454545455 1.21212121212121e-05 1.21212121212121e-05 1.21212121212121e-05 1.21212121212121e-05 7.27272727272727e-05 1.21212121212121e-05 1.21212121212121e-05 1.21212121212121e-05 1.21212121212121e-05 8.48484848484849e-05 7.27272727272727e-05 1.21212121212121e-05; % G D=0.1
7.27272727272727e-05 1.21212121212121e-05 7.27272727272727e-05 1.21212121212121e-05 7.27272727272727e-05 7.27272727272727e-05 1.21212121212121e-05 1.21212121212121e-05 1.21212121212121e-05 1.21212121212121e-05 1.21212121212121e-05 7.27272727272727e-05 1.21212121212121e-05 1.21212121212121e-05 0.999345454545455 1.21212121212121e-05 8.48484848484849e-05 7.27272727272727e-05 1.21212121212121e-05; % K D=0.1
7.27272727272727e-05 1.21212121212121e-05 7.27272727272727e-05 1.21212121212121e-05 7.27272727272727e-05 7.27272727272727e-05 1.21212121212121e-05 1.21212121212121e-05 1.21212121212121e-05 0.999345454545455 1.21212121212121e-05 7.27272727272727e-05 1.21212121212121e-05 1.21212121212121e-05 1.21212121212121e-05 1.21212121212121e-05 8.48484848484849e-05 7.27272727272727e-05 1.21212121212121e-05; % L D=0.1
0.246436363636364 7.27272727272727e-05 0.13310303030303 7.27272727272727e-05 0.21310303030303 0.000436363636363636 7.27272727272727e-05 7.27272727272727e-05 7.27272727272727e-05 7.27272727272727e-05 7.27272727272727e-05 0.13310303030303 7.27272727272727e-05 7.27272727272727e-05 7.27272727272727e-05 7.27272727272727e-05 0.159842424242424 0.11310303030303 7.27272727272727e-05; % P D=0.1
7.27272727272727e-05 0.999345454545455 7.27272727272727e-05 1.21212121212121e-05 7.27272727272727e-05 7.27272727272727e-05 1.21212121212121e-05 1.21212121212121e-05 1.21212121212121e-05 1.21212121212121e-05 1.21212121212121e-05 7.27272727272727e-05 1.21212121212121e-05 1.21212121212121e-05 1.21212121212121e-05 1.21212121212121e-05 8.48484848484849e-05 7.27272727272727e-05 1.21212121212121e-05; % T D=0.1
0.173175757575758 8.48484848484849e-05 0.193175757575758 8.48484848484849e-05 0.139842424242424 0.153175757575758 8.48484848484849e-05 8.48484848484849e-05 8.48484848484849e-05 8.48484848484849e-05 8.48484848484849e-05 0.133175757575758 8.48484848484849e-05 8.48484848484849e-05 8.48484848484849e-05 8.48484848484849e-05 0.00659393939393939 0.199842424242424 8.48484848484849e-05; % V D=0.1
7.27272727272727e-05 1.21212121212121e-05 7.27272727272727e-05 0.999345454545455 7.27272727272727e-05 7.27272727272727e-05 1.21212121212121e-05 1.21212121212121e-05 1.21212121212121e-05 1.21212121212121e-05 1.21212121212121e-05 7.27272727272727e-05 1.21212121212121e-05 1.21212121212121e-05 1.21212121212121e-05 1.21212121212121e-05 8.48484848484849e-05 7.27272727272727e-05 1.21212121212121e-05; % Z D=0.1
0.279769696969697 7.27272727272727e-05 0.000436363636363636 7.27272727272727e-05 0.179769696969697 0.199769696969697 7.27272727272727e-05 7.27272727272727e-05 7.27272727272727e-05 7.27272727272727e-05 7.27272727272727e-05 0.126436363636364 7.27272727272727e-05 7.27272727272727e-05 7.27272727272727e-05 7.27272727272727e-05 0.113175757575758 0.099769696969697 7.27272727272727e-05; % b D=0.1
7.27272727272727e-05 1.21212121212121e-05 7.27272727272727e-05 1.21212121212121e-05 7.27272727272727e-05 7.27272727272727e-05 1.21212121212121e-05 1.21212121212121e-05 1.21212121212121e-05 1.21212121212121e-05 1.21212121212121e-05 7.27272727272727e-05 0.999345454545455 1.21212121212121e-05 1.21212121212121e-05 1.21212121212121e-05 8.48484848484849e-05 7.27272727272727e-05 1.21212121212121e-05; % d D=0.1
0.326436363636364 7.27272727272727e-05 0.099769696969697 7.27272727272727e-05 0.146436363636364 0.11310303030303 7.27272727272727e-05 7.27272727272727e-05 7.27272727272727e-05 7.27272727272727e-05 7.27272727272727e-05 0.000436363636363636 7.27272727272727e-05 7.27272727272727e-05 7.27272727272727e-05 7.27272727272727e-05 0.173175757575758 0.139769696969697 7.27272727272727e-05; % g D=0.1
7.27272727272727e-05 1.21212121212121e-05 7.27272727272727e-05 1.21212121212121e-05 7.27272727272727e-05 7.27272727272727e-05 1.21212121212121e-05 1.21212121212121e-05 1.21212121212121e-05 1.21212121212121e-05 0.999345454545455 7.27272727272727e-05 1.21212121212121e-05 1.21212121212121e-05 1.21212121212121e-05 1.21212121212121e-05 8.48484848484849e-05 7.27272727272727e-05 1.21212121212121e-05; % k D=0.1
7.27272727272727e-05 1.21212121212121e-05 7.27272727272727e-05 1.21212121212121e-05 7.27272727272727e-05 7.27272727272727e-05 1.21212121212121e-05 1.21212121212121e-05 1.21212121212121e-05 1.21212121212121e-05 1.21212121212121e-05 7.27272727272727e-05 1.21212121212121e-05 1.21212121212121e-05 1.21212121212121e-05 1.21212121212121e-05 8.48484848484849e-05 7.27272727272727e-05 0.999345454545455; % l D=0.1
7.27272727272727e-05 1.21212121212121e-05 7.27272727272727e-05 1.21212121212121e-05 7.27272727272727e-05 7.27272727272727e-05 1.21212121212121e-05 1.21212121212121e-05 1.21212121212121e-05 1.21212121212121e-05 1.21212121212121e-05 7.27272727272727e-05 1.21212121212121e-05 0.999345454545455 1.21212121212121e-05 1.21212121212121e-05 8.48484848484849e-05 7.27272727272727e-05 1.21212121212121e-05; % p D=0.1
7.27272727272727e-05 1.21212121212121e-05 7.27272727272727e-05 1.21212121212121e-05 7.27272727272727e-05 7.27272727272727e-05 1.21212121212121e-05 1.21212121212121e-05 0.999345454545455 1.21212121212121e-05 1.21212121212121e-05 7.27272727272727e-05 1.21212121212121e-05 1.21212121212121e-05 1.21212121212121e-05 1.21212121212121e-05 8.48484848484849e-05 7.27272727272727e-05 1.21212121212121e-05; % t D=0.1
7.27272727272727e-05 1.21212121212121e-05 7.27272727272727e-05 1.21212121212121e-05 7.27272727272727e-05 7.27272727272727e-05 1.21212121212121e-05 0.999345454545455 1.21212121212121e-05 1.21212121212121e-05 1.21212121212121e-05 7.27272727272727e-05 1.21212121212121e-05 1.21212121212121e-05 1.21212121212121e-05 1.21212121212121e-05 8.48484848484849e-05 7.27272727272727e-05 1.21212121212121e-05; % v D=0.1
0.25310303030303 7.27272727272727e-05 0.15310303030303 7.27272727272727e-05 0.000436363636363636 0.11310303030303 7.27272727272727e-05 7.27272727272727e-05 7.27272727272727e-05 7.27272727272727e-05 7.27272727272727e-05 0.186436363636364 7.27272727272727e-05 7.27272727272727e-05 7.27272727272727e-05 7.27272727272727e-05 0.126509090909091 0.166436363636364 7.27272727272727e-05; % z D=0.1
0.000581818181818182 9.6969696969697e-05 0.173026262626263 9.6969696969697e-05 0.128581818181818 0.177470707070707 9.6969696969697e-05 9.6969696969697e-05 9.6969696969697e-05 9.6969696969697e-05 9.6969696969697e-05 0.164137373737374 9.6969696969697e-05 9.6969696969697e-05 9.6969696969697e-05 9.6969696969697e-05 0.168678787878788 0.186359595959596 9.6969696969697e-05; % $ D=0.2
0.219539393939394 0.000145454545454545 0.159539393939394 0.000145454545454545 0.126206060606061 0.152872727272727 0.000145454545454545 0.000145454545454545 0.000145454545454545 0.000145454545454545 0.000145454545454545 0.172872727272727 0.000145454545454545 0.000145454545454545 0.000145454545454545 0.000145454545454545 0.166351515151515 0.000872727272727273 0.000145454545454545; % B D=0.2
0.000145454545454545 2.42424242424242e-05 0.000145454545454545 2.42424242424242e-05 0.000145454545454545 0.000145454545454545 2.42424242424242e-05 2.42424242424242e-05 2.42424242424242e-05 2.42424242424242e-05 2.42424242424242e-05 0.000145454545454545 2.42424242424242e-05 2.42424242424242e-05 2.42424242424242e-05 0.998690909090909 0.00016969696969697 0.000145454545454545 2.42424242424242e-05; % D D=0.2
0.000145454545454545 2.42424242424242e-05 0.000145454545454545 2.42424242424242e-05 0.000145454545454545 0.000145454545454545 0.998690909090909 2.42424242424242e-05 2.42424242424242e-05 2.42424242424242e-05 2.42424242424242e-05 0.000145454545454545 2.42424242424242e-05 2.42424242424242e-05 2.42424242424242e-05 2.42424242424242e-05 0.00016969696969697 0.000145454545454545 2.42424242424242e-05; % G D=0.2
0.000145454545454545 2.42424242424242e-05 0.000145454545454545 2.42424242424242e-05 0.000145454545454545 0.000145454545454545 2.42424242424242e-05 2.42424242424242e-05 2.42424242424242e-05 2.42424242424242e-05 2.42424242424242e-05 0.000145454545454545 2.42424242424242e-05 2.42424242424242e-05 0.998690909090909 2.42424242424242e-05 0.00016969696969697 0.000145454545454545 2.42424242424242e-05; % K D=0.2
0.000145454545454545 2.42424242424242e-05 0.000145454545454545 2.42424242424242e-05 0.000145454545454545 0.000145454545454545 2.42424242424242e-05 2.42424242424242e-05 2.42424242424242e-05 0.998690909090909 2.42424242424242e-05 0.000145454545454545 2.42424242424242e-05 2.42424242424242e-05 2.42424242424242e-05 2.42424242424242e-05 0.00016969696969697 0.000145454545454545 2.42424242424242e-05; % L D=0.2
0.246206060606061 0.000145454545454545 0.132872727272727 0.000145454545454545 0.212872727272727 0.000872727272727273 0.000145454545454545 0.000145454545454545 0.000145454545454545 0.000145454545454545 0.000145454545454545 0.132872727272727 0.000145454545454545 0.000145454545454545 0.000145454545454545 0.000145454545454545 0.159684848484848 0.112872727272727 0.000145454545454545; % P D=0.2
0.000145454545454545 0.998690909090909 0.000145454545454545 2.42424242424242e-05 0.000145454545454545 0.000145454545454545 2.42424242424242e-05 2.42424242424242e-05 2.42424242424242e-05 2.42424242424242e-05 2.42424242424242e-05 0.000145454545454545 2.42424242424242e-05 2.42424242424242e-05 2.42424242424242e-05 2.42424242424242e-05 0.00016969696969697 0.000145454545454545 2.42424242424242e-05; % T D=0.2
0.173018181818182 0.00016969696969697 0.193018181818182 0.00016969696969697 0.139684848484848 0.153018181818182 0.00016969696969697 0.00016969696969697 0.00016969696969697 0.00016969696969697 0.00016969696969697 0.133018181818182 0.00016969696969697 0.00016969696969697 0.00016969696969697 0.00016969696969697 0.00652121212121212 0.199684848484848 0.00016969696969697; % V D=0.2
0.000145454545454545 2.42424242424242e-05 0.000145454545454545 0.998690909090909 0.000145454545454545 0.000145454545454545 2.42424242424242e-05 2.42424242424242e-05 2.42424242424242e-05 2.42424242424242e-05 2.42424242424242e-05 0.000145454545454545 2.42424242424242e-05 2.42424242424242e-05 2.42424242424242e-05 2.42424242424242e-05 0.00016969696969697 0.000145454545454545 2.42424242424242e-05; % Z D=0.2
0.279539393939394 0.000145454545454545 0.000872727272727273 0.000145454545454545 0.179539393939394 0.199539393939394 0.000145454545454545 0.000145454545454545 0.000145454545454545 0.000145454545454545 0.000145454545454545 0.126206060606061 0.000145454545454545 0.000145454545454545 0.000145454545454545 0.000145454545454545 0.113018181818182 0.0995393939393939 0.000145454545454545; % b D=0.2
0.000145454545454545 2.42424242424242e-05 0.000145454545454545 2.42424242424242e-05 0.000145454545454545 0.000145454545454545 2.42424242424242e-05 2.42424242424242e-05 2.42424242424242e-05 2.42424242424242e-05 2.42424242424242e-05 0.000145454545454545 0.998690909090909 2.42424242424242e-05 2.42424242424242e-05 2.42424242424242e-05 0.00016969696969697 0.000145454545454545 2.42424242424242e-05; % d D=0.2
0.326206060606061 0.000145454545454545 0.0995393939393939 0.000145454545454545 0.146206060606061 0.112872727272727 0.000145454545454545 0.000145454545454545 0.000145454545454545 0.000145454545454545 0.000145454545454545 0.000872727272727273 0.000145454545454545 0.000145454545454545 0.000145454545454545 0.000145454545454545 0.173018181818182 0.139539393939394 0.000145454545454545; % g D=0.2
0.000145454545454545 2.42424242424242e-05 0.000145454545454545 2.42424242424242e-05 0.000145454545454545 0.000145454545454545 2.42424242424242e-05 2.42424242424242e-05 2.42424242424242e-05 2.42424242424242e-05 0.998690909090909 0.000145454545454545 2.42424242424242e-05 2.42424242424242e-05 2.42424242424242e-05 2.42424242424242e-05 0.00016969696969697 0.000145454545454545 2.42424242424242e-05; % k D=0.2
0.000145454545454545 2.42424242424242e-05 0.000145454545454545 2.42424242424242e-05 0.000145454545454545 0.000145454545454545 2.42424242424242e-05 2.42424242424242e-05 2.42424242424242e-05 2.42424242424242e-05 2.42424242424242e-05 0.000145454545454545 2.42424242424242e-05 2.42424242424242e-05 2.42424242424242e-05 2.42424242424242e-05 0.00016969696969697 0.000145454545454545 0.998690909090909; % l D=0.2
0.000145454545454545 2.42424242424242e-05 0.000145454545454545 2.42424242424242e-05 0.000145454545454545 0.000145454545454545 2.42424242424242e-05 2.42424242424242e-05 2.42424242424242e-05 2.42424242424242e-05 2.42424242424242e-05 0.000145454545454545 2.42424242424242e-05 0.998690909090909 2.42424242424242e-05 2.42424242424242e-05 0.00016969696969697 0.000145454545454545 2.42424242424242e-05; % p D=0.2
0.000145454545454545 2.42424242424242e-05 0.000145454545454545 2.42424242424242e-05 0.000145454545454545 0.000145454545454545 2.42424242424242e-05 2.42424242424242e-05 0.998690909090909 2.42424242424242e-05 2.42424242424242e-05 0.000145454545454545 2.42424242424242e-05 2.42424242424242e-05 2.42424242424242e-05 2.42424242424242e-05 0.00016969696969697 0.000145454545454545 2.42424242424242e-05; % t D=0.2
0.000145454545454545 2.42424242424242e-05 0.000145454545454545 2.42424242424242e-05 0.000145454545454545 0.000145454545454545 2.42424242424242e-05 0.998690909090909 2.42424242424242e-05 2.42424242424242e-05 2.42424242424242e-05 0.000145454545454545 2.42424242424242e-05 2.42424242424242e-05 2.42424242424242e-05 2.42424242424242e-05 0.00016969696969697 0.000145454545454545 2.42424242424242e-05; % v D=0.2
0.252872727272727 0.000145454545454545 0.152872727272727 0.000145454545454545 0.000872727272727273 0.112872727272727 0.000145454545454545 0.000145454545454545 0.000145454545454545 0.000145454545454545 0.000145454545454545 0.186206060606061 0.000145454545454545 0.000145454545454545 0.000145454545454545 0.000145454545454545 0.126351515151515 0.166206060606061 0.000145454545454545; % z D=0.2
0.000872727272727273 0.000145454545454545 0.172872727272727 0.000145454545454545 0.128428282828283 0.177317171717172 0.000145454545454545 0.000145454545454545 0.000145454545454545 0.000145454545454545 0.000145454545454545 0.163983838383838 0.000145454545454545 0.000145454545454545 0.000145454545454545 0.000145454545454545 0.168573737373737 0.186206060606061 0.000145454545454545; % $ D=0.3
0.219309090909091 0.000218181818181818 0.159309090909091 0.000218181818181818 0.125975757575758 0.152642424242424 0.000218181818181818 0.000218181818181818 0.000218181818181818 0.000218181818181818 0.000218181818181818 0.172642424242424 0.000218181818181818 0.000218181818181818 0.000218181818181818 0.000218181818181818 0.166193939393939 0.00130909090909091 0.000218181818181818; % B D=0.3
0.000218181818181818 3.63636363636364e-05 0.000218181818181818 3.63636363636364e-05 0.000218181818181818 0.000218181818181818 3.63636363636364e-05 3.63636363636364e-05 3.63636363636364e-05 3.63636363636364e-05 3.63636363636364e-05 0.000218181818181818 3.63636363636364e-05 3.63636363636364e-05 3.63636363636364e-05 0.998036363636363 0.000254545454545455 0.000218181818181818 3.63636363636364e-05; % D D=0.3
0.000218181818181818 3.63636363636364e-05 0.000218181818181818 3.63636363636364e-05 0.000218181818181818 0.000218181818181818 0.998036363636363 3.63636363636364e-05 3.63636363636364e-05 3.63636363636364e-05 3.63636363636364e-05 0.000218181818181818 3.63636363636364e-05 3.63636363636364e-05 3.63636363636364e-05 3.63636363636364e-05 0.000254545454545455 0.000218181818181818 3.63636363636364e-05; % G D=0.3
0.000218181818181818 3.63636363636364e-05 0.000218181818181818 3.63636363636364e-05 0.000218181818181818 0.000218181818181818 3.63636363636364e-05 3.63636363636364e-05 3.63636363636364e-05 3.63636363636364e-05 3.63636363636364e-05 0.000218181818181818 3.63636363636364e-05 3.63636363636364e-05 0.998036363636363 3.63636363636364e-05 0.000254545454545455 0.000218181818181818 3.63636363636364e-05; % K D=0.3
0.000218181818181818 3.63636363636364e-05 0.000218181818181818 3.63636363636364e-05 0.000218181818181818 0.000218181818181818 3.63636363636364e-05 3.63636363636364e-05 3.63636363636364e-05 0.998036363636363 3.63636363636364e-05 0.000218181818181818 3.63636363636364e-05 3.63636363636364e-05 3.63636363636364e-05 3.63636363636364e-05 0.000254545454545455 0.000218181818181818 3.63636363636364e-05; % L D=0.3
0.245975757575758 0.000218181818181818 0.132642424242424 0.000218181818181818 0.212642424242424 0.00130909090909091 0.000218181818181818 0.000218181818181818 0.000218181818181818 0.000218181818181818 0.000218181818181818 0.132642424242424 0.000218181818181818 0.000218181818181818 0.000218181818181818 0.000218181818181818 0.159527272727273 0.112642424242424 0.000218181818181818; % P D=0.3
0.000218181818181818 0.998036363636363 0.000218181818181818 3.63636363636364e-05 0.000218181818181818 0.000218181818181818 3.63636363636364e-05 3.63636363636364e-05 3.63636363636364e-05 3.63636363636364e-05 3.63636363636364e-05 0.000218181818181818 3.63636363636364e-05 3.63636363636364e-05 3.63636363636364e-05 3.63636363636364e-05 0.000254545454545455 0.000218181818181818 3.63636363636364e-05; % T D=0.3
0.172860606060606 0.000254545454545455 0.192860606060606 0.000254545454545455 0.139527272727273 0.152860606060606 0.000254545454545455 0.000254545454545455 0.000254545454545455 0.000254545454545455 0.000254545454545455 0.132860606060606 0.000254545454545455 0.000254545454545455 0.000254545454545455 0.000254545454545455 0.00644848484848485 0.199527272727273 0.000254545454545455; % V D=0.3
0.000218181818181818 3.63636363636364e-05 0.000218181818181818 0.998036363636363 0.000218181818181818 0.000218181818181818 3.63636363636364e-05 3.63636363636364e-05 3.63636363636364e-05 3.63636363636364e-05 3.63636363636364e-05 0.000218181818181818 3.63636363636364e-05 3.63636363636364e-05 3.63636363636364e-05 3.63636363636364e-05 0.000254545454545455 0.000218181818181818 3.63636363636364e-05; % Z D=0.3
0.279309090909091 0.000218181818181818 0.00130909090909091 0.000218181818181818 0.179309090909091 0.199309090909091 0.000218181818181818 0.000218181818181818 0.000218181818181818 0.000218181818181818 0.000218181818181818 0.125975757575758 0.000218181818181818 0.000218181818181818 0.000218181818181818 0.000218181818181818 0.112860606060606 0.0993090909090909 0.000218181818181818; % b D=0.3
0.000218181818181818 3.63636363636364e-05 0.000218181818181818 3.63636363636364e-05 0.000218181818181818 0.000218181818181818 3.63636363636364e-05 3.63636363636364e-05 3.63636363636364e-05 3.63636363636364e-05 3.63636363636364e-05 0.000218181818181818 0.998036363636363 3.63636363636364e-05 3.63636363636364e-05 3.63636363636364e-05 0.000254545454545455 0.000218181818181818 3.63636363636364e-05; % d D=0.3
0.325975757575758 0.000218181818181818 0.0993090909090909 0.000218181818181818 0.145975757575758 0.112642424242424 0.000218181818181818 0.000218181818181818 0.000218181818181818 0.000218181818181818 0.000218181818181818 0.00130909090909091 0.000218181818181818 0.000218181818181818 0.000218181818181818 0.000218181818181818 0.172860606060606 0.139309090909091 0.000218181818181818; % g D=0.3
0.000218181818181818 3.63636363636364e-05 0.000218181818181818 3.63636363636364e-05 0.000218181818181818 0.000218181818181818 3.63636363636364e-05 3.63636363636364e-05 3.63636363636364e-05 3.63636363636364e-05 0.998036363636363 0.000218181818181818 3.63636363636364e-05 3.63636363636364e-05 3.63636363636364e-05 3.63636363636364e-05 0.000254545454545455 0.000218181818181818 3.63636363636364e-05; % k D=0.3
0.000218181818181818 3.63636363636364e-05 0.000218181818181818 3.63636363636364e-05 0.000218181818181818 0.000218181818181818 3.63636363636364e-05 3.63636363636364e-05 3.63636363636364e-05 3.63636363636364e-05 3.63636363636364e-05 0.000218181818181818 3.63636363636364e-05 3.63636363636364e-05 3.63636363636364e-05 3.63636363636364e-05 0.000254545454545455 0.000218181818181818 0.998036363636363; % l D=0.3
0.000218181818181818 3.63636363636364e-05 0.000218181818181818 3.63636363636364e-05 0.000218181818181818 0.000218181818181818 3.63636363636364e-05 3.63636363636364e-05 3.63636363636364e-05 3.63636363636364e-05 3.63636363636364e-05 0.000218181818181818 3.63636363636364e-05 0.998036363636363 3.63636363636364e-05 3.63636363636364e-05 0.000254545454545455 0.000218181818181818 3.63636363636364e-05; % p D=0.3
0.000218181818181818 3.63636363636364e-05 0.000218181818181818 3.63636363636364e-05 0.000218181818181818 0.000218181818181818 3.63636363636364e-05 3.63636363636364e-05 0.998036363636363 3.63636363636364e-05 3.63636363636364e-05 0.000218181818181818 3.63636363636364e-05 3.63636363636364e-05 3.63636363636364e-05 3.63636363636364e-05 0.000254545454545455 0.000218181818181818 3.63636363636364e-05; % t D=0.3
0.000218181818181818 3.63636363636364e-05 0.000218181818181818 3.63636363636364e-05 0.000218181818181818 0.000218181818181818 3.63636363636364e-05 0.998036363636363 3.63636363636364e-05 3.63636363636364e-05 3.63636363636364e-05 0.000218181818181818 3.63636363636364e-05 3.63636363636364e-05 3.63636363636364e-05 3.63636363636364e-05 0.000254545454545455 0.000218181818181818 3.63636363636364e-05; % v D=0.3
0.252642424242424 0.000218181818181818 0.152642424242424 0.000218181818181818 0.00130909090909091 0.112642424242424 0.000218181818181818 0.000218181818181818 0.000218181818181818 0.000218181818181818 0.000218181818181818 0.185975757575758 0.000218181818181818 0.000218181818181818 0.000218181818181818 0.000218181818181818 0.126193939393939 0.165975757575758 0.000218181818181818; % z D=0.3
0.00116363636363636 0.000193939393939394 0.172719191919192 0.000193939393939394 0.128274747474747 0.177163636363636 0.000193939393939394 0.000193939393939394 0.000193939393939394 0.000193939393939394 0.000193939393939394 0.163830303030303 0.000193939393939394 0.000193939393939394 0.000193939393939394 0.000193939393939394 0.168468686868687 0.186052525252525 0.000193939393939394; % $ D=0.4
0.219078787878788 0.000290909090909091 0.159078787878788 0.000290909090909091 0.125745454545455 0.152412121212121 0.000290909090909091 0.000290909090909091 0.000290909090909091 0.000290909090909091 0.000290909090909091 0.172412121212121 0.000290909090909091 0.000290909090909091 0.000290909090909091 0.000290909090909091 0.166036363636364 0.00174545454545455 0.000290909090909091; % B D=0.4
0.000290909090909091 4.84848484848485e-05 0.000290909090909091 4.84848484848485e-05 0.000290909090909091 0.000290909090909091 4.84848484848485e-05 4.84848484848485e-05 4.84848484848485e-05 4.84848484848485e-05 4.84848484848485e-05 0.000290909090909091 4.84848484848485e-05 4.84848484848485e-05 4.84848484848485e-05 0.997381818181818 0.000339393939393939 0.000290909090909091 4.84848484848485e-05; % D D=0.4
0.000290909090909091 4.84848484848485e-05 0.000290909090909091 4.84848484848485e-05 0.000290909090909091 0.000290909090909091 0.997381818181818 4.84848484848485e-05 4.84848484848485e-05 4.84848484848485e-05 4.84848484848485e-05 0.000290909090909091 4.84848484848485e-05 4.84848484848485e-05 4.84848484848485e-05 4.84848484848485e-05 0.000339393939393939 0.000290909090909091 4.84848484848485e-05; % G D=0.4
0.000290909090909091 4.84848484848485e-05 0.000290909090909091 4.84848484848485e-05 0.000290909090909091 0.000290909090909091 4.84848484848485e-05 4.84848484848485e-05 4.84848484848485e-05 4.84848484848485e-05 4.84848484848485e-05 0.000290909090909091 4.84848484848485e-05 4.84848484848485e-05 0.997381818181818 4.84848484848485e-05 0.000339393939393939 0.000290909090909091 4.84848484848485e-05; % K D=0.4
0.000290909090909091 4.84848484848485e-05 0.000290909090909091 4.84848484848485e-05 0.000290909090909091 0.000290909090909091 4.84848484848485e-05 4.84848484848485e-05 4.84848484848485e-05 0.997381818181818 4.84848484848485e-05 0.000290909090909091 4.84848484848485e-05 4.84848484848485e-05 4.84848484848485e-05 4.84848484848485e-05 0.000339393939393939 0.000290909090909091 4.84848484848485e-05; % L D=0.4
0.245745454545455 0.000290909090909091 0.132412121212121 0.000290909090909091 0.212412121212121 0.00174545454545455 0.000290909090909091 0.000290909090909091 0.000290909090909091 0.000290909090909091 0.000290909090909091 0.132412121212121 0.000290909090909091 0.000290909090909091 0.000290909090909091 0.000290909090909091 0.159369696969697 0.112412121212121 0.000290909090909091; % P D=0.4
0.000290909090909091 0.997381818181818 0.000290909090909091 4.84848484848485e-05 0.000290909090909091 0.000290909090909091 4.84848484848485e-05 4.84848484848485e-05 4.84848484848485e-05 4.84848484848485e-05 4.84848484848485e-05 0.000290909090909091 4.84848484848485e-05 4.84848484848485e-05 4.84848484848485e-05 4.84848484848485e-05 0.000339393939393939 0.000290909090909091 4.84848484848485e-05; % T D=0.4
0.17270303030303 0.000339393939393939 0.19270303030303 0.000339393939393939 0.139369696969697 0.15270303030303 0.000339393939393939 0.000339393939393939 0.000339393939393939 0.000339393939393939 0.000339393939393939 0.13270303030303 0.000339393939393939 0.000339393939393939 0.000339393939393939 0.000339393939393939 0.00637575757575758 0.199369696969697 0.000339393939393939; % V D=0.4
0.000290909090909091 4.84848484848485e-05 0.000290909090909091 0.997381818181818 0.000290909090909091 0.000290909090909091 4.84848484848485e-05 4.84848484848485e-05 4.84848484848485e-05 4.84848484848485e-05 4.84848484848485e-05 0.000290909090909091 4.84848484848485e-05 4.84848484848485e-05 4.84848484848485e-05 4.84848484848485e-05 0.000339393939393939 0.000290909090909091 4.84848484848485e-05; % Z D=0.4
0.279078787878788 0.000290909090909091 0.00174545454545455 0.000290909090909091 0.179078787878788 0.199078787878788 0.000290909090909091 0.000290909090909091 0.000290909090909091 0.000290909090909091 0.000290909090909091 0.125745454545455 0.000290909090909091 0.000290909090909091 0.000290909090909091 0.000290909090909091 0.11270303030303 0.0990787878787879 0.000290909090909091; % b D=0.4
0.000290909090909091 4.84848484848485e-05 0.000290909090909091 4.84848484848485e-05 0.000290909090909091 0.000290909090909091 4.84848484848485e-05 4.84848484848485e-05 4.84848484848485e-05 4.84848484848485e-05 4.84848484848485e-05 0.000290909090909091 0.997381818181818 4.84848484848485e-05 4.84848484848485e-05 4.84848484848485e-05 0.000339393939393939 0.000290909090909091 4.84848484848485e-05; % d D=0.4
0.325745454545455 0.000290909090909091 0.0990787878787879 0.000290909090909091 0.145745454545455 0.112412121212121 0.000290909090909091 0.000290909090909091 0.000290909090909091 0.000290909090909091 0.000290909090909091 0.00174545454545455 0.000290909090909091 0.000290909090909091 0.000290909090909091 0.000290909090909091 0.17270303030303 0.139078787878788 0.000290909090909091; % g D=0.4
0.000290909090909091 4.84848484848485e-05 0.000290909090909091 4.84848484848485e-05 0.000290909090909091 0.000290909090909091 4.84848484848485e-05 4.84848484848485e-05 4.84848484848485e-05 4.84848484848485e-05 0.997381818181818 0.000290909090909091 4.84848484848485e-05 4.84848484848485e-05 4.84848484848485e-05 4.84848484848485e-05 0.000339393939393939 0.000290909090909091 4.84848484848485e-05; % k D=0.4
0.000290909090909091 4.84848484848485e-05 0.000290909090909091 4.84848484848485e-05 0.000290909090909091 0.000290909090909091 4.84848484848485e-05 4.84848484848485e-05 4.84848484848485e-05 4.84848484848485e-05 4.84848484848485e-05 0.000290909090909091 4.84848484848485e-05 4.84848484848485e-05 4.84848484848485e-05 4.84848484848485e-05 0.000339393939393939 0.000290909090909091 0.997381818181818; % l D=0.4
0.000290909090909091 4.84848484848485e-05 0.000290909090909091 4.84848484848485e-05 0.000290909090909091 0.000290909090909091 4.84848484848485e-05 4.84848484848485e-05 4.84848484848485e-05 4.84848484848485e-05 4.84848484848485e-05 0.000290909090909091 4.84848484848485e-05 0.997381818181818 4.84848484848485e-05 4.84848484848485e-05 0.000339393939393939 0.000290909090909091 4.84848484848485e-05; % p D=0.4
0.000290909090909091 4.84848484848485e-05 0.000290909090909091 4.84848484848485e-05 0.000290909090909091 0.000290909090909091 4.84848484848485e-05 4.84848484848485e-05 0.997381818181818 4.84848484848485e-05 4.84848484848485e-05 0.000290909090909091 4.84848484848485e-05 4.84848484848485e-05 4.84848484848485e-05 4.84848484848485e-05 0.000339393939393939 0.000290909090909091 4.84848484848485e-05; % t D=0.4
0.000290909090909091 4.84848484848485e-05 0.000290909090909091 4.84848484848485e-05 0.000290909090909091 0.000290909090909091 4.84848484848485e-05 0.997381818181818 4.84848484848485e-05 4.84848484848485e-05 4.84848484848485e-05 0.000290909090909091 4.84848484848485e-05 4.84848484848485e-05 4.84848484848485e-05 4.84848484848485e-05 0.000339393939393939 0.000290909090909091 4.84848484848485e-05; % v D=0.4
0.252412121212121 0.000290909090909091 0.152412121212121 0.000290909090909091 0.00174545454545455 0.112412121212121 0.000290909090909091 0.000290909090909091 0.000290909090909091 0.000290909090909091 0.000290909090909091 0.185745454545455 0.000290909090909091 0.000290909090909091 0.000290909090909091 0.000290909090909091 0.126036363636364 0.165745454545455 0.000290909090909091; % z D=0.4
0.00145454545454545 0.000242424242424242 0.172565656565657 0.000242424242424242 0.128121212121212 0.177010101010101 0.000242424242424242 0.000242424242424242 0.000242424242424242 0.000242424242424242 0.000242424242424242 0.163676767676768 0.000242424242424242 0.000242424242424242 0.000242424242424242 0.000242424242424242 0.168363636363636 0.18589898989899 0.000242424242424242; % $ D=0.5
0.218848484848485 0.000363636363636364 0.158848484848485 0.000363636363636364 0.125515151515152 0.152181818181818 0.000363636363636364 0.000363636363636364 0.000363636363636364 0.000363636363636364 0.000363636363636364 0.172181818181818 0.000363636363636364 0.000363636363636364 0.000363636363636364 0.000363636363636364 0.165878787878788 0.00218181818181818 0.000363636363636364; % B D=0.5
0.000363636363636364 6.06060606060606e-05 0.000363636363636364 6.06060606060606e-05 0.000363636363636364 0.000363636363636364 6.06060606060606e-05 6.06060606060606e-05 6.06060606060606e-05 6.06060606060606e-05 6.06060606060606e-05 0.000363636363636364 6.06060606060606e-05 6.06060606060606e-05 6.06060606060606e-05 0.996727272727273 0.000424242424242424 0.000363636363636364 6.06060606060606e-05; % D D=0.5
0.000363636363636364 6.06060606060606e-05 0.000363636363636364 6.06060606060606e-05 0.000363636363636364 0.000363636363636364 0.996727272727273 6.06060606060606e-05 6.06060606060606e-05 6.06060606060606e-05 6.06060606060606e-05 0.000363636363636364 6.06060606060606e-05 6.06060606060606e-05 6.06060606060606e-05 6.06060606060606e-05 0.000424242424242424 0.000363636363636364 6.06060606060606e-05; % G D=0.5
0.000363636363636364 6.06060606060606e-05 0.000363636363636364 6.06060606060606e-05 0.000363636363636364 0.000363636363636364 6.06060606060606e-05 6.06060606060606e-05 6.06060606060606e-05 6.06060606060606e-05 6.06060606060606e-05 0.000363636363636364 6.06060606060606e-05 6.06060606060606e-05 0.996727272727273 6.06060606060606e-05 0.000424242424242424 0.000363636363636364 6.06060606060606e-05; % K D=0.5
0.000363636363636364 6.06060606060606e-05 0.000363636363636364 6.06060606060606e-05 0.000363636363636364 0.000363636363636364 6.06060606060606e-05 6.06060606060606e-05 6.06060606060606e-05 0.996727272727273 6.06060606060606e-05 0.000363636363636364 6.06060606060606e-05 6.06060606060606e-05 6.06060606060606e-05 6.06060606060606e-05 0.000424242424242424 0.000363636363636364 6.06060606060606e-05; % L D=0.5
0.245515151515152 0.000363636363636364 0.132181818181818 0.000363636363636364 0.212181818181818 0.00218181818181818 0.000363636363636364 0.000363636363636364 0.000363636363636364 0.000363636363636364 0.000363636363636364 0.132181818181818 0.000363636363636364 0.000363636363636364 0.000363636363636364 0.000363636363636364 0.159212121212121 0.112181818181818 0.000363636363636364; % P D=0.5
0.000363636363636364 0.996727272727273 0.000363636363636364 6.06060606060606e-05 0.000363636363636364 0.000363636363636364 6.06060606060606e-05 6.06060606060606e-05 6.06060606060606e-05 6.06060606060606e-05 6.06060606060606e-05 0.000363636363636364 6.06060606060606e-05 6.06060606060606e-05 6.06060606060606e-05 6.06060606060606e-05 0.000424242424242424 0.000363636363636364 6.06060606060606e-05; % T D=0.5
0.172545454545455 0.000424242424242424 0.192545454545455 0.000424242424242424 0.139212121212121 0.152545454545455 0.000424242424242424 0.000424242424242424 0.000424242424242424 0.000424242424242424 0.000424242424242424 0.132545454545455 0.000424242424242424 0.000424242424242424 0.000424242424242424 0.000424242424242424 0.0063030303030303 0.199212121212121 0.000424242424242424; % V D=0.5
0.000363636363636364 6.06060606060606e-05 0.000363636363636364 0.996727272727273 0.000363636363636364 0.000363636363636364 6.06060606060606e-05 6.06060606060606e-05 6.06060606060606e-05 6.06060606060606e-05 6.06060606060606e-05 0.000363636363636364 6.06060606060606e-05 6.06060606060606e-05 6.06060606060606e-05 6.06060606060606e-05 0.000424242424242424 0.000363636363636364 6.06060606060606e-05; % Z D=0.5
0.278848484848485 0.000363636363636364 0.00218181818181818 0.000363636363636364 0.178848484848485 0.198848484848485 0.000363636363636364 0.000363636363636364 0.000363636363636364 0.000363636363636364 0.000363636363636364 0.125515151515152 0.000363636363636364 0.000363636363636364 0.000363636363636364 0.000363636363636364 0.112545454545455 0.0988484848484849 0.000363636363636364; % b D=0.5
0.000363636363636364 6.06060606060606e-05 0.000363636363636364 6.06060606060606e-05 0.000363636363636364 0.000363636363636364 6.06060606060606e-05 6.06060606060606e-05 6.06060606060606e-05 6.06060606060606e-05 6.06060606060606e-05 0.000363636363636364 0.996727272727273 6.06060606060606e-05 6.06060606060606e-05 6.06060606060606e-05 0.000424242424242424 0.000363636363636364 6.06060606060606e-05; % d D=0.5
0.325515151515151 0.000363636363636364 0.0988484848484849 0.000363636363636364 0.145515151515152 0.112181818181818 0.000363636363636364 0.000363636363636364 0.000363636363636364 0.000363636363636364 0.000363636363636364 0.00218181818181818 0.000363636363636364 0.000363636363636364 0.000363636363636364 0.000363636363636364 0.172545454545455 0.138848484848485 0.000363636363636364; % g D=0.5
0.000363636363636364 6.06060606060606e-05 0.000363636363636364 6.06060606060606e-05 0.000363636363636364 0.000363636363636364 6.06060606060606e-05 6.06060606060606e-05 6.06060606060606e-05 6.06060606060606e-05 0.996727272727273 0.000363636363636364 6.06060606060606e-05 6.06060606060606e-05 6.06060606060606e-05 6.06060606060606e-05 0.000424242424242424 0.000363636363636364 6.06060606060606e-05; % k D=0.5
0.000363636363636364 6.06060606060606e-05 0.000363636363636364 6.06060606060606e-05 0.000363636363636364 0.000363636363636364 6.06060606060606e-05 6.06060606060606e-05 6.06060606060606e-05 6.06060606060606e-05 6.06060606060606e-05 0.000363636363636364 6.06060606060606e-05 6.06060606060606e-05 6.06060606060606e-05 6.06060606060606e-05 0.000424242424242424 0.000363636363636364 0.996727272727273; % l D=0.5
0.000363636363636364 6.06060606060606e-05 0.000363636363636364 6.06060606060606e-05 0.000363636363636364 0.000363636363636364 6.06060606060606e-05 6.06060606060606e-05 6.06060606060606e-05 6.06060606060606e-05 6.06060606060606e-05 0.000363636363636364 6.06060606060606e-05 0.996727272727273 6.06060606060606e-05 6.06060606060606e-05 0.000424242424242424 0.000363636363636364 6.06060606060606e-05; % p D=0.5
0.000363636363636364 6.06060606060606e-05 0.000363636363636364 6.06060606060606e-05 0.000363636363636364 0.000363636363636364 6.06060606060606e-05 6.06060606060606e-05 0.996727272727273 6.06060606060606e-05 6.06060606060606e-05 0.000363636363636364 6.06060606060606e-05 6.06060606060606e-05 6.06060606060606e-05 6.06060606060606e-05 0.000424242424242424 0.000363636363636364 6.06060606060606e-05; % t D=0.5
0.000363636363636364 6.06060606060606e-05 0.000363636363636364 6.06060606060606e-05 0.000363636363636364 0.000363636363636364 6.06060606060606e-05 0.996727272727273 6.06060606060606e-05 6.06060606060606e-05 6.06060606060606e-05 0.000363636363636364 6.06060606060606e-05 6.06060606060606e-05 6.06060606060606e-05 6.06060606060606e-05 0.000424242424242424 0.000363636363636364 6.06060606060606e-05; % v D=0.5
0.252181818181818 0.000363636363636364 0.152181818181818 0.000363636363636364 0.00218181818181818 0.112181818181818 0.000363636363636364 0.000363636363636364 0.000363636363636364 0.000363636363636364 0.000363636363636364 0.185515151515151 0.000363636363636364 0.000363636363636364 0.000363636363636364 0.000363636363636364 0.125878787878788 0.165515151515152 0.000363636363636364; % z D=0.5
0.00174545454545455 0.000290909090909091 0.172412121212121 0.000290909090909091 0.127967676767677 0.176856565656566 0.000290909090909091 0.000290909090909091 0.000290909090909091 0.000290909090909091 0.000290909090909091 0.163523232323232 0.000290909090909091 0.000290909090909091 0.000290909090909091 0.000290909090909091 0.168258585858586 0.185745454545455 0.000290909090909091; % $ D=0.6
0.218618181818182 0.000436363636363636 0.158618181818182 0.000436363636363636 0.125284848484848 0.151951515151515 0.000436363636363636 0.000436363636363636 0.000436363636363636 0.000436363636363636 0.000436363636363636 0.171951515151515 0.000436363636363636 0.000436363636363636 0.000436363636363636 0.000436363636363636 0.165721212121212 0.00261818181818182 0.000436363636363636; % B D=0.6
0.000436363636363636 7.27272727272727e-05 0.000436363636363636 7.27272727272727e-05 0.000436363636363636 0.000436363636363636 7.27272727272727e-05 7.27272727272727e-05 7.27272727272727e-05 7.27272727272727e-05 7.27272727272727e-05 0.000436363636363636 7.27272727272727e-05 7.27272727272727e-05 7.27272727272727e-05 0.996072727272727 0.000509090909090909 0.000436363636363636 7.27272727272727e-05; % D D=0.6
0.000436363636363636 7.27272727272727e-05 0.000436363636363636 7.27272727272727e-05 0.000436363636363636 0.000436363636363636 0.996072727272727 7.27272727272727e-05 7.27272727272727e-05 7.27272727272727e-05 7.27272727272727e-05 0.000436363636363636 7.27272727272727e-05 7.27272727272727e-05 7.27272727272727e-05 7.27272727272727e-05 0.000509090909090909 0.000436363636363636 7.27272727272727e-05; % G D=0.6
