syllables = '$BDGKLPTVZbdgklptvz';
discounts = [0.1 0.2 0.3 0.4 0.5 0.6 0.7 0.8 0.9 0.95];
kn_probs = [0.000436363636363636 7.27272727272727e-05 0.159769696969697 7.27272727272727e-05 0.213175757575758 7.27272727272727e-05 7.27272727272727e-05 7.27272727272727e-05 7.27272727272727e-05 0.146436363636364 0.15310303030303 7.27272727272727e-05 7.27272727272727e-05 0.199769696969697 7.27272727272727e-05 0.126436363636364 7.27272727272727e-05 7.27272727272727e-05 7.27272727272727e-05; % $ D=0.1
0.000109090909090909 1.81818181818182e-05 0.000109090909090909 1.81818181818182e-05 0.000127272727272727 1.81818181818182e-05 1.81818181818182e-05 1.81818181818182e-05 1.81818181818182e-05 0.000109090909090909 0.000109090909090909 1.81818181818182e-05 1.81818181818182e-05 0.000109090909090909 1.81818181818182e-05 0.000109090909090909 1.81818181818182e-05 0.999018181818182 1.81818181818182e-05; % B D=0.1
0.000109090909090909 0.999018181818182 0.000109090909090909 1.81818181818182e-05 0.000127272727272727 1.81818181818182e-05 1.81818181818182e-05 1.81818181818182e-05 1.81818181818182e-05 0.000109090909090909 0.000109090909090909 1.81818181818182e-05 1.81818181818182e-05 0.000109090909090909 1.81818181818182e-05 0.000109090909090909 1.81818181818182e-05 1.81818181818182e-05 1.81818181818182e-05; % D D=0.1
0.289654545454545 0.000109090909090909 0.169654545454545 0.000109090909090909 0.119763636363636 0.000109090909090909 0.000109090909090909 0.000109090909090909 0.000109090909090909 0.000654545454545455 0.159654545454545 0.000109090909090909 0.000109090909090909 0.169654545454545 0.000109090909090909 0.0896545454545455 0.000109090909090909 0.000109090909090909 0.000109090909090909; % G D=0.1
0.000109090909090909 1.81818181818182e-05 0.000109090909090909 1.81818181818182e-05 0.000127272727272727 1.81818181818182e-05 0.999018181818182 1.81818181818182e-05 1.81818181818182e-05 0.000109090909090909 0.000109090909090909 1.81818181818182e-05 1.81818181818182e-05 0.000109090909090909 1.81818181818182e-05 0.000109090909090909 1.81818181818182e-05 1.81818181818182e-05 1.81818181818182e-05; % K D=0.1
0.000109090909090909 1.81818181818182e-05 0.000109090909090909 1.81818181818182e-05 0.000127272727272727 1.81818181818182e-05 1.81818181818182e-05 0.999018181818182 1.81818181818182e-05 0.000109090909090909 0.000109090909090909 1.81818181818182e-05 1.81818181818182e-05 0.000109090909090909 1.81818181818182e-05 0.000109090909090909 1.81818181818182e-05 1.81818181818182e-05 1.81818181818182e-05; % L D=0.1
0.229763636363636 0.000127272727272727 0.169763636363636 0.000127272727272727 0.0298909090909091 0.000127272727272727 0.000127272727272727 0.000127272727272727 0.000127272727272727 0.209763636363636 0.119763636363636 0.000127272727272727 0.000127272727272727 0.129763636363636 0.000127272727272727 0.109763636363636 0.000127272727272727 0.000127272727272727 0.000127272727272727; % P D=0.1
0.000109090909090909 1.81818181818182e-05 0.000109090909090909 1.81818181818182e-05 0.000127272727272727 1.81818181818182e-05 1.81818181818182e-05 1.81818181818182e-05 1.81818181818182e-05 0.000109090909090909 0.000109090909090909 1.81818181818182e-05 1.81818181818182e-05 0.000109090909090909 0.999018181818182 0.000109090909090909 1.81818181818182e-05 1.81818181818182e-05 1.81818181818182e-05; % T D=0.1
0.229654545454545 0.000109090909090909 0.000654545454545455 0.000109090909090909 0.0897636363636364 0.000109090909090909 0.000109090909090909 0.000109090909090909 0.000109090909090909 0.159654545454545 0.219654545454545 0.000109090909090909 0.000109090909090909 0.109654545454545 0.000109090909090909 0.189654545454545 0.000109090909090909 0.000109090909090909 0.000109090909090909; % V D=0.1
0.000109090909090909 1.81818181818182e-05 0.000109090909090909 1.81818181818182e-05 0.000127272727272727 1.81818181818182e-05 1.81818181818182e-05 1.81818181818182e-05 1.81818181818182e-05 0.000109090909090909 0.000109090909090909 1.81818181818182e-05 1.81818181818182e-05 0.000109090909090909 1.81818181818182e-05 0.000109090909090909 0.999018181818182 1.81818181818182e-05 1.81818181818182e-05; % Z D=0.1
0.000109090909090909 1.81818181818182e-05 0.000109090909090909 1.81818181818182e-05 0.000127272727272727 1.81818181818182e-05 1.81818181818182e-05 1.81818181818182e-05 1.81818181818182e-05 0.000109090909090909 0.000109090909090909 1.81818181818182e-05 0.999018181818182 0.000109090909090909 1.81818181818182e-05 0.000109090909090909 1.81818181818182e-05 1.81818181818182e-05 1.81818181818182e-05; % b D=0.1
0.189654545454545 0.000109090909090909 0.139654545454545 0.000109090909090909 0.169763636363636 0.000109090909090909 0.000109090909090909 0.000109090909090909 0.000109090909090909 0.129654545454545 0.000654545454545455 0.000109090909090909 0.000109090909090909 0.139654545454545 0.000109090909090909 0.229654545454545 0.000109090909090909 0.000109090909090909 0.000109090909090909; % d D=0.1
0.000109090909090909 1.81818181818182e-05 0.000109090909090909 1.81818181818182e-05 0.000127272727272727 1.81818181818182e-05 1.81818181818182e-05 1.81818181818182e-05 1.81818181818182e-05 0.000109090909090909 0.000109090909090909 0.999018181818182 1.81818181818182e-05 0.000109090909090909 1.81818181818182e-05 0.000109090909090909 1.81818181818182e-05 1.81818181818182e-05 1.81818181818182e-05; % g D=0.1
0.000109090909090909 1.81818181818182e-05 0.000109090909090909 1.81818181818182e-05 0.000127272727272727 1.81818181818182e-05 1.81818181818182e-05 1.81818181818182e-05 1.81818181818182e-05 0.000109090909090909 0.000109090909090909 1.81818181818182e-05 1.81818181818182e-05 0.000109090909090909 1.81818181818182e-05 0.000109090909090909 1.81818181818182e-05 1.81818181818182e-05 0.999018181818182; % k D=0.1
0.309654545454545 0.000109090909090909 0.119654545454545 0.000109090909090909 0.129763636363636 0.000109090909090909 0.000109090909090909 0.000109090909090909 0.000109090909090909 0.159654545454545 0.129654545454545 0.000109090909090909 0.000109090909090909 0.149654545454545 0.000109090909090909 0.000654545454545455 0.000109090909090909 0.000109090909090909 0.000109090909090909; % l D=0.1
0.000109090909090909 1.81818181818182e-05 0.000109090909090909 1.81818181818182e-05 0.000127272727272727 0.999018181818182 1.81818181818182e-05 1.81818181818182e-05 1.81818181818182e-05 0.000109090909090909 0.000109090909090909 1.81818181818182e-05 1.81818181818182e-05 0.000109090909090909 1.81818181818182e-05 0.000109090909090909 1.81818181818182e-05 1.81818181818182e-05 1.81818181818182e-05; % p D=0.1
0.000109090909090909 1.81818181818182e-05 0.000109090909090909 0.999018181818182 0.000127272727272727 1.81818181818182e-05 1.81818181818182e-05 1.81818181818182e-05 1.81818181818182e-05 0.000109090909090909 0.000109090909090909 1.81818181818182e-05 1.81818181818182e-05 0.000109090909090909 1.81818181818182e-05 0.000109090909090909 1.81818181818182e-05 1.81818181818182e-05 1.81818181818182e-05; % t D=0.1
0.000109090909090909 1.81818181818182e-05 0.000109090909090909 1.81818181818182e-05 0.000127272727272727 1.81818181818182e-05 1.81818181818182e-05 1.81818181818182e-05 0.999018181818182 0.000109090909090909 0.000109090909090909 1.81818181818182e-05 1.81818181818182e-05 0.000109090909090909 1.81818181818182e-05 0.000109090909090909 1.81818181818182e-05 1.81818181818182e-05 1.81818181818182e-05; % v D=0.1
0.249654545454545 0.000109090909090909 0.159654545454545 0.000109090909090909 0.139763636363636 0.000109090909090909 0.000109090909090909 0.000109090909090909 0.000109090909090909 0.119654545454545 0.139654545454545 0.000109090909090909 0.000109090909090909 0.000654545454545455 0.000109090909090909 0.189654545454545 0.000109090909090909 0.000109090909090909 0.000109090909090909; % z D=0.1
