syllables = '$BDGKLPTVZbdgklptvz';
discounts = [0.1 0.2 0.3 0.4 0.5 0.6 0.7 0.8 0.9 0.95];
kn_probs = [0.00378787878787879 0.000946969696969697 0.246401515151515 0.162121212121212 0.000946969696969697 0.000946969696969697 0.000946969696969697 0.000946969696969697 0.000946969696969697 0.163068181818182 0.000946969696969697 0.000946969696969697 0.000946969696969697 0.000946969696969697 0.000946969696969697 0.000946969696969697 0.246401515151515 0.162121212121212 0.00473484848484848; % $ D=0.1
0.00113636363636364 0.000284090909090909 0.00142045454545455 0.00113636363636364 0.000284090909090909 0.000284090909090909 0.000284090909090909 0.000284090909090909 0.000284090909090909 0.00142045454545455 0.987784090909091 0.000284090909090909 0.000284090909090909 0.000284090909090909 0.000284090909090909 0.000284090909090909 0.00142045454545455 0.00113636363636364 0.00142045454545455; % B D=0.1
0.00113636363636364 0.987784090909091 0.00142045454545455 0.00113636363636364 0.000284090909090909 0.000284090909090909 0.000284090909090909 0.000284090909090909 0.000284090909090909 0.00142045454545455 0.000284090909090909 0.000284090909090909 0.000284090909090909 0.000284090909090909 0.000284090909090909 0.000284090909090909 0.00142045454545455 0.00113636363636364 0.00142045454545455; % D D=0.1
0.00113636363636364 0.000284090909090909 0.00142045454545455 0.00113636363636364 0.000284090909090909 0.000284090909090909 0.000284090909090909 0.000284090909090909 0.000284090909090909 0.00142045454545455 0.000284090909090909 0.000284090909090909 0.000284090909090909 0.000284090909090909 0.000284090909090909 0.987784090909091 0.00142045454545455 0.00113636363636364 0.00142045454545455; % G D=0.1
0.243181818181818 0.00142045454545455 0.00710227272727273 0.243181818181818 0.00142045454545455 0.00142045454545455 0.00142045454545455 0.00142045454545455 0.00142045454545455 0.244602272727273 0.00142045454545455 0.00142045454545455 0.00142045454545455 0.00142045454545455 0.00142045454545455 0.00142045454545455 0.00710227272727273 0.118181818181818 0.119602272727273; % K D=0.1
0.00454545454545455 0.00113636363636364 0.118181818181818 0.367045454545455 0.00113636363636364 0.00113636363636364 0.00113636363636364 0.00113636363636364 0.00113636363636364 0.00568181818181818 0.00113636363636364 0.00113636363636364 0.00113636363636364 0.00113636363636364 0.00113636363636364 0.00113636363636364 0.00568181818181818 0.117045454545455 0.368181818181818; % L D=0.1
0.00113636363636364 0.000284090909090909 0.00142045454545455 0.00113636363636364 0.000284090909090909 0.000284090909090909 0.000284090909090909 0.000284090909090909 0.000284090909090909 0.00142045454545455 0.000284090909090909 0.000284090909090909 0.987784090909091 0.000284090909090909 0.000284090909090909 0.000284090909090909 0.00142045454545455 0.00113636363636364 0.00142045454545455; % P D=0.1
0.00113636363636364 0.000284090909090909 0.00142045454545455 0.00113636363636364 0.000284090909090909 0.000284090909090909 0.987784090909091 0.000284090909090909 0.000284090909090909 0.00142045454545455 0.000284090909090909 0.000284090909090909 0.000284090909090909 0.000284090909090909 0.000284090909090909 0.000284090909090909 0.00142045454545455 0.00113636363636364 0.00142045454545455; % T D=0.1
0.368181818181818 0.00142045454545455 0.00710227272727273 0.118181818181818 0.00142045454545455 0.00142045454545455 0.00142045454545455 0.00142045454545455 0.00142045454545455 0.119602272727273 0.00142045454545455 0.00142045454545455 0.00142045454545455 0.00142045454545455 0.00142045454545455 0.00142045454545455 0.244602272727273 0.00568181818181818 0.119602272727273; % V D=0.1
0.00113636363636364 0.000284090909090909 0.00142045454545455 0.00113636363636364 0.000284090909090909 0.000284090909090909 0.000284090909090909 0.987784090909091 0.000284090909090909 0.00142045454545455 0.000284090909090909 0.000284090909090909 0.000284090909090909 0.000284090909090909 0.000284090909090909 0.000284090909090909 0.00142045454545455 0.00113636363636364 0.00142045454545455; % Z D=0.1
0.00113636363636364 0.000284090909090909 0.00142045454545455 0.00113636363636364 0.987784090909091 0.000284090909090909 0.000284090909090909 0.000284090909090909 0.000284090909090909 0.00142045454545455 0.000284090909090909 0.000284090909090909 0.000284090909090909 0.000284090909090909 0.000284090909090909 0.000284090909090909 0.00142045454545455 0.00113636363636364 0.00142045454545455; % b D=0.1
0.00113636363636364 0.000284090909090909 0.00142045454545455 0.00113636363636364 0.000284090909090909 0.000284090909090909 0.000284090909090909 0.000284090909090909 0.000284090909090909 0.00142045454545455 0.000284090909090909 0.000284090909090909 0.000284090909090909 0.987784090909091 0.000284090909090909 0.000284090909090909 0.00142045454545455 0.00113636363636364 0.00142045454545455; % d D=0.1
0.00454545454545455 0.00113636363636364 0.243181818181818 0.00454545454545455 0.00113636363636364 0.00113636363636364 0.00113636363636364 0.00113636363636364 0.00113636363636364 0.00568181818181818 0.00113636363636364 0.00113636363636364 0.00113636363636364 0.00113636363636364 0.00113636363636364 0.00113636363636364 0.118181818181818 0.492045454545455 0.118181818181818; % g D=0.1
0.492045454545455 0.00113636363636364 0.118181818181818 0.00454545454545455 0.00113636363636364 0.00113636363636364 0.00113636363636364 0.00113636363636364 0.00113636363636364 0.243181818181818 0.00113636363636364 0.00113636363636364 0.00113636363636364 0.00113636363636364 0.00113636363636364 0.00113636363636364 0.118181818181818 0.00454545454545455 0.00568181818181818; % k D=0.1
0.368181818181818 0.00142045454545455 0.119602272727273 0.00568181818181818 0.00142045454545455 0.00142045454545455 0.00142045454545455 0.00142045454545455 0.00142045454545455 0.119602272727273 0.00142045454545455 0.00142045454545455 0.00142045454545455 0.00142045454545455 0.00142045454545455 0.00142045454545455 0.119602272727273 0.00568181818181818 0.244602272727273; % l D=0.1
0.00113636363636364 0.000284090909090909 0.00142045454545455 0.00113636363636364 0.000284090909090909 0.000284090909090909 0.000284090909090909 0.000284090909090909 0.000284090909090909 0.00142045454545455 0.000284090909090909 0.000284090909090909 0.000284090909090909 0.000284090909090909 0.987784090909091 0.000284090909090909 0.00142045454545455 0.00113636363636364 0.00142045454545455; % p D=0.1
0.00113636363636364 0.000284090909090909 0.00142045454545455 0.00113636363636364 0.000284090909090909 0.987784090909091 0.000284090909090909 0.000284090909090909 0.000284090909090909 0.00142045454545455 0.000284090909090909 0.000284090909090909 0.000284090909090909 0.000284090909090909 0.000284090909090909 0.000284090909090909 0.00142045454545455 0.00113636363636364 0.00142045454545455; % t D=0.1
0.00113636363636364 0.000284090909090909 0.00142045454545455 0.00113636363636364 0.000284090909090909 0.000284090909090909 0.000284090909090909 0.000284090909090909 0.987784090909091 0.00142045454545455 0.000284090909090909 0.000284090909090909 0.000284090909090909 0.000284090909090909 0.000284090909090909 0.000284090909090909 0.00142045454545455 0.00113636363636364 0.00142045454545455; % v D=0.1
0.00113636363636364 0.000284090909090909 0.00142045454545455 0.00113636363636364 0.000284090909090909 0.000284090909090909 0.000284090909090909 0.000284090909090909 0.000284090909090909 0.00142045454545455 0.000284090909090909 0.987784090909091 0.000284090909090909 0.000284090909090909 0.000284090909090909 0.000284090909090909 0.00142045454545455 0.00113636363636364 0.00142045454545455; % z D=0.1
0.00757575757575758 0.00189393939393939 0.24280303030303 0.157575757575758 0.00189393939393939 0.00189393939393939 0.00189393939393939 0.00189393939393939 0.00189393939393939 0.159469696969697 0.00189393939393939 0.00189393939393939 0.00189393939393939 0.00189393939393939 0.00189393939393939 0.00189393939393939 0.24280303030303 0.157575757575758 0.00946969696969697; % $ D=0.2
0.00227272727272727 0.000568181818181818 0.00284090909090909 0.00227272727272727 0.000568181818181818 0.000568181818181818 0.000568181818181818 0.000568181818181818 0.000568181818181818 0.00284090909090909 0.975568181818182 0.000568181818181818 0.000568181818181818 0.000568181818181818 0.000568181818181818 0.000568181818181818 0.00284090909090909 0.00227272727272727 0.00284090909090909; % B D=0.2
0.00227272727272727 0.975568181818182 0.00284090909090909 0.00227272727272727 0.000568181818181818 0.000568181818181818 0.000568181818181818 0.000568181818181818 0.000568181818181818 0.00284090909090909 0.000568181818181818 0.000568181818181818 0.000568181818181818 0.000568181818181818 0.000568181818181818 0.000568181818181818 0.00284090909090909 0.00227272727272727 0.00284090909090909; % D D=0.2
0.00227272727272727 0.000568181818181818 0.00284090909090909 0.00227272727272727 0.000568181818181818 0.000568181818181818 0.000568181818181818 0.000568181818181818 0.000568181818181818 0.00284090909090909 0.000568181818181818 0.000568181818181818 0.000568181818181818 0.000568181818181818 0.000568181818181818 0.975568181818182 0.00284090909090909 0.00227272727272727 0.00284090909090909; % G D=0.2
0.236363636363636 0.00284090909090909 0.0142045454545455 0.236363636363636 0.00284090909090909 0.00284090909090909 0.00284090909090909 0.00284090909090909 0.00284090909090909 0.239204545454545 0.00284090909090909 0.00284090909090909 0.00284090909090909 0.00284090909090909 0.00284090909090909 0.00284090909090909 0.0142045454545455 0.111363636363636 0.114204545454545; % K D=0.2
0.00909090909090909 0.00227272727272727 0.111363636363636 0.359090909090909 0.00227272727272727 0.00227272727272727 0.00227272727272727 0.00227272727272727 0.00227272727272727 0.0113636363636364 0.00227272727272727 0.00227272727272727 0.00227272727272727 0.00227272727272727 0.00227272727272727 0.00227272727272727 0.0113636363636364 0.109090909090909 0.361363636363636; % L D=0.2
0.00227272727272727 0.000568181818181818 0.00284090909090909 0.00227272727272727 0.000568181818181818 0.000568181818181818 0.000568181818181818 0.000568181818181818 0.000568181818181818 0.00284090909090909 0.000568181818181818 0.000568181818181818 0.975568181818182 0.000568181818181818 0.000568181818181818 0.000568181818181818 0.00284090909090909 0.00227272727272727 0.00284090909090909; % P D=0.2
0.00227272727272727 0.000568181818181818 0.00284090909090909 0.00227272727272727 0.000568181818181818 0.000568181818181818 0.975568181818182 0.000568181818181818 0.000568181818181818 0.00284090909090909 0.000568181818181818 0.000568181818181818 0.000568181818181818 0.000568181818181818 0.000568181818181818 0.000568181818181818 0.00284090909090909 0.00227272727272727 0.00284090909090909; % T D=0.2
0.361363636363636 0.00284090909090909 0.0142045454545455 0.111363636363636 0.00284090909090909 0.00284090909090909 0.00284090909090909 0.00284090909090909 0.00284090909090909 0.114204545454545 0.00284090909090909 0.00284090909090909 0.00284090909090909 0.00284090909090909 0.00284090909090909 0.00284090909090909 0.239204545454545 0.0113636363636364 0.114204545454545; % V D=0.2
0.00227272727272727 0.000568181818181818 0.00284090909090909 0.00227272727272727 0.000568181818181818 0.000568181818181818 0.000568181818181818 0.975568181818182 0.000568181818181818 0.00284090909090909 0.000568181818181818 0.000568181818181818 0.000568181818181818 0.000568181818181818 0.000568181818181818 0.000568181818181818 0.00284090909090909 0.00227272727272727 0.00284090909090909; % Z D=0.2
0.00227272727272727 0.000568181818181818 0.00284090909090909 0.00227272727272727 0.975568181818182 0.000568181818181818 0.000568181818181818 0.000568181818181818 0.000568181818181818 0.00284090909090909 0.000568181818181818 0.000568181818181818 0.000568181818181818 0.000568181818181818 0.000568181818181818 0.000568181818181818 0.00284090909090909 0.00227272727272727 0.00284090909090909; % b D=0.2
0.00227272727272727 0.000568181818181818 0.00284090909090909 0.00227272727272727 0.000568181818181818 0.000568181818181818 0.000568181818181818 0.000568181818181818 0.000568181818181818 0.00284090909090909 0.000568181818181818 0.000568181818181818 0.000568181818181818 0.975568181818182 0.000568181818181818 0.000568181818181818 0.00284090909090909 0.00227272727272727 0.00284090909090909; % d D=0.2
0.00909090909090909 0.00227272727272727 0.236363636363636 0.00909090909090909 0.00227272727272727 0.00227272727272727 0.00227272727272727 0.00227272727272727 0.00227272727272727 0.0113636363636364 0.00227272727272727 0.00227272727272727 0.00227272727272727 0.00227272727272727 0.00227272727272727 0.00227272727272727 0.111363636363636 0.484090909090909 0.111363636363636; % g D=0.2
0.484090909090909 0.00227272727272727 0.111363636363636 0.00909090909090909 0.00227272727272727 0.00227272727272727 0.00227272727272727 0.00227272727272727 0.00227272727272727 0.236363636363636 0.00227272727272727 0.00227272727272727 0.00227272727272727 0.00227272727272727 0.00227272727272727 0.00227272727272727 0.111363636363636 0.00909090909090909 0.0113636363636364; % k D=0.2
0.361363636363636 0.00284090909090909 0.114204545454545 0.0113636363636364 0.00284090909090909 0.00284090909090909 0.00284090909090909 0.00284090909090909 0.00284090909090909 0.114204545454545 0.00284090909090909 0.00284090909090909 0.00284090909090909 0.00284090909090909 0.00284090909090909 0.00284090909090909 0.114204545454545 0.0113636363636364 0.239204545454545; % l D=0.2
0.00227272727272727 0.000568181818181818 0.00284090909090909 0.00227272727272727 0.000568181818181818 0.000568181818181818 0.000568181818181818 0.000568181818181818 0.000568181818181818 0.00284090909090909 0.000568181818181818 0.000568181818181818 0.000568181818181818 0.000568181818181818 0.975568181818182 0.000568181818181818 0.00284090909090909 0.00227272727272727 0.00284090909090909; % p D=0.2
0.00227272727272727 0.000568181818181818 0.00284090909090909 0.00227272727272727 0.000568181818181818 0.975568181818182 0.000568181818181818 0.000568181818181818 0.000568181818181818 0.00284090909090909 0.000568181818181818 0.000568181818181818 0.000568181818181818 0.000568181818181818 0.000568181818181818 0.000568181818181818 0.00284090909090909 0.00227272727272727 0.00284090909090909; % t D=0.2
0.00227272727272727 0.000568181818181818 0.00284090909090909 0.00227272727272727 0.000568181818181818 0.000568181818181818 0.000568181818181818 0.000568181818181818 0.975568181818182 0.00284090909090909 0.000568181818181818 0.000568181818181818 0.000568181818181818 0.000568181818181818 0.000568181818181818 0.000568181818181818 0.00284090909090909 0.00227272727272727 0.00284090909090909; % v D=0.2
0.00227272727272727 0.000568181818181818 0.00284090909090909 0.00227272727272727 0.000568181818181818 0.000568181818181818 0.000568181818181818 0.000568181818181818 0.000568181818181818 0.00284090909090909 0.000568181818181818 0.975568181818182 0.000568181818181818 0.000568181818181818 0.000568181818181818 0.000568181818181818 0.00284090909090909 0.00227272727272727 0.00284090909090909; % z D=0.2
0.0113636363636364 0.00284090909090909 0.239204545454545 0.153030303030303 0.00284090909090909 0.00284090909090909 0.00284090909090909 0.00284090909090909 0.00284090909090909 0.155871212121212 0.00284090909090909 0.00284090909090909 0.00284090909090909 0.00284090909090909 0.00284090909090909 0.00284090909090909 0.239204545454545 0.153030303030303 0.0142045454545455; % $ D=0.3
0.00340909090909091 0.000852272727272727 0.00426136363636364 0.00340909090909091 0.000852272727272727 0.000852272727272727 0.000852272727272727 0.000852272727272727 0.000852272727272727 0.00426136363636364 0.963352272727273 0.000852272727272727 0.000852272727272727 0.000852272727272727 0.000852272727272727 0.000852272727272727 0.00426136363636364 0.00340909090909091 0.00426136363636364; % B D=0.3
0.00340909090909091 0.963352272727273 0.00426136363636364 0.00340909090909091 0.000852272727272727 0.000852272727272727 0.000852272727272727 0.000852272727272727 0.000852272727272727 0.00426136363636364 0.000852272727272727 0.000852272727272727 0.000852272727272727 0.000852272727272727 0.000852272727272727 0.000852272727272727 0.00426136363636364 0.00340909090909091 0.00426136363636364; % D D=0.3
0.00340909090909091 0.000852272727272727 0.00426136363636364 0.00340909090909091 0.000852272727272727 0.000852272727272727 0.000852272727272727 0.000852272727272727 0.000852272727272727 0.00426136363636364 0.000852272727272727 0.000852272727272727 0.000852272727272727 0.000852272727272727 0.000852272727272727 0.963352272727273 0.00426136363636364 0.00340909090909091 0.00426136363636364; % G D=0.3
0.229545454545455 0.00426136363636364 0.0213068181818182 0.229545454545455 0.00426136363636364 0.00426136363636364 0.00426136363636364 0.00426136363636364 0.00426136363636364 0.233806818181818 0.00426136363636364 0.00426136363636364 0.00426136363636364 0.00426136363636364 0.00426136363636364 0.00426136363636364 0.0213068181818182 0.104545454545455 0.108806818181818; % K D=0.3
0.0136363636363636 0.00340909090909091 0.104545454545455 0.351136363636364 0.00340909090909091 0.00340909090909091 0.00340909090909091 0.00340909090909091 0.00340909090909091 0.0170454545454545 0.00340909090909091 0.00340909090909091 0.00340909090909091 0.00340909090909091 0.00340909090909091 0.00340909090909091 0.0170454545454545 0.101136363636364 0.354545454545455; % L D=0.3
0.00340909090909091 0.000852272727272727 0.00426136363636364 0.00340909090909091 0.000852272727272727 0.000852272727272727 0.000852272727272727 0.000852272727272727 0.000852272727272727 0.00426136363636364 0.000852272727272727 0.000852272727272727 0.963352272727273 0.000852272727272727 0.000852272727272727 0.000852272727272727 0.00426136363636364 0.00340909090909091 0.00426136363636364; % P D=0.3
0.00340909090909091 0.000852272727272727 0.00426136363636364 0.00340909090909091 0.000852272727272727 0.000852272727272727 0.963352272727273 0.000852272727272727 0.000852272727272727 0.00426136363636364 0.000852272727272727 0.000852272727272727 0.000852272727272727 0.000852272727272727 0.000852272727272727 0.000852272727272727 0.00426136363636364 0.00340909090909091 0.00426136363636364; % T D=0.3
0.354545454545455 0.00426136363636364 0.0213068181818182 0.104545454545455 0.00426136363636364 0.00426136363636364 0.00426136363636364 0.00426136363636364 0.00426136363636364 0.108806818181818 0.00426136363636364 0.00426136363636364 0.00426136363636364 0.00426136363636364 0.00426136363636364 0.00426136363636364 0.233806818181818 0.0170454545454545 0.108806818181818; % V D=0.3
0.00340909090909091 0.000852272727272727 0.00426136363636364 0.00340909090909091 0.000852272727272727 0.000852272727272727 0.000852272727272727 0.963352272727273 0.000852272727272727 0.00426136363636364 0.000852272727272727 0.000852272727272727 0.000852272727272727 0.000852272727272727 0.000852272727272727 0.000852272727272727 0.00426136363636364 0.00340909090909091 0.00426136363636364; % Z D=0.3
0.00340909090909091 0.000852272727272727 0.00426136363636364 0.00340909090909091 0.963352272727273 0.000852272727272727 0.000852272727272727 0.000852272727272727 0.000852272727272727 0.00426136363636364 0.000852272727272727 0.000852272727272727 0.000852272727272727 0.000852272727272727 0.000852272727272727 0.000852272727272727 0.00426136363636364 0.00340909090909091 0.00426136363636364; % b D=0.3
0.00340909090909091 0.000852272727272727 0.00426136363636364 0.00340909090909091 0.000852272727272727 0.000852272727272727 0.000852272727272727 0.000852272727272727 0.000852272727272727 0.00426136363636364 0.000852272727272727 0.000852272727272727 0.000852272727272727 0.963352272727273 0.000852272727272727 0.000852272727272727 0.00426136363636364 0.00340909090909091 0.00426136363636364; % d D=0.3
0.0136363636363636 0.00340909090909091 0.229545454545455 0.0136363636363636 0.00340909090909091 0.00340909090909091 0.00340909090909091 0.00340909090909091 0.00340909090909091 0.0170454545454545 0.00340909090909091 0.00340909090909091 0.00340909090909091 0.00340909090909091 0.00340909090909091 0.00340909090909091 0.104545454545455 0.476136363636364 0.104545454545455; % g D=0.3
0.476136363636364 0.00340909090909091 0.104545454545455 0.0136363636363636 0.00340909090909091 0.00340909090909091 0.00340909090909091 0.00340909090909091 0.00340909090909091 0.229545454545455 0.00340909090909091 0.00340909090909091 0.00340909090909091 0.00340909090909091 0.00340909090909091 0.00340909090909091 0.104545454545455 0.0136363636363636 0.0170454545454545; % k D=0.3
0.354545454545455 0.00426136363636364 0.108806818181818 0.0170454545454545 0.00426136363636364 0.00426136363636364 0.00426136363636364 0.00426136363636364 0.00426136363636364 0.108806818181818 0.00426136363636364 0.00426136363636364 0.00426136363636364 0.00426136363636364 0.00426136363636364 0.00426136363636364 0.108806818181818 0.0170454545454545 0.233806818181818; % l D=0.3
0.00340909090909091 0.000852272727272727 0.00426136363636364 0.00340909090909091 0.000852272727272727 0.000852272727272727 0.000852272727272727 0.000852272727272727 0.000852272727272727 0.00426136363636364 0.000852272727272727 0.000852272727272727 0.000852272727272727 0.000852272727272727 0.963352272727273 0.000852272727272727 0.00426136363636364 0.00340909090909091 0.00426136363636364; % p D=0.3
0.00340909090909091 0.000852272727272727 0.00426136363636364 0.00340909090909091 0.000852272727272727 0.963352272727273 0.000852272727272727 0.000852272727272727 0.000852272727272727 0.00426136363636364 0.000852272727272727 0.000852272727272727 0.000852272727272727 0.000852272727272727 0.000852272727272727 0.000852272727272727 0.00426136363636364 0.00340909090909091 0.00426136363636364; % t D=0.3
0.00340909090909091 0.000852272727272727 0.00426136363636364 0.00340909090909091 0.000852272727272727 0.000852272727272727 0.000852272727272727 0.000852272727272727 0.963352272727273 0.00426136363636364 0.000852272727272727 0.000852272727272727 0.000852272727272727 0.000852272727272727 0.000852272727272727 0.000852272727272727 0.00426136363636364 0.00340909090909091 0.00426136363636364; % v D=0.3
0.00340909090909091 0.000852272727272727 0.00426136363636364 0.00340909090909091 0.000852272727272727 0.000852272727272727 0.000852272727272727 0.000852272727272727 0.000852272727272727 0.00426136363636364 0.000852272727272727 0.963352272727273 0.000852272727272727 0.000852272727272727 0.000852272727272727 0.000852272727272727 0.00426136363636364 0.00340909090909091 0.00426136363636364; % z D=0.3
0.0151515151515152 0.00378787878787879 0.235606060606061 0.148484848484848 0.00378787878787879 0.00378787878787879 0.00378787878787879 0.00378787878787879 0.00378787878787879 0.152272727272727 0.00378787878787879 0.00378787878787879 0.00378787878787879 0.00378787878787879 0.00378787878787879 0.00378787878787879 0.235606060606061 0.148484848484848 0.0189393939393939; % $ D=0.4
0.00454545454545455 0.00113636363636364 0.00568181818181818 0.00454545454545455 0.00113636363636364 0.00113636363636364 0.00113636363636364 0.00113636363636364 0.00113636363636364 0.00568181818181818 0.951136363636364 0.00113636363636364 0.00113636363636364 0.00113636363636364 0.00113636363636364 0.00113636363636364 0.00568181818181818 0.00454545454545455 0.00568181818181818; % B D=0.4
0.00454545454545455 0.951136363636364 0.00568181818181818 0.00454545454545455 0.00113636363636364 0.00113636363636364 0.00113636363636364 0.00113636363636364 0.00113636363636364 0.00568181818181818 0.00113636363636364 0.00113636363636364 0.00113636363636364 0.00113636363636364 0.00113636363636364 0.00113636363636364 0.00568181818181818 0.00454545454545455 0.00568181818181818; % D D=0.4
0.00454545454545455 0.00113636363636364 0.00568181818181818 0.00454545454545455 0.00113636363636364 0.00113636363636364 0.00113636363636364 0.00113636363636364 0.00113636363636364 0.00568181818181818 0.00113636363636364 0.00113636363636364 0.00113636363636364 0.00113636363636364 0.00113636363636364 0.951136363636364 0.00568181818181818 0.00454545454545455 0.00568181818181818; % G D=0.4
0.222727272727273 0.00568181818181818 0.0284090909090909 0.222727272727273 0.00568181818181818 0.00568181818181818 0.00568181818181818 0.00568181818181818 0.00568181818181818 0.228409090909091 0.00568181818181818 0.00568181818181818 0.00568181818181818 0.00568181818181818 0.00568181818181818 0.00568181818181818 0.0284090909090909 0.0977272727272727 0.103409090909091; % K D=0.4
0.0181818181818182 0.00454545454545455 0.0977272727272727 0.343181818181818 0.00454545454545455 0.00454545454545455 0.00454545454545455 0.00454545454545455 0.00454545454545455 0.0227272727272727 0.00454545454545455 0.00454545454545455 0.00454545454545455 0.00454545454545455 0.00454545454545455 0.00454545454545455 0.0227272727272727 0.0931818181818182 0.347727272727273; % L D=0.4
0.00454545454545455 0.00113636363636364 0.00568181818181818 0.00454545454545455 0.00113636363636364 0.00113636363636364 0.00113636363636364 0.00113636363636364 0.00113636363636364 0.00568181818181818 0.00113636363636364 0.00113636363636364 0.951136363636364 0.00113636363636364 0.00113636363636364 0.00113636363636364 0.00568181818181818 0.00454545454545455 0.00568181818181818; % P D=0.4
0.00454545454545455 0.00113636363636364 0.00568181818181818 0.00454545454545455 0.00113636363636364 0.00113636363636364 0.951136363636364 0.00113636363636364 0.00113636363636364 0.00568181818181818 0.00113636363636364 0.00113636363636364 0.00113636363636364 0.00113636363636364 0.00113636363636364 0.00113636363636364 0.00568181818181818 0.00454545454545455 0.00568181818181818; % T D=0.4
0.347727272727273 0.00568181818181818 0.0284090909090909 0.0977272727272727 0.00568181818181818 0.00568181818181818 0.00568181818181818 0.00568181818181818 0.00568181818181818 0.103409090909091 0.00568181818181818 0.00568181818181818 0.00568181818181818 0.00568181818181818 0.00568181818181818 0.00568181818181818 0.228409090909091 0.0227272727272727 0.103409090909091; % V D=0.4
0.00454545454545455 0.00113636363636364 0.00568181818181818 0.00454545454545455 0.00113636363636364 0.00113636363636364 0.00113636363636364 0.951136363636364 0.00113636363636364 0.00568181818181818 0.00113636363636364 0.00113636363636364 0.00113636363636364 0.00113636363636364 0.00113636363636364 0.00113636363636364 0.00568181818181818 0.00454545454545455 0.00568181818181818; % Z D=0.4
0.00454545454545455 0.00113636363636364 0.00568181818181818 0.00454545454545455 0.951136363636364 0.00113636363636364 0.00113636363636364 0.00113636363636364 0.00113636363636364 0.00568181818181818 0.00113636363636364 0.00113636363636364 0.00113636363636364 0.00113636363636364 0.00113636363636364 0.00113636363636364 0.00568181818181818 0.00454545454545455 0.00568181818181818; % b D=0.4
0.00454545454545455 0.00113636363636364 0.00568181818181818 0.00454545454545455 0.00113636363636364 0.00113636363636364 0.00113636363636364 0.00113636363636364 0.00113636363636364 0.00568181818181818 0.00113636363636364 0.00113636363636364 0.00113636363636364 0.951136363636364 0.00113636363636364 0.00113636363636364 0.00568181818181818 0.00454545454545455 0.00568181818181818; % d D=0.4
0.0181818181818182 0.00454545454545455 0.222727272727273 0.0181818181818182 0.00454545454545455 0.00454545454545455 0.00454545454545455 0.00454545454545455 0.00454545454545455 0.0227272727272727 0.00454545454545455 0.00454545454545455 0.00454545454545455 0.00454545454545455 0.00454545454545455 0.00454545454545455 0.0977272727272727 0.468181818181818 0.0977272727272727; % g D=0.4
0.468181818181818 0.00454545454545455 0.0977272727272727 0.0181818181818182 0.00454545454545455 0.00454545454545455 0.00454545454545455 0.00454545454545455 0.00454545454545455 0.222727272727273 0.00454545454545455 0.00454545454545455 0.00454545454545455 0.00454545454545455 0.00454545454545455 0.00454545454545455 0.0977272727272727 0.0181818181818182 0.0227272727272727; % k D=0.4
0.347727272727273 0.00568181818181818 0.103409090909091 0.0227272727272727 0.00568181818181818 0.00568181818181818 0.00568181818181818 0.00568181818181818 0.00568181818181818 0.103409090909091 0.00568181818181818 0.00568181818181818 0.00568181818181818 0.00568181818181818 0.00568181818181818 0.00568181818181818 0.103409090909091 0.0227272727272727 0.228409090909091; % l D=0.4
0.00454545454545455 0.00113636363636364 0.00568181818181818 0.00454545454545455 0.00113636363636364 0.00113636363636364 0.00113636363636364 0.00113636363636364 0.00113636363636364 0.00568181818181818 0.00113636363636364 0.00113636363636364 0.00113636363636364 0.00113636363636364 0.951136363636364 0.00113636363636364 0.00568181818181818 0.00454545454545455 0.00568181818181818; % p D=0.4
0.00454545454545455 0.00113636363636364 0.00568181818181818 0.00454545454545455 0.00113636363636364 0.951136363636364 0.00113636363636364 0.00113636363636364 0.00113636363636364 0.00568181818181818 0.00113636363636364 0.00113636363636364 0.00113636363636364 0.00113636363636364 0.00113636363636364 0.00113636363636364 0.00568181818181818 0.00454545454545455 0.00568181818181818; % t D=0.4
0.00454545454545455 0.00113636363636364 0.00568181818181818 0.00454545454545455 0.00113636363636364 0.00113636363636364 0.00113636363636364 0.00113636363636364 0.951136363636364 0.00568181818181818 0.00113636363636364 0.00113636363636364 0.00113636363636364 0.00113636363636364 0.00113636363636364 0.00113636363636364 0.00568181818181818 0.00454545454545455 0.00568181818181818; % v D=0.4
0.00454545454545455 0.00113636363636364 0.00568181818181818 0.00454545454545455 0.00113636363636364 0.00113636363636364 0.00113636363636364 0.00113636363636364 0.00113636363636364 0.00568181818181818 0.00113636363636364 0.951136363636364 0.00113636363636364 0.00113636363636364 0.00113636363636364 0.00113636363636364 0.00568181818181818 0.00454545454545455 0.00568181818181818; % z D=0.4
0.0189393939393939 0.00473484848484848 0.232007575757576 0.143939393939394 0.00473484848484848 0.00473484848484848 0.00473484848484848 0.00473484848484848 0.00473484848484848 0.148674242424242 0.00473484848484848 0.00473484848484848 0.00473484848484848 0.00473484848484848 0.00473484848484848 0.00473484848484848 0.232007575757576 0.143939393939394 0.0236742424242424; % $ D=0.5
0.00568181818181818 0.00142045454545455 0.00710227272727273 0.00568181818181818 0.00142045454545455 0.00142045454545455 0.00142045454545455 0.00142045454545455 0.00142045454545455 0.00710227272727273 0.938920454545455 0.00142045454545455 0.00142045454545455 0.00142045454545455 0.00142045454545455 0.00142045454545455 0.00710227272727273 0.00568181818181818 0.00710227272727273; % B D=0.5
0.00568181818181818 0.938920454545455 0.00710227272727273 0.00568181818181818 0.00142045454545455 0.00142045454545455 0.00142045454545455 0.00142045454545455 0.00142045454545455 0.00710227272727273 0.00142045454545455 0.00142045454545455 0.00142045454545455 0.00142045454545455 0.00142045454545455 0.00142045454545455 0.00710227272727273 0.00568181818181818 0.00710227272727273; % D D=0.5
0.00568181818181818 0.00142045454545455 0.00710227272727273 0.00568181818181818 0.00142045454545455 0.00142045454545455 0.00142045454545455 0.00142045454545455 0.00142045454545455 0.00710227272727273 0.00142045454545455 0.00142045454545455 0.00142045454545455 0.00142045454545455 0.00142045454545455 0.938920454545455 0.00710227272727273 0.00568181818181818 0.00710227272727273; % G D=0.5
0.215909090909091 0.00710227272727273 0.0355113636363636 0.215909090909091 0.00710227272727273 0.00710227272727273 0.00710227272727273 0.00710227272727273 0.00710227272727273 0.223011363636364 0.00710227272727273 0.00710227272727273 0.00710227272727273 0.00710227272727273 0.00710227272727273 0.00710227272727273 0.0355113636363636 0.0909090909090909 0.0980113636363636; % K D=0.5
0.0227272727272727 0.00568181818181818 0.0909090909090909 0.335227272727273 0.00568181818181818 0.00568181818181818 0.00568181818181818 0.00568181818181818 0.00568181818181818 0.0284090909090909 0.00568181818181818 0.00568181818181818 0.00568181818181818 0.00568181818181818 0.00568181818181818 0.00568181818181818 0.0284090909090909 0.0852272727272727 0.340909090909091; % L D=0.5
0.00568181818181818 0.00142045454545455 0.00710227272727273 0.00568181818181818 0.00142045454545455 0.00142045454545455 0.00142045454545455 0.00142045454545455 0.00142045454545455 0.00710227272727273 0.00142045454545455 0.00142045454545455 0.938920454545455 0.00142045454545455 0.00142045454545455 0.00142045454545455 0.00710227272727273 0.00568181818181818 0.00710227272727273; % P D=0.5
0.00568181818181818 0.00142045454545455 0.00710227272727273 0.00568181818181818 0.00142045454545455 0.00142045454545455 0.938920454545455 0.00142045454545455 0.00142045454545455 0.00710227272727273 0.00142045454545455 0.00142045454545455 0.00142045454545455 0.00142045454545455 0.00142045454545455 0.00142045454545455 0.00710227272727273 0.00568181818181818 0.00710227272727273; % T D=0.5
0.340909090909091 0.00710227272727273 0.0355113636363636 0.0909090909090909 0.00710227272727273 0.00710227272727273 0.00710227272727273 0.00710227272727273 0.00710227272727273 0.0980113636363636 0.00710227272727273 0.00710227272727273 0.00710227272727273 0.00710227272727273 0.00710227272727273 0.00710227272727273 0.223011363636364 0.0284090909090909 0.0980113636363636; % V D=0.5
0.00568181818181818 0.00142045454545455 0.00710227272727273 0.00568181818181818 0.00142045454545455 0.00142045454545455 0.00142045454545455 0.938920454545455 0.00142045454545455 0.00710227272727273 0.00142045454545455 0.00142045454545455 0.00142045454545455 0.00142045454545455 0.00142045454545455 0.00142045454545455 0.00710227272727273 0.00568181818181818 0.00710227272727273; % Z D=0.5
0.00568181818181818 0.00142045454545455 0.00710227272727273 0.00568181818181818 0.938920454545455 0.00142045454545455 0.00142045454545455 0.00142045454545455 0.00142045454545455 0.00710227272727273 0.00142045454545455 0.00142045454545455 0.00142045454545455 0.00142045454545455 0.00142045454545455 0.00142045454545455 0.00710227272727273 0.00568181818181818 0.00710227272727273; % b D=0.5
0.00568181818181818 0.00142045454545455 0.00710227272727273 0.00568181818181818 0.00142045454545455 0.00142045454545455 0.00142045454545455 0.00142045454545455 0.00142045454545455 0.00710227272727273 0.00142045454545455 0.00142045454545455 0.00142045454545455 0.938920454545455 0.00142045454545455 0.00142045454545455 0.00710227272727273 0.00568181818181818 0.00710227272727273; % d D=0.5
0.0227272727272727 0.00568181818181818 0.215909090909091 0.0227272727272727 0.00568181818181818 0.00568181818181818 0.00568181818181818 0.00568181818181818 0.00568181818181818 0.0284090909090909 0.00568181818181818 0.00568181818181818 0.00568181818181818 0.00568181818181818 0.00568181818181818 0.00568181818181818 0.0909090909090909 0.460227272727273 0.0909090909090909; % g D=0.5
0.460227272727273 0.00568181818181818 0.0909090909090909 0.0227272727272727 0.00568181818181818 0.00568181818181818 0.00568181818181818 0.00568181818181818 0.00568181818181818 0.215909090909091 0.00568181818181818 0.00568181818181818 0.00568181818181818 0.00568181818181818 0.00568181818181818 0.00568181818181818 0.0909090909090909 0.0227272727272727 0.0284090909090909; % k D=0.5
0.340909090909091 0.00710227272727273 0.0980113636363636 0.0284090909090909 0.00710227272727273 0.00710227272727273 0.00710227272727273 0.00710227272727273 0.00710227272727273 0.0980113636363636 0.00710227272727273 0.00710227272727273 0.00710227272727273 0.00710227272727273 0.00710227272727273 0.00710227272727273 0.0980113636363636 0.0284090909090909 0.223011363636364; % l D=0.5
0.00568181818181818 0.00142045454545455 0.00710227272727273 0.00568181818181818 0.00142045454545455 0.00142045454545455 0.00142045454545455 0.00142045454545455 0.00142045454545455 0.00710227272727273 0.00142045454545455 0.00142045454545455 0.00142045454545455 0.00142045454545455 0.938920454545455 0.00142045454545455 0.00710227272727273 0.00568181818181818 0.00710227272727273; % p D=0.5
0.00568181818181818 0.00142045454545455 0.00710227272727273 0.00568181818181818 0.00142045454545455 0.938920454545455 0.00142045454545455 0.00142045454545455 0.00142045454545455 0.00710227272727273 0.00142045454545455 0.00142045454545455 0.00142045454545455 0.00142045454545455 0.00142045454545455 0.00142045454545455 0.00710227272727273 0.00568181818181818 0.00710227272727273; % t D=0.5
0.00568181818181818 0.00142045454545455 0.00710227272727273 0.00568181818181818 0.00142045454545455 0.00142045454545455 0.00142045454545455 0.00142045454545455 0.938920454545455 0.00710227272727273 0.00142045454545455 0.00142045454545455 0.00142045454545455 0.00142045454545455 0.00142045454545455 0.00142045454545455 0.00710227272727273 0.00568181818181818 0.00710227272727273; % v D=0.5
0.00568181818181818 0.00142045454545455 0.00710227272727273 0.00568181818181818 0.00142045454545455 0.00142045454545455 0.00142045454545455 0.00142045454545455 0.00142045454545455 0.00710227272727273 0.00142045454545455 0.938920454545455 0.00142045454545455 0.00142045454545455 0.00142045454545455 0.00142045454545455 0.00710227272727273 0.00568181818181818 0.00710227272727273; % z D=0.5
0.0227272727272727 0.00568181818181818 0.228409090909091 0.139393939393939 0.00568181818181818 0.00568181818181818 0.00568181818181818 0.00568181818181818 0.00568181818181818 0.145075757575758 0.00568181818181818 0.00568181818181818 0.00568181818181818 0.00568181818181818 0.00568181818181818 0.00568181818181818 0.228409090909091 0.139393939393939 0.0284090909090909; % $ D=0.6
0.00681818181818182 0.00170454545454545 0.00852272727272727 0.00681818181818182 0.00170454545454545 0.00170454545454545 0.00170454545454545 0.00170454545454545 0.00170454545454545 0.00852272727272727 0.926704545454546 0.00170454545454545 0.00170454545454545 0.00170454545454545 0.00170454545454545 0.00170454545454545 0.00852272727272727 0.00681818181818182 0.00852272727272727; % B D=0.6
0.00681818181818182 0.926704545454546 0.00852272727272727 0.00681818181818182 0.00170454545454545 0.00170454545454545 0.00170454545454545 0.00170454545454545 0.00170454545454545 0.00852272727272727 0.00170454545454545 0.00170454545454545 0.00170454545454545 0.00170454545454545 0.00170454545454545 0.00170454545454545 0.00852272727272727 0.00681818181818182 0.00852272727272727; % D D=0.6
0.00681818181818182 0.00170454545454545 0.00852272727272727 0.00681818181818182 0.00170454545454545 0.00170454545454545 0.00170454545454545 0.00170454545454545 0.00170454545454545 0.00852272727272727 0.00170454545454545 0.00170454545454545 0.00170454545454545 0.00170454545454545 0.00170454545454545 0.926704545454546 0.00852272727272727 0.00681818181818182 0.00852272727272727; % G D=0.6
0.209090909090909 0.00852272727272727 0.0426136363636364 0.209090909090909 0.00852272727272727 0.00852272727272727 0.00852272727272727 0.00852272727272727 0.00852272727272727 0.217613636363636 0.00852272727272727 0.00852272727272727 0.00852272727272727 0.00852272727272727 0.00852272727272727 0.00852272727272727 0.0426136363636364 0.0840909090909091 0.0926136363636364; % K D=0.6
0.0272727272727273 0.00681818181818182 0.0840909090909091 0.327272727272727 0.00681818181818182 0.00681818181818182 0.00681818181818182 0.00681818181818182 0.00681818181818182 0.0340909090909091 0.00681818181818182 0.00681818181818182 0.00681818181818182 0.00681818181818182 0.00681818181818182 0.00681818181818182 0.0340909090909091 0.0772727272727273 0.334090909090909; % L D=0.6
0.00681818181818182 0.00170454545454545 0.00852272727272727 0.00681818181818182 0.00170454545454545 0.00170454545454545 0.00170454545454545 0.00170454545454545 0.00170454545454545 0.00852272727272727 0.00170454545454545 0.00170454545454545 0.926704545454546 0.00170454545454545 0.00170454545454545 0.00170454545454545 0.00852272727272727 0.00681818181818182 0.00852272727272727; % P D=0.6
