syllables = '$BDGKLPTVZbdgklptvz';
discounts = [0.1 0.2 0.3 0.4 0.5 0.6 0.7 0.8 0.9 0.95];
kn_probs = [0.00568181818181818 0.246401515151515 0.000946969696969697 0.163068181818182 0.163068181818182 0.000946969696969697 0.000946969696969697 0.000946969696969697 0.000946969696969697 0.000946969696969697 0.000946969696969697 0.000946969696969697 0.00284090909090909 0.000946969696969697 0.000946969696969697 0.000946969696969697 0.000946969696969697 0.0787878787878788 0.328787878787879; % $ D=0.1
0.00170454545454545 0.00142045454545455 0.000284090909090909 0.00142045454545455 0.00142045454545455 0.000284090909090909 0.000284090909090909 0.000284090909090909 0.000284090909090909 0.000284090909090909 0.000284090909090909 0.000284090909090909 0.000852272727272727 0.000284090909090909 0.000284090909090909 0.000284090909090909 0.987784090909091 0.00113636363636364 0.00113636363636364; % B D=0.1
0.121022727272727 0.00710227272727273 0.00142045454545455 0.119602272727273 0.244602272727273 0.00142045454545455 0.00142045454545455 0.00142045454545455 0.00142045454545455 0.00142045454545455 0.00142045454545455 0.00142045454545455 0.00426136363636364 0.00142045454545455 0.00142045454545455 0.00142045454545455 0.00142045454545455 0.243181818181818 0.243181818181818; % D D=0.1
0.00170454545454545 0.00142045454545455 0.000284090909090909 0.00142045454545455 0.00142045454545455 0.987784090909091 0.000284090909090909 0.000284090909090909 0.000284090909090909 0.000284090909090909 0.000284090909090909 0.000284090909090909 0.000852272727272727 0.000284090909090909 0.000284090909090909 0.000284090909090909 0.000284090909090909 0.00113636363636364 0.00113636363636364; % G D=0.1
0.00170454545454545 0.00142045454545455 0.000284090909090909 0.00142045454545455 0.00142045454545455 0.000284090909090909 0.000284090909090909 0.987784090909091 0.000284090909090909 0.000284090909090909 0.000284090909090909 0.000284090909090909 0.000852272727272727 0.000284090909090909 0.000284090909090909 0.000284090909090909 0.000284090909090909 0.00113636363636364 0.00113636363636364; % K D=0.1
0.244318181818182 0.243181818181818 0.00113636363636364 0.00568181818181818 0.243181818181818 0.00113636363636364 0.00113636363636364 0.00113636363636364 0.00113636363636364 0.00113636363636364 0.00113636363636364 0.00113636363636364 0.240909090909091 0.00113636363636364 0.00113636363636364 0.00113636363636364 0.00113636363636364 0.00454545454545455 0.00454545454545455; % L D=0.1
0.242613636363636 0.00426136363636364 0.000852272727272727 0.241761363636364 0.00426136363636364 0.000852272727272727 0.000852272727272727 0.000852272727272727 0.000852272727272727 0.000852272727272727 0.000852272727272727 0.000852272727272727 0.00255681818181818 0.000852272727272727 0.000852272727272727 0.000852272727272727 0.000852272727272727 0.490909090909091 0.00340909090909091; % P D=0.1
0.00170454545454545 0.00142045454545455 0.000284090909090909 0.00142045454545455 0.00142045454545455 0.000284090909090909 0.000284090909090909 0.000284090909090909 0.000284090909090909 0.987784090909091 0.000284090909090909 0.000284090909090909 0.000852272727272727 0.000284090909090909 0.000284090909090909 0.000284090909090909 0.000284090909090909 0.00113636363636364 0.00113636363636364; % T D=0.1
0.244318181818182 0.118181818181818 0.00113636363636364 0.00568181818181818 0.118181818181818 0.00113636363636364 0.00113636363636364 0.00113636363636364 0.00113636363636364 0.00113636363636364 0.00113636363636364 0.00113636363636364 0.490909090909091 0.00113636363636364 0.00113636363636364 0.00113636363636364 0.00113636363636364 0.00454545454545455 0.00454545454545455; % V D=0.1
0.247727272727273 0.121022727272727 0.00170454545454545 0.121022727272727 0.00852272727272727 0.00170454545454545 0.00170454545454545 0.00170454545454545 0.00170454545454545 0.00170454545454545 0.00170454545454545 0.00170454545454545 0.242613636363636 0.00170454545454545 0.00170454545454545 0.00170454545454545 0.00170454545454545 0.119318181818182 0.119318181818182; % Z D=0.1
0.00170454545454545 0.00142045454545455 0.000284090909090909 0.00142045454545455 0.00142045454545455 0.000284090909090909 0.000284090909090909 0.000284090909090909 0.000284090909090909 0.000284090909090909 0.000284090909090909 0.000284090909090909 0.000852272727272727 0.000284090909090909 0.000284090909090909 0.987784090909091 0.000284090909090909 0.00113636363636364 0.00113636363636364; % b D=0.1
0.371022727272727 0.119602272727273 0.00142045454545455 0.244602272727273 0.119602272727273 0.00142045454545455 0.00142045454545455 0.00142045454545455 0.00142045454545455 0.00142045454545455 0.00142045454545455 0.00142045454545455 0.00426136363636364 0.00142045454545455 0.00142045454545455 0.00142045454545455 0.00142045454545455 0.00568181818181818 0.118181818181818; % d D=0.1
0.00170454545454545 0.00142045454545455 0.000284090909090909 0.00142045454545455 0.00142045454545455 0.000284090909090909 0.000284090909090909 0.000284090909090909 0.000284090909090909 0.000284090909090909 0.000284090909090909 0.987784090909091 0.000852272727272727 0.000284090909090909 0.000284090909090909 0.000284090909090909 0.000284090909090909 0.00113636363636364 0.00113636363636364; % g D=0.1
0.00170454545454545 0.00142045454545455 0.000284090909090909 0.00142045454545455 0.00142045454545455 0.000284090909090909 0.000284090909090909 0.000284090909090909 0.987784090909091 0.000284090909090909 0.000284090909090909 0.000284090909090909 0.000852272727272727 0.000284090909090909 0.000284090909090909 0.000284090909090909 0.000284090909090909 0.00113636363636364 0.00113636363636364; % k D=0.1
0.00170454545454545 0.00142045454545455 0.987784090909091 0.00142045454545455 0.00142045454545455 0.000284090909090909 0.000284090909090909 0.000284090909090909 0.000284090909090909 0.000284090909090909 0.000284090909090909 0.000284090909090909 0.000852272727272727 0.000284090909090909 0.000284090909090909 0.000284090909090909 0.000284090909090909 0.00113636363636364 0.00113636363636364; % l D=0.1
0.00170454545454545 0.00142045454545455 0.000284090909090909 0.00142045454545455 0.00142045454545455 0.000284090909090909 0.987784090909091 0.000284090909090909 0.000284090909090909 0.000284090909090909 0.000284090909090909 0.000284090909090909 0.000852272727272727 0.000284090909090909 0.000284090909090909 0.000284090909090909 0.000284090909090909 0.00113636363636364 0.00113636363636364; % p D=0.1
0.00170454545454545 0.00142045454545455 0.000284090909090909 0.00142045454545455 0.00142045454545455 0.000284090909090909 0.000284090909090909 0.000284090909090909 0.000284090909090909 0.000284090909090909 0.000284090909090909 0.000284090909090909 0.000852272727272727 0.000284090909090909 0.987784090909091 0.000284090909090909 0.000284090909090909 0.00113636363636364 0.00113636363636364; % t D=0.1
0.00170454545454545 0.00142045454545455 0.000284090909090909 0.00142045454545455 0.00142045454545455 0.000284090909090909 0.000284090909090909 0.000284090909090909 0.000284090909090909 0.000284090909090909 0.000284090909090909 0.000284090909090909 0.000852272727272727 0.987784090909091 0.000284090909090909 0.000284090909090909 0.000284090909090909 0.00113636363636364 0.00113636363636364; % v D=0.1
0.00170454545454545 0.00142045454545455 0.000284090909090909 0.00142045454545455 0.00142045454545455 0.000284090909090909 0.000284090909090909 0.000284090909090909 0.000284090909090909 0.000284090909090909 0.987784090909091 0.000284090909090909 0.000852272727272727 0.000284090909090909 0.000284090909090909 0.000284090909090909 0.000284090909090909 0.00113636363636364 0.00113636363636364; % z D=0.1
0.0113636363636364 0.24280303030303 0.00189393939393939 0.159469696969697 0.159469696969697 0.00189393939393939 0.00189393939393939 0.00189393939393939 0.00189393939393939 0.00189393939393939 0.00189393939393939 0.00189393939393939 0.00568181818181818 0.00189393939393939 0.00189393939393939 0.00189393939393939 0.00189393939393939 0.0742424242424242 0.324242424242424; % $ D=0.2
