syllables = '$BDGKLPTVZbdgklptvz';
discounts = [0.1 0.2 0.3 0.4 0.5 0.6 0.7 0.8 0.9 0.95];
kn_probs = [0.000888888888888889 0.186222222222222 0.000148148148148148 0.000148148148148148 0.000148148148148148 0.146222222222222 0.000148148148148148 0.000148148148148148 0.146222222222222 0.172888888888889 0.000148148148148148 0.000148148148148148 0.159555555555556 0.000148148148148148 0.000148148148148148 0.000148148148148148 0.000148148148148148 0.186222222222222 0.000148148148148148; % $ D=0.1
0.000222222222222222 0.000222222222222222 3.7037037037037e-05 3.7037037037037e-05 3.7037037037037e-05 0.000222222222222222 3.7037037037037e-05 3.7037037037037e-05 0.000222222222222222 0.000222222222222222 3.7037037037037e-05 3.7037037037037e-05 0.000222222222222222 3.7037037037037e-05 3.7037037037037e-05 0.998037037037037 3.7037037037037e-05 0.000222222222222222 3.7037037037037e-05; % B D=0.1
0.279333333333333 0.199333333333333 0.000222222222222222 0.000222222222222222 0.000222222222222222 0.159333333333333 0.000222222222222222 0.000222222222222222 0.139333333333333 0.139333333333333 0.000222222222222222 0.000222222222222222 0.0793333333333333 0.000222222222222222 0.000222222222222222 0.000222222222222222 0.000222222222222222 0.00133333333333333 0.000222222222222222; % D D=0.1
0.000222222222222222 0.000222222222222222 3.7037037037037e-05 3.7037037037037e-05 3.7037037037037e-05 0.000222222222222222 3.7037037037037e-05 3.7037037037037e-05 0.000222222222222222 0.000222222222222222 3.7037037037037e-05 3.7037037037037e-05 0.000222222222222222 3.7037037037037e-05 3.7037037037037e-05 3.7037037037037e-05 3.7037037037037e-05 0.000222222222222222 0.998037037037037; % G D=0.1
0.219333333333333 0.199333333333333 0.000222222222222222 0.000222222222222222 0.000222222222222222 0.00133333333333333 0.000222222222222222 0.000222222222222222 0.179333333333333 0.179333333333333 0.000222222222222222 0.000222222222222222 0.179333333333333 0.000222222222222222 0.000222222222222222 0.000222222222222222 0.000222222222222222 0.0393333333333333 0.000222222222222222; % K D=0.1
0.000222222222222222 0.000222222222222222 3.7037037037037e-05 3.7037037037037e-05 0.998037037037037 0.000222222222222222 3.7037037037037e-05 3.7037037037037e-05 0.000222222222222222 0.000222222222222222 3.7037037037037e-05 3.7037037037037e-05 0.000222222222222222 3.7037037037037e-05 3.7037037037037e-05 3.7037037037037e-05 3.7037037037037e-05 0.000222222222222222 3.7037037037037e-05; % L D=0.1
0.000222222222222222 0.000222222222222222 3.7037037037037e-05 0.998037037037037 3.7037037037037e-05 0.000222222222222222 3.7037037037037e-05 3.7037037037037e-05 0.000222222222222222 0.000222222222222222 3.7037037037037e-05 3.7037037037037e-05 0.000222222222222222 3.7037037037037e-05 3.7037037037037e-05 3.7037037037037e-05 3.7037037037037e-05 0.000222222222222222 3.7037037037037e-05; % P D=0.1
0.199333333333333 0.119333333333333 0.000222222222222222 0.000222222222222222 0.000222222222222222 0.179333333333333 0.000222222222222222 0.000222222222222222 0.00133333333333333 0.119333333333333 0.000222222222222222 0.000222222222222222 0.199333333333333 0.000222222222222222 0.000222222222222222 0.000222222222222222 0.000222222222222222 0.179333333333333 0.000222222222222222; % T D=0.1
0.000222222222222222 0.000222222222222222 3.7037037037037e-05 3.7037037037037e-05 3.7037037037037e-05 0.000222222222222222 3.7037037037037e-05 3.7037037037037e-05 0.000222222222222222 0.000222222222222222 3.7037037037037e-05 0.998037037037037 0.000222222222222222 3.7037037037037e-05 3.7037037037037e-05 3.7037037037037e-05 3.7037037037037e-05 0.000222222222222222 3.7037037037037e-05; % V D=0.1
0.000222222222222222 0.000222222222222222 3.7037037037037e-05 3.7037037037037e-05 3.7037037037037e-05 0.000222222222222222 3.7037037037037e-05 3.7037037037037e-05 0.000222222222222222 0.000222222222222222 3.7037037037037e-05 3.7037037037037e-05 0.000222222222222222 0.998037037037037 3.7037037037037e-05 3.7037037037037e-05 3.7037037037037e-05 0.000222222222222222 3.7037037037037e-05; % Z D=0.1
0.000222222222222222 0.000222222222222222 0.998037037037037 3.7037037037037e-05 3.7037037037037e-05 0.000222222222222222 3.7037037037037e-05 3.7037037037037e-05 0.000222222222222222 0.000222222222222222 3.7037037037037e-05 3.7037037037037e-05 0.000222222222222222 3.7037037037037e-05 3.7037037037037e-05 3.7037037037037e-05 3.7037037037037e-05 0.000222222222222222 3.7037037037037e-05; % b D=0.1
0.000222222222222222 0.000222222222222222 3.7037037037037e-05 3.7037037037037e-05 3.7037037037037e-05 0.000222222222222222 3.7037037037037e-05 0.998037037037037 0.000222222222222222 0.000222222222222222 3.7037037037037e-05 3.7037037037037e-05 0.000222222222222222 3.7037037037037e-05 3.7037037037037e-05 3.7037037037037e-05 3.7037037037037e-05 0.000222222222222222 3.7037037037037e-05; % d D=0.1
0.000222222222222222 0.000222222222222222 3.7037037037037e-05 3.7037037037037e-05 3.7037037037037e-05 0.000222222222222222 0.998037037037037 3.7037037037037e-05 0.000222222222222222 0.000222222222222222 3.7037037037037e-05 3.7037037037037e-05 0.000222222222222222 3.7037037037037e-05 3.7037037037037e-05 3.7037037037037e-05 3.7037037037037e-05 0.000222222222222222 3.7037037037037e-05; % g D=0.1
0.000222222222222222 0.000222222222222222 3.7037037037037e-05 3.7037037037037e-05 3.7037037037037e-05 0.000222222222222222 3.7037037037037e-05 3.7037037037037e-05 0.000222222222222222 0.000222222222222222 3.7037037037037e-05 3.7037037037037e-05 0.000222222222222222 3.7037037037037e-05 0.998037037037037 3.7037037037037e-05 3.7037037037037e-05 0.000222222222222222 3.7037037037037e-05; % k D=0.1
0.000222222222222222 0.000222222222222222 3.7037037037037e-05 3.7037037037037e-05 3.7037037037037e-05 0.000222222222222222 3.7037037037037e-05 3.7037037037037e-05 0.000222222222222222 0.000222222222222222 3.7037037037037e-05 3.7037037037037e-05 0.000222222222222222 3.7037037037037e-05 3.7037037037037e-05 3.7037037037037e-05 0.998037037037037 0.000222222222222222 3.7037037037037e-05; % l D=0.1
0.279333333333333 0.00133333333333333 0.000222222222222222 0.000222222222222222 0.000222222222222222 0.119333333333333 0.000222222222222222 0.000222222222222222 0.159333333333333 0.199333333333333 0.000222222222222222 0.000222222222222222 0.119333333333333 0.000222222222222222 0.000222222222222222 0.000222222222222222 0.000222222222222222 0.119333333333333 0.000222222222222222; % p D=0.1
0.279333333333333 0.0593333333333333 0.000222222222222222 0.000222222222222222 0.000222222222222222 0.159333333333333 0.000222222222222222 0.000222222222222222 0.199333333333333 0.00133333333333333 0.000222222222222222 0.000222222222222222 0.179333333333333 0.000222222222222222 0.000222222222222222 0.000222222222222222 0.000222222222222222 0.119333333333333 0.000222222222222222; % t D=0.1
0.000222222222222222 0.000222222222222222 3.7037037037037e-05 3.7037037037037e-05 3.7037037037037e-05 0.000222222222222222 3.7037037037037e-05 3.7037037037037e-05 0.000222222222222222 0.000222222222222222 0.998037037037037 3.7037037037037e-05 0.000222222222222222 3.7037037037037e-05 3.7037037037037e-05 3.7037037037037e-05 3.7037037037037e-05 0.000222222222222222 3.7037037037037e-05; % v D=0.1
0.239333333333333 0.139333333333333 0.000222222222222222 0.000222222222222222 0.000222222222222222 0.159333333333333 0.000222222222222222 0.000222222222222222 0.0993333333333333 0.0993333333333333 0.000222222222222222 0.000222222222222222 0.00133333333333333 0.000222222222222222 0.000222222222222222 0.000222222222222222 0.000222222222222222 0.259333333333333 0.000222222222222222; % z D=0.1
0.00177777777777778 0.185777777777778 0.000296296296296296 0.000296296296296296 0.000296296296296296 0.145777777777778 0.000296296296296296 0.000296296296296296 0.145777777777778 0.172444444444444 0.000296296296296296 0.000296296296296296 0.159111111111111 0.000296296296296296 0.000296296296296296 0.000296296296296296 0.000296296296296296 0.185777777777778 0.000296296296296296; % $ D=0.2
0.000444444444444445 0.000444444444444445 7.40740740740741e-05 7.40740740740741e-05 7.40740740740741e-05 0.000444444444444445 7.40740740740741e-05 7.40740740740741e-05 0.000444444444444445 0.000444444444444445 7.40740740740741e-05 7.40740740740741e-05 0.000444444444444445 7.40740740740741e-05 7.40740740740741e-05 0.996074074074074 7.40740740740741e-05 0.000444444444444445 7.40740740740741e-05; % B D=0.2
0.278666666666667 0.198666666666667 0.000444444444444445 0.000444444444444445 0.000444444444444445 0.158666666666667 0.000444444444444445 0.000444444444444445 0.138666666666667 0.138666666666667 0.000444444444444445 0.000444444444444445 0.0786666666666667 0.000444444444444445 0.000444444444444445 0.000444444444444445 0.000444444444444445 0.00266666666666667 0.000444444444444445; % D D=0.2
0.000444444444444445 0.000444444444444445 7.40740740740741e-05 7.40740740740741e-05 7.40740740740741e-05 0.000444444444444445 7.40740740740741e-05 7.40740740740741e-05 0.000444444444444445 0.000444444444444445 7.40740740740741e-05 7.40740740740741e-05 0.000444444444444445 7.40740740740741e-05 7.40740740740741e-05 7.40740740740741e-05 7.40740740740741e-05 0.000444444444444445 0.996074074074074; % G D=0.2
0.218666666666667 0.198666666666667 0.000444444444444445 0.000444444444444445 0.000444444444444445 0.00266666666666667 0.000444444444444445 0.000444444444444445 0.178666666666667 0.178666666666667 0.000444444444444445 0.000444444444444445 0.178666666666667 0.000444444444444445 0.000444444444444445 0.000444444444444445 0.000444444444444445 0.0386666666666667 0.000444444444444445; % K D=0.2
0.000444444444444445 0.000444444444444445 7.40740740740741e-05 7.40740740740741e-05 0.996074074074074 0.000444444444444445 7.40740740740741e-05 7.40740740740741e-05 0.000444444444444445 0.000444444444444445 7.40740740740741e-05 7.40740740740741e-05 0.000444444444444445 7.40740740740741e-05 7.40740740740741e-05 7.40740740740741e-05 7.40740740740741e-05 0.000444444444444445 7.40740740740741e-05; % L D=0.2
0.000444444444444445 0.000444444444444445 7.40740740740741e-05 0.996074074074074 7.40740740740741e-05 0.000444444444444445 7.40740740740741e-05 7.40740740740741e-05 0.000444444444444445 0.000444444444444445 7.40740740740741e-05 7.40740740740741e-05 0.000444444444444445 7.40740740740741e-05 7.40740740740741e-05 7.40740740740741e-05 7.40740740740741e-05 0.000444444444444445 7.40740740740741e-05; % P D=0.2
0.198666666666667 0.118666666666667 0.000444444444444445 0.000444444444444445 0.000444444444444445 0.178666666666667 0.000444444444444445 0.000444444444444445 0.00266666666666667 0.118666666666667 0.000444444444444445 0.000444444444444445 0.198666666666667 0.000444444444444445 0.000444444444444445 0.000444444444444445 0.000444444444444445 0.178666666666667 0.000444444444444445; % T D=0.2
0.000444444444444445 0.000444444444444445 7.40740740740741e-05 7.40740740740741e-05 7.40740740740741e-05 0.000444444444444445 7.40740740740741e-05 7.40740740740741e-05 0.000444444444444445 0.000444444444444445 7.40740740740741e-05 0.996074074074074 0.000444444444444445 7.40740740740741e-05 7.40740740740741e-05 7.40740740740741e-05 7.40740740740741e-05 0.000444444444444445 7.40740740740741e-05; % V D=0.2
0.000444444444444445 0.000444444444444445 7.40740740740741e-05 7.40740740740741e-05 7.40740740740741e-05 0.000444444444444445 7.40740740740741e-05 7.40740740740741e-05 0.000444444444444445 0.000444444444444445 7.40740740740741e-05 7.40740740740741e-05 0.000444444444444445 0.996074074074074 7.40740740740741e-05 7.40740740740741e-05 7.40740740740741e-05 0.000444444444444445 7.40740740740741e-05; % Z D=0.2
0.000444444444444445 0.000444444444444445 0.996074074074074 7.40740740740741e-05 7.40740740740741e-05 0.000444444444444445 7.40740740740741e-05 7.40740740740741e-05 0.000444444444444445 0.000444444444444445 7.40740740740741e-05 7.40740740740741e-05 0.000444444444444445 7.40740740740741e-05 7.40740740740741e-05 7.40740740740741e-05 7.40740740740741e-05 0.000444444444444445 7.40740740740741e-05; % b D=0.2
0.000444444444444445 0.000444444444444445 7.40740740740741e-05 7.40740740740741e-05 7.40740740740741e-05 0.000444444444444445 7.40740740740741e-05 0.996074074074074 0.000444444444444445 0.000444444444444445 7.40740740740741e-05 7.40740740740741e-05 0.000444444444444445 7.40740740740741e-05 7.40740740740741e-05 7.40740740740741e-05 7.40740740740741e-05 0.000444444444444445 7.40740740740741e-05; % d D=0.2
0.000444444444444445 0.000444444444444445 7.40740740740741e-05 7.40740740740741e-05 7.40740740740741e-05 0.000444444444444445 0.996074074074074 7.40740740740741e-05 0.000444444444444445 0.000444444444444445 7.40740740740741e-05 7.40740740740741e-05 0.000444444444444445 7.40740740740741e-05 7.40740740740741e-05 7.40740740740741e-05 7.40740740740741e-05 0.000444444444444445 7.40740740740741e-05; % g D=0.2
0.000444444444444445 0.000444444444444445 7.40740740740741e-05 7.40740740740741e-05 7.40740740740741e-05 0.000444444444444445 7.40740740740741e-05 7.40740740740741e-05 0.000444444444444445 0.000444444444444445 7.40740740740741e-05 7.40740740740741e-05 0.000444444444444445 7.40740740740741e-05 0.996074074074074 7.40740740740741e-05 7.40740740740741e-05 0.000444444444444445 7.40740740740741e-05; % k D=0.2
0.000444444444444445 0.000444444444444445 7.40740740740741e-05 7.40740740740741e-05 7.40740740740741e-05 0.000444444444444445 7.40740740740741e-05 7.40740740740741e-05 0.000444444444444445 0.000444444444444445 7.40740740740741e-05 7.40740740740741e-05 0.000444444444444445 7.40740740740741e-05 7.40740740740741e-05 7.40740740740741e-05 0.996074074074074 0.000444444444444445 7.40740740740741e-05; % l D=0.2
0.278666666666667 0.00266666666666667 0.000444444444444445 0.000444444444444445 0.000444444444444445 0.118666666666667 0.000444444444444445 0.000444444444444445 0.158666666666667 0.198666666666667 0.000444444444444445 0.000444444444444445 0.118666666666667 0.000444444444444445 0.000444444444444445 0.000444444444444445 0.000444444444444445 0.118666666666667 0.000444444444444445; % p D=0.2
0.278666666666667 0.0586666666666667 0.000444444444444445 0.000444444444444445 0.000444444444444445 0.158666666666667 0.000444444444444445 0.000444444444444445 0.198666666666667 0.00266666666666667 0.000444444444444445 0.000444444444444445 0.178666666666667 0.000444444444444445 0.000444444444444445 0.000444444444444445 0.000444444444444445 0.118666666666667 0.000444444444444445; % t D=0.2
0.000444444444444445 0.000444444444444445 7.40740740740741e-05 7.40740740740741e-05 7.40740740740741e-05 0.000444444444444445 7.40740740740741e-05 7.40740740740741e-05 0.000444444444444445 0.000444444444444445 0.996074074074074 7.40740740740741e-05 0.000444444444444445 7.40740740740741e-05 7.40740740740741e-05 7.40740740740741e-05 7.40740740740741e-05 0.000444444444444445 7.40740740740741e-05; % v D=0.2
0.238666666666667 0.138666666666667 0.000444444444444445 0.000444444444444445 0.000444444444444445 0.158666666666667 0.000444444444444445 0.000444444444444445 0.0986666666666667 0.0986666666666667 0.000444444444444445 0.000444444444444445 0.00266666666666667 0.000444444444444445 0.000444444444444445 0.000444444444444445 0.000444444444444445 0.258666666666667 0.000444444444444445; % z D=0.2
0.00266666666666667 0.185333333333333 0.000444444444444444 0.000444444444444444 0.000444444444444444 0.145333333333333 0.000444444444444444 0.000444444444444444 0.145333333333333 0.172 0.000444444444444444 0.000444444444444444 0.158666666666667 0.000444444444444444 0.000444444444444444 0.000444444444444444 0.000444444444444444 0.185333333333333 0.000444444444444444; % $ D=0.3
0.000666666666666667 0.000666666666666667 0.000111111111111111 0.000111111111111111 0.000111111111111111 0.000666666666666667 0.000111111111111111 0.000111111111111111 0.000666666666666667 0.000666666666666667 0.000111111111111111 0.000111111111111111 0.000666666666666667 0.000111111111111111 0.000111111111111111 0.994111111111111 0.000111111111111111 0.000666666666666667 0.000111111111111111; % B D=0.3
0.278 0.198 0.000666666666666667 0.000666666666666667 0.000666666666666667 0.158 0.000666666666666667 0.000666666666666667 0.138 0.138 0.000666666666666667 0.000666666666666667 0.078 0.000666666666666667 0.000666666666666667 0.000666666666666667 0.000666666666666667 0.004 0.000666666666666667; % D D=0.3
0.000666666666666667 0.000666666666666667 0.000111111111111111 0.000111111111111111 0.000111111111111111 0.000666666666666667 0.000111111111111111 0.000111111111111111 0.000666666666666667 0.000666666666666667 0.000111111111111111 0.000111111111111111 0.000666666666666667 0.000111111111111111 0.000111111111111111 0.000111111111111111 0.000111111111111111 0.000666666666666667 0.994111111111111; % G D=0.3
0.218 0.198 0.000666666666666667 0.000666666666666667 0.000666666666666667 0.004 0.000666666666666667 0.000666666666666667 0.178 0.178 0.000666666666666667 0.000666666666666667 0.178 0.000666666666666667 0.000666666666666667 0.000666666666666667 0.000666666666666667 0.038 0.000666666666666667; % K D=0.3
0.000666666666666667 0.000666666666666667 0.000111111111111111 0.000111111111111111 0.994111111111111 0.000666666666666667 0.000111111111111111 0.000111111111111111 0.000666666666666667 0.000666666666666667 0.000111111111111111 0.000111111111111111 0.000666666666666667 0.000111111111111111 0.000111111111111111 0.000111111111111111 0.000111111111111111 0.000666666666666667 0.000111111111111111; % L D=0.3
0.000666666666666667 0.000666666666666667 0.000111111111111111 0.994111111111111 0.000111111111111111 0.000666666666666667 0.000111111111111111 0.000111111111111111 0.000666666666666667 0.000666666666666667 0.000111111111111111 0.000111111111111111 0.000666666666666667 0.000111111111111111 0.000111111111111111 0.000111111111111111 0.000111111111111111 0.000666666666666667 0.000111111111111111; % P D=0.3
0.198 0.118 0.000666666666666667 0.000666666666666667 0.000666666666666667 0.178 0.000666666666666667 0.000666666666666667 0.004 0.118 0.000666666666666667 0.000666666666666667 0.198 0.000666666666666667 0.000666666666666667 0.000666666666666667 0.000666666666666667 0.178 0.000666666666666667; % T D=0.3
0.000666666666666667 0.000666666666666667 0.000111111111111111 0.000111111111111111 0.000111111111111111 0.000666666666666667 0.000111111111111111 0.000111111111111111 0.000666666666666667 0.000666666666666667 0.000111111111111111 0.994111111111111 0.000666666666666667 0.000111111111111111 0.000111111111111111 0.000111111111111111 0.000111111111111111 0.000666666666666667 0.000111111111111111; % V D=0.3
0.000666666666666667 0.000666666666666667 0.000111111111111111 0.000111111111111111 0.000111111111111111 0.000666666666666667 0.000111111111111111 0.000111111111111111 0.000666666666666667 0.000666666666666667 0.000111111111111111 0.000111111111111111 0.000666666666666667 0.994111111111111 0.000111111111111111 0.000111111111111111 0.000111111111111111 0.000666666666666667 0.000111111111111111; % Z D=0.3
0.000666666666666667 0.000666666666666667 0.994111111111111 0.000111111111111111 0.000111111111111111 0.000666666666666667 0.000111111111111111 0.000111111111111111 0.000666666666666667 0.000666666666666667 0.000111111111111111 0.000111111111111111 0.000666666666666667 0.000111111111111111 0.000111111111111111 0.000111111111111111 0.000111111111111111 0.000666666666666667 0.000111111111111111; % b D=0.3
0.000666666666666667 0.000666666666666667 0.000111111111111111 0.000111111111111111 0.000111111111111111 0.000666666666666667 0.000111111111111111 0.994111111111111 0.000666666666666667 0.000666666666666667 0.000111111111111111 0.000111111111111111 0.000666666666666667 0.000111111111111111 0.000111111111111111 0.000111111111111111 0.000111111111111111 0.000666666666666667 0.000111111111111111; % d D=0.3
0.000666666666666667 0.000666666666666667 0.000111111111111111 0.000111111111111111 0.000111111111111111 0.000666666666666667 0.994111111111111 0.000111111111111111 0.000666666666666667 0.000666666666666667 0.000111111111111111 0.000111111111111111 0.000666666666666667 0.000111111111111111 0.000111111111111111 0.000111111111111111 0.000111111111111111 0.000666666666666667 0.000111111111111111; % g D=0.3
0.000666666666666667 0.000666666666666667 0.000111111111111111 0.000111111111111111 0.000111111111111111 0.000666666666666667 0.000111111111111111 0.000111111111111111 0.000666666666666667 0.000666666666666667 0.000111111111111111 0.000111111111111111 0.000666666666666667 0.000111111111111111 0.994111111111111 0.000111111111111111 0.000111111111111111 0.000666666666666667 0.000111111111111111; % k D=0.3
0.000666666666666667 0.000666666666666667 0.000111111111111111 0.000111111111111111 0.000111111111111111 0.000666666666666667 0.000111111111111111 0.000111111111111111 0.000666666666666667 0.000666666666666667 0.000111111111111111 0.000111111111111111 0.000666666666666667 0.000111111111111111 0.000111111111111111 0.000111111111111111 0.994111111111111 0.000666666666666667 0.000111111111111111; % l D=0.3
0.278 0.004 0.000666666666666667 0.000666666666666667 0.000666666666666667 0.118 0.000666666666666667 0.000666666666666667 0.158 0.198 0.000666666666666667 0.000666666666666667 0.118 0.000666666666666667 0.000666666666666667 0.000666666666666667 0.000666666666666667 0.118 0.000666666666666667; % p D=0.3
0.278 0.058 0.000666666666666667 0.000666666666666667 0.000666666666666667 0.158 0.000666666666666667 0.000666666666666667 0.198 0.004 0.000666666666666667 0.000666666666666667 0.178 0.000666666666666667 0.000666666666666667 0.000666666666666667 0.000666666666666667 0.118 0.000666666666666667; % t D=0.3
0.000666666666666667 0.000666666666666667 0.000111111111111111 0.000111111111111111 0.000111111111111111 0.000666666666666667 0.000111111111111111 0.000111111111111111 0.000666666666666667 0.000666666666666667 0.994111111111111 0.000111111111111111 0.000666666666666667 0.000111111111111111 0.000111111111111111 0.000111111111111111 0.000111111111111111 0.000666666666666667 0.000111111111111111; % v D=0.3
0.238 0.138 0.000666666666666667 0.000666666666666667 0.000666666666666667 0.158 0.000666666666666667 0.000666666666666667 0.098 0.098 0.000666666666666667 0.000666666666666667 0.004 0.000666666666666667 0.000666666666666667 0.000666666666666667 0.000666666666666667 0.258 0.000666666666666667; % z D=0.3
0.00355555555555556 0.184888888888889 0.000592592592592593 0.000592592592592593 0.000592592592592593 0.144888888888889 0.000592592592592593 0.000592592592592593 0.144888888888889 0.171555555555556 0.000592592592592593 0.000592592592592593 0.158222222222222 0.000592592592592593 0.000592592592592593 0.000592592592592593 0.000592592592592593 0.184888888888889 0.000592592592592593; % $ D=0.4
0.000888888888888889 0.000888888888888889 0.000148148148148148 0.000148148148148148 0.000148148148148148 0.000888888888888889 0.000148148148148148 0.000148148148148148 0.000888888888888889 0.000888888888888889 0.000148148148148148 0.000148148148148148 0.000888888888888889 0.000148148148148148 0.000148148148148148 0.992148148148148 0.000148148148148148 0.000888888888888889 0.000148148148148148; % B D=0.4
0.277333333333333 0.197333333333333 0.000888888888888889 0.000888888888888889 0.000888888888888889 0.157333333333333 0.000888888888888889 0.000888888888888889 0.137333333333333 0.137333333333333 0.000888888888888889 0.000888888888888889 0.0773333333333333 0.000888888888888889 0.000888888888888889 0.000888888888888889 0.000888888888888889 0.00533333333333333 0.000888888888888889; % D D=0.4
0.000888888888888889 0.000888888888888889 0.000148148148148148 0.000148148148148148 0.000148148148148148 0.000888888888888889 0.000148148148148148 0.000148148148148148 0.000888888888888889 0.000888888888888889 0.000148148148148148 0.000148148148148148 0.000888888888888889 0.000148148148148148 0.000148148148148148 0.000148148148148148 0.000148148148148148 0.000888888888888889 0.992148148148148; % G D=0.4
0.217333333333333 0.197333333333333 0.000888888888888889 0.000888888888888889 0.000888888888888889 0.00533333333333333 0.000888888888888889 0.000888888888888889 0.177333333333333 0.177333333333333 0.000888888888888889 0.000888888888888889 0.177333333333333 0.000888888888888889 0.000888888888888889 0.000888888888888889 0.000888888888888889 0.0373333333333333 0.000888888888888889; % K D=0.4
0.000888888888888889 0.000888888888888889 0.000148148148148148 0.000148148148148148 0.992148148148148 0.000888888888888889 0.000148148148148148 0.000148148148148148 0.000888888888888889 0.000888888888888889 0.000148148148148148 0.000148148148148148 0.000888888888888889 0.000148148148148148 0.000148148148148148 0.000148148148148148 0.000148148148148148 0.000888888888888889 0.000148148148148148; % L D=0.4
0.000888888888888889 0.000888888888888889 0.000148148148148148 0.992148148148148 0.000148148148148148 0.000888888888888889 0.000148148148148148 0.000148148148148148 0.000888888888888889 0.000888888888888889 0.000148148148148148 0.000148148148148148 0.000888888888888889 0.000148148148148148 0.000148148148148148 0.000148148148148148 0.000148148148148148 0.000888888888888889 0.000148148148148148; % P D=0.4
0.197333333333333 0.117333333333333 0.000888888888888889 0.000888888888888889 0.000888888888888889 0.177333333333333 0.000888888888888889 0.000888888888888889 0.00533333333333333 0.117333333333333 0.000888888888888889 0.000888888888888889 0.197333333333333 0.000888888888888889 0.000888888888888889 0.000888888888888889 0.000888888888888889 0.177333333333333 0.000888888888888889; % T D=0.4
0.000888888888888889 0.000888888888888889 0.000148148148148148 0.000148148148148148 0.000148148148148148 0.000888888888888889 0.000148148148148148 0.000148148148148148 0.000888888888888889 0.000888888888888889 0.000148148148148148 0.992148148148148 0.000888888888888889 0.000148148148148148 0.000148148148148148 0.000148148148148148 0.000148148148148148 0.000888888888888889 0.000148148148148148; % V D=0.4
0.000888888888888889 0.000888888888888889 0.000148148148148148 0.000148148148148148 0.000148148148148148 0.000888888888888889 0.000148148148148148 0.000148148148148148 0.000888888888888889 0.000888888888888889 0.000148148148148148 0.000148148148148148 0.000888888888888889 0.992148148148148 0.000148148148148148 0.000148148148148148 0.000148148148148148 0.000888888888888889 0.000148148148148148; % Z D=0.4
0.000888888888888889 0.000888888888888889 0.992148148148148 0.000148148148148148 0.000148148148148148 0.000888888888888889 0.000148148148148148 0.000148148148148148 0.000888888888888889 0.000888888888888889 0.000148148148148148 0.000148148148148148 0.000888888888888889 0.000148148148148148 0.000148148148148148 0.000148148148148148 0.000148148148148148 0.000888888888888889 0.000148148148148148; % b D=0.4
0.000888888888888889 0.000888888888888889 0.000148148148148148 0.000148148148148148 0.000148148148148148 0.000888888888888889 0.000148148148148148 0.992148148148148 0.000888888888888889 0.000888888888888889 0.000148148148148148 0.000148148148148148 0.000888888888888889 0.000148148148148148 0.000148148148148148 0.000148148148148148 0.000148148148148148 0.000888888888888889 0.000148148148148148; % d D=0.4
0.000888888888888889 0.000888888888888889 0.000148148148148148 0.000148148148148148 0.000148148148148148 0.000888888888888889 0.992148148148148 0.000148148148148148 0.000888888888888889 0.000888888888888889 0.000148148148148148 0.000148148148148148 0.000888888888888889 0.000148148148148148 0.000148148148148148 0.000148148148148148 0.000148148148148148 0.000888888888888889 0.000148148148148148; % g D=0.4
0.000888888888888889 0.000888888888888889 0.000148148148148148 0.000148148148148148 0.000148148148148148 0.000888888888888889 0.000148148148148148 0.000148148148148148 0.000888888888888889 0.000888888888888889 0.000148148148148148 0.000148148148148148 0.000888888888888889 0.000148148148148148 0.992148148148148 0.000148148148148148 0.000148148148148148 0.000888888888888889 0.000148148148148148; % k D=0.4
0.000888888888888889 0.000888888888888889 0.000148148148148148 0.000148148148148148 0.000148148148148148 0.000888888888888889 0.000148148148148148 0.000148148148148148 0.000888888888888889 0.000888888888888889 0.000148148148148148 0.000148148148148148 0.000888888888888889 0.000148148148148148 0.000148148148148148 0.000148148148148148 0.992148148148148 0.000888888888888889 0.000148148148148148; % l D=0.4
0.277333333333333 0.00533333333333333 0.000888888888888889 0.000888888888888889 0.000888888888888889 0.117333333333333 0.000888888888888889 0.000888888888888889 0.157333333333333 0.197333333333333 0.000888888888888889 0.000888888888888889 0.117333333333333 0.000888888888888889 0.000888888888888889 0.000888888888888889 0.000888888888888889 0.117333333333333 0.000888888888888889; % p D=0.4
0.277333333333333 0.0573333333333333 0.000888888888888889 0.000888888888888889 0.000888888888888889 0.157333333333333 0.000888888888888889 0.000888888888888889 0.197333333333333 0.00533333333333333 0.000888888888888889 0.000888888888888889 0.177333333333333 0.000888888888888889 0.000888888888888889 0.000888888888888889 0.000888888888888889 0.117333333333333 0.000888888888888889; % t D=0.4
0.000888888888888889 0.000888888888888889 0.000148148148148148 0.000148148148148148 0.000148148148148148 0.000888888888888889 0.000148148148148148 0.000148148148148148 0.000888888888888889 0.000888888888888889 0.992148148148148 0.000148148148148148 0.000888888888888889 0.000148148148148148 0.000148148148148148 0.000148148148148148 0.000148148148148148 0.000888888888888889 0.000148148148148148; % v D=0.4
0.237333333333333 0.137333333333333 0.000888888888888889 0.000888888888888889 0.000888888888888889 0.157333333333333 0.000888888888888889 0.000888888888888889 0.0973333333333333 0.0973333333333333 0.000888888888888889 0.000888888888888889 0.00533333333333333 0.000888888888888889 0.000888888888888889 0.000888888888888889 0.000888888888888889 0.257333333333333 0.000888888888888889; % z D=0.4
0.00444444444444444 0.184444444444444 0.000740740740740741 0.000740740740740741 0.000740740740740741 0.144444444444444 0.000740740740740741 0.000740740740740741 0.144444444444444 0.171111111111111 0.000740740740740741 0.000740740740740741 0.157777777777778 0.000740740740740741 0.000740740740740741 0.000740740740740741 0.000740740740740741 0.184444444444444 0.000740740740740741; % $ D=0.5
0.00111111111111111 0.00111111111111111 0.000185185185185185 0.000185185185185185 0.000185185185185185 0.00111111111111111 0.000185185185185185 0.000185185185185185 0.00111111111111111 0.00111111111111111 0.000185185185185185 0.000185185185185185 0.00111111111111111 0.000185185185185185 0.000185185185185185 0.990185185185185 0.000185185185185185 0.00111111111111111 0.000185185185185185; % B D=0.5
0.276666666666667 0.196666666666667 0.00111111111111111 0.00111111111111111 0.00111111111111111 0.156666666666667 0.00111111111111111 0.00111111111111111 0.136666666666667 0.136666666666667 0.00111111111111111 0.00111111111111111 0.0766666666666667 0.00111111111111111 0.00111111111111111 0.00111111111111111 0.00111111111111111 0.00666666666666667 0.00111111111111111; % D D=0.5
0.00111111111111111 0.00111111111111111 0.000185185185185185 0.000185185185185185 0.000185185185185185 0.00111111111111111 0.000185185185185185 0.000185185185185185 0.00111111111111111 0.00111111111111111 0.000185185185185185 0.000185185185185185 0.00111111111111111 0.000185185185185185 0.000185185185185185 0.000185185185185185 0.000185185185185185 0.00111111111111111 0.990185185185185; % G D=0.5
0.216666666666667 0.196666666666667 0.00111111111111111 0.00111111111111111 0.00111111111111111 0.00666666666666667 0.00111111111111111 0.00111111111111111 0.176666666666667 0.176666666666667 0.00111111111111111 0.00111111111111111 0.176666666666667 0.00111111111111111 0.00111111111111111 0.00111111111111111 0.00111111111111111 0.0366666666666667 0.00111111111111111; % K D=0.5
0.00111111111111111 0.00111111111111111 0.000185185185185185 0.000185185185185185 0.990185185185185 0.00111111111111111 0.000185185185185185 0.000185185185185185 0.00111111111111111 0.00111111111111111 0.000185185185185185 0.000185185185185185 0.00111111111111111 0.000185185185185185 0.000185185185185185 0.000185185185185185 0.000185185185185185 0.00111111111111111 0.000185185185185185; % L D=0.5
0.00111111111111111 0.00111111111111111 0.000185185185185185 0.990185185185185 0.000185185185185185 0.00111111111111111 0.000185185185185185 0.000185185185185185 0.00111111111111111 0.00111111111111111 0.000185185185185185 0.000185185185185185 0.00111111111111111 0.000185185185185185 0.000185185185185185 0.000185185185185185 0.000185185185185185 0.00111111111111111 0.000185185185185185; % P D=0.5
0.196666666666667 0.116666666666667 0.00111111111111111 0.00111111111111111 0.00111111111111111 0.176666666666667 0.00111111111111111 0.00111111111111111 0.00666666666666667 0.116666666666667 0.00111111111111111 0.00111111111111111 0.196666666666667 0.00111111111111111 0.00111111111111111 0.00111111111111111 0.00111111111111111 0.176666666666667 0.00111111111111111; % T D=0.5
0.00111111111111111 0.00111111111111111 0.000185185185185185 0.000185185185185185 0.000185185185185185 0.00111111111111111 0.000185185185185185 0.000185185185185185 0.00111111111111111 0.00111111111111111 0.000185185185185185 0.990185185185185 0.00111111111111111 0.000185185185185185 0.000185185185185185 0.000185185185185185 0.000185185185185185 0.00111111111111111 0.000185185185185185; % V D=0.5
0.00111111111111111 0.00111111111111111 0.000185185185185185 0.000185185185185185 0.000185185185185185 0.00111111111111111 0.000185185185185185 0.000185185185185185 0.00111111111111111 0.00111111111111111 0.000185185185185185 0.000185185185185185 0.00111111111111111 0.990185185185185 0.000185185185185185 0.000185185185185185 0.000185185185185185 0.00111111111111111 0.000185185185185185; % Z D=0.5
0.00111111111111111 0.00111111111111111 0.990185185185185 0.000185185185185185 0.000185185185185185 0.00111111111111111 0.000185185185185185 0.000185185185185185 0.00111111111111111 0.00111111111111111 0.000185185185185185 0.000185185185185185 0.00111111111111111 0.000185185185185185 0.000185185185185185 0.000185185185185185 0.000185185185185185 0.00111111111111111 0.000185185185185185; % b D=0.5
0.00111111111111111 0.00111111111111111 0.000185185185185185 0.000185185185185185 0.000185185185185185 0.00111111111111111 0.000185185185185185 0.990185185185185 0.00111111111111111 0.00111111111111111 0.000185185185185185 0.000185185185185185 0.00111111111111111 0.000185185185185185 0.000185185185185185 0.000185185185185185 0.000185185185185185 0.00111111111111111 0.000185185185185185; % d D=0.5
0.00111111111111111 0.00111111111111111 0.000185185185185185 0.000185185185185185 0.000185185185185185 0.00111111111111111 0.990185185185185 0.000185185185185185 0.00111111111111111 0.00111111111111111 0.000185185185185185 0.000185185185185185 0.00111111111111111 0.000185185185185185 0.000185185185185185 0.000185185185185185 0.000185185185185185 0.00111111111111111 0.000185185185185185; % g D=0.5
0.00111111111111111 0.00111111111111111 0.000185185185185185 0.000185185185185185 0.000185185185185185 0.00111111111111111 0.000185185185185185 0.000185185185185185 0.00111111111111111 0.00111111111111111 0.000185185185185185 0.000185185185185185 0.00111111111111111 0.000185185185185185 0.990185185185185 0.000185185185185185 0.000185185185185185 0.00111111111111111 0.000185185185185185; % k D=0.5
0.00111111111111111 0.00111111111111111 0.000185185185185185 0.000185185185185185 0.000185185185185185 0.00111111111111111 0.000185185185185185 0.000185185185185185 0.00111111111111111 0.00111111111111111 0.000185185185185185 0.000185185185185185 0.00111111111111111 0.000185185185185185 0.000185185185185185 0.000185185185185185 0.990185185185185 0.00111111111111111 0.000185185185185185; % l D=0.5
0.276666666666667 0.00666666666666667 0.00111111111111111 0.00111111111111111 0.00111111111111111 0.116666666666667 0.00111111111111111 0.00111111111111111 0.156666666666667 0.196666666666667 0.00111111111111111 0.00111111111111111 0.116666666666667 0.00111111111111111 0.00111111111111111 0.00111111111111111 0.00111111111111111 0.116666666666667 0.00111111111111111; % p D=0.5
0.276666666666667 0.0566666666666667 0.00111111111111111 0.00111111111111111 0.00111111111111111 0.156666666666667 0.00111111111111111 0.00111111111111111 0.196666666666667 0.00666666666666667 0.00111111111111111 0.00111111111111111 0.176666666666667 0.00111111111111111 0.00111111111111111 0.00111111111111111 0.00111111111111111 0.116666666666667 0.00111111111111111; % t D=0.5
0.00111111111111111 0.00111111111111111 0.000185185185185185 0.000185185185185185 0.000185185185185185 0.00111111111111111 0.000185185185185185 0.000185185185185185 0.00111111111111111 0.00111111111111111 0.990185185185185 0.000185185185185185 0.00111111111111111 0.000185185185185185 0.000185185185185185 0.000185185185185185 0.000185185185185185 0.00111111111111111 0.000185185185185185; % v D=0.5
0.236666666666667 0.136666666666667 0.00111111111111111 0.00111111111111111 0.00111111111111111 0.156666666666667 0.00111111111111111 0.00111111111111111 0.0966666666666667 0.0966666666666667 0.00111111111111111 0.00111111111111111 0.00666666666666667 0.00111111111111111 0.00111111111111111 0.00111111111111111 0.00111111111111111 0.256666666666667 0.00111111111111111; % z D=0.5
0.00533333333333333 0.184 0.000888888888888889 0.000888888888888889 0.000888888888888889 0.144 0.000888888888888889 0.000888888888888889 0.144 0.170666666666667 0.000888888888888889 0.000888888888888889 0.157333333333333 0.000888888888888889 0.000888888888888889 0.000888888888888889 0.000888888888888889 0.184 0.000888888888888889; % $ D=0.6
0.00133333333333333 0.00133333333333333 0.000222222222222222 0.000222222222222222 0.000222222222222222 0.00133333333333333 0.000222222222222222 0.000222222222222222 0.00133333333333333 0.00133333333333333 0.000222222222222222 0.000222222222222222 0.00133333333333333 0.000222222222222222 0.000222222222222222 0.988222222222222 0.000222222222222222 0.00133333333333333 0.000222222222222222; % B D=0.6
0.276 0.196 0.00133333333333333 0.00133333333333333 0.00133333333333333 0.156 0.00133333333333333 0.00133333333333333 0.136 0.136 0.00133333333333333 0.00133333333333333 0.076 0.00133333333333333 0.00133333333333333 0.00133333333333333 0.00133333333333333 0.008 0.00133333333333333; % D D=0.6
0.00133333333333333 0.00133333333333333 0.000222222222222222 0.000222222222222222 0.000222222222222222 0.00133333333333333 0.000222222222222222 0.000222222222222222 0.00133333333333333 0.00133333333333333 0.000222222222222222 0.000222222222222222 0.00133333333333333 0.000222222222222222 0.000222222222222222 0.000222222222222222 0.000222222222222222 0.00133333333333333 0.988222222222222; % G D=0.6
0.216 0.196 0.00133333333333333 0.00133333333333333 0.00133333333333333 0.008 0.00133333333333333 0.00133333333333333 0.176 0.176 0.00133333333333333 0.00133333333333333 0.176 0.00133333333333333 0.00133333333333333 0.00133333333333333 0.00133333333333333 0.036 0.00133333333333333; % K D=0.6
0.00133333333333333 0.00133333333333333 0.000222222222222222 0.000222222222222222 0.988222222222222 0.00133333333333333 0.000222222222222222 0.000222222222222222 0.00133333333333333 0.00133333333333333 0.000222222222222222 0.000222222222222222 0.00133333333333333 0.000222222222222222 0.000222222222222222 0.000222222222222222 0.000222222222222222 0.00133333333333333 0.000222222222222222; % L D=0.6
0.00133333333333333 0.00133333333333333 0.000222222222222222 0.988222222222222 0.000222222222222222 0.00133333333333333 0.000222222222222222 0.000222222222222222 0.00133333333333333 0.00133333333333333 0.000222222222222222 0.000222222222222222 0.00133333333333333 0.000222222222222222 0.000222222222222222 0.000222222222222222 0.000222222222222222 0.00133333333333333 0.000222222222222222; % P D=0.6
