syllables = '$BDGKLPTVZbdgklptvz';
discounts = [0.1 0.2 0.3 0.4 0.5 0.6 0.7 0.8 0.9 0.95];
kn_probs = [0.00276923076923077 0.158769230769231 0.000461538461538462 0.000461538461538462 0.000461538461538462 0.000461538461538462 0.000461538461538462 0.198307692307692 0.000461538461538462 0.198307692307692 0.000461538461538462 0.000461538461538462 0.0787692307692308 0.000461538461538462 0.158769230769231 0.000461538461538462 0.198769230769231 0.000461538461538462 0.000461538461538462; % $ D=0.1
0.000678733031674208 0.000678733031674208 0.000113122171945701 0.000113122171945701 0.000113122171945701 0.000113122171945701 0.000113122171945701 0.000565610859728507 0.000113122171945701 0.000565610859728507 0.000113122171945701 0.000113122171945701 0.000678733031674208 0.000113122171945701 0.000678733031674208 0.000113122171945701 0.000678733031674208 0.000113122171945701 0.994230769230769; % B D=0.1
0.000721153846153846 0.000721153846153846 0.000120192307692308 0.000120192307692308 0.000120192307692308 0.000120192307692308 0.993870192307692 0.000600961538461538 0.000120192307692308 0.000600961538461538 0.000120192307692308 0.000120192307692308 0.000721153846153846 0.000120192307692308 0.000721153846153846 0.000120192307692308 0.000721153846153846 0.000120192307692308 0.000120192307692308; % D D=0.1
0.000678733031674208 0.000678733031674208 0.000113122171945701 0.000113122171945701 0.000113122171945701 0.994230769230769 0.000113122171945701 0.000565610859728507 0.000113122171945701 0.000565610859728507 0.000113122171945701 0.000113122171945701 0.000678733031674208 0.000113122171945701 0.000678733031674208 0.000113122171945701 0.000678733031674208 0.000113122171945701 0.000113122171945701; % G D=0.1
0.184855769230769 0.122355769230769 0.000600961538461538 0.000600961538461538 0.000600961538461538 0.000600961538461538 0.000600961538461538 0.00300480769230769 0.000600961538461538 0.00300480769230769 0.000600961538461538 0.000600961538461538 0.184855769230769 0.000600961538461538 0.247355769230769 0.000600961538461538 0.247355769230769 0.000600961538461538 0.000600961538461538; % K D=0.1
0.000678733031674208 0.000678733031674208 0.000113122171945701 0.000113122171945701 0.000113122171945701 0.000113122171945701 0.000113122171945701 0.000565610859728507 0.000113122171945701 0.000565610859728507 0.000113122171945701 0.000113122171945701 0.000678733031674208 0.000113122171945701 0.000678733031674208 0.994230769230769 0.000678733031674208 0.000113122171945701 0.000113122171945701; % L D=0.1
0.000721153846153846 0.000721153846153846 0.000120192307692308 0.000120192307692308 0.000120192307692308 0.000120192307692308 0.000120192307692308 0.000600961538461538 0.000120192307692308 0.000600961538461538 0.000120192307692308 0.000120192307692308 0.000721153846153846 0.000120192307692308 0.000721153846153846 0.000120192307692308 0.000721153846153846 0.993870192307692 0.000120192307692308; % P D=0.1
0.000678733031674208 0.000678733031674208 0.000113122171945701 0.994230769230769 0.000113122171945701 0.000113122171945701 0.000113122171945701 0.000565610859728507 0.000113122171945701 0.000565610859728507 0.000113122171945701 0.000113122171945701 0.000678733031674208 0.000113122171945701 0.000678733031674208 0.000113122171945701 0.000678733031674208 0.000113122171945701 0.000113122171945701; % T D=0.1
0.409954751131222 0.233484162895928 0.000678733031674208 0.000678733031674208 0.000678733031674208 0.000678733031674208 0.000678733031674208 0.173981900452489 0.000678733031674208 0.0563348416289593 0.000678733031674208 0.000678733031674208 0.0570135746606335 0.000678733031674208 0.00407239819004525 0.000678733031674208 0.0570135746606335 0.000678733031674208 0.000678733031674208; % V D=0.1
0.000721153846153846 0.000721153846153846 0.000120192307692308 0.000120192307692308 0.993870192307692 0.000120192307692308 0.000120192307692308 0.000600961538461538 0.000120192307692308 0.000600961538461538 0.000120192307692308 0.000120192307692308 0.000721153846153846 0.000120192307692308 0.000721153846153846 0.000120192307692308 0.000721153846153846 0.000120192307692308 0.000120192307692308; % Z D=0.1
0.000678733031674208 0.000678733031674208 0.000113122171945701 0.000113122171945701 0.000113122171945701 0.000113122171945701 0.000113122171945701 0.000565610859728507 0.000113122171945701 0.000565610859728507 0.000113122171945701 0.994230769230769 0.000678733031674208 0.000113122171945701 0.000678733031674208 0.000113122171945701 0.000678733031674208 0.000113122171945701 0.000113122171945701; % b D=0.1
0.233484162895928 0.233484162895928 0.000678733031674208 0.000678733031674208 0.000678733031674208 0.000678733031674208 0.000678733031674208 0.173981900452489 0.000678733031674208 0.115158371040724 0.000678733031674208 0.000678733031674208 0.00407239819004525 0.000678733031674208 0.115837104072398 0.000678733031674208 0.115837104072398 0.000678733031674208 0.000678733031674208; % d D=0.1
0.000678733031674208 0.000678733031674208 0.000113122171945701 0.000113122171945701 0.000113122171945701 0.000113122171945701 0.000113122171945701 0.000565610859728507 0.000113122171945701 0.000565610859728507 0.994230769230769 0.000113122171945701 0.000678733031674208 0.000113122171945701 0.000678733031674208 0.000113122171945701 0.000678733031674208 0.000113122171945701 0.000113122171945701; % g D=0.1
0.174660633484163 0.00407239819004525 0.000678733031674208 0.000678733031674208 0.000678733031674208 0.000678733031674208 0.000678733031674208 0.0563348416289593 0.000678733031674208 0.115158371040724 0.000678733031674208 0.000678733031674208 0.409954751131222 0.000678733031674208 0.115837104072398 0.000678733031674208 0.115837104072398 0.000678733031674208 0.000678733031674208; % k D=0.1
0.000678733031674208 0.000678733031674208 0.000113122171945701 0.000113122171945701 0.000113122171945701 0.000113122171945701 0.000113122171945701 0.000565610859728507 0.994230769230769 0.000565610859728507 0.000113122171945701 0.000113122171945701 0.000678733031674208 0.000113122171945701 0.000678733031674208 0.000113122171945701 0.000678733031674208 0.000113122171945701 0.000113122171945701; % l D=0.1
0.292307692307692 0.0570135746606335 0.000678733031674208 0.000678733031674208 0.000678733031674208 0.000678733031674208 0.000678733031674208 0.00339366515837104 0.000678733031674208 0.350452488687783 0.000678733031674208 0.000678733031674208 0.115837104072398 0.000678733031674208 0.0570135746606335 0.000678733031674208 0.115837104072398 0.000678733031674208 0.000678733031674208; % p D=0.1
0.000721153846153846 0.000721153846153846 0.993870192307692 0.000120192307692308 0.000120192307692308 0.000120192307692308 0.000120192307692308 0.000600961538461538 0.000120192307692308 0.000600961538461538 0.000120192307692308 0.000120192307692308 0.000721153846153846 0.000120192307692308 0.000721153846153846 0.000120192307692308 0.000721153846153846 0.000120192307692308 0.000120192307692308; % t D=0.1
0.184855769230769 0.122355769230769 0.000600961538461538 0.000600961538461538 0.000600961538461538 0.000600961538461538 0.000600961538461538 0.309254807692308 0.000600961538461538 0.00300480769230769 0.000600961538461538 0.000600961538461538 0.122355769230769 0.000600961538461538 0.247355769230769 0.000600961538461538 0.00360576923076923 0.000600961538461538 0.000600961538461538; % v D=0.1
0.000678733031674208 0.000678733031674208 0.000113122171945701 0.000113122171945701 0.000113122171945701 0.000113122171945701 0.000113122171945701 0.000565610859728507 0.000113122171945701 0.000565610859728507 0.000113122171945701 0.000113122171945701 0.000678733031674208 0.994230769230769 0.000678733031674208 0.000113122171945701 0.000678733031674208 0.000113122171945701 0.000113122171945701; % z D=0.1
