syllables = '$BDGKLPTVZbdgklptvz';
discounts = [0.1 0.2 0.3 0.4 0.5 0.6 0.7 0.8 0.9 0.95];
kn_probs = [0.000218181818181818 0.149884848484848 3.63636363636364e-05 3.63636363636364e-05 0.149884848484848 3.63636363636364e-05 3.63636363636364e-05 0.169921212121212 3.63636363636364e-05 3.63636363636364e-05 3.63636363636364e-05 3.63636363636364e-05 3.63636363636364e-05 3.63636363636364e-05 0.176551515151515 0.169884848484848 0.183218181818182 3.63636363636364e-05 3.63636363636364e-05; % $ D=0.1
5.45454545454546e-05 5.45454545454546e-05 9.09090909090909e-06 9.09090909090909e-06 5.45454545454546e-05 9.09090909090909e-06 9.09090909090909e-06 6.36363636363636e-05 9.09090909090909e-06 9.09090909090909e-06 9.09090909090909e-06 9.09090909090909e-06 9.09090909090909e-06 0.999509090909091 5.45454545454546e-05 5.45454545454546e-05 5.45454545454546e-05 9.09090909090909e-06 9.09090909090909e-06; % B D=0.1
5.45454545454546e-05 5.45454545454546e-05 9.09090909090909e-06 9.09090909090909e-06 5.45454545454546e-05 9.09090909090909e-06 9.09090909090909e-06 6.36363636363636e-05 9.09090909090909e-06 0.999509090909091 9.09090909090909e-06 9.09090909090909e-06 9.09090909090909e-06 9.09090909090909e-06 5.45454545454546e-05 5.45454545454546e-05 5.45454545454546e-05 9.09090909090909e-06 9.09090909090909e-06; % D D=0.1
0.209827272727273 0.199827272727273 5.45454545454546e-05 5.45454545454546e-05 0.149827272727273 5.45454545454546e-05 5.45454545454546e-05 0.124881818181818 5.45454545454546e-05 5.45454545454546e-05 5.45454545454546e-05 5.45454545454546e-05 5.45454545454546e-05 5.45454545454546e-05 0.000327272727272727 0.174827272727273 0.139827272727273 5.45454545454546e-05 5.45454545454546e-05; % G D=0.1
5.45454545454546e-05 5.45454545454546e-05 0.999509090909091 9.09090909090909e-06 5.45454545454546e-05 9.09090909090909e-06 9.09090909090909e-06 6.36363636363636e-05 9.09090909090909e-06 9.09090909090909e-06 9.09090909090909e-06 9.09090909090909e-06 9.09090909090909e-06 9.09090909090909e-06 5.45454545454546e-05 5.45454545454546e-05 5.45454545454546e-05 9.09090909090909e-06 9.09090909090909e-06; % K D=0.1
0.284827272727273 0.000327272727272727 5.45454545454546e-05 5.45454545454546e-05 0.144827272727273 5.45454545454546e-05 5.45454545454546e-05 0.129881818181818 5.45454545454546e-05 5.45454545454546e-05 5.45454545454546e-05 5.45454545454546e-05 5.45454545454546e-05 5.45454545454546e-05 0.119827272727273 0.164827272727273 0.154827272727273 5.45454545454546e-05 5.45454545454546e-05; % L D=0.1
0.264827272727273 0.0948272727272727 5.45454545454546e-05 5.45454545454546e-05 0.184827272727273 5.45454545454546e-05 5.45454545454546e-05 0.149881818181818 5.45454545454546e-05 5.45454545454546e-05 5.45454545454546e-05 5.45454545454546e-05 5.45454545454546e-05 5.45454545454546e-05 0.129827272727273 0.000327272727272727 0.174827272727273 5.45454545454546e-05 5.45454545454546e-05; % P D=0.1
5.45454545454546e-05 5.45454545454546e-05 9.09090909090909e-06 9.09090909090909e-06 5.45454545454546e-05 9.09090909090909e-06 9.09090909090909e-06 6.36363636363636e-05 9.09090909090909e-06 9.09090909090909e-06 9.09090909090909e-06 9.09090909090909e-06 0.999509090909091 9.09090909090909e-06 5.45454545454546e-05 5.45454545454546e-05 5.45454545454546e-05 9.09090909090909e-06 9.09090909090909e-06; % T D=0.1
0.269827272727273 0.124827272727273 5.45454545454546e-05 5.45454545454546e-05 0.164827272727273 5.45454545454546e-05 5.45454545454546e-05 0.164881818181818 5.45454545454546e-05 5.45454545454546e-05 5.45454545454546e-05 5.45454545454546e-05 5.45454545454546e-05 5.45454545454546e-05 0.154827272727273 0.119827272727273 0.000327272727272727 5.45454545454546e-05 5.45454545454546e-05; % V D=0.1
0.244827272727273 0.164827272727273 5.45454545454546e-05 5.45454545454546e-05 0.000327272727272727 5.45454545454546e-05 5.45454545454546e-05 0.154881818181818 5.45454545454546e-05 5.45454545454546e-05 5.45454545454546e-05 5.45454545454546e-05 5.45454545454546e-05 5.45454545454546e-05 0.159827272727273 0.124827272727273 0.149827272727273 5.45454545454546e-05 5.45454545454546e-05; % Z D=0.1
5.45454545454546e-05 5.45454545454546e-05 9.09090909090909e-06 9.09090909090909e-06 5.45454545454546e-05 9.09090909090909e-06 9.09090909090909e-06 6.36363636363636e-05 9.09090909090909e-06 9.09090909090909e-06 9.09090909090909e-06 9.09090909090909e-06 9.09090909090909e-06 9.09090909090909e-06 5.45454545454546e-05 5.45454545454546e-05 5.45454545454546e-05 9.09090909090909e-06 0.999509090909091; % b D=0.1
5.45454545454546e-05 5.45454545454546e-05 9.09090909090909e-06 9.09090909090909e-06 5.45454545454546e-05 9.09090909090909e-06 0.999509090909091 6.36363636363636e-05 9.09090909090909e-06 9.09090909090909e-06 9.09090909090909e-06 9.09090909090909e-06 9.09090909090909e-06 9.09090909090909e-06 5.45454545454546e-05 5.45454545454546e-05 5.45454545454546e-05 9.09090909090909e-06 9.09090909090909e-06; % d D=0.1
0.224881818181818 0.189881818181818 6.36363636363636e-05 6.36363636363636e-05 0.129881818181818 6.36363636363636e-05 6.36363636363636e-05 0.0199454545454545 6.36363636363636e-05 6.36363636363636e-05 6.36363636363636e-05 6.36363636363636e-05 6.36363636363636e-05 6.36363636363636e-05 0.169881818181818 0.159881818181818 0.104881818181818 6.36363636363636e-05 6.36363636363636e-05; % g D=0.1
5.45454545454546e-05 5.45454545454546e-05 9.09090909090909e-06 9.09090909090909e-06 5.45454545454546e-05 9.09090909090909e-06 9.09090909090909e-06 6.36363636363636e-05 9.09090909090909e-06 9.09090909090909e-06 9.09090909090909e-06 9.09090909090909e-06 9.09090909090909e-06 9.09090909090909e-06 5.45454545454546e-05 5.45454545454546e-05 5.45454545454546e-05 0.999509090909091 9.09090909090909e-06; % k D=0.1
5.45454545454546e-05 5.45454545454546e-05 9.09090909090909e-06 9.09090909090909e-06 5.45454545454546e-05 9.09090909090909e-06 9.09090909090909e-06 6.36363636363636e-05 9.09090909090909e-06 9.09090909090909e-06 0.999509090909091 9.09090909090909e-06 9.09090909090909e-06 9.09090909090909e-06 5.45454545454546e-05 5.45454545454546e-05 5.45454545454546e-05 9.09090909090909e-06 9.09090909090909e-06; % l D=0.1
5.45454545454546e-05 5.45454545454546e-05 9.09090909090909e-06 9.09090909090909e-06 5.45454545454546e-05 9.09090909090909e-06 9.09090909090909e-06 6.36363636363636e-05 9.09090909090909e-06 9.09090909090909e-06 9.09090909090909e-06 0.999509090909091 9.09090909090909e-06 9.09090909090909e-06 5.45454545454546e-05 5.45454545454546e-05 5.45454545454546e-05 9.09090909090909e-06 9.09090909090909e-06; % p D=0.1
5.45454545454546e-05 5.45454545454546e-05 9.09090909090909e-06 9.09090909090909e-06 5.45454545454546e-05 9.09090909090909e-06 9.09090909090909e-06 6.36363636363636e-05 0.999509090909091 9.09090909090909e-06 9.09090909090909e-06 9.09090909090909e-06 9.09090909090909e-06 9.09090909090909e-06 5.45454545454546e-05 5.45454545454546e-05 5.45454545454546e-05 9.09090909090909e-06 9.09090909090909e-06; % t D=0.1
5.45454545454546e-05 5.45454545454546e-05 9.09090909090909e-06 9.09090909090909e-06 5.45454545454546e-05 0.999509090909091 9.09090909090909e-06 6.36363636363636e-05 9.09090909090909e-06 9.09090909090909e-06 9.09090909090909e-06 9.09090909090909e-06 9.09090909090909e-06 9.09090909090909e-06 5.45454545454546e-05 5.45454545454546e-05 5.45454545454546e-05 9.09090909090909e-06 9.09090909090909e-06; % v D=0.1
5.45454545454546e-05 5.45454545454546e-05 9.09090909090909e-06 0.999509090909091 5.45454545454546e-05 9.09090909090909e-06 9.09090909090909e-06 6.36363636363636e-05 9.09090909090909e-06 9.09090909090909e-06 9.09090909090909e-06 9.09090909090909e-06 9.09090909090909e-06 9.09090909090909e-06 5.45454545454546e-05 5.45454545454546e-05 5.45454545454546e-05 9.09090909090909e-06 9.09090909090909e-06; % z D=0.1
