syllables = '$BDGKLPTVZbdgklptvz';
discounts = [0.1 0.2 0.3 0.4 0.5 0.6 0.7 0.8 0.9 0.95];
kn_probs = [0.000290909090909091 4.84848484848485e-05 4.84848484848485e-05 0.150957575757576 4.84848484848485e-05 0.186561616161616 4.84848484848485e-05 0.213179797979798 4.84848484848485e-05 4.84848484848485e-05 4.84848484848485e-05 0.159846464646465 4.84848484848485e-05 0.133179797979798 4.84848484848485e-05 4.84848484848485e-05 4.84848484848485e-05 0.15540202020202 4.84848484848485e-05; % $ D=0.1
0.286436363636364 7.27272727272727e-05 7.27272727272727e-05 0.17310303030303 7.27272727272727e-05 0.159842424242424 7.27272727272727e-05 0.0731030303030303 7.27272727272727e-05 7.27272727272727e-05 7.27272727272727e-05 0.159769696969697 7.27272727272727e-05 0.000436363636363636 7.27272727272727e-05 7.27272727272727e-05 7.27272727272727e-05 0.146436363636364 7.27272727272727e-05; % B D=0.1
0.199842424242424 8.48484848484849e-05 8.48484848484849e-05 0.113175757575758 8.48484848484849e-05 0.00659393939393939 8.48484848484849e-05 0.159842424242424 8.48484848484849e-05 8.48484848484849e-05 8.48484848484849e-05 0.173175757575758 8.48484848484849e-05 0.173175757575758 8.48484848484849e-05 8.48484848484849e-05 8.48484848484849e-05 0.173175757575758 8.48484848484849e-05; % D D=0.1
7.27272727272727e-05 1.21212121212121e-05 1.21212121212121e-05 7.27272727272727e-05 1.21212121212121e-05 8.48484848484849e-05 1.21212121212121e-05 7.27272727272727e-05 0.999345454545455 1.21212121212121e-05 1.21212121212121e-05 7.27272727272727e-05 1.21212121212121e-05 7.27272727272727e-05 1.21212121212121e-05 1.21212121212121e-05 1.21212121212121e-05 7.27272727272727e-05 1.21212121212121e-05; % G D=0.1
0.339769696969697 7.27272727272727e-05 7.27272727272727e-05 0.126436363636364 7.27272727272727e-05 0.126509090909091 7.27272727272727e-05 0.13310303030303 7.27272727272727e-05 7.27272727272727e-05 7.27272727272727e-05 0.146436363636364 7.27272727272727e-05 0.126436363636364 7.27272727272727e-05 7.27272727272727e-05 7.27272727272727e-05 0.000436363636363636 7.27272727272727e-05; % K D=0.1
7.27272727272727e-05 1.21212121212121e-05 0.999345454545455 7.27272727272727e-05 1.21212121212121e-05 8.48484848484849e-05 1.21212121212121e-05 7.27272727272727e-05 1.21212121212121e-05 1.21212121212121e-05 1.21212121212121e-05 7.27272727272727e-05 1.21212121212121e-05 7.27272727272727e-05 1.21212121212121e-05 1.21212121212121e-05 1.21212121212121e-05 7.27272727272727e-05 1.21212121212121e-05; % L D=0.1
7.27272727272727e-05 1.21212121212121e-05 1.21212121212121e-05 7.27272727272727e-05 1.21212121212121e-05 8.48484848484849e-05 1.21212121212121e-05 7.27272727272727e-05 1.21212121212121e-05 1.21212121212121e-05 0.999345454545455 7.27272727272727e-05 1.21212121212121e-05 7.27272727272727e-05 1.21212121212121e-05 1.21212121212121e-05 1.21212121212121e-05 7.27272727272727e-05 1.21212121212121e-05; % P D=0.1
7.27272727272727e-05 1.21212121212121e-05 1.21212121212121e-05 7.27272727272727e-05 1.21212121212121e-05 8.48484848484849e-05 1.21212121212121e-05 7.27272727272727e-05 1.21212121212121e-05 1.21212121212121e-05 1.21212121212121e-05 7.27272727272727e-05 1.21212121212121e-05 7.27272727272727e-05 1.21212121212121e-05 1.21212121212121e-05 0.999345454545455 7.27272727272727e-05 1.21212121212121e-05; % T D=0.1
7.27272727272727e-05 1.21212121212121e-05 1.21212121212121e-05 7.27272727272727e-05 1.21212121212121e-05 8.48484848484849e-05 1.21212121212121e-05 7.27272727272727e-05 1.21212121212121e-05 1.21212121212121e-05 1.21212121212121e-05 7.27272727272727e-05 1.21212121212121e-05 7.27272727272727e-05 0.999345454545455 1.21212121212121e-05 1.21212121212121e-05 7.27272727272727e-05 1.21212121212121e-05; % V D=0.1
0.186436363636364 7.27272727272727e-05 7.27272727272727e-05 0.179769696969697 7.27272727272727e-05 0.139842424242424 7.27272727272727e-05 0.11310303030303 7.27272727272727e-05 7.27272727272727e-05 7.27272727272727e-05 0.000436363636363636 7.27272727272727e-05 0.19310303030303 7.27272727272727e-05 7.27272727272727e-05 7.27272727272727e-05 0.186436363636364 7.27272727272727e-05; % Z D=0.1
7.27272727272727e-05 1.21212121212121e-05 1.21212121212121e-05 7.27272727272727e-05 1.21212121212121e-05 8.48484848484849e-05 1.21212121212121e-05 7.27272727272727e-05 1.21212121212121e-05 0.999345454545455 1.21212121212121e-05 7.27272727272727e-05 1.21212121212121e-05 7.27272727272727e-05 1.21212121212121e-05 1.21212121212121e-05 1.21212121212121e-05 7.27272727272727e-05 1.21212121212121e-05; % b D=0.1
7.27272727272727e-05 1.21212121212121e-05 1.21212121212121e-05 7.27272727272727e-05 1.21212121212121e-05 8.48484848484849e-05 0.999345454545455 7.27272727272727e-05 1.21212121212121e-05 1.21212121212121e-05 1.21212121212121e-05 7.27272727272727e-05 1.21212121212121e-05 7.27272727272727e-05 1.21212121212121e-05 1.21212121212121e-05 1.21212121212121e-05 7.27272727272727e-05 1.21212121212121e-05; % d D=0.1
7.27272727272727e-05 1.21212121212121e-05 1.21212121212121e-05 7.27272727272727e-05 0.999345454545455 8.48484848484849e-05 1.21212121212121e-05 7.27272727272727e-05 1.21212121212121e-05 1.21212121212121e-05 1.21212121212121e-05 7.27272727272727e-05 1.21212121212121e-05 7.27272727272727e-05 1.21212121212121e-05 1.21212121212121e-05 1.21212121212121e-05 7.27272727272727e-05 1.21212121212121e-05; % g D=0.1
7.27272727272727e-05 0.999345454545455 1.21212121212121e-05 7.27272727272727e-05 1.21212121212121e-05 8.48484848484849e-05 1.21212121212121e-05 7.27272727272727e-05 1.21212121212121e-05 1.21212121212121e-05 1.21212121212121e-05 7.27272727272727e-05 1.21212121212121e-05 7.27272727272727e-05 1.21212121212121e-05 1.21212121212121e-05 1.21212121212121e-05 7.27272727272727e-05 1.21212121212121e-05; % k D=0.1
7.27272727272727e-05 1.21212121212121e-05 1.21212121212121e-05 7.27272727272727e-05 1.21212121212121e-05 8.48484848484849e-05 1.21212121212121e-05 7.27272727272727e-05 1.21212121212121e-05 1.21212121212121e-05 1.21212121212121e-05 7.27272727272727e-05 1.21212121212121e-05 7.27272727272727e-05 1.21212121212121e-05 0.999345454545455 1.21212121212121e-05 7.27272727272727e-05 1.21212121212121e-05; % l D=0.1
0.286436363636364 7.27272727272727e-05 7.27272727272727e-05 0.000436363636363636 7.27272727272727e-05 0.119842424242424 7.27272727272727e-05 0.199769696969697 7.27272727272727e-05 7.27272727272727e-05 7.27272727272727e-05 0.139769696969697 7.27272727272727e-05 0.15310303030303 7.27272727272727e-05 7.27272727272727e-05 7.27272727272727e-05 0.099769696969697 7.27272727272727e-05; % p D=0.1
7.27272727272727e-05 1.21212121212121e-05 1.21212121212121e-05 7.27272727272727e-05 1.21212121212121e-05 8.48484848484849e-05 1.21212121212121e-05 7.27272727272727e-05 1.21212121212121e-05 1.21212121212121e-05 1.21212121212121e-05 7.27272727272727e-05 1.21212121212121e-05 7.27272727272727e-05 1.21212121212121e-05 1.21212121212121e-05 1.21212121212121e-05 7.27272727272727e-05 0.999345454545455; % t D=0.1
7.27272727272727e-05 1.21212121212121e-05 1.21212121212121e-05 7.27272727272727e-05 1.21212121212121e-05 8.48484848484849e-05 1.21212121212121e-05 7.27272727272727e-05 1.21212121212121e-05 1.21212121212121e-05 1.21212121212121e-05 7.27272727272727e-05 0.999345454545455 7.27272727272727e-05 1.21212121212121e-05 1.21212121212121e-05 1.21212121212121e-05 7.27272727272727e-05 1.21212121212121e-05; % v D=0.1
0.199769696969697 7.27272727272727e-05 7.27272727272727e-05 0.179769696969697 7.27272727272727e-05 0.166509090909091 7.27272727272727e-05 0.000436363636363636 7.27272727272727e-05 7.27272727272727e-05 7.27272727272727e-05 0.139769696969697 7.27272727272727e-05 0.15310303030303 7.27272727272727e-05 7.27272727272727e-05 7.27272727272727e-05 0.159769696969697 7.27272727272727e-05; % z D=0.1
