syllables = '$BDGKLPTVZbdgklptvz';
discounts = [0.1 0.2 0.3 0.4 0.5 0.6 0.7 0.8 0.9 0.95];
kn_probs = [0.00288 0.00048 0.00048 0.00048 0.1584 0.0784 0.15888 0.00048 0.00048 0.00048 0.00048 0.00048 0.00048 0.00048 0.1584 0.2384 0.19888 0.00048 0.00048; % $ D=0.1
0.350588235294118 0.000588235294117647 0.000588235294117647 0.000588235294117647 0.173529411764706 0.0558823529411765 0.174117647058824 0.000588235294117647 0.000588235294117647 0.000588235294117647 0.000588235294117647 0.000588235294117647 0.000588235294117647 0.000588235294117647 0.232352941176471 0.00294117647058824 0.00352941176470588 0.000588235294117647 0.000588235294117647; % B D=0.1
0.000705882352941177 0.994235294117647 0.000117647058823529 0.000117647058823529 0.000588235294117647 0.000588235294117647 0.000705882352941177 0.000117647058823529 0.000117647058823529 0.000117647058823529 0.000117647058823529 0.000117647058823529 0.000117647058823529 0.000117647058823529 0.000588235294117647 0.000588235294117647 0.000705882352941177 0.000117647058823529 0.000117647058823529; % D D=0.1
0.12325 0.00075 0.00075 0.00075 0.00375 0.2475 0.06075 0.00075 0.00075 0.00075 0.00075 0.00075 0.00075 0.00075 0.06 0.2475 0.24825 0.00075 0.00075; % G D=0.1
0.00075 0.000125 0.000125 0.000125 0.000625 0.000625 0.00075 0.000125 0.000125 0.000125 0.000125 0.000125 0.993875 0.000125 0.000625 0.000625 0.00075 0.000125 0.000125; % K D=0.1
0.000705882352941177 0.000117647058823529 0.000117647058823529 0.000117647058823529 0.000588235294117647 0.000588235294117647 0.000705882352941177 0.000117647058823529 0.000117647058823529 0.994235294117647 0.000117647058823529 0.000117647058823529 0.000117647058823529 0.000117647058823529 0.000588235294117647 0.000588235294117647 0.000705882352941177 0.000117647058823529 0.000117647058823529; % L D=0.1
0.000705882352941177 0.000117647058823529 0.000117647058823529 0.000117647058823529 0.000588235294117647 0.000588235294117647 0.000705882352941177 0.000117647058823529 0.000117647058823529 0.000117647058823529 0.000117647058823529 0.000117647058823529 0.000117647058823529 0.000117647058823529 0.000588235294117647 0.000588235294117647 0.000705882352941177 0.994235294117647 0.000117647058823529; % P D=0.1
0.351294117647059 0.000705882352941177 0.000705882352941177 0.000705882352941177 0.115294117647059 0.00352941176470588 0.116 0.000705882352941177 0.000705882352941177 0.000705882352941177 0.000705882352941177 0.000705882352941177 0.000705882352941177 0.000705882352941177 0.174117647058824 0.115294117647059 0.116 0.000705882352941177 0.000705882352941177; % T D=0.1
0.00075 0.000125 0.000125 0.000125 0.000625 0.000625 0.00075 0.000125 0.000125 0.000125 0.993875 0.000125 0.000125 0.000125 0.000625 0.000625 0.00075 0.000125 0.000125; % V D=0.1
0.000705882352941177 0.000117647058823529 0.000117647058823529 0.000117647058823529 0.000588235294117647 0.000588235294117647 0.000705882352941177 0.994235294117647 0.000117647058823529 0.000117647058823529 0.000117647058823529 0.000117647058823529 0.000117647058823529 0.000117647058823529 0.000588235294117647 0.000588235294117647 0.000705882352941177 0.000117647058823529 0.000117647058823529; % Z D=0.1
0.3725 0.000625 0.000625 0.000625 0.309375 0.003125 0.185 0.000625 0.000625 0.000625 0.000625 0.000625 0.000625 0.000625 0.003125 0.059375 0.06 0.000625 0.000625; % b D=0.1
0.00075 0.000125 0.000125 0.000125 0.000625 0.000625 0.00075 0.000125 0.993875 0.000125 0.000125 0.000125 0.000125 0.000125 0.000625 0.000625 0.00075 0.000125 0.000125; % d D=0.1
0.00075 0.000125 0.000125 0.993875 0.000625 0.000625 0.00075 0.000125 0.000125 0.000125 0.000125 0.000125 0.000125 0.000125 0.000625 0.000625 0.00075 0.000125 0.000125; % g D=0.1
0.000705882352941177 0.000117647058823529 0.994235294117647 0.000117647058823529 0.000588235294117647 0.000588235294117647 0.000705882352941177 0.000117647058823529 0.000117647058823529 0.000117647058823529 0.000117647058823529 0.000117647058823529 0.000117647058823529 0.000117647058823529 0.000588235294117647 0.000588235294117647 0.000705882352941177 0.000117647058823529 0.000117647058823529; % k D=0.1
0.00075 0.000125 0.000125 0.000125 0.000625 0.000625 0.00075 0.000125 0.000125 0.000125 0.000125 0.993875 0.000125 0.000125 0.000625 0.000625 0.00075 0.000125 0.000125; % l D=0.1
0.000705882352941177 0.000117647058823529 0.000117647058823529 0.000117647058823529 0.000588235294117647 0.000588235294117647 0.000705882352941177 0.000117647058823529 0.000117647058823529 0.000117647058823529 0.000117647058823529 0.000117647058823529 0.000117647058823529 0.000117647058823529 0.000588235294117647 0.000588235294117647 0.000705882352941177 0.000117647058823529 0.994235294117647; % p D=0.1
0.000705882352941177 0.000117647058823529 0.000117647058823529 0.000117647058823529 0.000588235294117647 0.000588235294117647 0.000705882352941177 0.000117647058823529 0.000117647058823529 0.000117647058823529 0.000117647058823529 0.000117647058823529 0.000117647058823529 0.994235294117647 0.000588235294117647 0.000588235294117647 0.000705882352941177 0.000117647058823529 0.000117647058823529; % t D=0.1
0.115294117647059 0.000588235294117647 0.000588235294117647 0.000588235294117647 0.00294117647058824 0.232352941176471 0.00352941176470588 0.000588235294117647 0.000588235294117647 0.000588235294117647 0.000588235294117647 0.000588235294117647 0.000588235294117647 0.000588235294117647 0.232352941176471 0.232352941176471 0.174117647058824 0.000588235294117647 0.000588235294117647; % v D=0.1
0.174117647058824 0.000588235294117647 0.000588235294117647 0.000588235294117647 0.114705882352941 0.35 0.232941176470588 0.000588235294117647 0.000588235294117647 0.000588235294117647 0.000588235294117647 0.000588235294117647 0.000588235294117647 0.000588235294117647 0.00294117647058824 0.00294117647058824 0.115294117647059 0.000588235294117647 0.000588235294117647; % z D=0.1
0.00576 0.00096 0.00096 0.00096 0.1568 0.0768 0.15776 0.00096 0.00096 0.00096 0.00096 0.00096 0.00096 0.00096 0.1568 0.2368 0.19776 0.00096 0.00096; % $ D=0.2
0.348235294117647 0.00117647058823529 0.00117647058823529 0.00117647058823529 0.170588235294118 0.0529411764705882 0.171764705882353 0.00117647058823529 0.00117647058823529 0.00117647058823529 0.00117647058823529 0.00117647058823529 0.00117647058823529 0.00117647058823529 0.229411764705882 0.00588235294117647 0.00705882352941176 0.00117647058823529 0.00117647058823529; % B D=0.2
0.00141176470588235 0.988470588235294 0.000235294117647059 0.000235294117647059 0.00117647058823529 0.00117647058823529 0.00141176470588235 0.000235294117647059 0.000235294117647059 0.000235294117647059 0.000235294117647059 0.000235294117647059 0.000235294117647059 0.000235294117647059 0.00117647058823529 0.00117647058823529 0.00141176470588235 0.000235294117647059 0.000235294117647059; % D D=0.2
0.1215 0.0015 0.0015 0.0015 0.0075 0.245 0.059 0.0015 0.0015 0.0015 0.0015 0.0015 0.0015 0.0015 0.0575 0.245 0.2465 0.0015 0.0015; % G D=0.2
0.0015 0.00025 0.00025 0.00025 0.00125 0.00125 0.0015 0.00025 0.00025 0.00025 0.00025 0.00025 0.98775 0.00025 0.00125 0.00125 0.0015 0.00025 0.00025; % K D=0.2
0.00141176470588235 0.000235294117647059 0.000235294117647059 0.000235294117647059 0.00117647058823529 0.00117647058823529 0.00141176470588235 0.000235294117647059 0.000235294117647059 0.988470588235294 0.000235294117647059 0.000235294117647059 0.000235294117647059 0.000235294117647059 0.00117647058823529 0.00117647058823529 0.00141176470588235 0.000235294117647059 0.000235294117647059; % L D=0.2
0.00141176470588235 0.000235294117647059 0.000235294117647059 0.000235294117647059 0.00117647058823529 0.00117647058823529 0.00141176470588235 0.000235294117647059 0.000235294117647059 0.000235294117647059 0.000235294117647059 0.000235294117647059 0.000235294117647059 0.000235294117647059 0.00117647058823529 0.00117647058823529 0.00141176470588235 0.988470588235294 0.000235294117647059; % P D=0.2
