syllables = '$BDGKLPTVZbdgklptvz';
discounts = [0.1 0.2 0.3 0.4 0.5 0.6 0.7 0.8 0.9 0.95];
kn_probs = [0.000436363636363636 7.27272727272727e-05 7.27272727272727e-05 0.186436363636364 7.27272727272727e-05 7.27272727272727e-05 7.27272727272727e-05 0.19310303030303 7.27272727272727e-05 7.27272727272727e-05 0.199769696969697 0.13310303030303 7.27272727272727e-05 0.166436363636364 7.27272727272727e-05 7.27272727272727e-05 0.119842424242424 7.27272727272727e-05 7.27272727272727e-05; % $ D=0.1
0.299654545454545 0.000109090909090909 0.000109090909090909 0.000654545454545455 0.000109090909090909 0.000109090909090909 0.000109090909090909 0.0796545454545455 0.000109090909090909 0.000109090909090909 0.119654545454545 0.179654545454545 0.000109090909090909 0.129654545454545 0.000109090909090909 0.000109090909090909 0.189763636363636 0.000109090909090909 0.000109090909090909; % B D=0.1
0.000109090909090909 1.81818181818182e-05 1.81818181818182e-05 0.000109090909090909 1.81818181818182e-05 1.81818181818182e-05 1.81818181818182e-05 0.000109090909090909 1.81818181818182e-05 1.81818181818182e-05 0.000109090909090909 0.000109090909090909 1.81818181818182e-05 0.000109090909090909 1.81818181818182e-05 1.81818181818182e-05 0.000127272727272727 1.81818181818182e-05 0.999018181818182; % D D=0.1
0.000109090909090909 0.999018181818182 1.81818181818182e-05 0.000109090909090909 1.81818181818182e-05 1.81818181818182e-05 1.81818181818182e-05 0.000109090909090909 1.81818181818182e-05 1.81818181818182e-05 0.000109090909090909 0.000109090909090909 1.81818181818182e-05 0.000109090909090909 1.81818181818182e-05 1.81818181818182e-05 0.000127272727272727 1.81818181818182e-05 1.81818181818182e-05; % G D=0.1
0.319654545454545 0.000109090909090909 0.000109090909090909 0.109654545454545 0.000109090909090909 0.000109090909090909 0.000109090909090909 0.149654545454545 0.000109090909090909 0.000109090909090909 0.119654545454545 0.000654545454545455 0.000109090909090909 0.169654545454545 0.000109090909090909 0.000109090909090909 0.129763636363636 0.000109090909090909 0.000109090909090909; % K D=0.1
0.000109090909090909 1.81818181818182e-05 1.81818181818182e-05 0.000109090909090909 1.81818181818182e-05 1.81818181818182e-05 1.81818181818182e-05 0.000109090909090909 1.81818181818182e-05 1.81818181818182e-05 0.000109090909090909 0.000109090909090909 1.81818181818182e-05 0.000109090909090909 0.999018181818182 1.81818181818182e-05 0.000127272727272727 1.81818181818182e-05 1.81818181818182e-05; % L D=0.1
0.189654545454545 0.000109090909090909 0.000109090909090909 0.129654545454545 0.000109090909090909 0.000109090909090909 0.000109090909090909 0.169654545454545 0.000109090909090909 0.000109090909090909 0.000654545454545455 0.139654545454545 0.000109090909090909 0.169654545454545 0.000109090909090909 0.000109090909090909 0.199763636363636 0.000109090909090909 0.000109090909090909; % P D=0.1
0.000109090909090909 1.81818181818182e-05 1.81818181818182e-05 0.000109090909090909 1.81818181818182e-05 1.81818181818182e-05 1.81818181818182e-05 0.000109090909090909 1.81818181818182e-05 1.81818181818182e-05 0.000109090909090909 0.000109090909090909 0.999018181818182 0.000109090909090909 1.81818181818182e-05 1.81818181818182e-05 0.000127272727272727 1.81818181818182e-05 1.81818181818182e-05; % T D=0.1
0.000109090909090909 1.81818181818182e-05 1.81818181818182e-05 0.000109090909090909 0.999018181818182 1.81818181818182e-05 1.81818181818182e-05 0.000109090909090909 1.81818181818182e-05 1.81818181818182e-05 0.000109090909090909 0.000109090909090909 1.81818181818182e-05 0.000109090909090909 1.81818181818182e-05 1.81818181818182e-05 0.000127272727272727 1.81818181818182e-05 1.81818181818182e-05; % V D=0.1
0.219654545454545 0.000109090909090909 0.000109090909090909 0.129654545454545 0.000109090909090909 0.000109090909090909 0.000109090909090909 0.149654545454545 0.000109090909090909 0.000109090909090909 0.149654545454545 0.169654545454545 0.000109090909090909 0.000654545454545455 0.000109090909090909 0.000109090909090909 0.179763636363636 0.000109090909090909 0.000109090909090909; % Z D=0.1
0.000109090909090909 1.81818181818182e-05 1.81818181818182e-05 0.000109090909090909 1.81818181818182e-05 0.999018181818182 1.81818181818182e-05 0.000109090909090909 1.81818181818182e-05 1.81818181818182e-05 0.000109090909090909 0.000109090909090909 1.81818181818182e-05 0.000109090909090909 1.81818181818182e-05 1.81818181818182e-05 0.000127272727272727 1.81818181818182e-05 1.81818181818182e-05; % b D=0.1
0.000109090909090909 1.81818181818182e-05 1.81818181818182e-05 0.000109090909090909 1.81818181818182e-05 1.81818181818182e-05 1.81818181818182e-05 0.000109090909090909 0.999018181818182 1.81818181818182e-05 0.000109090909090909 0.000109090909090909 1.81818181818182e-05 0.000109090909090909 1.81818181818182e-05 1.81818181818182e-05 0.000127272727272727 1.81818181818182e-05 1.81818181818182e-05; % d D=0.1
0.000109090909090909 1.81818181818182e-05 1.81818181818182e-05 0.000109090909090909 1.81818181818182e-05 1.81818181818182e-05 1.81818181818182e-05 0.000109090909090909 1.81818181818182e-05 1.81818181818182e-05 0.000109090909090909 0.000109090909090909 1.81818181818182e-05 0.000109090909090909 1.81818181818182e-05 1.81818181818182e-05 0.000127272727272727 0.999018181818182 1.81818181818182e-05; % g D=0.1
0.000109090909090909 1.81818181818182e-05 1.81818181818182e-05 0.000109090909090909 1.81818181818182e-05 1.81818181818182e-05 1.81818181818182e-05 0.000109090909090909 1.81818181818182e-05 0.999018181818182 0.000109090909090909 0.000109090909090909 1.81818181818182e-05 0.000109090909090909 1.81818181818182e-05 1.81818181818182e-05 0.000127272727272727 1.81818181818182e-05 1.81818181818182e-05; % k D=0.1
0.000109090909090909 1.81818181818182e-05 1.81818181818182e-05 0.000109090909090909 1.81818181818182e-05 1.81818181818182e-05 0.999018181818182 0.000109090909090909 1.81818181818182e-05 1.81818181818182e-05 0.000109090909090909 0.000109090909090909 1.81818181818182e-05 0.000109090909090909 1.81818181818182e-05 1.81818181818182e-05 0.000127272727272727 1.81818181818182e-05 1.81818181818182e-05; % l D=0.1
0.000109090909090909 1.81818181818182e-05 0.999018181818182 0.000109090909090909 1.81818181818182e-05 1.81818181818182e-05 1.81818181818182e-05 0.000109090909090909 1.81818181818182e-05 1.81818181818182e-05 0.000109090909090909 0.000109090909090909 1.81818181818182e-05 0.000109090909090909 1.81818181818182e-05 1.81818181818182e-05 0.000127272727272727 1.81818181818182e-05 1.81818181818182e-05; % p D=0.1
0.000109090909090909 1.81818181818182e-05 1.81818181818182e-05 0.000109090909090909 1.81818181818182e-05 1.81818181818182e-05 1.81818181818182e-05 0.000109090909090909 1.81818181818182e-05 1.81818181818182e-05 0.000109090909090909 0.000109090909090909 1.81818181818182e-05 0.000109090909090909 1.81818181818182e-05 0.999018181818182 0.000127272727272727 1.81818181818182e-05 1.81818181818182e-05; % t D=0.1
0.269654545454545 0.000109090909090909 0.000109090909090909 0.179654545454545 0.000109090909090909 0.000109090909090909 0.000109090909090909 0.000654545454545455 0.000109090909090909 0.000109090909090909 0.179654545454545 0.139654545454545 0.000109090909090909 0.119654545454545 0.000109090909090909 0.000109090909090909 0.109763636363636 0.000109090909090909 0.000109090909090909; % v D=0.1
0.199763636363636 0.000127272727272727 0.000127272727272727 0.169763636363636 0.000127272727272727 0.000127272727272727 0.000127272727272727 0.159763636363636 0.000127272727272727 0.000127272727272727 0.129763636363636 0.169763636363636 0.000127272727272727 0.159763636363636 0.000127272727272727 0.000127272727272727 0.00989090909090909 0.000127272727272727 0.000127272727272727; % z D=0.1
