syllables = '$BDGKLPTVZbdgklptvz';
discounts = [0.1 0.2 0.3 0.4 0.5 0.6 0.7 0.8 0.9 0.95];
kn_probs = [0.00282352941176471 0.118352941176471 0.118823529411765 0.000470588235294118 0.000470588235294118 0.238352941176471 0.000470588235294118 0.000470588235294118 0.000470588235294118 0.000470588235294118 0.0788235294117647 0.000470588235294118 0.198823529411765 0.238352941176471 0.000470588235294118 0.000470588235294118 0.000470588235294118 0.000470588235294118 0.000470588235294118; % $ D=0.1
0.00069204152249135 0.000576701268742791 0.00069204152249135 0.000115340253748558 0.994232987312572 0.000576701268742791 0.000115340253748558 0.000115340253748558 0.000115340253748558 0.000115340253748558 0.00069204152249135 0.000115340253748558 0.00069204152249135 0.000576701268742791 0.000115340253748558 0.000115340253748558 0.000115340253748558 0.000115340253748558 0.000115340253748558; % B D=0.1
0.00069204152249135 0.000576701268742791 0.00069204152249135 0.994232987312572 0.000115340253748558 0.000576701268742791 0.000115340253748558 0.000115340253748558 0.000115340253748558 0.000115340253748558 0.00069204152249135 0.000115340253748558 0.00069204152249135 0.000576701268742791 0.000115340253748558 0.000115340253748558 0.000115340253748558 0.000115340253748558 0.000115340253748558; % D D=0.1
0.00069204152249135 0.000576701268742791 0.00069204152249135 0.000115340253748558 0.000115340253748558 0.000576701268742791 0.000115340253748558 0.000115340253748558 0.000115340253748558 0.000115340253748558 0.00069204152249135 0.000115340253748558 0.00069204152249135 0.000576701268742791 0.000115340253748558 0.000115340253748558 0.000115340253748558 0.994232987312572 0.000115340253748558; % G D=0.1
0.00069204152249135 0.000576701268742791 0.00069204152249135 0.000115340253748558 0.000115340253748558 0.000576701268742791 0.000115340253748558 0.000115340253748558 0.000115340253748558 0.000115340253748558 0.00069204152249135 0.000115340253748558 0.00069204152249135 0.000576701268742791 0.000115340253748558 0.000115340253748558 0.000115340253748558 0.000115340253748558 0.994232987312572; % K D=0.1
0.000735294117647059 0.000612745098039216 0.000735294117647059 0.000122549019607843 0.000122549019607843 0.000612745098039216 0.993872549019608 0.000122549019607843 0.000122549019607843 0.000122549019607843 0.000735294117647059 0.000122549019607843 0.000735294117647059 0.000612745098039216 0.000122549019607843 0.000122549019607843 0.000122549019607843 0.000122549019607843 0.000122549019607843; % L D=0.1
0.185661764705882 0.247426470588235 0.185661764705882 0.000735294117647059 0.000735294117647059 0.00367647058823529 0.000735294117647059 0.000735294117647059 0.000735294117647059 0.000735294117647059 0.0606617647058824 0.000735294117647059 0.123161764705882 0.184926470588235 0.000735294117647059 0.000735294117647059 0.000735294117647059 0.000735294117647059 0.000735294117647059; % P D=0.1
0.00069204152249135 0.000576701268742791 0.00069204152249135 0.000115340253748558 0.000115340253748558 0.000576701268742791 0.000115340253748558 0.000115340253748558 0.000115340253748558 0.000115340253748558 0.00069204152249135 0.994232987312572 0.00069204152249135 0.000576701268742791 0.000115340253748558 0.000115340253748558 0.000115340253748558 0.000115340253748558 0.000115340253748558; % T D=0.1
0.23356401384083 0.00346020761245675 0.0570934256055363 0.00069204152249135 0.00069204152249135 0.11522491349481 0.00069204152249135 0.00069204152249135 0.00069204152249135 0.00069204152249135 0.35121107266436 0.00069204152249135 0.115916955017301 0.11522491349481 0.00069204152249135 0.00069204152249135 0.00069204152249135 0.00069204152249135 0.00069204152249135; % V D=0.1
0.23356401384083 0.232871972318339 0.23356401384083 0.00069204152249135 0.00069204152249135 0.174048442906574 0.00069204152249135 0.00069204152249135 0.00069204152249135 0.00069204152249135 0.0570934256055363 0.00069204152249135 0.0570934256055363 0.00346020761245675 0.00069204152249135 0.00069204152249135 0.00069204152249135 0.00069204152249135 0.00069204152249135; % Z D=0.1
0.000735294117647059 0.000612745098039216 0.000735294117647059 0.000122549019607843 0.000122549019607843 0.000612745098039216 0.000122549019607843 0.000122549019607843 0.000122549019607843 0.000122549019607843 0.000735294117647059 0.000122549019607843 0.000735294117647059 0.000612745098039216 0.000122549019607843 0.000122549019607843 0.993872549019608 0.000122549019607843 0.000122549019607843; % b D=0.1
0.467474048442907 0.231718569780854 0.114532871972318 0.000461361014994233 0.000461361014994233 0.00230680507497117 0.000461361014994233 0.000461361014994233 0.000461361014994233 0.000461361014994233 0.173356401384083 0.000461361014994233 0.0027681660899654 0.00230680507497117 0.000461361014994233 0.000461361014994233 0.000461361014994233 0.000461361014994233 0.000461361014994233; % d D=0.1
0.00069204152249135 0.000576701268742791 0.00069204152249135 0.000115340253748558 0.000115340253748558 0.000576701268742791 0.000115340253748558 0.994232987312572 0.000115340253748558 0.000115340253748558 0.00069204152249135 0.000115340253748558 0.00069204152249135 0.000576701268742791 0.000115340253748558 0.000115340253748558 0.000115340253748558 0.000115340253748558 0.000115340253748558; % g D=0.1
0.00069204152249135 0.000576701268742791 0.00069204152249135 0.000115340253748558 0.000115340253748558 0.000576701268742791 0.000115340253748558 0.000115340253748558 0.000115340253748558 0.994232987312572 0.00069204152249135 0.000115340253748558 0.00069204152249135 0.000576701268742791 0.000115340253748558 0.000115340253748558 0.000115340253748558 0.000115340253748558 0.000115340253748558; % k D=0.1
0.309926470588235 0.00306372549019608 0.247426470588235 0.000612745098039216 0.000612745098039216 0.121813725490196 0.000612745098039216 0.000612745098039216 0.000612745098039216 0.000612745098039216 0.00367647058823529 0.000612745098039216 0.0599264705882353 0.246813725490196 0.000612745098039216 0.000612745098039216 0.000612745098039216 0.000612745098039216 0.000612745098039216; % l D=0.1
0.000735294117647059 0.000612745098039216 0.000735294117647059 0.000122549019607843 0.000122549019607843 0.000612745098039216 0.000122549019607843 0.000122549019607843 0.000122549019607843 0.000122549019607843 0.000735294117647059 0.000122549019607843 0.000735294117647059 0.000612745098039216 0.993872549019608 0.000122549019607843 0.000122549019607843 0.000122549019607843 0.000122549019607843; % p D=0.1
0.000735294117647059 0.000612745098039216 0.000735294117647059 0.000122549019607843 0.000122549019607843 0.000612745098039216 0.000122549019607843 0.000122549019607843 0.000122549019607843 0.000122549019607843 0.000735294117647059 0.000122549019607843 0.000735294117647059 0.000612745098039216 0.000122549019607843 0.993872549019608 0.000122549019607843 0.000122549019607843 0.000122549019607843; % t D=0.1
0.0570934256055363 0.11522491349481 0.0041522491349481 0.00069204152249135 0.00069204152249135 0.174048442906574 0.00069204152249135 0.00069204152249135 0.00069204152249135 0.00069204152249135 0.174740484429066 0.00069204152249135 0.35121107266436 0.11522491349481 0.00069204152249135 0.00069204152249135 0.00069204152249135 0.00069204152249135 0.00069204152249135; % v D=0.1
0.00069204152249135 0.000576701268742791 0.00069204152249135 0.000115340253748558 0.000115340253748558 0.000576701268742791 0.000115340253748558 0.000115340253748558 0.994232987312572 0.000115340253748558 0.00069204152249135 0.000115340253748558 0.00069204152249135 0.000576701268742791 0.000115340253748558 0.000115340253748558 0.000115340253748558 0.000115340253748558 0.000115340253748558; % z D=0.1
