syllables = '$BDGKLPTVZbdgklptvz';
discounts = [0.1 0.2 0.3 0.4 0.5 0.6 0.7 0.8 0.9 0.95];
kn_probs = [0.000222222222222222 3.7037037037037e-05 0.186555555555556 0.159888888888889 0.169888888888889 3.7037037037037e-05 3.7037037037037e-05 0.166555555555556 3.7037037037037e-05 3.7037037037037e-05 3.7037037037037e-05 3.7037037037037e-05 3.7037037037037e-05 0.153222222222222 0.163222222222222 3.7037037037037e-05 3.7037037037037e-05 3.7037037037037e-05 3.7037037037037e-05; % $ D=0.1
5.55555555555556e-05 9.25925925925926e-06 5.55555555555556e-05 5.55555555555556e-05 5.55555555555556e-05 9.25925925925926e-06 9.25925925925926e-06 5.55555555555556e-05 9.25925925925926e-06 9.25925925925926e-06 9.25925925925926e-06 0.999509259259259 9.25925925925926e-06 5.55555555555556e-05 5.55555555555556e-05 9.25925925925926e-06 9.25925925925926e-06 9.25925925925926e-06 9.25925925925926e-06; % B D=0.1
5.55555555555556e-05 9.25925925925926e-06 5.55555555555556e-05 5.55555555555556e-05 5.55555555555556e-05 9.25925925925926e-06 0.999509259259259 5.55555555555556e-05 9.25925925925926e-06 9.25925925925926e-06 9.25925925925926e-06 9.25925925925926e-06 9.25925925925926e-06 5.55555555555556e-05 5.55555555555556e-05 9.25925925925926e-06 9.25925925925926e-06 9.25925925925926e-06 9.25925925925926e-06; % D D=0.1
5.55555555555556e-05 9.25925925925926e-06 5.55555555555556e-05 5.55555555555556e-05 5.55555555555556e-05 9.25925925925926e-06 9.25925925925926e-06 5.55555555555556e-05 0.999509259259259 9.25925925925926e-06 9.25925925925926e-06 9.25925925925926e-06 9.25925925925926e-06 5.55555555555556e-05 5.55555555555556e-05 9.25925925925926e-06 9.25925925925926e-06 9.25925925925926e-06 9.25925925925926e-06; % G D=0.1
5.55555555555556e-05 9.25925925925926e-06 5.55555555555556e-05 5.55555555555556e-05 5.55555555555556e-05 0.999509259259259 9.25925925925926e-06 5.55555555555556e-05 9.25925925925926e-06 9.25925925925926e-06 9.25925925925926e-06 9.25925925925926e-06 9.25925925925926e-06 5.55555555555556e-05 5.55555555555556e-05 9.25925925925926e-06 9.25925925925926e-06 9.25925925925926e-06 9.25925925925926e-06; % K D=0.1
5.55555555555556e-05 9.25925925925926e-06 5.55555555555556e-05 5.55555555555556e-05 5.55555555555556e-05 9.25925925925926e-06 9.25925925925926e-06 5.55555555555556e-05 9.25925925925926e-06 9.25925925925926e-06 9.25925925925926e-06 9.25925925925926e-06 9.25925925925926e-06 5.55555555555556e-05 5.55555555555556e-05 9.25925925925926e-06 9.25925925925926e-06 0.999509259259259 9.25925925925926e-06; % L D=0.1
0.239833333333333 5.55555555555556e-05 0.000333333333333333 0.164833333333333 0.149833333333333 5.55555555555556e-05 5.55555555555556e-05 0.169833333333333 5.55555555555556e-05 5.55555555555556e-05 5.55555555555556e-05 5.55555555555556e-05 5.55555555555556e-05 0.109833333333333 0.164833333333333 5.55555555555556e-05 5.55555555555556e-05 5.55555555555556e-05 5.55555555555556e-05; % P D=0.1
5.55555555555556e-05 9.25925925925926e-06 5.55555555555556e-05 5.55555555555556e-05 5.55555555555556e-05 9.25925925925926e-06 9.25925925925926e-06 5.55555555555556e-05 9.25925925925926e-06 9.25925925925926e-06 0.999509259259259 9.25925925925926e-06 9.25925925925926e-06 5.55555555555556e-05 5.55555555555556e-05 9.25925925925926e-06 9.25925925925926e-06 9.25925925925926e-06 9.25925925925926e-06; % T D=0.1
5.55555555555556e-05 9.25925925925926e-06 5.55555555555556e-05 5.55555555555556e-05 5.55555555555556e-05 9.25925925925926e-06 9.25925925925926e-06 5.55555555555556e-05 9.25925925925926e-06 9.25925925925926e-06 9.25925925925926e-06 9.25925925925926e-06 9.25925925925926e-06 5.55555555555556e-05 5.55555555555556e-05 9.25925925925926e-06 0.999509259259259 9.25925925925926e-06 9.25925925925926e-06; % V D=0.1
0.234833333333333 5.55555555555556e-05 0.159833333333333 0.169833333333333 0.139833333333333 5.55555555555556e-05 5.55555555555556e-05 0.139833333333333 5.55555555555556e-05 5.55555555555556e-05 5.55555555555556e-05 5.55555555555556e-05 5.55555555555556e-05 0.154833333333333 0.000333333333333333 5.55555555555556e-05 5.55555555555556e-05 5.55555555555556e-05 5.55555555555556e-05; % Z D=0.1
0.224833333333333 5.55555555555556e-05 0.109833333333333 0.174833333333333 0.144833333333333 5.55555555555556e-05 5.55555555555556e-05 0.000333333333333333 5.55555555555556e-05 5.55555555555556e-05 5.55555555555556e-05 5.55555555555556e-05 5.55555555555556e-05 0.174833333333333 0.169833333333333 5.55555555555556e-05 5.55555555555556e-05 5.55555555555556e-05 5.55555555555556e-05; % b D=0.1
5.55555555555556e-05 9.25925925925926e-06 5.55555555555556e-05 5.55555555555556e-05 5.55555555555556e-05 9.25925925925926e-06 9.25925925925926e-06 5.55555555555556e-05 9.25925925925926e-06 0.999509259259259 9.25925925925926e-06 9.25925925925926e-06 9.25925925925926e-06 5.55555555555556e-05 5.55555555555556e-05 9.25925925925926e-06 9.25925925925926e-06 9.25925925925926e-06 9.25925925925926e-06; % d D=0.1
0.254833333333333 5.55555555555556e-05 0.199833333333333 0.119833333333333 0.139833333333333 5.55555555555556e-05 5.55555555555556e-05 0.124833333333333 5.55555555555556e-05 5.55555555555556e-05 5.55555555555556e-05 5.55555555555556e-05 5.55555555555556e-05 0.000333333333333333 0.159833333333333 5.55555555555556e-05 5.55555555555556e-05 5.55555555555556e-05 5.55555555555556e-05; % g D=0.1
5.55555555555556e-05 9.25925925925926e-06 5.55555555555556e-05 5.55555555555556e-05 5.55555555555556e-05 9.25925925925926e-06 9.25925925925926e-06 5.55555555555556e-05 9.25925925925926e-06 9.25925925925926e-06 9.25925925925926e-06 9.25925925925926e-06 9.25925925925926e-06 5.55555555555556e-05 5.55555555555556e-05 0.999509259259259 9.25925925925926e-06 9.25925925925926e-06 9.25925925925926e-06; % k D=0.1
5.55555555555556e-05 0.999509259259259 5.55555555555556e-05 5.55555555555556e-05 5.55555555555556e-05 9.25925925925926e-06 9.25925925925926e-06 5.55555555555556e-05 9.25925925925926e-06 9.25925925925926e-06 9.25925925925926e-06 9.25925925925926e-06 9.25925925925926e-06 5.55555555555556e-05 5.55555555555556e-05 9.25925925925926e-06 9.25925925925926e-06 9.25925925925926e-06 9.25925925925926e-06; % l D=0.1
5.55555555555556e-05 9.25925925925926e-06 5.55555555555556e-05 5.55555555555556e-05 5.55555555555556e-05 9.25925925925926e-06 9.25925925925926e-06 5.55555555555556e-05 9.25925925925926e-06 9.25925925925926e-06 9.25925925925926e-06 9.25925925925926e-06 9.25925925925926e-06 5.55555555555556e-05 5.55555555555556e-05 9.25925925925926e-06 9.25925925925926e-06 9.25925925925926e-06 0.999509259259259; % p D=0.1
0.269833333333333 5.55555555555556e-05 0.119833333333333 0.000333333333333333 0.169833333333333 5.55555555555556e-05 5.55555555555556e-05 0.144833333333333 5.55555555555556e-05 5.55555555555556e-05 5.55555555555556e-05 5.55555555555556e-05 5.55555555555556e-05 0.139833333333333 0.154833333333333 5.55555555555556e-05 5.55555555555556e-05 5.55555555555556e-05 5.55555555555556e-05; % t D=0.1
0.274833333333333 5.55555555555556e-05 0.129833333333333 0.129833333333333 0.000333333333333333 5.55555555555556e-05 5.55555555555556e-05 0.169833333333333 5.55555555555556e-05 5.55555555555556e-05 5.55555555555556e-05 5.55555555555556e-05 5.55555555555556e-05 0.189833333333333 0.104833333333333 5.55555555555556e-05 5.55555555555556e-05 5.55555555555556e-05 5.55555555555556e-05; % v D=0.1
5.55555555555556e-05 9.25925925925926e-06 5.55555555555556e-05 5.55555555555556e-05 5.55555555555556e-05 9.25925925925926e-06 9.25925925925926e-06 5.55555555555556e-05 9.25925925925926e-06 9.25925925925926e-06 9.25925925925926e-06 9.25925925925926e-06 0.999509259259259 5.55555555555556e-05 5.55555555555556e-05 9.25925925925926e-06 9.25925925925926e-06 9.25925925925926e-06 9.25925925925926e-06; % z D=0.1
