syllables = '$BDGKLPTVZbdgklptvz';
discounts = [0.1 0.2 0.3 0.4 0.5 0.6 0.7 0.8 0.9 0.95];
kn_probs = [0.00568181818181818 0.00113636363636364 0.00113636363636364 0.00113636363636364 0.00113636363636364 0.0806818181818182 0.00113636363636364 0.00113636363636364 0.00113636363636364 0.00113636363636364 0.00113636363636364 0.162878787878788 0.00113636363636364 0.162878787878788 0.247348484848485 0.00113636363636364 0.0806818181818182 0.00113636363636364 0.246212121212121; % $ D=0.1
0.119602272727273 0.00142045454545455 0.00142045454545455 0.00142045454545455 0.00142045454545455 0.244602272727273 0.00142045454545455 0.00142045454545455 0.00142045454545455 0.00142045454545455 0.00142045454545455 0.118181818181818 0.00142045454545455 0.00568181818181818 0.119602272727273 0.00142045454545455 0.369602272727273 0.00142045454545455 0.00568181818181818; % B D=0.1
0.368181818181818 0.00113636363636364 0.00113636363636364 0.00113636363636364 0.00113636363636364 0.118181818181818 0.00113636363636364 0.00113636363636364 0.00113636363636364 0.00113636363636364 0.00113636363636364 0.367045454545455 0.00113636363636364 0.00454545454545455 0.00568181818181818 0.00113636363636364 0.118181818181818 0.00113636363636364 0.00454545454545455; % D D=0.1
0.00710227272727273 0.00142045454545455 0.00142045454545455 0.00142045454545455 0.00142045454545455 0.00710227272727273 0.00142045454545455 0.00142045454545455 0.00142045454545455 0.00142045454545455 0.00142045454545455 0.243181818181818 0.00142045454545455 0.243181818181818 0.119602272727273 0.00142045454545455 0.244602272727273 0.00142045454545455 0.118181818181818; % G D=0.1
0.00142045454545455 0.000284090909090909 0.000284090909090909 0.000284090909090909 0.000284090909090909 0.00142045454545455 0.000284090909090909 0.000284090909090909 0.000284090909090909 0.987784090909091 0.000284090909090909 0.00113636363636364 0.000284090909090909 0.00113636363636364 0.00142045454545455 0.000284090909090909 0.00142045454545455 0.000284090909090909 0.00113636363636364; % K D=0.1
0.00142045454545455 0.000284090909090909 0.000284090909090909 0.000284090909090909 0.000284090909090909 0.00142045454545455 0.000284090909090909 0.000284090909090909 0.000284090909090909 0.000284090909090909 0.000284090909090909 0.00113636363636364 0.000284090909090909 0.00113636363636364 0.00142045454545455 0.000284090909090909 0.00142045454545455 0.987784090909091 0.00113636363636364; % L D=0.1
0.00142045454545455 0.000284090909090909 0.000284090909090909 0.000284090909090909 0.000284090909090909 0.00142045454545455 0.000284090909090909 0.987784090909091 0.000284090909090909 0.000284090909090909 0.000284090909090909 0.00113636363636364 0.000284090909090909 0.00113636363636364 0.00142045454545455 0.000284090909090909 0.00142045454545455 0.000284090909090909 0.00113636363636364; % P D=0.1
0.00142045454545455 0.987784090909091 0.000284090909090909 0.000284090909090909 0.000284090909090909 0.00142045454545455 0.000284090909090909 0.000284090909090909 0.000284090909090909 0.000284090909090909 0.000284090909090909 0.00113636363636364 0.000284090909090909 0.00113636363636364 0.00142045454545455 0.000284090909090909 0.00142045454545455 0.000284090909090909 0.00113636363636364; % T D=0.1
0.368181818181818 0.00113636363636364 0.00113636363636364 0.00113636363636364 0.00113636363636364 0.00568181818181818 0.00113636363636364 0.00113636363636364 0.00113636363636364 0.00113636363636364 0.00113636363636364 0.00454545454545455 0.00113636363636364 0.242045454545455 0.118181818181818 0.00113636363636364 0.00568181818181818 0.00113636363636364 0.242045454545455; % V D=0.1
0.493181818181818 0.00113636363636364 0.00113636363636364 0.00113636363636364 0.00113636363636364 0.118181818181818 0.00113636363636364 0.00113636363636364 0.00113636363636364 0.00113636363636364 0.00113636363636364 0.00454545454545455 0.00113636363636364 0.00454545454545455 0.00568181818181818 0.00113636363636364 0.118181818181818 0.00113636363636364 0.242045454545455; % Z D=0.1
0.00142045454545455 0.000284090909090909 0.000284090909090909 0.000284090909090909 0.000284090909090909 0.00142045454545455 0.000284090909090909 0.000284090909090909 0.000284090909090909 0.000284090909090909 0.000284090909090909 0.00113636363636364 0.987784090909091 0.00113636363636364 0.00142045454545455 0.000284090909090909 0.00142045454545455 0.000284090909090909 0.00113636363636364; % b D=0.1
0.00142045454545455 0.000284090909090909 0.000284090909090909 0.000284090909090909 0.987784090909091 0.00142045454545455 0.000284090909090909 0.000284090909090909 0.000284090909090909 0.000284090909090909 0.000284090909090909 0.00113636363636364 0.000284090909090909 0.00113636363636364 0.00142045454545455 0.000284090909090909 0.00142045454545455 0.000284090909090909 0.00113636363636364; % d D=0.1
0.00142045454545455 0.000284090909090909 0.000284090909090909 0.000284090909090909 0.000284090909090909 0.00142045454545455 0.000284090909090909 0.000284090909090909 0.987784090909091 0.000284090909090909 0.000284090909090909 0.00113636363636364 0.000284090909090909 0.00113636363636364 0.00142045454545455 0.000284090909090909 0.00142045454545455 0.000284090909090909 0.00113636363636364; % g D=0.1
0.00142045454545455 0.000284090909090909 0.987784090909091 0.000284090909090909 0.000284090909090909 0.00142045454545455 0.000284090909090909 0.000284090909090909 0.000284090909090909 0.000284090909090909 0.000284090909090909 0.00113636363636364 0.000284090909090909 0.00113636363636364 0.00142045454545455 0.000284090909090909 0.00142045454545455 0.000284090909090909 0.00113636363636364; % k D=0.1
0.00142045454545455 0.000284090909090909 0.000284090909090909 0.000284090909090909 0.000284090909090909 0.00142045454545455 0.000284090909090909 0.000284090909090909 0.000284090909090909 0.000284090909090909 0.987784090909091 0.00113636363636364 0.000284090909090909 0.00113636363636364 0.00142045454545455 0.000284090909090909 0.00142045454545455 0.000284090909090909 0.00113636363636364; % l D=0.1
0.118181818181818 0.00113636363636364 0.00113636363636364 0.00113636363636364 0.00113636363636364 0.368181818181818 0.00113636363636364 0.00113636363636364 0.00113636363636364 0.00113636363636364 0.00113636363636364 0.00454545454545455 0.00113636363636364 0.242045454545455 0.243181818181818 0.00113636363636364 0.00568181818181818 0.00113636363636364 0.00454545454545455; % p D=0.1
0.00142045454545455 0.000284090909090909 0.000284090909090909 0.000284090909090909 0.000284090909090909 0.00142045454545455 0.000284090909090909 0.000284090909090909 0.000284090909090909 0.000284090909090909 0.000284090909090909 0.00113636363636364 0.000284090909090909 0.00113636363636364 0.00142045454545455 0.987784090909091 0.00142045454545455 0.000284090909090909 0.00113636363636364; % t D=0.1
0.00142045454545455 0.000284090909090909 0.000284090909090909 0.987784090909091 0.000284090909090909 0.00142045454545455 0.000284090909090909 0.000284090909090909 0.000284090909090909 0.000284090909090909 0.000284090909090909 0.00113636363636364 0.000284090909090909 0.00113636363636364 0.00142045454545455 0.000284090909090909 0.00142045454545455 0.000284090909090909 0.00113636363636364; % v D=0.1
0.00142045454545455 0.000284090909090909 0.000284090909090909 0.000284090909090909 0.000284090909090909 0.00142045454545455 0.987784090909091 0.000284090909090909 0.000284090909090909 0.000284090909090909 0.000284090909090909 0.00113636363636364 0.000284090909090909 0.00113636363636364 0.00142045454545455 0.000284090909090909 0.00142045454545455 0.000284090909090909 0.00113636363636364; % z D=0.1
0.0113636363636364 0.00227272727272727 0.00227272727272727 0.00227272727272727 0.00227272727272727 0.078030303030303 0.00227272727272727 0.00227272727272727 0.00227272727272727 0.00227272727272727 0.00227272727272727 0.159090909090909 0.00227272727272727 0.159090909090909 0.24469696969697 0.00227272727272727 0.078030303030303 0.00227272727272727 0.242424242424242; % $ D=0.2
0.114204545454545 0.00284090909090909 0.00284090909090909 0.00284090909090909 0.00284090909090909 0.239204545454545 0.00284090909090909 0.00284090909090909 0.00284090909090909 0.00284090909090909 0.00284090909090909 0.111363636363636 0.00284090909090909 0.0113636363636364 0.114204545454545 0.00284090909090909 0.364204545454545 0.00284090909090909 0.0113636363636364; % B D=0.2
0.361363636363636 0.00227272727272727 0.00227272727272727 0.00227272727272727 0.00227272727272727 0.111363636363636 0.00227272727272727 0.00227272727272727 0.00227272727272727 0.00227272727272727 0.00227272727272727 0.359090909090909 0.00227272727272727 0.00909090909090909 0.0113636363636364 0.00227272727272727 0.111363636363636 0.00227272727272727 0.00909090909090909; % D D=0.2
0.0142045454545455 0.00284090909090909 0.00284090909090909 0.00284090909090909 0.00284090909090909 0.0142045454545455 0.00284090909090909 0.00284090909090909 0.00284090909090909 0.00284090909090909 0.00284090909090909 0.236363636363636 0.00284090909090909 0.236363636363636 0.114204545454545 0.00284090909090909 0.239204545454545 0.00284090909090909 0.111363636363636; % G D=0.2
0.00284090909090909 0.000568181818181818 0.000568181818181818 0.000568181818181818 0.000568181818181818 0.00284090909090909 0.000568181818181818 0.000568181818181818 0.000568181818181818 0.975568181818182 0.000568181818181818 0.00227272727272727 0.000568181818181818 0.00227272727272727 0.00284090909090909 0.000568181818181818 0.00284090909090909 0.000568181818181818 0.00227272727272727; % K D=0.2
0.00284090909090909 0.000568181818181818 0.000568181818181818 0.000568181818181818 0.000568181818181818 0.00284090909090909 0.000568181818181818 0.000568181818181818 0.000568181818181818 0.000568181818181818 0.000568181818181818 0.00227272727272727 0.000568181818181818 0.00227272727272727 0.00284090909090909 0.000568181818181818 0.00284090909090909 0.975568181818182 0.00227272727272727; % L D=0.2
0.00284090909090909 0.000568181818181818 0.000568181818181818 0.000568181818181818 0.000568181818181818 0.00284090909090909 0.000568181818181818 0.975568181818182 0.000568181818181818 0.000568181818181818 0.000568181818181818 0.00227272727272727 0.000568181818181818 0.00227272727272727 0.00284090909090909 0.000568181818181818 0.00284090909090909 0.000568181818181818 0.00227272727272727; % P D=0.2
0.00284090909090909 0.975568181818182 0.000568181818181818 0.000568181818181818 0.000568181818181818 0.00284090909090909 0.000568181818181818 0.000568181818181818 0.000568181818181818 0.000568181818181818 0.000568181818181818 0.00227272727272727 0.000568181818181818 0.00227272727272727 0.00284090909090909 0.000568181818181818 0.00284090909090909 0.000568181818181818 0.00227272727272727; % T D=0.2
0.361363636363636 0.00227272727272727 0.00227272727272727 0.00227272727272727 0.00227272727272727 0.0113636363636364 0.00227272727272727 0.00227272727272727 0.00227272727272727 0.00227272727272727 0.00227272727272727 0.00909090909090909 0.00227272727272727 0.234090909090909 0.111363636363636 0.00227272727272727 0.0113636363636364 0.00227272727272727 0.234090909090909; % V D=0.2
0.486363636363636 0.00227272727272727 0.00227272727272727 0.00227272727272727 0.00227272727272727 0.111363636363636 0.00227272727272727 0.00227272727272727 0.00227272727272727 0.00227272727272727 0.00227272727272727 0.00909090909090909 0.00227272727272727 0.00909090909090909 0.0113636363636364 0.00227272727272727 0.111363636363636 0.00227272727272727 0.234090909090909; % Z D=0.2
0.00284090909090909 0.000568181818181818 0.000568181818181818 0.000568181818181818 0.000568181818181818 0.00284090909090909 0.000568181818181818 0.000568181818181818 0.000568181818181818 0.000568181818181818 0.000568181818181818 0.00227272727272727 0.975568181818182 0.00227272727272727 0.00284090909090909 0.000568181818181818 0.00284090909090909 0.000568181818181818 0.00227272727272727; % b D=0.2
0.00284090909090909 0.000568181818181818 0.000568181818181818 0.000568181818181818 0.975568181818182 0.00284090909090909 0.000568181818181818 0.000568181818181818 0.000568181818181818 0.000568181818181818 0.000568181818181818 0.00227272727272727 0.000568181818181818 0.00227272727272727 0.00284090909090909 0.000568181818181818 0.00284090909090909 0.000568181818181818 0.00227272727272727; % d D=0.2
0.00284090909090909 0.000568181818181818 0.000568181818181818 0.000568181818181818 0.000568181818181818 0.00284090909090909 0.000568181818181818 0.000568181818181818 0.975568181818182 0.000568181818181818 0.000568181818181818 0.00227272727272727 0.000568181818181818 0.00227272727272727 0.00284090909090909 0.000568181818181818 0.00284090909090909 0.000568181818181818 0.00227272727272727; % g D=0.2
0.00284090909090909 0.000568181818181818 0.975568181818182 0.000568181818181818 0.000568181818181818 0.00284090909090909 0.000568181818181818 0.000568181818181818 0.000568181818181818 0.000568181818181818 0.000568181818181818 0.00227272727272727 0.000568181818181818 0.00227272727272727 0.00284090909090909 0.000568181818181818 0.00284090909090909 0.000568181818181818 0.00227272727272727; % k D=0.2
0.00284090909090909 0.000568181818181818 0.000568181818181818 0.000568181818181818 0.000568181818181818 0.00284090909090909 0.000568181818181818 0.000568181818181818 0.000568181818181818 0.000568181818181818 0.975568181818182 0.00227272727272727 0.000568181818181818 0.00227272727272727 0.00284090909090909 0.000568181818181818 0.00284090909090909 0.000568181818181818 0.00227272727272727; % l D=0.2
0.111363636363636 0.00227272727272727 0.00227272727272727 0.00227272727272727 0.00227272727272727 0.361363636363636 0.00227272727272727 0.00227272727272727 0.00227272727272727 0.00227272727272727 0.00227272727272727 0.00909090909090909 0.00227272727272727 0.234090909090909 0.236363636363636 0.00227272727272727 0.0113636363636364 0.00227272727272727 0.00909090909090909; % p D=0.2
0.00284090909090909 0.000568181818181818 0.000568181818181818 0.000568181818181818 0.000568181818181818 0.00284090909090909 0.000568181818181818 0.000568181818181818 0.000568181818181818 0.000568181818181818 0.000568181818181818 0.00227272727272727 0.000568181818181818 0.00227272727272727 0.00284090909090909 0.975568181818182 0.00284090909090909 0.000568181818181818 0.00227272727272727; % t D=0.2
0.00284090909090909 0.000568181818181818 0.000568181818181818 0.975568181818182 0.000568181818181818 0.00284090909090909 0.000568181818181818 0.000568181818181818 0.000568181818181818 0.000568181818181818 0.000568181818181818 0.00227272727272727 0.000568181818181818 0.00227272727272727 0.00284090909090909 0.000568181818181818 0.00284090909090909 0.000568181818181818 0.00227272727272727; % v D=0.2
0.00284090909090909 0.000568181818181818 0.000568181818181818 0.000568181818181818 0.000568181818181818 0.00284090909090909 0.975568181818182 0.000568181818181818 0.000568181818181818 0.000568181818181818 0.000568181818181818 0.00227272727272727 0.000568181818181818 0.00227272727272727 0.00284090909090909 0.000568181818181818 0.00284090909090909 0.000568181818181818 0.00227272727272727; % z D=0.2
0.0170454545454545 0.00340909090909091 0.00340909090909091 0.00340909090909091 0.00340909090909091 0.0753787878787879 0.00340909090909091 0.00340909090909091 0.00340909090909091 0.00340909090909091 0.00340909090909091 0.15530303030303 0.00340909090909091 0.15530303030303 0.242045454545455 0.00340909090909091 0.0753787878787879 0.00340909090909091 0.238636363636364; % $ D=0.3
0.108806818181818 0.00426136363636364 0.00426136363636364 0.00426136363636364 0.00426136363636364 0.233806818181818 0.00426136363636364 0.00426136363636364 0.00426136363636364 0.00426136363636364 0.00426136363636364 0.104545454545455 0.00426136363636364 0.0170454545454545 0.108806818181818 0.00426136363636364 0.358806818181818 0.00426136363636364 0.0170454545454545; % B D=0.3
0.354545454545455 0.00340909090909091 0.00340909090909091 0.00340909090909091 0.00340909090909091 0.104545454545455 0.00340909090909091 0.00340909090909091 0.00340909090909091 0.00340909090909091 0.00340909090909091 0.351136363636364 0.00340909090909091 0.0136363636363636 0.0170454545454545 0.00340909090909091 0.104545454545455 0.00340909090909091 0.0136363636363636; % D D=0.3
0.0213068181818182 0.00426136363636364 0.00426136363636364 0.00426136363636364 0.00426136363636364 0.0213068181818182 0.00426136363636364 0.00426136363636364 0.00426136363636364 0.00426136363636364 0.00426136363636364 0.229545454545455 0.00426136363636364 0.229545454545455 0.108806818181818 0.00426136363636364 0.233806818181818 0.00426136363636364 0.104545454545455; % G D=0.3
0.00426136363636364 0.000852272727272727 0.000852272727272727 0.000852272727272727 0.000852272727272727 0.00426136363636364 0.000852272727272727 0.000852272727272727 0.000852272727272727 0.963352272727273 0.000852272727272727 0.00340909090909091 0.000852272727272727 0.00340909090909091 0.00426136363636364 0.000852272727272727 0.00426136363636364 0.000852272727272727 0.00340909090909091; % K D=0.3
0.00426136363636364 0.000852272727272727 0.000852272727272727 0.000852272727272727 0.000852272727272727 0.00426136363636364 0.000852272727272727 0.000852272727272727 0.000852272727272727 0.000852272727272727 0.000852272727272727 0.00340909090909091 0.000852272727272727 0.00340909090909091 0.00426136363636364 0.000852272727272727 0.00426136363636364 0.963352272727273 0.00340909090909091; % L D=0.3
0.00426136363636364 0.000852272727272727 0.000852272727272727 0.000852272727272727 0.000852272727272727 0.00426136363636364 0.000852272727272727 0.963352272727273 0.000852272727272727 0.000852272727272727 0.000852272727272727 0.00340909090909091 0.000852272727272727 0.00340909090909091 0.00426136363636364 0.000852272727272727 0.00426136363636364 0.000852272727272727 0.00340909090909091; % P D=0.3
0.00426136363636364 0.963352272727273 0.000852272727272727 0.000852272727272727 0.000852272727272727 0.00426136363636364 0.000852272727272727 0.000852272727272727 0.000852272727272727 0.000852272727272727 0.000852272727272727 0.00340909090909091 0.000852272727272727 0.00340909090909091 0.00426136363636364 0.000852272727272727 0.00426136363636364 0.000852272727272727 0.00340909090909091; % T D=0.3
0.354545454545455 0.00340909090909091 0.00340909090909091 0.00340909090909091 0.00340909090909091 0.0170454545454545 0.00340909090909091 0.00340909090909091 0.00340909090909091 0.00340909090909091 0.00340909090909091 0.0136363636363636 0.00340909090909091 0.226136363636364 0.104545454545455 0.00340909090909091 0.0170454545454545 0.00340909090909091 0.226136363636364; % V D=0.3
0.479545454545455 0.00340909090909091 0.00340909090909091 0.00340909090909091 0.00340909090909091 0.104545454545455 0.00340909090909091 0.00340909090909091 0.00340909090909091 0.00340909090909091 0.00340909090909091 0.0136363636363636 0.00340909090909091 0.0136363636363636 0.0170454545454545 0.00340909090909091 0.104545454545455 0.00340909090909091 0.226136363636364; % Z D=0.3
0.00426136363636364 0.000852272727272727 0.000852272727272727 0.000852272727272727 0.000852272727272727 0.00426136363636364 0.000852272727272727 0.000852272727272727 0.000852272727272727 0.000852272727272727 0.000852272727272727 0.00340909090909091 0.963352272727273 0.00340909090909091 0.00426136363636364 0.000852272727272727 0.00426136363636364 0.000852272727272727 0.00340909090909091; % b D=0.3
0.00426136363636364 0.000852272727272727 0.000852272727272727 0.000852272727272727 0.963352272727273 0.00426136363636364 0.000852272727272727 0.000852272727272727 0.000852272727272727 0.000852272727272727 0.000852272727272727 0.00340909090909091 0.000852272727272727 0.00340909090909091 0.00426136363636364 0.000852272727272727 0.00426136363636364 0.000852272727272727 0.00340909090909091; % d D=0.3
0.00426136363636364 0.000852272727272727 0.000852272727272727 0.000852272727272727 0.000852272727272727 0.00426136363636364 0.000852272727272727 0.000852272727272727 0.963352272727273 0.000852272727272727 0.000852272727272727 0.00340909090909091 0.000852272727272727 0.00340909090909091 0.00426136363636364 0.000852272727272727 0.00426136363636364 0.000852272727272727 0.00340909090909091; % g D=0.3
0.00426136363636364 0.000852272727272727 0.963352272727273 0.000852272727272727 0.000852272727272727 0.00426136363636364 0.000852272727272727 0.000852272727272727 0.000852272727272727 0.000852272727272727 0.000852272727272727 0.00340909090909091 0.000852272727272727 0.00340909090909091 0.00426136363636364 0.000852272727272727 0.00426136363636364 0.000852272727272727 0.00340909090909091; % k D=0.3
0.00426136363636364 0.000852272727272727 0.000852272727272727 0.000852272727272727 0.000852272727272727 0.00426136363636364 0.000852272727272727 0.000852272727272727 0.000852272727272727 0.000852272727272727 0.963352272727273 0.00340909090909091 0.000852272727272727 0.00340909090909091 0.00426136363636364 0.000852272727272727 0.00426136363636364 0.000852272727272727 0.00340909090909091; % l D=0.3
0.104545454545455 0.00340909090909091 0.00340909090909091 0.00340909090909091 0.00340909090909091 0.354545454545455 0.00340909090909091 0.00340909090909091 0.00340909090909091 0.00340909090909091 0.00340909090909091 0.0136363636363636 0.00340909090909091 0.226136363636364 0.229545454545455 0.00340909090909091 0.0170454545454545 0.00340909090909091 0.0136363636363636; % p D=0.3
0.00426136363636364 0.000852272727272727 0.000852272727272727 0.000852272727272727 0.000852272727272727 0.00426136363636364 0.000852272727272727 0.000852272727272727 0.000852272727272727 0.000852272727272727 0.000852272727272727 0.00340909090909091 0.000852272727272727 0.00340909090909091 0.00426136363636364 0.963352272727273 0.00426136363636364 0.000852272727272727 0.00340909090909091; % t D=0.3
0.00426136363636364 0.000852272727272727 0.000852272727272727 0.963352272727273 0.000852272727272727 0.00426136363636364 0.000852272727272727 0.000852272727272727 0.000852272727272727 0.000852272727272727 0.000852272727272727 0.00340909090909091 0.000852272727272727 0.00340909090909091 0.00426136363636364 0.000852272727272727 0.00426136363636364 0.000852272727272727 0.00340909090909091; % v D=0.3
0.00426136363636364 0.000852272727272727 0.000852272727272727 0.000852272727272727 0.000852272727272727 0.00426136363636364 0.963352272727273 0.000852272727272727 0.000852272727272727 0.000852272727272727 0.000852272727272727 0.00340909090909091 0.000852272727272727 0.00340909090909091 0.00426136363636364 0.000852272727272727 0.00426136363636364 0.000852272727272727 0.00340909090909091; % z D=0.3
0.0227272727272727 0.00454545454545455 0.00454545454545455 0.00454545454545455 0.00454545454545455 0.0727272727272727 0.00454545454545455 0.00454545454545455 0.00454545454545455 0.00454545454545455 0.00454545454545455 0.151515151515152 0.00454545454545455 0.151515151515152 0.239393939393939 0.00454545454545455 0.0727272727272727 0.00454545454545455 0.234848484848485; % $ D=0.4
0.103409090909091 0.00568181818181818 0.00568181818181818 0.00568181818181818 0.00568181818181818 0.228409090909091 0.00568181818181818 0.00568181818181818 0.00568181818181818 0.00568181818181818 0.00568181818181818 0.0977272727272727 0.00568181818181818 0.0227272727272727 0.103409090909091 0.00568181818181818 0.353409090909091 0.00568181818181818 0.0227272727272727; % B D=0.4
0.347727272727273 0.00454545454545455 0.00454545454545455 0.00454545454545455 0.00454545454545455 0.0977272727272727 0.00454545454545455 0.00454545454545455 0.00454545454545455 0.00454545454545455 0.00454545454545455 0.343181818181818 0.00454545454545455 0.0181818181818182 0.0227272727272727 0.00454545454545455 0.0977272727272727 0.00454545454545455 0.0181818181818182; % D D=0.4
0.0284090909090909 0.00568181818181818 0.00568181818181818 0.00568181818181818 0.00568181818181818 0.0284090909090909 0.00568181818181818 0.00568181818181818 0.00568181818181818 0.00568181818181818 0.00568181818181818 0.222727272727273 0.00568181818181818 0.222727272727273 0.103409090909091 0.00568181818181818 0.228409090909091 0.00568181818181818 0.0977272727272727; % G D=0.4
0.00568181818181818 0.00113636363636364 0.00113636363636364 0.00113636363636364 0.00113636363636364 0.00568181818181818 0.00113636363636364 0.00113636363636364 0.00113636363636364 0.951136363636364 0.00113636363636364 0.00454545454545455 0.00113636363636364 0.00454545454545455 0.00568181818181818 0.00113636363636364 0.00568181818181818 0.00113636363636364 0.00454545454545455; % K D=0.4
0.00568181818181818 0.00113636363636364 0.00113636363636364 0.00113636363636364 0.00113636363636364 0.00568181818181818 0.00113636363636364 0.00113636363636364 0.00113636363636364 0.00113636363636364 0.00113636363636364 0.00454545454545455 0.00113636363636364 0.00454545454545455 0.00568181818181818 0.00113636363636364 0.00568181818181818 0.951136363636364 0.00454545454545455; % L D=0.4
0.00568181818181818 0.00113636363636364 0.00113636363636364 0.00113636363636364 0.00113636363636364 0.00568181818181818 0.00113636363636364 0.951136363636364 0.00113636363636364 0.00113636363636364 0.00113636363636364 0.00454545454545455 0.00113636363636364 0.00454545454545455 0.00568181818181818 0.00113636363636364 0.00568181818181818 0.00113636363636364 0.00454545454545455; % P D=0.4
0.00568181818181818 0.951136363636364 0.00113636363636364 0.00113636363636364 0.00113636363636364 0.00568181818181818 0.00113636363636364 0.00113636363636364 0.00113636363636364 0.00113636363636364 0.00113636363636364 0.00454545454545455 0.00113636363636364 0.00454545454545455 0.00568181818181818 0.00113636363636364 0.00568181818181818 0.00113636363636364 0.00454545454545455; % T D=0.4
0.347727272727273 0.00454545454545455 0.00454545454545455 0.00454545454545455 0.00454545454545455 0.0227272727272727 0.00454545454545455 0.00454545454545455 0.00454545454545455 0.00454545454545455 0.00454545454545455 0.0181818181818182 0.00454545454545455 0.218181818181818 0.0977272727272727 0.00454545454545455 0.0227272727272727 0.00454545454545455 0.218181818181818; % V D=0.4
0.472727272727273 0.00454545454545455 0.00454545454545455 0.00454545454545455 0.00454545454545455 0.0977272727272727 0.00454545454545455 0.00454545454545455 0.00454545454545455 0.00454545454545455 0.00454545454545455 0.0181818181818182 0.00454545454545455 0.0181818181818182 0.0227272727272727 0.00454545454545455 0.0977272727272727 0.00454545454545455 0.218181818181818; % Z D=0.4
0.00568181818181818 0.00113636363636364 0.00113636363636364 0.00113636363636364 0.00113636363636364 0.00568181818181818 0.00113636363636364 0.00113636363636364 0.00113636363636364 0.00113636363636364 0.00113636363636364 0.00454545454545455 0.951136363636364 0.00454545454545455 0.00568181818181818 0.00113636363636364 0.00568181818181818 0.00113636363636364 0.00454545454545455; % b D=0.4
0.00568181818181818 0.00113636363636364 0.00113636363636364 0.00113636363636364 0.951136363636364 0.00568181818181818 0.00113636363636364 0.00113636363636364 0.00113636363636364 0.00113636363636364 0.00113636363636364 0.00454545454545455 0.00113636363636364 0.00454545454545455 0.00568181818181818 0.00113636363636364 0.00568181818181818 0.00113636363636364 0.00454545454545455; % d D=0.4
0.00568181818181818 0.00113636363636364 0.00113636363636364 0.00113636363636364 0.00113636363636364 0.00568181818181818 0.00113636363636364 0.00113636363636364 0.951136363636364 0.00113636363636364 0.00113636363636364 0.00454545454545455 0.00113636363636364 0.00454545454545455 0.00568181818181818 0.00113636363636364 0.00568181818181818 0.00113636363636364 0.00454545454545455; % g D=0.4
0.00568181818181818 0.00113636363636364 0.951136363636364 0.00113636363636364 0.00113636363636364 0.00568181818181818 0.00113636363636364 0.00113636363636364 0.00113636363636364 0.00113636363636364 0.00113636363636364 0.00454545454545455 0.00113636363636364 0.00454545454545455 0.00568181818181818 0.00113636363636364 0.00568181818181818 0.00113636363636364 0.00454545454545455; % k D=0.4
0.00568181818181818 0.00113636363636364 0.00113636363636364 0.00113636363636364 0.00113636363636364 0.00568181818181818 0.00113636363636364 0.00113636363636364 0.00113636363636364 0.00113636363636364 0.951136363636364 0.00454545454545455 0.00113636363636364 0.00454545454545455 0.00568181818181818 0.00113636363636364 0.00568181818181818 0.00113636363636364 0.00454545454545455; % l D=0.4
0.0977272727272727 0.00454545454545455 0.00454545454545455 0.00454545454545455 0.00454545454545455 0.347727272727273 0.00454545454545455 0.00454545454545455 0.00454545454545455 0.00454545454545455 0.00454545454545455 0.0181818181818182 0.00454545454545455 0.218181818181818 0.222727272727273 0.00454545454545455 0.0227272727272727 0.00454545454545455 0.0181818181818182; % p D=0.4
0.00568181818181818 0.00113636363636364 0.00113636363636364 0.00113636363636364 0.00113636363636364 0.00568181818181818 0.00113636363636364 0.00113636363636364 0.00113636363636364 0.00113636363636364 0.00113636363636364 0.00454545454545455 0.00113636363636364 0.00454545454545455 0.00568181818181818 0.951136363636364 0.00568181818181818 0.00113636363636364 0.00454545454545455; % t D=0.4
0.00568181818181818 0.00113636363636364 0.00113636363636364 0.951136363636364 0.00113636363636364 0.00568181818181818 0.00113636363636364 0.00113636363636364 0.00113636363636364 0.00113636363636364 0.00113636363636364 0.00454545454545455 0.00113636363636364 0.00454545454545455 0.00568181818181818 0.00113636363636364 0.00568181818181818 0.00113636363636364 0.00454545454545455; % v D=0.4
0.00568181818181818 0.00113636363636364 0.00113636363636364 0.00113636363636364 0.00113636363636364 0.00568181818181818 0.951136363636364 0.00113636363636364 0.00113636363636364 0.00113636363636364 0.00113636363636364 0.00454545454545455 0.00113636363636364 0.00454545454545455 0.00568181818181818 0.00113636363636364 0.00568181818181818 0.00113636363636364 0.00454545454545455; % z D=0.4
0.0284090909090909 0.00568181818181818 0.00568181818181818 0.00568181818181818 0.00568181818181818 0.0700757575757576 0.00568181818181818 0.00568181818181818 0.00568181818181818 0.00568181818181818 0.00568181818181818 0.147727272727273 0.00568181818181818 0.147727272727273 0.236742424242424 0.00568181818181818 0.0700757575757576 0.00568181818181818 0.231060606060606; % $ D=0.5
0.0980113636363636 0.00710227272727273 0.00710227272727273 0.00710227272727273 0.00710227272727273 0.223011363636364 0.00710227272727273 0.00710227272727273 0.00710227272727273 0.00710227272727273 0.00710227272727273 0.0909090909090909 0.00710227272727273 0.0284090909090909 0.0980113636363636 0.00710227272727273 0.348011363636364 0.00710227272727273 0.0284090909090909; % B D=0.5
0.340909090909091 0.00568181818181818 0.00568181818181818 0.00568181818181818 0.00568181818181818 0.0909090909090909 0.00568181818181818 0.00568181818181818 0.00568181818181818 0.00568181818181818 0.00568181818181818 0.335227272727273 0.00568181818181818 0.0227272727272727 0.0284090909090909 0.00568181818181818 0.0909090909090909 0.00568181818181818 0.0227272727272727; % D D=0.5
0.0355113636363636 0.00710227272727273 0.00710227272727273 0.00710227272727273 0.00710227272727273 0.0355113636363636 0.00710227272727273 0.00710227272727273 0.00710227272727273 0.00710227272727273 0.00710227272727273 0.215909090909091 0.00710227272727273 0.215909090909091 0.0980113636363636 0.00710227272727273 0.223011363636364 0.00710227272727273 0.0909090909090909; % G D=0.5
0.00710227272727273 0.00142045454545455 0.00142045454545455 0.00142045454545455 0.00142045454545455 0.00710227272727273 0.00142045454545455 0.00142045454545455 0.00142045454545455 0.938920454545455 0.00142045454545455 0.00568181818181818 0.00142045454545455 0.00568181818181818 0.00710227272727273 0.00142045454545455 0.00710227272727273 0.00142045454545455 0.00568181818181818; % K D=0.5
0.00710227272727273 0.00142045454545455 0.00142045454545455 0.00142045454545455 0.00142045454545455 0.00710227272727273 0.00142045454545455 0.00142045454545455 0.00142045454545455 0.00142045454545455 0.00142045454545455 0.00568181818181818 0.00142045454545455 0.00568181818181818 0.00710227272727273 0.00142045454545455 0.00710227272727273 0.938920454545455 0.00568181818181818; % L D=0.5
0.00710227272727273 0.00142045454545455 0.00142045454545455 0.00142045454545455 0.00142045454545455 0.00710227272727273 0.00142045454545455 0.938920454545455 0.00142045454545455 0.00142045454545455 0.00142045454545455 0.00568181818181818 0.00142045454545455 0.00568181818181818 0.00710227272727273 0.00142045454545455 0.00710227272727273 0.00142045454545455 0.00568181818181818; % P D=0.5
0.00710227272727273 0.938920454545455 0.00142045454545455 0.00142045454545455 0.00142045454545455 0.00710227272727273 0.00142045454545455 0.00142045454545455 0.00142045454545455 0.00142045454545455 0.00142045454545455 0.00568181818181818 0.00142045454545455 0.00568181818181818 0.00710227272727273 0.00142045454545455 0.00710227272727273 0.00142045454545455 0.00568181818181818; % T D=0.5
0.340909090909091 0.00568181818181818 0.00568181818181818 0.00568181818181818 0.00568181818181818 0.0284090909090909 0.00568181818181818 0.00568181818181818 0.00568181818181818 0.00568181818181818 0.00568181818181818 0.0227272727272727 0.00568181818181818 0.210227272727273 0.0909090909090909 0.00568181818181818 0.0284090909090909 0.00568181818181818 0.210227272727273; % V D=0.5
0.465909090909091 0.00568181818181818 0.00568181818181818 0.00568181818181818 0.00568181818181818 0.0909090909090909 0.00568181818181818 0.00568181818181818 0.00568181818181818 0.00568181818181818 0.00568181818181818 0.0227272727272727 0.00568181818181818 0.0227272727272727 0.0284090909090909 0.00568181818181818 0.0909090909090909 0.00568181818181818 0.210227272727273; % Z D=0.5
0.00710227272727273 0.00142045454545455 0.00142045454545455 0.00142045454545455 0.00142045454545455 0.00710227272727273 0.00142045454545455 0.00142045454545455 0.00142045454545455 0.00142045454545455 0.00142045454545455 0.00568181818181818 0.938920454545455 0.00568181818181818 0.00710227272727273 0.00142045454545455 0.00710227272727273 0.00142045454545455 0.00568181818181818; % b D=0.5
0.00710227272727273 0.00142045454545455 0.00142045454545455 0.00142045454545455 0.938920454545455 0.00710227272727273 0.00142045454545455 0.00142045454545455 0.00142045454545455 0.00142045454545455 0.00142045454545455 0.00568181818181818 0.00142045454545455 0.00568181818181818 0.00710227272727273 0.00142045454545455 0.00710227272727273 0.00142045454545455 0.00568181818181818; % d D=0.5
0.00710227272727273 0.00142045454545455 0.00142045454545455 0.00142045454545455 0.00142045454545455 0.00710227272727273 0.00142045454545455 0.00142045454545455 0.938920454545455 0.00142045454545455 0.00142045454545455 0.00568181818181818 0.00142045454545455 0.00568181818181818 0.00710227272727273 0.00142045454545455 0.00710227272727273 0.00142045454545455 0.00568181818181818; % g D=0.5
0.00710227272727273 0.00142045454545455 0.938920454545455 0.00142045454545455 0.00142045454545455 0.00710227272727273 0.00142045454545455 0.00142045454545455 0.00142045454545455 0.00142045454545455 0.00142045454545455 0.00568181818181818 0.00142045454545455 0.00568181818181818 0.00710227272727273 0.00142045454545455 0.00710227272727273 0.00142045454545455 0.00568181818181818; % k D=0.5
0.00710227272727273 0.00142045454545455 0.00142045454545455 0.00142045454545455 0.00142045454545455 0.00710227272727273 0.00142045454545455 0.00142045454545455 0.00142045454545455 0.00142045454545455 0.938920454545455 0.00568181818181818 0.00142045454545455 0.00568181818181818 0.00710227272727273 0.00142045454545455 0.00710227272727273 0.00142045454545455 0.00568181818181818; % l D=0.5
0.0909090909090909 0.00568181818181818 0.00568181818181818 0.00568181818181818 0.00568181818181818 0.340909090909091 0.00568181818181818 0.00568181818181818 0.00568181818181818 0.00568181818181818 0.00568181818181818 0.0227272727272727 0.00568181818181818 0.210227272727273 0.215909090909091 0.00568181818181818 0.0284090909090909 0.00568181818181818 0.0227272727272727; % p D=0.5
0.00710227272727273 0.00142045454545455 0.00142045454545455 0.00142045454545455 0.00142045454545455 0.00710227272727273 0.00142045454545455 0.00142045454545455 0.00142045454545455 0.00142045454545455 0.00142045454545455 0.00568181818181818 0.00142045454545455 0.00568181818181818 0.00710227272727273 0.938920454545455 0.00710227272727273 0.00142045454545455 0.00568181818181818; % t D=0.5
0.00710227272727273 0.00142045454545455 0.00142045454545455 0.938920454545455 0.00142045454545455 0.00710227272727273 0.00142045454545455 0.00142045454545455 0.00142045454545455 0.00142045454545455 0.00142045454545455 0.00568181818181818 0.00142045454545455 0.00568181818181818 0.00710227272727273 0.00142045454545455 0.00710227272727273 0.00142045454545455 0.00568181818181818; % v D=0.5
0.00710227272727273 0.00142045454545455 0.00142045454545455 0.00142045454545455 0.00142045454545455 0.00710227272727273 0.938920454545455 0.00142045454545455 0.00142045454545455 0.00142045454545455 0.00142045454545455 0.00568181818181818 0.00142045454545455 0.00568181818181818 0.00710227272727273 0.00142045454545455 0.00710227272727273 0.00142045454545455 0.00568181818181818; % z D=0.5
0.0340909090909091 0.00681818181818182 0.00681818181818182 0.00681818181818182 0.00681818181818182 0.0674242424242424 0.00681818181818182 0.00681818181818182 0.00681818181818182 0.00681818181818182 0.00681818181818182 0.143939393939394 0.00681818181818182 0.143939393939394 0.234090909090909 0.00681818181818182 0.0674242424242424 0.00681818181818182 0.227272727272727; % $ D=0.6
0.0926136363636364 0.00852272727272727 0.00852272727272727 0.00852272727272727 0.00852272727272727 0.217613636363636 0.00852272727272727 0.00852272727272727 0.00852272727272727 0.00852272727272727 0.00852272727272727 0.0840909090909091 0.00852272727272727 0.0340909090909091 0.0926136363636364 0.00852272727272727 0.342613636363636 0.00852272727272727 0.0340909090909091; % B D=0.6
0.334090909090909 0.00681818181818182 0.00681818181818182 0.00681818181818182 0.00681818181818182 0.0840909090909091 0.00681818181818182 0.00681818181818182 0.00681818181818182 0.00681818181818182 0.00681818181818182 0.327272727272727 0.00681818181818182 0.0272727272727273 0.0340909090909091 0.00681818181818182 0.0840909090909091 0.00681818181818182 0.0272727272727273; % D D=0.6
0.0426136363636364 0.00852272727272727 0.00852272727272727 0.00852272727272727 0.00852272727272727 0.0426136363636364 0.00852272727272727 0.00852272727272727 0.00852272727272727 0.00852272727272727 0.00852272727272727 0.209090909090909 0.00852272727272727 0.209090909090909 0.0926136363636364 0.00852272727272727 0.217613636363636 0.00852272727272727 0.0840909090909091; % G D=0.6
0.00852272727272727 0.00170454545454545 0.00170454545454545 0.00170454545454545 0.00170454545454545 0.00852272727272727 0.00170454545454545 0.00170454545454545 0.00170454545454545 0.926704545454546 0.00170454545454545 0.00681818181818182 0.00170454545454545 0.00681818181818182 0.00852272727272727 0.00170454545454545 0.00852272727272727 0.00170454545454545 0.00681818181818182; % K D=0.6
0.00852272727272727 0.00170454545454545 0.00170454545454545 0.00170454545454545 0.00170454545454545 0.00852272727272727 0.00170454545454545 0.00170454545454545 0.00170454545454545 0.00170454545454545 0.00170454545454545 0.00681818181818182 0.00170454545454545 0.00681818181818182 0.00852272727272727 0.00170454545454545 0.00852272727272727 0.926704545454546 0.00681818181818182; % L D=0.6
0.00852272727272727 0.00170454545454545 0.00170454545454545 0.00170454545454545 0.00170454545454545 0.00852272727272727 0.00170454545454545 0.926704545454546 0.00170454545454545 0.00170454545454545 0.00170454545454545 0.00681818181818182 0.00170454545454545 0.00681818181818182 0.00852272727272727 0.00170454545454545 0.00852272727272727 0.00170454545454545 0.00681818181818182; % P D=0.6
