syllables = '$BDGKLPTVZbdgklptvz';
discounts = [0.1 0.2 0.3 0.4 0.5 0.6 0.7 0.8 0.9 0.95];
kn_probs = [0.00276923076923077 0.000461538461538462 0.000461538461538462 0.278307692307692 0.118769230769231 0.000461538461538462 0.000461538461538462 0.000461538461538462 0.000461538461538462 0.000461538461538462 0.118769230769231 0.0787692307692308 0.000461538461538462 0.000461538461538462 0.158769230769231 0.000461538461538462 0.000461538461538462 0.000461538461538462 0.238307692307692; % $ D=0.1
0.13051282051282 0.000641025641025641 0.000641025641025641 0.00320512820512821 0.330512820512821 0.000641025641025641 0.000641025641025641 0.000641025641025641 0.000641025641025641 0.000641025641025641 0.00384615384615385 0.13051282051282 0.000641025641025641 0.000641025641025641 0.13051282051282 0.000641025641025641 0.000641025641025641 0.000641025641025641 0.263205128205128; % B D=0.1
0.000678733031674208 0.000113122171945701 0.000113122171945701 0.000565610859728507 0.000678733031674208 0.000113122171945701 0.000113122171945701 0.000113122171945701 0.000113122171945701 0.994230769230769 0.000678733031674208 0.000678733031674208 0.000113122171945701 0.000113122171945701 0.000678733031674208 0.000113122171945701 0.000113122171945701 0.000113122171945701 0.000565610859728507; % D D=0.1
0.000678733031674208 0.000113122171945701 0.000113122171945701 0.000565610859728507 0.000678733031674208 0.000113122171945701 0.000113122171945701 0.000113122171945701 0.994230769230769 0.000113122171945701 0.000678733031674208 0.000678733031674208 0.000113122171945701 0.000113122171945701 0.000678733031674208 0.000113122171945701 0.000113122171945701 0.000113122171945701 0.000565610859728507; % G D=0.1
0.000678733031674208 0.000113122171945701 0.000113122171945701 0.000565610859728507 0.000678733031674208 0.000113122171945701 0.994230769230769 0.000113122171945701 0.000113122171945701 0.000113122171945701 0.000678733031674208 0.000678733031674208 0.000113122171945701 0.000113122171945701 0.000678733031674208 0.000113122171945701 0.000113122171945701 0.000113122171945701 0.000565610859728507; % K D=0.1
0.000678733031674208 0.000113122171945701 0.000113122171945701 0.000565610859728507 0.000678733031674208 0.000113122171945701 0.000113122171945701 0.000113122171945701 0.000113122171945701 0.000113122171945701 0.000678733031674208 0.000678733031674208 0.994230769230769 0.000113122171945701 0.000678733031674208 0.000113122171945701 0.000113122171945701 0.000113122171945701 0.000565610859728507; % L D=0.1
0.351131221719457 0.000678733031674208 0.000678733031674208 0.115158371040724 0.00407239819004525 0.000678733031674208 0.000678733031674208 0.000678733031674208 0.000678733031674208 0.000678733031674208 0.0570135746606335 0.115837104072398 0.000678733031674208 0.000678733031674208 0.174660633484163 0.000678733031674208 0.000678733031674208 0.000678733031674208 0.173981900452489; % P D=0.1
0.000769230769230769 0.993461538461539 0.000128205128205128 0.000641025641025641 0.000769230769230769 0.000128205128205128 0.000128205128205128 0.000128205128205128 0.000128205128205128 0.000128205128205128 0.000769230769230769 0.000769230769230769 0.000128205128205128 0.000128205128205128 0.000769230769230769 0.000128205128205128 0.000128205128205128 0.000128205128205128 0.000641025641025641; % T D=0.1
0.350452488687783 0.000565610859728507 0.000565610859728507 0.00282805429864253 0.173981900452489 0.000565610859728507 0.000565610859728507 0.000565610859728507 0.000565610859728507 0.000565610859728507 0.173981900452489 0.232805429864253 0.000565610859728507 0.000565610859728507 0.0563348416289593 0.000565610859728507 0.000565610859728507 0.000565610859728507 0.00282805429864253; % V D=0.1
0.174660633484163 0.000678733031674208 0.000678733031674208 0.115158371040724 0.115837104072398 0.000678733031674208 0.000678733031674208 0.000678733031674208 0.000678733031674208 0.000678733031674208 0.115837104072398 0.174660633484163 0.000678733031674208 0.000678733031674208 0.292307692307692 0.000678733031674208 0.000678733031674208 0.000678733031674208 0.00339366515837104; % Z D=0.1
0.000769230769230769 0.000128205128205128 0.000128205128205128 0.000641025641025641 0.000769230769230769 0.000128205128205128 0.000128205128205128 0.993461538461539 0.000128205128205128 0.000128205128205128 0.000769230769230769 0.000769230769230769 0.000128205128205128 0.000128205128205128 0.000769230769230769 0.000128205128205128 0.000128205128205128 0.000128205128205128 0.000641025641025641; % b D=0.1
0.000678733031674208 0.000113122171945701 0.000113122171945701 0.000565610859728507 0.000678733031674208 0.000113122171945701 0.000113122171945701 0.000113122171945701 0.000113122171945701 0.000113122171945701 0.000678733031674208 0.000678733031674208 0.000113122171945701 0.000113122171945701 0.000678733031674208 0.000113122171945701 0.000113122171945701 0.994230769230769 0.000565610859728507; % d D=0.1
0.292307692307692 0.000678733031674208 0.000678733031674208 0.115158371040724 0.174660633484163 0.000678733031674208 0.000678733031674208 0.000678733031674208 0.000678733031674208 0.000678733031674208 0.174660633484163 0.00407239819004525 0.000678733031674208 0.000678733031674208 0.115837104072398 0.000678733031674208 0.000678733031674208 0.000678733031674208 0.115158371040724; % g D=0.1
0.174660633484163 0.000678733031674208 0.000678733031674208 0.232805429864253 0.0570135746606335 0.000678733031674208 0.000678733031674208 0.000678733031674208 0.000678733031674208 0.000678733031674208 0.174660633484163 0.233484162895928 0.000678733031674208 0.000678733031674208 0.00407239819004525 0.000678733031674208 0.000678733031674208 0.000678733031674208 0.115158371040724; % k D=0.1
0.000678733031674208 0.000113122171945701 0.000113122171945701 0.000565610859728507 0.000678733031674208 0.000113122171945701 0.000113122171945701 0.000113122171945701 0.000113122171945701 0.000113122171945701 0.000678733031674208 0.000678733031674208 0.000113122171945701 0.000113122171945701 0.000678733031674208 0.994230769230769 0.000113122171945701 0.000113122171945701 0.000565610859728507; % l D=0.1
0.000678733031674208 0.000113122171945701 0.000113122171945701 0.000565610859728507 0.000678733031674208 0.000113122171945701 0.000113122171945701 0.000113122171945701 0.000113122171945701 0.000113122171945701 0.000678733031674208 0.000678733031674208 0.000113122171945701 0.994230769230769 0.000678733031674208 0.000113122171945701 0.000113122171945701 0.000113122171945701 0.000565610859728507; % p D=0.1
0.000678733031674208 0.000113122171945701 0.994230769230769 0.000565610859728507 0.000678733031674208 0.000113122171945701 0.000113122171945701 0.000113122171945701 0.000113122171945701 0.000113122171945701 0.000678733031674208 0.000678733031674208 0.000113122171945701 0.000113122171945701 0.000678733031674208 0.000113122171945701 0.000113122171945701 0.000113122171945701 0.000565610859728507; % t D=0.1
0.000678733031674208 0.000113122171945701 0.000113122171945701 0.000565610859728507 0.000678733031674208 0.994230769230769 0.000113122171945701 0.000113122171945701 0.000113122171945701 0.000113122171945701 0.000678733031674208 0.000678733031674208 0.000113122171945701 0.000113122171945701 0.000678733031674208 0.000113122171945701 0.000113122171945701 0.000113122171945701 0.000565610859728507; % v D=0.1
0.000678733031674208 0.000113122171945701 0.000113122171945701 0.000565610859728507 0.000678733031674208 0.000113122171945701 0.000113122171945701 0.000113122171945701 0.000113122171945701 0.000113122171945701 0.000678733031674208 0.000678733031674208 0.000113122171945701 0.000113122171945701 0.000678733031674208 0.000113122171945701 0.994230769230769 0.000113122171945701 0.000565610859728507; % z D=0.1
