syllables = '$BDGKLPTVZbdgklptvz';
discounts = [0.1 0.2 0.3 0.4 0.5 0.6 0.7 0.8 0.9 0.95];
kn_probs = [0.00425531914893617 0.00106382978723404 0.0792553191489362 0.00106382978723404 0.00106382978723404 0.0813829787234042 0.00106382978723404 0.00106382978723404 0.246985815602837 0.00106382978723404 0.00106382978723404 0.246985815602837 0.00106382978723404 0.00106382978723404 0.0813829787234042 0.00106382978723404 0.00106382978723404 0.00106382978723404 0.246985815602837; % $ D=0.1
0.36781914893617 0.00132978723404255 0.00531914893617021 0.00132978723404255 0.00132978723404255 0.120478723404255 0.00132978723404255 0.00132978723404255 0.00664893617021277 0.00132978723404255 0.00132978723404255 0.119148936170213 0.00132978723404255 0.00132978723404255 0.245478723404255 0.00132978723404255 0.00132978723404255 0.00132978723404255 0.119148936170213; % B D=0.1
0.00106382978723404 0.000265957446808511 0.00106382978723404 0.000265957446808511 0.000265957446808511 0.00159574468085106 0.000265957446808511 0.987765957446809 0.00132978723404255 0.000265957446808511 0.000265957446808511 0.00132978723404255 0.000265957446808511 0.000265957446808511 0.00159574468085106 0.000265957446808511 0.000265957446808511 0.000265957446808511 0.00132978723404255; % D D=0.1
0.00106382978723404 0.000265957446808511 0.00106382978723404 0.000265957446808511 0.000265957446808511 0.00159574468085106 0.000265957446808511 0.000265957446808511 0.00132978723404255 0.000265957446808511 0.987765957446809 0.00132978723404255 0.000265957446808511 0.000265957446808511 0.00159574468085106 0.000265957446808511 0.000265957446808511 0.000265957446808511 0.00132978723404255; % G D=0.1
0.243882978723404 0.00159574468085106 0.243882978723404 0.00159574468085106 0.00159574468085106 0.122074468085106 0.00159574468085106 0.00159574468085106 0.120478723404255 0.00159574468085106 0.00159574468085106 0.120478723404255 0.00159574468085106 0.00159574468085106 0.00957446808510638 0.00159574468085106 0.00159574468085106 0.00159574468085106 0.120478723404255; % K D=0.1
0.00106382978723404 0.000265957446808511 0.00106382978723404 0.000265957446808511 0.000265957446808511 0.00159574468085106 0.000265957446808511 0.000265957446808511 0.00132978723404255 0.000265957446808511 0.000265957446808511 0.00132978723404255 0.987765957446809 0.000265957446808511 0.00159574468085106 0.000265957446808511 0.000265957446808511 0.000265957446808511 0.00132978723404255; % L D=0.1
0.36781914893617 0.00132978723404255 0.00531914893617021 0.00132978723404255 0.00132978723404255 0.00797872340425532 0.00132978723404255 0.00132978723404255 0.244148936170213 0.00132978723404255 0.00132978723404255 0.119148936170213 0.00132978723404255 0.00132978723404255 0.120478723404255 0.00132978723404255 0.00132978723404255 0.00132978723404255 0.119148936170213; % P D=0.1
0.00106382978723404 0.000265957446808511 0.00106382978723404 0.000265957446808511 0.000265957446808511 0.00159574468085106 0.000265957446808511 0.000265957446808511 0.00132978723404255 0.987765957446809 0.000265957446808511 0.00132978723404255 0.000265957446808511 0.000265957446808511 0.00159574468085106 0.000265957446808511 0.000265957446808511 0.000265957446808511 0.00132978723404255; % T D=0.1
0.00106382978723404 0.000265957446808511 0.00106382978723404 0.987765957446809 0.000265957446808511 0.00159574468085106 0.000265957446808511 0.000265957446808511 0.00132978723404255 0.000265957446808511 0.000265957446808511 0.00132978723404255 0.000265957446808511 0.000265957446808511 0.00159574468085106 0.000265957446808511 0.000265957446808511 0.000265957446808511 0.00132978723404255; % V D=0.1
0.491755319148936 0.00106382978723404 0.00425531914893617 0.00106382978723404 0.00106382978723404 0.118882978723404 0.00106382978723404 0.00106382978723404 0.00531914893617021 0.00106382978723404 0.00106382978723404 0.00531914893617021 0.00106382978723404 0.00106382978723404 0.118882978723404 0.00106382978723404 0.00106382978723404 0.00106382978723404 0.24281914893617; % Z D=0.1
0.00106382978723404 0.987765957446809 0.00106382978723404 0.000265957446808511 0.000265957446808511 0.00159574468085106 0.000265957446808511 0.000265957446808511 0.00132978723404255 0.000265957446808511 0.000265957446808511 0.00132978723404255 0.000265957446808511 0.000265957446808511 0.00159574468085106 0.000265957446808511 0.000265957446808511 0.000265957446808511 0.00132978723404255; % b D=0.1
0.00106382978723404 0.000265957446808511 0.00106382978723404 0.000265957446808511 0.000265957446808511 0.00159574468085106 0.000265957446808511 0.000265957446808511 0.00132978723404255 0.000265957446808511 0.000265957446808511 0.00132978723404255 0.000265957446808511 0.000265957446808511 0.00159574468085106 0.987765957446809 0.000265957446808511 0.000265957446808511 0.00132978723404255; % d D=0.1
0.00106382978723404 0.000265957446808511 0.00106382978723404 0.000265957446808511 0.000265957446808511 0.00159574468085106 0.987765957446809 0.000265957446808511 0.00132978723404255 0.000265957446808511 0.000265957446808511 0.00132978723404255 0.000265957446808511 0.000265957446808511 0.00159574468085106 0.000265957446808511 0.000265957446808511 0.000265957446808511 0.00132978723404255; % g D=0.1
0.00106382978723404 0.000265957446808511 0.00106382978723404 0.000265957446808511 0.000265957446808511 0.00159574468085106 0.000265957446808511 0.000265957446808511 0.00132978723404255 0.000265957446808511 0.000265957446808511 0.00132978723404255 0.000265957446808511 0.000265957446808511 0.00159574468085106 0.000265957446808511 0.987765957446809 0.000265957446808511 0.00132978723404255; % k D=0.1
0.00106382978723404 0.000265957446808511 0.00106382978723404 0.000265957446808511 0.987765957446809 0.00159574468085106 0.000265957446808511 0.000265957446808511 0.00132978723404255 0.000265957446808511 0.000265957446808511 0.00132978723404255 0.000265957446808511 0.000265957446808511 0.00159574468085106 0.000265957446808511 0.000265957446808511 0.000265957446808511 0.00132978723404255; % l D=0.1
0.00106382978723404 0.000265957446808511 0.00106382978723404 0.000265957446808511 0.000265957446808511 0.00159574468085106 0.000265957446808511 0.000265957446808511 0.00132978723404255 0.000265957446808511 0.000265957446808511 0.00132978723404255 0.000265957446808511 0.987765957446809 0.00159574468085106 0.000265957446808511 0.000265957446808511 0.000265957446808511 0.00132978723404255; % p D=0.1
0.00425531914893617 0.00106382978723404 0.491755319148936 0.00106382978723404 0.00106382978723404 0.243882978723404 0.00106382978723404 0.00106382978723404 0.11781914893617 0.00106382978723404 0.00106382978723404 0.00531914893617021 0.00106382978723404 0.00106382978723404 0.118882978723404 0.00106382978723404 0.00106382978723404 0.00106382978723404 0.00531914893617021; % t D=0.1
0.00531914893617021 0.00132978723404255 0.11781914893617 0.00132978723404255 0.00132978723404255 0.245478723404255 0.00132978723404255 0.00132978723404255 0.119148936170213 0.00132978723404255 0.00132978723404255 0.244148936170213 0.00132978723404255 0.00132978723404255 0.245478723404255 0.00132978723404255 0.00132978723404255 0.00132978723404255 0.00664893617021277; % v D=0.1
0.00106382978723404 0.000265957446808511 0.00106382978723404 0.000265957446808511 0.000265957446808511 0.00159574468085106 0.000265957446808511 0.000265957446808511 0.00132978723404255 0.000265957446808511 0.000265957446808511 0.00132978723404255 0.000265957446808511 0.000265957446808511 0.00159574468085106 0.000265957446808511 0.000265957446808511 0.987765957446809 0.00132978723404255; % z D=0.1
0.00851063829787234 0.00212765957446809 0.075177304964539 0.00212765957446809 0.00212765957446809 0.0794326241134752 0.00212765957446809 0.00212765957446809 0.243971631205674 0.00212765957446809 0.00212765957446809 0.243971631205674 0.00212765957446809 0.00212765957446809 0.0794326241134752 0.00212765957446809 0.00212765957446809 0.00212765957446809 0.243971631205674; % $ D=0.2
0.36063829787234 0.00265957446808511 0.0106382978723404 0.00265957446808511 0.00265957446808511 0.115957446808511 0.00265957446808511 0.00265957446808511 0.0132978723404255 0.00265957446808511 0.00265957446808511 0.113297872340426 0.00265957446808511 0.00265957446808511 0.240957446808511 0.00265957446808511 0.00265957446808511 0.00265957446808511 0.113297872340426; % B D=0.2
0.00212765957446809 0.000531914893617021 0.00212765957446809 0.000531914893617021 0.000531914893617021 0.00319148936170213 0.000531914893617021 0.975531914893617 0.00265957446808511 0.000531914893617021 0.000531914893617021 0.00265957446808511 0.000531914893617021 0.000531914893617021 0.00319148936170213 0.000531914893617021 0.000531914893617021 0.000531914893617021 0.00265957446808511; % D D=0.2
0.00212765957446809 0.000531914893617021 0.00212765957446809 0.000531914893617021 0.000531914893617021 0.00319148936170213 0.000531914893617021 0.000531914893617021 0.00265957446808511 0.000531914893617021 0.975531914893617 0.00265957446808511 0.000531914893617021 0.000531914893617021 0.00319148936170213 0.000531914893617021 0.000531914893617021 0.000531914893617021 0.00265957446808511; % G D=0.2
0.237765957446809 0.00319148936170213 0.237765957446809 0.00319148936170213 0.00319148936170213 0.119148936170213 0.00319148936170213 0.00319148936170213 0.115957446808511 0.00319148936170213 0.00319148936170213 0.115957446808511 0.00319148936170213 0.00319148936170213 0.0191489361702128 0.00319148936170213 0.00319148936170213 0.00319148936170213 0.115957446808511; % K D=0.2
0.00212765957446809 0.000531914893617021 0.00212765957446809 0.000531914893617021 0.000531914893617021 0.00319148936170213 0.000531914893617021 0.000531914893617021 0.00265957446808511 0.000531914893617021 0.000531914893617021 0.00265957446808511 0.975531914893617 0.000531914893617021 0.00319148936170213 0.000531914893617021 0.000531914893617021 0.000531914893617021 0.00265957446808511; % L D=0.2
0.36063829787234 0.00265957446808511 0.0106382978723404 0.00265957446808511 0.00265957446808511 0.0159574468085106 0.00265957446808511 0.00265957446808511 0.238297872340426 0.00265957446808511 0.00265957446808511 0.113297872340426 0.00265957446808511 0.00265957446808511 0.115957446808511 0.00265957446808511 0.00265957446808511 0.00265957446808511 0.113297872340426; % P D=0.2
0.00212765957446809 0.000531914893617021 0.00212765957446809 0.000531914893617021 0.000531914893617021 0.00319148936170213 0.000531914893617021 0.000531914893617021 0.00265957446808511 0.975531914893617 0.000531914893617021 0.00265957446808511 0.000531914893617021 0.000531914893617021 0.00319148936170213 0.000531914893617021 0.000531914893617021 0.000531914893617021 0.00265957446808511; % T D=0.2
0.00212765957446809 0.000531914893617021 0.00212765957446809 0.975531914893617 0.000531914893617021 0.00319148936170213 0.000531914893617021 0.000531914893617021 0.00265957446808511 0.000531914893617021 0.000531914893617021 0.00265957446808511 0.000531914893617021 0.000531914893617021 0.00319148936170213 0.000531914893617021 0.000531914893617021 0.000531914893617021 0.00265957446808511; % V D=0.2
0.483510638297872 0.00212765957446809 0.00851063829787234 0.00212765957446809 0.00212765957446809 0.112765957446809 0.00212765957446809 0.00212765957446809 0.0106382978723404 0.00212765957446809 0.00212765957446809 0.0106382978723404 0.00212765957446809 0.00212765957446809 0.112765957446809 0.00212765957446809 0.00212765957446809 0.00212765957446809 0.23563829787234; % Z D=0.2
0.00212765957446809 0.975531914893617 0.00212765957446809 0.000531914893617021 0.000531914893617021 0.00319148936170213 0.000531914893617021 0.000531914893617021 0.00265957446808511 0.000531914893617021 0.000531914893617021 0.00265957446808511 0.000531914893617021 0.000531914893617021 0.00319148936170213 0.000531914893617021 0.000531914893617021 0.000531914893617021 0.00265957446808511; % b D=0.2
0.00212765957446809 0.000531914893617021 0.00212765957446809 0.000531914893617021 0.000531914893617021 0.00319148936170213 0.000531914893617021 0.000531914893617021 0.00265957446808511 0.000531914893617021 0.000531914893617021 0.00265957446808511 0.000531914893617021 0.000531914893617021 0.00319148936170213 0.975531914893617 0.000531914893617021 0.000531914893617021 0.00265957446808511; % d D=0.2
0.00212765957446809 0.000531914893617021 0.00212765957446809 0.000531914893617021 0.000531914893617021 0.00319148936170213 0.975531914893617 0.000531914893617021 0.00265957446808511 0.000531914893617021 0.000531914893617021 0.00265957446808511 0.000531914893617021 0.000531914893617021 0.00319148936170213 0.000531914893617021 0.000531914893617021 0.000531914893617021 0.00265957446808511; % g D=0.2
0.00212765957446809 0.000531914893617021 0.00212765957446809 0.000531914893617021 0.000531914893617021 0.00319148936170213 0.000531914893617021 0.000531914893617021 0.00265957446808511 0.000531914893617021 0.000531914893617021 0.00265957446808511 0.000531914893617021 0.000531914893617021 0.00319148936170213 0.000531914893617021 0.975531914893617 0.000531914893617021 0.00265957446808511; % k D=0.2
0.00212765957446809 0.000531914893617021 0.00212765957446809 0.000531914893617021 0.975531914893617 0.00319148936170213 0.000531914893617021 0.000531914893617021 0.00265957446808511 0.000531914893617021 0.000531914893617021 0.00265957446808511 0.000531914893617021 0.000531914893617021 0.00319148936170213 0.000531914893617021 0.000531914893617021 0.000531914893617021 0.00265957446808511; % l D=0.2
0.00212765957446809 0.000531914893617021 0.00212765957446809 0.000531914893617021 0.000531914893617021 0.00319148936170213 0.000531914893617021 0.000531914893617021 0.00265957446808511 0.000531914893617021 0.000531914893617021 0.00265957446808511 0.000531914893617021 0.975531914893617 0.00319148936170213 0.000531914893617021 0.000531914893617021 0.000531914893617021 0.00265957446808511; % p D=0.2
0.00851063829787234 0.00212765957446809 0.483510638297872 0.00212765957446809 0.00212765957446809 0.237765957446809 0.00212765957446809 0.00212765957446809 0.11063829787234 0.00212765957446809 0.00212765957446809 0.0106382978723404 0.00212765957446809 0.00212765957446809 0.112765957446809 0.00212765957446809 0.00212765957446809 0.00212765957446809 0.0106382978723404; % t D=0.2
0.0106382978723404 0.00265957446808511 0.11063829787234 0.00265957446808511 0.00265957446808511 0.240957446808511 0.00265957446808511 0.00265957446808511 0.113297872340426 0.00265957446808511 0.00265957446808511 0.238297872340426 0.00265957446808511 0.00265957446808511 0.240957446808511 0.00265957446808511 0.00265957446808511 0.00265957446808511 0.0132978723404255; % v D=0.2
0.00212765957446809 0.000531914893617021 0.00212765957446809 0.000531914893617021 0.000531914893617021 0.00319148936170213 0.000531914893617021 0.000531914893617021 0.00265957446808511 0.000531914893617021 0.000531914893617021 0.00265957446808511 0.000531914893617021 0.000531914893617021 0.00319148936170213 0.000531914893617021 0.000531914893617021 0.975531914893617 0.00265957446808511; % z D=0.2
0.0127659574468085 0.00319148936170213 0.0710992907801418 0.00319148936170213 0.00319148936170213 0.0774822695035461 0.00319148936170213 0.00319148936170213 0.240957446808511 0.00319148936170213 0.00319148936170213 0.240957446808511 0.00319148936170213 0.00319148936170213 0.0774822695035461 0.00319148936170213 0.00319148936170213 0.00319148936170213 0.240957446808511; % $ D=0.3
0.353457446808511 0.00398936170212766 0.0159574468085106 0.00398936170212766 0.00398936170212766 0.111436170212766 0.00398936170212766 0.00398936170212766 0.0199468085106383 0.00398936170212766 0.00398936170212766 0.107446808510638 0.00398936170212766 0.00398936170212766 0.236436170212766 0.00398936170212766 0.00398936170212766 0.00398936170212766 0.107446808510638; % B D=0.3
0.00319148936170213 0.000797872340425532 0.00319148936170213 0.000797872340425532 0.000797872340425532 0.00478723404255319 0.000797872340425532 0.963297872340426 0.00398936170212766 0.000797872340425532 0.000797872340425532 0.00398936170212766 0.000797872340425532 0.000797872340425532 0.00478723404255319 0.000797872340425532 0.000797872340425532 0.000797872340425532 0.00398936170212766; % D D=0.3
0.00319148936170213 0.000797872340425532 0.00319148936170213 0.000797872340425532 0.000797872340425532 0.00478723404255319 0.000797872340425532 0.000797872340425532 0.00398936170212766 0.000797872340425532 0.963297872340426 0.00398936170212766 0.000797872340425532 0.000797872340425532 0.00478723404255319 0.000797872340425532 0.000797872340425532 0.000797872340425532 0.00398936170212766; % G D=0.3
0.231648936170213 0.00478723404255319 0.231648936170213 0.00478723404255319 0.00478723404255319 0.116223404255319 0.00478723404255319 0.00478723404255319 0.111436170212766 0.00478723404255319 0.00478723404255319 0.111436170212766 0.00478723404255319 0.00478723404255319 0.0287234042553191 0.00478723404255319 0.00478723404255319 0.00478723404255319 0.111436170212766; % K D=0.3
0.00319148936170213 0.000797872340425532 0.00319148936170213 0.000797872340425532 0.000797872340425532 0.00478723404255319 0.000797872340425532 0.000797872340425532 0.00398936170212766 0.000797872340425532 0.000797872340425532 0.00398936170212766 0.963297872340426 0.000797872340425532 0.00478723404255319 0.000797872340425532 0.000797872340425532 0.000797872340425532 0.00398936170212766; % L D=0.3
0.353457446808511 0.00398936170212766 0.0159574468085106 0.00398936170212766 0.00398936170212766 0.023936170212766 0.00398936170212766 0.00398936170212766 0.232446808510638 0.00398936170212766 0.00398936170212766 0.107446808510638 0.00398936170212766 0.00398936170212766 0.111436170212766 0.00398936170212766 0.00398936170212766 0.00398936170212766 0.107446808510638; % P D=0.3
0.00319148936170213 0.000797872340425532 0.00319148936170213 0.000797872340425532 0.000797872340425532 0.00478723404255319 0.000797872340425532 0.000797872340425532 0.00398936170212766 0.963297872340426 0.000797872340425532 0.00398936170212766 0.000797872340425532 0.000797872340425532 0.00478723404255319 0.000797872340425532 0.000797872340425532 0.000797872340425532 0.00398936170212766; % T D=0.3
0.00319148936170213 0.000797872340425532 0.00319148936170213 0.963297872340426 0.000797872340425532 0.00478723404255319 0.000797872340425532 0.000797872340425532 0.00398936170212766 0.000797872340425532 0.000797872340425532 0.00398936170212766 0.000797872340425532 0.000797872340425532 0.00478723404255319 0.000797872340425532 0.000797872340425532 0.000797872340425532 0.00398936170212766; % V D=0.3
0.475265957446809 0.00319148936170213 0.0127659574468085 0.00319148936170213 0.00319148936170213 0.106648936170213 0.00319148936170213 0.00319148936170213 0.0159574468085106 0.00319148936170213 0.00319148936170213 0.0159574468085106 0.00319148936170213 0.00319148936170213 0.106648936170213 0.00319148936170213 0.00319148936170213 0.00319148936170213 0.228457446808511; % Z D=0.3
0.00319148936170213 0.963297872340426 0.00319148936170213 0.000797872340425532 0.000797872340425532 0.00478723404255319 0.000797872340425532 0.000797872340425532 0.00398936170212766 0.000797872340425532 0.000797872340425532 0.00398936170212766 0.000797872340425532 0.000797872340425532 0.00478723404255319 0.000797872340425532 0.000797872340425532 0.000797872340425532 0.00398936170212766; % b D=0.3
0.00319148936170213 0.000797872340425532 0.00319148936170213 0.000797872340425532 0.000797872340425532 0.00478723404255319 0.000797872340425532 0.000797872340425532 0.00398936170212766 0.000797872340425532 0.000797872340425532 0.00398936170212766 0.000797872340425532 0.000797872340425532 0.00478723404255319 0.963297872340426 0.000797872340425532 0.000797872340425532 0.00398936170212766; % d D=0.3
0.00319148936170213 0.000797872340425532 0.00319148936170213 0.000797872340425532 0.000797872340425532 0.00478723404255319 0.963297872340426 0.000797872340425532 0.00398936170212766 0.000797872340425532 0.000797872340425532 0.00398936170212766 0.000797872340425532 0.000797872340425532 0.00478723404255319 0.000797872340425532 0.000797872340425532 0.000797872340425532 0.00398936170212766; % g D=0.3
0.00319148936170213 0.000797872340425532 0.00319148936170213 0.000797872340425532 0.000797872340425532 0.00478723404255319 0.000797872340425532 0.000797872340425532 0.00398936170212766 0.000797872340425532 0.000797872340425532 0.00398936170212766 0.000797872340425532 0.000797872340425532 0.00478723404255319 0.000797872340425532 0.963297872340426 0.000797872340425532 0.00398936170212766; % k D=0.3
0.00319148936170213 0.000797872340425532 0.00319148936170213 0.000797872340425532 0.963297872340426 0.00478723404255319 0.000797872340425532 0.000797872340425532 0.00398936170212766 0.000797872340425532 0.000797872340425532 0.00398936170212766 0.000797872340425532 0.000797872340425532 0.00478723404255319 0.000797872340425532 0.000797872340425532 0.000797872340425532 0.00398936170212766; % l D=0.3
0.00319148936170213 0.000797872340425532 0.00319148936170213 0.000797872340425532 0.000797872340425532 0.00478723404255319 0.000797872340425532 0.000797872340425532 0.00398936170212766 0.000797872340425532 0.000797872340425532 0.00398936170212766 0.000797872340425532 0.963297872340426 0.00478723404255319 0.000797872340425532 0.000797872340425532 0.000797872340425532 0.00398936170212766; % p D=0.3
0.0127659574468085 0.00319148936170213 0.475265957446809 0.00319148936170213 0.00319148936170213 0.231648936170213 0.00319148936170213 0.00319148936170213 0.103457446808511 0.00319148936170213 0.00319148936170213 0.0159574468085106 0.00319148936170213 0.00319148936170213 0.106648936170213 0.00319148936170213 0.00319148936170213 0.00319148936170213 0.0159574468085106; % t D=0.3
0.0159574468085106 0.00398936170212766 0.103457446808511 0.00398936170212766 0.00398936170212766 0.236436170212766 0.00398936170212766 0.00398936170212766 0.107446808510638 0.00398936170212766 0.00398936170212766 0.232446808510638 0.00398936170212766 0.00398936170212766 0.236436170212766 0.00398936170212766 0.00398936170212766 0.00398936170212766 0.0199468085106383; % v D=0.3
0.00319148936170213 0.000797872340425532 0.00319148936170213 0.000797872340425532 0.000797872340425532 0.00478723404255319 0.000797872340425532 0.000797872340425532 0.00398936170212766 0.000797872340425532 0.000797872340425532 0.00398936170212766 0.000797872340425532 0.000797872340425532 0.00478723404255319 0.000797872340425532 0.000797872340425532 0.963297872340426 0.00398936170212766; % z D=0.3
0.0170212765957447 0.00425531914893617 0.0670212765957447 0.00425531914893617 0.00425531914893617 0.075531914893617 0.00425531914893617 0.00425531914893617 0.237943262411348 0.00425531914893617 0.00425531914893617 0.237943262411348 0.00425531914893617 0.00425531914893617 0.075531914893617 0.00425531914893617 0.00425531914893617 0.00425531914893617 0.237943262411348; % $ D=0.4
0.346276595744681 0.00531914893617021 0.0212765957446809 0.00531914893617021 0.00531914893617021 0.106914893617021 0.00531914893617021 0.00531914893617021 0.0265957446808511 0.00531914893617021 0.00531914893617021 0.101595744680851 0.00531914893617021 0.00531914893617021 0.231914893617021 0.00531914893617021 0.00531914893617021 0.00531914893617021 0.101595744680851; % B D=0.4
0.00425531914893617 0.00106382978723404 0.00425531914893617 0.00106382978723404 0.00106382978723404 0.00638297872340426 0.00106382978723404 0.951063829787234 0.00531914893617021 0.00106382978723404 0.00106382978723404 0.00531914893617021 0.00106382978723404 0.00106382978723404 0.00638297872340426 0.00106382978723404 0.00106382978723404 0.00106382978723404 0.00531914893617021; % D D=0.4
0.00425531914893617 0.00106382978723404 0.00425531914893617 0.00106382978723404 0.00106382978723404 0.00638297872340426 0.00106382978723404 0.00106382978723404 0.00531914893617021 0.00106382978723404 0.951063829787234 0.00531914893617021 0.00106382978723404 0.00106382978723404 0.00638297872340426 0.00106382978723404 0.00106382978723404 0.00106382978723404 0.00531914893617021; % G D=0.4
0.225531914893617 0.00638297872340426 0.225531914893617 0.00638297872340426 0.00638297872340426 0.113297872340426 0.00638297872340426 0.00638297872340426 0.106914893617021 0.00638297872340426 0.00638297872340426 0.106914893617021 0.00638297872340426 0.00638297872340426 0.0382978723404255 0.00638297872340426 0.00638297872340426 0.00638297872340426 0.106914893617021; % K D=0.4
0.00425531914893617 0.00106382978723404 0.00425531914893617 0.00106382978723404 0.00106382978723404 0.00638297872340426 0.00106382978723404 0.00106382978723404 0.00531914893617021 0.00106382978723404 0.00106382978723404 0.00531914893617021 0.951063829787234 0.00106382978723404 0.00638297872340426 0.00106382978723404 0.00106382978723404 0.00106382978723404 0.00531914893617021; % L D=0.4
0.346276595744681 0.00531914893617021 0.0212765957446809 0.00531914893617021 0.00531914893617021 0.0319148936170213 0.00531914893617021 0.00531914893617021 0.226595744680851 0.00531914893617021 0.00531914893617021 0.101595744680851 0.00531914893617021 0.00531914893617021 0.106914893617021 0.00531914893617021 0.00531914893617021 0.00531914893617021 0.101595744680851; % P D=0.4
0.00425531914893617 0.00106382978723404 0.00425531914893617 0.00106382978723404 0.00106382978723404 0.00638297872340426 0.00106382978723404 0.00106382978723404 0.00531914893617021 0.951063829787234 0.00106382978723404 0.00531914893617021 0.00106382978723404 0.00106382978723404 0.00638297872340426 0.00106382978723404 0.00106382978723404 0.00106382978723404 0.00531914893617021; % T D=0.4
0.00425531914893617 0.00106382978723404 0.00425531914893617 0.951063829787234 0.00106382978723404 0.00638297872340426 0.00106382978723404 0.00106382978723404 0.00531914893617021 0.00106382978723404 0.00106382978723404 0.00531914893617021 0.00106382978723404 0.00106382978723404 0.00638297872340426 0.00106382978723404 0.00106382978723404 0.00106382978723404 0.00531914893617021; % V D=0.4
0.467021276595745 0.00425531914893617 0.0170212765957447 0.00425531914893617 0.00425531914893617 0.100531914893617 0.00425531914893617 0.00425531914893617 0.0212765957446809 0.00425531914893617 0.00425531914893617 0.0212765957446809 0.00425531914893617 0.00425531914893617 0.100531914893617 0.00425531914893617 0.00425531914893617 0.00425531914893617 0.221276595744681; % Z D=0.4
0.00425531914893617 0.951063829787234 0.00425531914893617 0.00106382978723404 0.00106382978723404 0.00638297872340426 0.00106382978723404 0.00106382978723404 0.00531914893617021 0.00106382978723404 0.00106382978723404 0.00531914893617021 0.00106382978723404 0.00106382978723404 0.00638297872340426 0.00106382978723404 0.00106382978723404 0.00106382978723404 0.00531914893617021; % b D=0.4
0.00425531914893617 0.00106382978723404 0.00425531914893617 0.00106382978723404 0.00106382978723404 0.00638297872340426 0.00106382978723404 0.00106382978723404 0.00531914893617021 0.00106382978723404 0.00106382978723404 0.00531914893617021 0.00106382978723404 0.00106382978723404 0.00638297872340426 0.951063829787234 0.00106382978723404 0.00106382978723404 0.00531914893617021; % d D=0.4
0.00425531914893617 0.00106382978723404 0.00425531914893617 0.00106382978723404 0.00106382978723404 0.00638297872340426 0.951063829787234 0.00106382978723404 0.00531914893617021 0.00106382978723404 0.00106382978723404 0.00531914893617021 0.00106382978723404 0.00106382978723404 0.00638297872340426 0.00106382978723404 0.00106382978723404 0.00106382978723404 0.00531914893617021; % g D=0.4
0.00425531914893617 0.00106382978723404 0.00425531914893617 0.00106382978723404 0.00106382978723404 0.00638297872340426 0.00106382978723404 0.00106382978723404 0.00531914893617021 0.00106382978723404 0.00106382978723404 0.00531914893617021 0.00106382978723404 0.00106382978723404 0.00638297872340426 0.00106382978723404 0.951063829787234 0.00106382978723404 0.00531914893617021; % k D=0.4
0.00425531914893617 0.00106382978723404 0.00425531914893617 0.00106382978723404 0.951063829787234 0.00638297872340426 0.00106382978723404 0.00106382978723404 0.00531914893617021 0.00106382978723404 0.00106382978723404 0.00531914893617021 0.00106382978723404 0.00106382978723404 0.00638297872340426 0.00106382978723404 0.00106382978723404 0.00106382978723404 0.00531914893617021; % l D=0.4
0.00425531914893617 0.00106382978723404 0.00425531914893617 0.00106382978723404 0.00106382978723404 0.00638297872340426 0.00106382978723404 0.00106382978723404 0.00531914893617021 0.00106382978723404 0.00106382978723404 0.00531914893617021 0.00106382978723404 0.951063829787234 0.00638297872340426 0.00106382978723404 0.00106382978723404 0.00106382978723404 0.00531914893617021; % p D=0.4
0.0170212765957447 0.00425531914893617 0.467021276595745 0.00425531914893617 0.00425531914893617 0.225531914893617 0.00425531914893617 0.00425531914893617 0.0962765957446809 0.00425531914893617 0.00425531914893617 0.0212765957446809 0.00425531914893617 0.00425531914893617 0.100531914893617 0.00425531914893617 0.00425531914893617 0.00425531914893617 0.0212765957446809; % t D=0.4
0.0212765957446809 0.00531914893617021 0.0962765957446809 0.00531914893617021 0.00531914893617021 0.231914893617021 0.00531914893617021 0.00531914893617021 0.101595744680851 0.00531914893617021 0.00531914893617021 0.226595744680851 0.00531914893617021 0.00531914893617021 0.231914893617021 0.00531914893617021 0.00531914893617021 0.00531914893617021 0.0265957446808511; % v D=0.4
0.00425531914893617 0.00106382978723404 0.00425531914893617 0.00106382978723404 0.00106382978723404 0.00638297872340426 0.00106382978723404 0.00106382978723404 0.00531914893617021 0.00106382978723404 0.00106382978723404 0.00531914893617021 0.00106382978723404 0.00106382978723404 0.00638297872340426 0.00106382978723404 0.00106382978723404 0.951063829787234 0.00531914893617021; % z D=0.4
0.0212765957446809 0.00531914893617021 0.0629432624113475 0.00531914893617021 0.00531914893617021 0.0735815602836879 0.00531914893617021 0.00531914893617021 0.234929078014184 0.00531914893617021 0.00531914893617021 0.234929078014184 0.00531914893617021 0.00531914893617021 0.0735815602836879 0.00531914893617021 0.00531914893617021 0.00531914893617021 0.234929078014184; % $ D=0.5
0.339095744680851 0.00664893617021277 0.0265957446808511 0.00664893617021277 0.00664893617021277 0.102393617021277 0.00664893617021277 0.00664893617021277 0.0332446808510638 0.00664893617021277 0.00664893617021277 0.0957446808510638 0.00664893617021277 0.00664893617021277 0.227393617021277 0.00664893617021277 0.00664893617021277 0.00664893617021277 0.0957446808510638; % B D=0.5
0.00531914893617021 0.00132978723404255 0.00531914893617021 0.00132978723404255 0.00132978723404255 0.00797872340425532 0.00132978723404255 0.938829787234043 0.00664893617021277 0.00132978723404255 0.00132978723404255 0.00664893617021277 0.00132978723404255 0.00132978723404255 0.00797872340425532 0.00132978723404255 0.00132978723404255 0.00132978723404255 0.00664893617021277; % D D=0.5
0.00531914893617021 0.00132978723404255 0.00531914893617021 0.00132978723404255 0.00132978723404255 0.00797872340425532 0.00132978723404255 0.00132978723404255 0.00664893617021277 0.00132978723404255 0.938829787234043 0.00664893617021277 0.00132978723404255 0.00132978723404255 0.00797872340425532 0.00132978723404255 0.00132978723404255 0.00132978723404255 0.00664893617021277; % G D=0.5
0.219414893617021 0.00797872340425532 0.219414893617021 0.00797872340425532 0.00797872340425532 0.110372340425532 0.00797872340425532 0.00797872340425532 0.102393617021277 0.00797872340425532 0.00797872340425532 0.102393617021277 0.00797872340425532 0.00797872340425532 0.0478723404255319 0.00797872340425532 0.00797872340425532 0.00797872340425532 0.102393617021277; % K D=0.5
0.00531914893617021 0.00132978723404255 0.00531914893617021 0.00132978723404255 0.00132978723404255 0.00797872340425532 0.00132978723404255 0.00132978723404255 0.00664893617021277 0.00132978723404255 0.00132978723404255 0.00664893617021277 0.938829787234043 0.00132978723404255 0.00797872340425532 0.00132978723404255 0.00132978723404255 0.00132978723404255 0.00664893617021277; % L D=0.5
0.339095744680851 0.00664893617021277 0.0265957446808511 0.00664893617021277 0.00664893617021277 0.0398936170212766 0.00664893617021277 0.00664893617021277 0.220744680851064 0.00664893617021277 0.00664893617021277 0.0957446808510638 0.00664893617021277 0.00664893617021277 0.102393617021277 0.00664893617021277 0.00664893617021277 0.00664893617021277 0.0957446808510638; % P D=0.5
0.00531914893617021 0.00132978723404255 0.00531914893617021 0.00132978723404255 0.00132978723404255 0.00797872340425532 0.00132978723404255 0.00132978723404255 0.00664893617021277 0.938829787234043 0.00132978723404255 0.00664893617021277 0.00132978723404255 0.00132978723404255 0.00797872340425532 0.00132978723404255 0.00132978723404255 0.00132978723404255 0.00664893617021277; % T D=0.5
0.00531914893617021 0.00132978723404255 0.00531914893617021 0.938829787234043 0.00132978723404255 0.00797872340425532 0.00132978723404255 0.00132978723404255 0.00664893617021277 0.00132978723404255 0.00132978723404255 0.00664893617021277 0.00132978723404255 0.00132978723404255 0.00797872340425532 0.00132978723404255 0.00132978723404255 0.00132978723404255 0.00664893617021277; % V D=0.5
0.458776595744681 0.00531914893617021 0.0212765957446809 0.00531914893617021 0.00531914893617021 0.0944148936170213 0.00531914893617021 0.00531914893617021 0.0265957446808511 0.00531914893617021 0.00531914893617021 0.0265957446808511 0.00531914893617021 0.00531914893617021 0.0944148936170213 0.00531914893617021 0.00531914893617021 0.00531914893617021 0.214095744680851; % Z D=0.5
0.00531914893617021 0.938829787234043 0.00531914893617021 0.00132978723404255 0.00132978723404255 0.00797872340425532 0.00132978723404255 0.00132978723404255 0.00664893617021277 0.00132978723404255 0.00132978723404255 0.00664893617021277 0.00132978723404255 0.00132978723404255 0.00797872340425532 0.00132978723404255 0.00132978723404255 0.00132978723404255 0.00664893617021277; % b D=0.5
0.00531914893617021 0.00132978723404255 0.00531914893617021 0.00132978723404255 0.00132978723404255 0.00797872340425532 0.00132978723404255 0.00132978723404255 0.00664893617021277 0.00132978723404255 0.00132978723404255 0.00664893617021277 0.00132978723404255 0.00132978723404255 0.00797872340425532 0.938829787234043 0.00132978723404255 0.00132978723404255 0.00664893617021277; % d D=0.5
0.00531914893617021 0.00132978723404255 0.00531914893617021 0.00132978723404255 0.00132978723404255 0.00797872340425532 0.938829787234043 0.00132978723404255 0.00664893617021277 0.00132978723404255 0.00132978723404255 0.00664893617021277 0.00132978723404255 0.00132978723404255 0.00797872340425532 0.00132978723404255 0.00132978723404255 0.00132978723404255 0.00664893617021277; % g D=0.5
0.00531914893617021 0.00132978723404255 0.00531914893617021 0.00132978723404255 0.00132978723404255 0.00797872340425532 0.00132978723404255 0.00132978723404255 0.00664893617021277 0.00132978723404255 0.00132978723404255 0.00664893617021277 0.00132978723404255 0.00132978723404255 0.00797872340425532 0.00132978723404255 0.938829787234043 0.00132978723404255 0.00664893617021277; % k D=0.5
0.00531914893617021 0.00132978723404255 0.00531914893617021 0.00132978723404255 0.938829787234043 0.00797872340425532 0.00132978723404255 0.00132978723404255 0.00664893617021277 0.00132978723404255 0.00132978723404255 0.00664893617021277 0.00132978723404255 0.00132978723404255 0.00797872340425532 0.00132978723404255 0.00132978723404255 0.00132978723404255 0.00664893617021277; % l D=0.5
0.00531914893617021 0.00132978723404255 0.00531914893617021 0.00132978723404255 0.00132978723404255 0.00797872340425532 0.00132978723404255 0.00132978723404255 0.00664893617021277 0.00132978723404255 0.00132978723404255 0.00664893617021277 0.00132978723404255 0.938829787234043 0.00797872340425532 0.00132978723404255 0.00132978723404255 0.00132978723404255 0.00664893617021277; % p D=0.5
0.0212765957446809 0.00531914893617021 0.458776595744681 0.00531914893617021 0.00531914893617021 0.219414893617021 0.00531914893617021 0.00531914893617021 0.0890957446808511 0.00531914893617021 0.00531914893617021 0.0265957446808511 0.00531914893617021 0.00531914893617021 0.0944148936170213 0.00531914893617021 0.00531914893617021 0.00531914893617021 0.0265957446808511; % t D=0.5
0.0265957446808511 0.00664893617021277 0.0890957446808511 0.00664893617021277 0.00664893617021277 0.227393617021277 0.00664893617021277 0.00664893617021277 0.0957446808510638 0.00664893617021277 0.00664893617021277 0.220744680851064 0.00664893617021277 0.00664893617021277 0.227393617021277 0.00664893617021277 0.00664893617021277 0.00664893617021277 0.0332446808510638; % v D=0.5
0.00531914893617021 0.00132978723404255 0.00531914893617021 0.00132978723404255 0.00132978723404255 0.00797872340425532 0.00132978723404255 0.00132978723404255 0.00664893617021277 0.00132978723404255 0.00132978723404255 0.00664893617021277 0.00132978723404255 0.00132978723404255 0.00797872340425532 0.00132978723404255 0.00132978723404255 0.938829787234043 0.00664893617021277; % z D=0.5
0.025531914893617 0.00638297872340425 0.0588652482269504 0.00638297872340425 0.00638297872340425 0.0716312056737589 0.00638297872340425 0.00638297872340425 0.231914893617021 0.00638297872340425 0.00638297872340425 0.231914893617021 0.00638297872340425 0.00638297872340425 0.0716312056737589 0.00638297872340425 0.00638297872340425 0.00638297872340425 0.231914893617021; % $ D=0.6
0.331914893617021 0.00797872340425532 0.0319148936170213 0.00797872340425532 0.00797872340425532 0.0978723404255319 0.00797872340425532 0.00797872340425532 0.0398936170212766 0.00797872340425532 0.00797872340425532 0.0898936170212766 0.00797872340425532 0.00797872340425532 0.222872340425532 0.00797872340425532 0.00797872340425532 0.00797872340425532 0.0898936170212766; % B D=0.6
0.00638297872340425 0.00159574468085106 0.00638297872340425 0.00159574468085106 0.00159574468085106 0.00957446808510638 0.00159574468085106 0.926595744680851 0.00797872340425532 0.00159574468085106 0.00159574468085106 0.00797872340425532 0.00159574468085106 0.00159574468085106 0.00957446808510638 0.00159574468085106 0.00159574468085106 0.00159574468085106 0.00797872340425532; % D D=0.6
0.00638297872340425 0.00159574468085106 0.00638297872340425 0.00159574468085106 0.00159574468085106 0.00957446808510638 0.00159574468085106 0.00159574468085106 0.00797872340425532 0.00159574468085106 0.926595744680851 0.00797872340425532 0.00159574468085106 0.00159574468085106 0.00957446808510638 0.00159574468085106 0.00159574468085106 0.00159574468085106 0.00797872340425532; % G D=0.6
0.213297872340426 0.00957446808510638 0.213297872340426 0.00957446808510638 0.00957446808510638 0.107446808510638 0.00957446808510638 0.00957446808510638 0.0978723404255319 0.00957446808510638 0.00957446808510638 0.0978723404255319 0.00957446808510638 0.00957446808510638 0.0574468085106383 0.00957446808510638 0.00957446808510638 0.00957446808510638 0.0978723404255319; % K D=0.6
0.00638297872340425 0.00159574468085106 0.00638297872340425 0.00159574468085106 0.00159574468085106 0.00957446808510638 0.00159574468085106 0.00159574468085106 0.00797872340425532 0.00159574468085106 0.00159574468085106 0.00797872340425532 0.926595744680851 0.00159574468085106 0.00957446808510638 0.00159574468085106 0.00159574468085106 0.00159574468085106 0.00797872340425532; % L D=0.6
0.331914893617021 0.00797872340425532 0.0319148936170213 0.00797872340425532 0.00797872340425532 0.0478723404255319 0.00797872340425532 0.00797872340425532 0.214893617021277 0.00797872340425532 0.00797872340425532 0.0898936170212766 0.00797872340425532 0.00797872340425532 0.0978723404255319 0.00797872340425532 0.00797872340425532 0.00797872340425532 0.0898936170212766; % P D=0.6
