syllables = '$BDGKLPTVZbdgklptvz';
discounts = [0.1 0.2 0.3 0.4 0.5 0.6 0.7 0.8 0.9 0.95];
kn_probs = [0.000296296296296296 0.146518518518519 4.93827160493827e-05 0.17762962962963 4.93827160493827e-05 0.124296296296296 4.93827160493827e-05 0.195407407407407 4.93827160493827e-05 4.93827160493827e-05 0.173185185185185 4.93827160493827e-05 4.93827160493827e-05 0.182074074074074 4.93827160493827e-05 4.93827160493827e-05 4.93827160493827e-05 4.93827160493827e-05 4.93827160493827e-05; % $ D=0.1
7.40740740740741e-05 7.40740740740741e-05 1.23456790123457e-05 7.40740740740741e-05 1.23456790123457e-05 7.40740740740741e-05 1.23456790123457e-05 7.40740740740741e-05 1.23456790123457e-05 1.23456790123457e-05 7.40740740740741e-05 1.23456790123457e-05 1.23456790123457e-05 7.40740740740741e-05 1.23456790123457e-05 1.23456790123457e-05 1.23456790123457e-05 1.23456790123457e-05 0.999345679012346; % B D=0.1
0.286444444444444 0.146444444444444 7.40740740740741e-05 0.166444444444444 7.40740740740741e-05 0.133111111111111 7.40740740740741e-05 0.153111111111111 7.40740740740741e-05 7.40740740740741e-05 0.113111111111111 7.40740740740741e-05 7.40740740740741e-05 0.000444444444444445 7.40740740740741e-05 7.40740740740741e-05 7.40740740740741e-05 7.40740740740741e-05 7.40740740740741e-05; % D D=0.1
7.40740740740741e-05 7.40740740740741e-05 1.23456790123457e-05 7.40740740740741e-05 1.23456790123457e-05 7.40740740740741e-05 1.23456790123457e-05 7.40740740740741e-05 1.23456790123457e-05 1.23456790123457e-05 7.40740740740741e-05 1.23456790123457e-05 1.23456790123457e-05 7.40740740740741e-05 0.999345679012346 1.23456790123457e-05 1.23456790123457e-05 1.23456790123457e-05 1.23456790123457e-05; % G D=0.1
7.40740740740741e-05 7.40740740740741e-05 1.23456790123457e-05 7.40740740740741e-05 1.23456790123457e-05 7.40740740740741e-05 1.23456790123457e-05 7.40740740740741e-05 1.23456790123457e-05 1.23456790123457e-05 7.40740740740741e-05 1.23456790123457e-05 1.23456790123457e-05 7.40740740740741e-05 1.23456790123457e-05 1.23456790123457e-05 0.999345679012346 1.23456790123457e-05 1.23456790123457e-05; % K D=0.1
7.40740740740741e-05 7.40740740740741e-05 1.23456790123457e-05 7.40740740740741e-05 0.999345679012346 7.40740740740741e-05 1.23456790123457e-05 7.40740740740741e-05 1.23456790123457e-05 1.23456790123457e-05 7.40740740740741e-05 1.23456790123457e-05 1.23456790123457e-05 7.40740740740741e-05 1.23456790123457e-05 1.23456790123457e-05 1.23456790123457e-05 1.23456790123457e-05 1.23456790123457e-05; % L D=0.1
0.219777777777778 0.146444444444444 7.40740740740741e-05 0.119777777777778 7.40740740740741e-05 0.179777777777778 7.40740740740741e-05 0.000444444444444445 7.40740740740741e-05 7.40740740740741e-05 0.186444444444444 7.40740740740741e-05 7.40740740740741e-05 0.146444444444444 7.40740740740741e-05 7.40740740740741e-05 7.40740740740741e-05 7.40740740740741e-05 7.40740740740741e-05; % P D=0.1
7.40740740740741e-05 7.40740740740741e-05 1.23456790123457e-05 7.40740740740741e-05 1.23456790123457e-05 7.40740740740741e-05 1.23456790123457e-05 7.40740740740741e-05 1.23456790123457e-05 1.23456790123457e-05 7.40740740740741e-05 1.23456790123457e-05 1.23456790123457e-05 7.40740740740741e-05 1.23456790123457e-05 1.23456790123457e-05 1.23456790123457e-05 0.999345679012346 1.23456790123457e-05; % T D=0.1
7.40740740740741e-05 7.40740740740741e-05 1.23456790123457e-05 7.40740740740741e-05 1.23456790123457e-05 7.40740740740741e-05 0.999345679012346 7.40740740740741e-05 1.23456790123457e-05 1.23456790123457e-05 7.40740740740741e-05 1.23456790123457e-05 1.23456790123457e-05 7.40740740740741e-05 1.23456790123457e-05 1.23456790123457e-05 1.23456790123457e-05 1.23456790123457e-05 1.23456790123457e-05; % V D=0.1
0.239777777777778 0.159777777777778 7.40740740740741e-05 0.173111111111111 7.40740740740741e-05 0.146444444444444 7.40740740740741e-05 0.146444444444444 7.40740740740741e-05 7.40740740740741e-05 0.000444444444444445 7.40740740740741e-05 7.40740740740741e-05 0.133111111111111 7.40740740740741e-05 7.40740740740741e-05 7.40740740740741e-05 7.40740740740741e-05 7.40740740740741e-05; % Z D=0.1
7.40740740740741e-05 7.40740740740741e-05 1.23456790123457e-05 7.40740740740741e-05 1.23456790123457e-05 7.40740740740741e-05 1.23456790123457e-05 7.40740740740741e-05 1.23456790123457e-05 1.23456790123457e-05 7.40740740740741e-05 1.23456790123457e-05 1.23456790123457e-05 7.40740740740741e-05 1.23456790123457e-05 0.999345679012346 1.23456790123457e-05 1.23456790123457e-05 1.23456790123457e-05; % b D=0.1
7.40740740740741e-05 7.40740740740741e-05 1.23456790123457e-05 7.40740740740741e-05 1.23456790123457e-05 7.40740740740741e-05 1.23456790123457e-05 7.40740740740741e-05 1.23456790123457e-05 1.23456790123457e-05 7.40740740740741e-05 1.23456790123457e-05 0.999345679012346 7.40740740740741e-05 1.23456790123457e-05 1.23456790123457e-05 1.23456790123457e-05 1.23456790123457e-05 1.23456790123457e-05; % d D=0.1
0.199777777777778 0.166444444444444 7.40740740740741e-05 0.000444444444444445 7.40740740740741e-05 0.179777777777778 7.40740740740741e-05 0.166444444444444 7.40740740740741e-05 7.40740740740741e-05 0.126444444444444 7.40740740740741e-05 7.40740740740741e-05 0.159777777777778 7.40740740740741e-05 7.40740740740741e-05 7.40740740740741e-05 7.40740740740741e-05 7.40740740740741e-05; % g D=0.1
7.40740740740741e-05 7.40740740740741e-05 0.999345679012346 7.40740740740741e-05 1.23456790123457e-05 7.40740740740741e-05 1.23456790123457e-05 7.40740740740741e-05 1.23456790123457e-05 1.23456790123457e-05 7.40740740740741e-05 1.23456790123457e-05 1.23456790123457e-05 7.40740740740741e-05 1.23456790123457e-05 1.23456790123457e-05 1.23456790123457e-05 1.23456790123457e-05 1.23456790123457e-05; % k D=0.1
7.40740740740741e-05 7.40740740740741e-05 1.23456790123457e-05 7.40740740740741e-05 1.23456790123457e-05 7.40740740740741e-05 1.23456790123457e-05 7.40740740740741e-05 1.23456790123457e-05 1.23456790123457e-05 7.40740740740741e-05 0.999345679012346 1.23456790123457e-05 7.40740740740741e-05 1.23456790123457e-05 1.23456790123457e-05 1.23456790123457e-05 1.23456790123457e-05 1.23456790123457e-05; % l D=0.1
7.40740740740741e-05 7.40740740740741e-05 1.23456790123457e-05 7.40740740740741e-05 1.23456790123457e-05 7.40740740740741e-05 1.23456790123457e-05 7.40740740740741e-05 1.23456790123457e-05 0.999345679012346 7.40740740740741e-05 1.23456790123457e-05 1.23456790123457e-05 7.40740740740741e-05 1.23456790123457e-05 1.23456790123457e-05 1.23456790123457e-05 1.23456790123457e-05 1.23456790123457e-05; % p D=0.1
0.266444444444444 0.159777777777778 7.40740740740741e-05 0.166444444444444 7.40740740740741e-05 0.000444444444444445 7.40740740740741e-05 0.0931111111111111 7.40740740740741e-05 7.40740740740741e-05 0.166444444444444 7.40740740740741e-05 7.40740740740741e-05 0.146444444444444 7.40740740740741e-05 7.40740740740741e-05 7.40740740740741e-05 7.40740740740741e-05 7.40740740740741e-05; % t D=0.1
7.40740740740741e-05 7.40740740740741e-05 1.23456790123457e-05 7.40740740740741e-05 1.23456790123457e-05 7.40740740740741e-05 1.23456790123457e-05 7.40740740740741e-05 0.999345679012346 1.23456790123457e-05 7.40740740740741e-05 1.23456790123457e-05 1.23456790123457e-05 7.40740740740741e-05 1.23456790123457e-05 1.23456790123457e-05 1.23456790123457e-05 1.23456790123457e-05 1.23456790123457e-05; % v D=0.1
0.286444444444444 0.000444444444444445 7.40740740740741e-05 0.106444444444444 7.40740740740741e-05 0.173111111111111 7.40740740740741e-05 0.146444444444444 7.40740740740741e-05 7.40740740740741e-05 0.146444444444444 7.40740740740741e-05 7.40740740740741e-05 0.139777777777778 7.40740740740741e-05 7.40740740740741e-05 7.40740740740741e-05 7.40740740740741e-05 7.40740740740741e-05; % z D=0.1
0.000592592592592593 0.14637037037037 9.87654320987655e-05 0.177481481481481 9.87654320987655e-05 0.124148148148148 9.87654320987655e-05 0.195259259259259 9.87654320987655e-05 9.87654320987655e-05 0.173037037037037 9.87654320987655e-05 9.87654320987655e-05 0.181925925925926 9.87654320987655e-05 9.87654320987655e-05 9.87654320987655e-05 9.87654320987655e-05 9.87654320987655e-05; % $ D=0.2
0.000148148148148148 0.000148148148148148 2.46913580246914e-05 0.000148148148148148 2.46913580246914e-05 0.000148148148148148 2.46913580246914e-05 0.000148148148148148 2.46913580246914e-05 2.46913580246914e-05 0.000148148148148148 2.46913580246914e-05 2.46913580246914e-05 0.000148148148148148 2.46913580246914e-05 2.46913580246914e-05 2.46913580246914e-05 2.46913580246914e-05 0.998691358024691; % B D=0.2
0.286222222222222 0.146222222222222 0.000148148148148148 0.166222222222222 0.000148148148148148 0.132888888888889 0.000148148148148148 0.152888888888889 0.000148148148148148 0.000148148148148148 0.112888888888889 0.000148148148148148 0.000148148148148148 0.000888888888888889 0.000148148148148148 0.000148148148148148 0.000148148148148148 0.000148148148148148 0.000148148148148148; % D D=0.2
0.000148148148148148 0.000148148148148148 2.46913580246914e-05 0.000148148148148148 2.46913580246914e-05 0.000148148148148148 2.46913580246914e-05 0.000148148148148148 2.46913580246914e-05 2.46913580246914e-05 0.000148148148148148 2.46913580246914e-05 2.46913580246914e-05 0.000148148148148148 0.998691358024691 2.46913580246914e-05 2.46913580246914e-05 2.46913580246914e-05 2.46913580246914e-05; % G D=0.2
0.000148148148148148 0.000148148148148148 2.46913580246914e-05 0.000148148148148148 2.46913580246914e-05 0.000148148148148148 2.46913580246914e-05 0.000148148148148148 2.46913580246914e-05 2.46913580246914e-05 0.000148148148148148 2.46913580246914e-05 2.46913580246914e-05 0.000148148148148148 2.46913580246914e-05 2.46913580246914e-05 0.998691358024691 2.46913580246914e-05 2.46913580246914e-05; % K D=0.2
0.000148148148148148 0.000148148148148148 2.46913580246914e-05 0.000148148148148148 0.998691358024691 0.000148148148148148 2.46913580246914e-05 0.000148148148148148 2.46913580246914e-05 2.46913580246914e-05 0.000148148148148148 2.46913580246914e-05 2.46913580246914e-05 0.000148148148148148 2.46913580246914e-05 2.46913580246914e-05 2.46913580246914e-05 2.46913580246914e-05 2.46913580246914e-05; % L D=0.2
0.219555555555556 0.146222222222222 0.000148148148148148 0.119555555555556 0.000148148148148148 0.179555555555556 0.000148148148148148 0.000888888888888889 0.000148148148148148 0.000148148148148148 0.186222222222222 0.000148148148148148 0.000148148148148148 0.146222222222222 0.000148148148148148 0.000148148148148148 0.000148148148148148 0.000148148148148148 0.000148148148148148; % P D=0.2
0.000148148148148148 0.000148148148148148 2.46913580246914e-05 0.000148148148148148 2.46913580246914e-05 0.000148148148148148 2.46913580246914e-05 0.000148148148148148 2.46913580246914e-05 2.46913580246914e-05 0.000148148148148148 2.46913580246914e-05 2.46913580246914e-05 0.000148148148148148 2.46913580246914e-05 2.46913580246914e-05 2.46913580246914e-05 0.998691358024691 2.46913580246914e-05; % T D=0.2
0.000148148148148148 0.000148148148148148 2.46913580246914e-05 0.000148148148148148 2.46913580246914e-05 0.000148148148148148 0.998691358024691 0.000148148148148148 2.46913580246914e-05 2.46913580246914e-05 0.000148148148148148 2.46913580246914e-05 2.46913580246914e-05 0.000148148148148148 2.46913580246914e-05 2.46913580246914e-05 2.46913580246914e-05 2.46913580246914e-05 2.46913580246914e-05; % V D=0.2
0.239555555555556 0.159555555555556 0.000148148148148148 0.172888888888889 0.000148148148148148 0.146222222222222 0.000148148148148148 0.146222222222222 0.000148148148148148 0.000148148148148148 0.000888888888888889 0.000148148148148148 0.000148148148148148 0.132888888888889 0.000148148148148148 0.000148148148148148 0.000148148148148148 0.000148148148148148 0.000148148148148148; % Z D=0.2
0.000148148148148148 0.000148148148148148 2.46913580246914e-05 0.000148148148148148 2.46913580246914e-05 0.000148148148148148 2.46913580246914e-05 0.000148148148148148 2.46913580246914e-05 2.46913580246914e-05 0.000148148148148148 2.46913580246914e-05 2.46913580246914e-05 0.000148148148148148 2.46913580246914e-05 0.998691358024691 2.46913580246914e-05 2.46913580246914e-05 2.46913580246914e-05; % b D=0.2
0.000148148148148148 0.000148148148148148 2.46913580246914e-05 0.000148148148148148 2.46913580246914e-05 0.000148148148148148 2.46913580246914e-05 0.000148148148148148 2.46913580246914e-05 2.46913580246914e-05 0.000148148148148148 2.46913580246914e-05 0.998691358024691 0.000148148148148148 2.46913580246914e-05 2.46913580246914e-05 2.46913580246914e-05 2.46913580246914e-05 2.46913580246914e-05; % d D=0.2
0.199555555555556 0.166222222222222 0.000148148148148148 0.000888888888888889 0.000148148148148148 0.179555555555556 0.000148148148148148 0.166222222222222 0.000148148148148148 0.000148148148148148 0.126222222222222 0.000148148148148148 0.000148148148148148 0.159555555555556 0.000148148148148148 0.000148148148148148 0.000148148148148148 0.000148148148148148 0.000148148148148148; % g D=0.2
0.000148148148148148 0.000148148148148148 0.998691358024691 0.000148148148148148 2.46913580246914e-05 0.000148148148148148 2.46913580246914e-05 0.000148148148148148 2.46913580246914e-05 2.46913580246914e-05 0.000148148148148148 2.46913580246914e-05 2.46913580246914e-05 0.000148148148148148 2.46913580246914e-05 2.46913580246914e-05 2.46913580246914e-05 2.46913580246914e-05 2.46913580246914e-05; % k D=0.2
0.000148148148148148 0.000148148148148148 2.46913580246914e-05 0.000148148148148148 2.46913580246914e-05 0.000148148148148148 2.46913580246914e-05 0.000148148148148148 2.46913580246914e-05 2.46913580246914e-05 0.000148148148148148 0.998691358024691 2.46913580246914e-05 0.000148148148148148 2.46913580246914e-05 2.46913580246914e-05 2.46913580246914e-05 2.46913580246914e-05 2.46913580246914e-05; % l D=0.2
0.000148148148148148 0.000148148148148148 2.46913580246914e-05 0.000148148148148148 2.46913580246914e-05 0.000148148148148148 2.46913580246914e-05 0.000148148148148148 2.46913580246914e-05 0.998691358024691 0.000148148148148148 2.46913580246914e-05 2.46913580246914e-05 0.000148148148148148 2.46913580246914e-05 2.46913580246914e-05 2.46913580246914e-05 2.46913580246914e-05 2.46913580246914e-05; % p D=0.2
0.266222222222222 0.159555555555556 0.000148148148148148 0.166222222222222 0.000148148148148148 0.000888888888888889 0.000148148148148148 0.0928888888888889 0.000148148148148148 0.000148148148148148 0.166222222222222 0.000148148148148148 0.000148148148148148 0.146222222222222 0.000148148148148148 0.000148148148148148 0.000148148148148148 0.000148148148148148 0.000148148148148148; % t D=0.2
0.000148148148148148 0.000148148148148148 2.46913580246914e-05 0.000148148148148148 2.46913580246914e-05 0.000148148148148148 2.46913580246914e-05 0.000148148148148148 0.998691358024691 2.46913580246914e-05 0.000148148148148148 2.46913580246914e-05 2.46913580246914e-05 0.000148148148148148 2.46913580246914e-05 2.46913580246914e-05 2.46913580246914e-05 2.46913580246914e-05 2.46913580246914e-05; % v D=0.2
0.286222222222222 0.000888888888888889 0.000148148148148148 0.106222222222222 0.000148148148148148 0.172888888888889 0.000148148148148148 0.146222222222222 0.000148148148148148 0.000148148148148148 0.146222222222222 0.000148148148148148 0.000148148148148148 0.139555555555556 0.000148148148148148 0.000148148148148148 0.000148148148148148 0.000148148148148148 0.000148148148148148; % z D=0.2
0.000888888888888889 0.146222222222222 0.000148148148148148 0.177333333333333 0.000148148148148148 0.124 0.000148148148148148 0.195111111111111 0.000148148148148148 0.000148148148148148 0.172888888888889 0.000148148148148148 0.000148148148148148 0.181777777777778 0.000148148148148148 0.000148148148148148 0.000148148148148148 0.000148148148148148 0.000148148148148148; % $ D=0.3
0.000222222222222222 0.000222222222222222 3.7037037037037e-05 0.000222222222222222 3.7037037037037e-05 0.000222222222222222 3.7037037037037e-05 0.000222222222222222 3.7037037037037e-05 3.7037037037037e-05 0.000222222222222222 3.7037037037037e-05 3.7037037037037e-05 0.000222222222222222 3.7037037037037e-05 3.7037037037037e-05 3.7037037037037e-05 3.7037037037037e-05 0.998037037037037; % B D=0.3
0.286 0.146 0.000222222222222222 0.166 0.000222222222222222 0.132666666666667 0.000222222222222222 0.152666666666667 0.000222222222222222 0.000222222222222222 0.112666666666667 0.000222222222222222 0.000222222222222222 0.00133333333333333 0.000222222222222222 0.000222222222222222 0.000222222222222222 0.000222222222222222 0.000222222222222222; % D D=0.3
0.000222222222222222 0.000222222222222222 3.7037037037037e-05 0.000222222222222222 3.7037037037037e-05 0.000222222222222222 3.7037037037037e-05 0.000222222222222222 3.7037037037037e-05 3.7037037037037e-05 0.000222222222222222 3.7037037037037e-05 3.7037037037037e-05 0.000222222222222222 0.998037037037037 3.7037037037037e-05 3.7037037037037e-05 3.7037037037037e-05 3.7037037037037e-05; % G D=0.3
0.000222222222222222 0.000222222222222222 3.7037037037037e-05 0.000222222222222222 3.7037037037037e-05 0.000222222222222222 3.7037037037037e-05 0.000222222222222222 3.7037037037037e-05 3.7037037037037e-05 0.000222222222222222 3.7037037037037e-05 3.7037037037037e-05 0.000222222222222222 3.7037037037037e-05 3.7037037037037e-05 0.998037037037037 3.7037037037037e-05 3.7037037037037e-05; % K D=0.3
0.000222222222222222 0.000222222222222222 3.7037037037037e-05 0.000222222222222222 0.998037037037037 0.000222222222222222 3.7037037037037e-05 0.000222222222222222 3.7037037037037e-05 3.7037037037037e-05 0.000222222222222222 3.7037037037037e-05 3.7037037037037e-05 0.000222222222222222 3.7037037037037e-05 3.7037037037037e-05 3.7037037037037e-05 3.7037037037037e-05 3.7037037037037e-05; % L D=0.3
0.219333333333333 0.146 0.000222222222222222 0.119333333333333 0.000222222222222222 0.179333333333333 0.000222222222222222 0.00133333333333333 0.000222222222222222 0.000222222222222222 0.186 0.000222222222222222 0.000222222222222222 0.146 0.000222222222222222 0.000222222222222222 0.000222222222222222 0.000222222222222222 0.000222222222222222; % P D=0.3
0.000222222222222222 0.000222222222222222 3.7037037037037e-05 0.000222222222222222 3.7037037037037e-05 0.000222222222222222 3.7037037037037e-05 0.000222222222222222 3.7037037037037e-05 3.7037037037037e-05 0.000222222222222222 3.7037037037037e-05 3.7037037037037e-05 0.000222222222222222 3.7037037037037e-05 3.7037037037037e-05 3.7037037037037e-05 0.998037037037037 3.7037037037037e-05; % T D=0.3
0.000222222222222222 0.000222222222222222 3.7037037037037e-05 0.000222222222222222 3.7037037037037e-05 0.000222222222222222 0.998037037037037 0.000222222222222222 3.7037037037037e-05 3.7037037037037e-05 0.000222222222222222 3.7037037037037e-05 3.7037037037037e-05 0.000222222222222222 3.7037037037037e-05 3.7037037037037e-05 3.7037037037037e-05 3.7037037037037e-05 3.7037037037037e-05; % V D=0.3
0.239333333333333 0.159333333333333 0.000222222222222222 0.172666666666667 0.000222222222222222 0.146 0.000222222222222222 0.146 0.000222222222222222 0.000222222222222222 0.00133333333333333 0.000222222222222222 0.000222222222222222 0.132666666666667 0.000222222222222222 0.000222222222222222 0.000222222222222222 0.000222222222222222 0.000222222222222222; % Z D=0.3
0.000222222222222222 0.000222222222222222 3.7037037037037e-05 0.000222222222222222 3.7037037037037e-05 0.000222222222222222 3.7037037037037e-05 0.000222222222222222 3.7037037037037e-05 3.7037037037037e-05 0.000222222222222222 3.7037037037037e-05 3.7037037037037e-05 0.000222222222222222 3.7037037037037e-05 0.998037037037037 3.7037037037037e-05 3.7037037037037e-05 3.7037037037037e-05; % b D=0.3
0.000222222222222222 0.000222222222222222 3.7037037037037e-05 0.000222222222222222 3.7037037037037e-05 0.000222222222222222 3.7037037037037e-05 0.000222222222222222 3.7037037037037e-05 3.7037037037037e-05 0.000222222222222222 3.7037037037037e-05 0.998037037037037 0.000222222222222222 3.7037037037037e-05 3.7037037037037e-05 3.7037037037037e-05 3.7037037037037e-05 3.7037037037037e-05; % d D=0.3
0.199333333333333 0.166 0.000222222222222222 0.00133333333333333 0.000222222222222222 0.179333333333333 0.000222222222222222 0.166 0.000222222222222222 0.000222222222222222 0.126 0.000222222222222222 0.000222222222222222 0.159333333333333 0.000222222222222222 0.000222222222222222 0.000222222222222222 0.000222222222222222 0.000222222222222222; % g D=0.3
0.000222222222222222 0.000222222222222222 0.998037037037037 0.000222222222222222 3.7037037037037e-05 0.000222222222222222 3.7037037037037e-05 0.000222222222222222 3.7037037037037e-05 3.7037037037037e-05 0.000222222222222222 3.7037037037037e-05 3.7037037037037e-05 0.000222222222222222 3.7037037037037e-05 3.7037037037037e-05 3.7037037037037e-05 3.7037037037037e-05 3.7037037037037e-05; % k D=0.3
0.000222222222222222 0.000222222222222222 3.7037037037037e-05 0.000222222222222222 3.7037037037037e-05 0.000222222222222222 3.7037037037037e-05 0.000222222222222222 3.7037037037037e-05 3.7037037037037e-05 0.000222222222222222 0.998037037037037 3.7037037037037e-05 0.000222222222222222 3.7037037037037e-05 3.7037037037037e-05 3.7037037037037e-05 3.7037037037037e-05 3.7037037037037e-05; % l D=0.3
0.000222222222222222 0.000222222222222222 3.7037037037037e-05 0.000222222222222222 3.7037037037037e-05 0.000222222222222222 3.7037037037037e-05 0.000222222222222222 3.7037037037037e-05 0.998037037037037 0.000222222222222222 3.7037037037037e-05 3.7037037037037e-05 0.000222222222222222 3.7037037037037e-05 3.7037037037037e-05 3.7037037037037e-05 3.7037037037037e-05 3.7037037037037e-05; % p D=0.3
0.266 0.159333333333333 0.000222222222222222 0.166 0.000222222222222222 0.00133333333333333 0.000222222222222222 0.0926666666666667 0.000222222222222222 0.000222222222222222 0.166 0.000222222222222222 0.000222222222222222 0.146 0.000222222222222222 0.000222222222222222 0.000222222222222222 0.000222222222222222 0.000222222222222222; % t D=0.3
0.000222222222222222 0.000222222222222222 3.7037037037037e-05 0.000222222222222222 3.7037037037037e-05 0.000222222222222222 3.7037037037037e-05 0.000222222222222222 0.998037037037037 3.7037037037037e-05 0.000222222222222222 3.7037037037037e-05 3.7037037037037e-05 0.000222222222222222 3.7037037037037e-05 3.7037037037037e-05 3.7037037037037e-05 3.7037037037037e-05 3.7037037037037e-05; % v D=0.3
0.286 0.00133333333333333 0.000222222222222222 0.106 0.000222222222222222 0.172666666666667 0.000222222222222222 0.146 0.000222222222222222 0.000222222222222222 0.146 0.000222222222222222 0.000222222222222222 0.139333333333333 0.000222222222222222 0.000222222222222222 0.000222222222222222 0.000222222222222222 0.000222222222222222; % z D=0.3
0.00118518518518519 0.146074074074074 0.000197530864197531 0.177185185185185 0.000197530864197531 0.123851851851852 0.000197530864197531 0.194962962962963 0.000197530864197531 0.000197530864197531 0.172740740740741 0.000197530864197531 0.000197530864197531 0.18162962962963 0.000197530864197531 0.000197530864197531 0.000197530864197531 0.000197530864197531 0.000197530864197531; % $ D=0.4
0.000296296296296296 0.000296296296296296 4.93827160493827e-05 0.000296296296296296 4.93827160493827e-05 0.000296296296296296 4.93827160493827e-05 0.000296296296296296 4.93827160493827e-05 4.93827160493827e-05 0.000296296296296296 4.93827160493827e-05 4.93827160493827e-05 0.000296296296296296 4.93827160493827e-05 4.93827160493827e-05 4.93827160493827e-05 4.93827160493827e-05 0.997382716049383; % B D=0.4
0.285777777777778 0.145777777777778 0.000296296296296296 0.165777777777778 0.000296296296296296 0.132444444444444 0.000296296296296296 0.152444444444444 0.000296296296296296 0.000296296296296296 0.112444444444444 0.000296296296296296 0.000296296296296296 0.00177777777777778 0.000296296296296296 0.000296296296296296 0.000296296296296296 0.000296296296296296 0.000296296296296296; % D D=0.4
0.000296296296296296 0.000296296296296296 4.93827160493827e-05 0.000296296296296296 4.93827160493827e-05 0.000296296296296296 4.93827160493827e-05 0.000296296296296296 4.93827160493827e-05 4.93827160493827e-05 0.000296296296296296 4.93827160493827e-05 4.93827160493827e-05 0.000296296296296296 0.997382716049383 4.93827160493827e-05 4.93827160493827e-05 4.93827160493827e-05 4.93827160493827e-05; % G D=0.4
0.000296296296296296 0.000296296296296296 4.93827160493827e-05 0.000296296296296296 4.93827160493827e-05 0.000296296296296296 4.93827160493827e-05 0.000296296296296296 4.93827160493827e-05 4.93827160493827e-05 0.000296296296296296 4.93827160493827e-05 4.93827160493827e-05 0.000296296296296296 4.93827160493827e-05 4.93827160493827e-05 0.997382716049383 4.93827160493827e-05 4.93827160493827e-05; % K D=0.4
0.000296296296296296 0.000296296296296296 4.93827160493827e-05 0.000296296296296296 0.997382716049383 0.000296296296296296 4.93827160493827e-05 0.000296296296296296 4.93827160493827e-05 4.93827160493827e-05 0.000296296296296296 4.93827160493827e-05 4.93827160493827e-05 0.000296296296296296 4.93827160493827e-05 4.93827160493827e-05 4.93827160493827e-05 4.93827160493827e-05 4.93827160493827e-05; % L D=0.4
0.219111111111111 0.145777777777778 0.000296296296296296 0.119111111111111 0.000296296296296296 0.179111111111111 0.000296296296296296 0.00177777777777778 0.000296296296296296 0.000296296296296296 0.185777777777778 0.000296296296296296 0.000296296296296296 0.145777777777778 0.000296296296296296 0.000296296296296296 0.000296296296296296 0.000296296296296296 0.000296296296296296; % P D=0.4
0.000296296296296296 0.000296296296296296 4.93827160493827e-05 0.000296296296296296 4.93827160493827e-05 0.000296296296296296 4.93827160493827e-05 0.000296296296296296 4.93827160493827e-05 4.93827160493827e-05 0.000296296296296296 4.93827160493827e-05 4.93827160493827e-05 0.000296296296296296 4.93827160493827e-05 4.93827160493827e-05 4.93827160493827e-05 0.997382716049383 4.93827160493827e-05; % T D=0.4
0.000296296296296296 0.000296296296296296 4.93827160493827e-05 0.000296296296296296 4.93827160493827e-05 0.000296296296296296 0.997382716049383 0.000296296296296296 4.93827160493827e-05 4.93827160493827e-05 0.000296296296296296 4.93827160493827e-05 4.93827160493827e-05 0.000296296296296296 4.93827160493827e-05 4.93827160493827e-05 4.93827160493827e-05 4.93827160493827e-05 4.93827160493827e-05; % V D=0.4
0.239111111111111 0.159111111111111 0.000296296296296296 0.172444444444444 0.000296296296296296 0.145777777777778 0.000296296296296296 0.145777777777778 0.000296296296296296 0.000296296296296296 0.00177777777777778 0.000296296296296296 0.000296296296296296 0.132444444444444 0.000296296296296296 0.000296296296296296 0.000296296296296296 0.000296296296296296 0.000296296296296296; % Z D=0.4
0.000296296296296296 0.000296296296296296 4.93827160493827e-05 0.000296296296296296 4.93827160493827e-05 0.000296296296296296 4.93827160493827e-05 0.000296296296296296 4.93827160493827e-05 4.93827160493827e-05 0.000296296296296296 4.93827160493827e-05 4.93827160493827e-05 0.000296296296296296 4.93827160493827e-05 0.997382716049383 4.93827160493827e-05 4.93827160493827e-05 4.93827160493827e-05; % b D=0.4
0.000296296296296296 0.000296296296296296 4.93827160493827e-05 0.000296296296296296 4.93827160493827e-05 0.000296296296296296 4.93827160493827e-05 0.000296296296296296 4.93827160493827e-05 4.93827160493827e-05 0.000296296296296296 4.93827160493827e-05 0.997382716049383 0.000296296296296296 4.93827160493827e-05 4.93827160493827e-05 4.93827160493827e-05 4.93827160493827e-05 4.93827160493827e-05; % d D=0.4
0.199111111111111 0.165777777777778 0.000296296296296296 0.00177777777777778 0.000296296296296296 0.179111111111111 0.000296296296296296 0.165777777777778 0.000296296296296296 0.000296296296296296 0.125777777777778 0.000296296296296296 0.000296296296296296 0.159111111111111 0.000296296296296296 0.000296296296296296 0.000296296296296296 0.000296296296296296 0.000296296296296296; % g D=0.4
0.000296296296296296 0.000296296296296296 0.997382716049383 0.000296296296296296 4.93827160493827e-05 0.000296296296296296 4.93827160493827e-05 0.000296296296296296 4.93827160493827e-05 4.93827160493827e-05 0.000296296296296296 4.93827160493827e-05 4.93827160493827e-05 0.000296296296296296 4.93827160493827e-05 4.93827160493827e-05 4.93827160493827e-05 4.93827160493827e-05 4.93827160493827e-05; % k D=0.4
0.000296296296296296 0.000296296296296296 4.93827160493827e-05 0.000296296296296296 4.93827160493827e-05 0.000296296296296296 4.93827160493827e-05 0.000296296296296296 4.93827160493827e-05 4.93827160493827e-05 0.000296296296296296 0.997382716049383 4.93827160493827e-05 0.000296296296296296 4.93827160493827e-05 4.93827160493827e-05 4.93827160493827e-05 4.93827160493827e-05 4.93827160493827e-05; % l D=0.4
0.000296296296296296 0.000296296296296296 4.93827160493827e-05 0.000296296296296296 4.93827160493827e-05 0.000296296296296296 4.93827160493827e-05 0.000296296296296296 4.93827160493827e-05 0.997382716049383 0.000296296296296296 4.93827160493827e-05 4.93827160493827e-05 0.000296296296296296 4.93827160493827e-05 4.93827160493827e-05 4.93827160493827e-05 4.93827160493827e-05 4.93827160493827e-05; % p D=0.4
0.265777777777778 0.159111111111111 0.000296296296296296 0.165777777777778 0.000296296296296296 0.00177777777777778 0.000296296296296296 0.0924444444444444 0.000296296296296296 0.000296296296296296 0.165777777777778 0.000296296296296296 0.000296296296296296 0.145777777777778 0.000296296296296296 0.000296296296296296 0.000296296296296296 0.000296296296296296 0.000296296296296296; % t D=0.4
0.000296296296296296 0.000296296296296296 4.93827160493827e-05 0.000296296296296296 4.93827160493827e-05 0.000296296296296296 4.93827160493827e-05 0.000296296296296296 0.997382716049383 4.93827160493827e-05 0.000296296296296296 4.93827160493827e-05 4.93827160493827e-05 0.000296296296296296 4.93827160493827e-05 4.93827160493827e-05 4.93827160493827e-05 4.93827160493827e-05 4.93827160493827e-05; % v D=0.4
0.285777777777778 0.00177777777777778 0.000296296296296296 0.105777777777778 0.000296296296296296 0.172444444444444 0.000296296296296296 0.145777777777778 0.000296296296296296 0.000296296296296296 0.145777777777778 0.000296296296296296 0.000296296296296296 0.139111111111111 0.000296296296296296 0.000296296296296296 0.000296296296296296 0.000296296296296296 0.000296296296296296; % z D=0.4
0.00148148148148148 0.145925925925926 0.000246913580246914 0.177037037037037 0.000246913580246914 0.123703703703704 0.000246913580246914 0.194814814814815 0.000246913580246914 0.000246913580246914 0.172592592592593 0.000246913580246914 0.000246913580246914 0.181481481481481 0.000246913580246914 0.000246913580246914 0.000246913580246914 0.000246913580246914 0.000246913580246914; % $ D=0.5
0.00037037037037037 0.00037037037037037 6.17283950617284e-05 0.00037037037037037 6.17283950617284e-05 0.00037037037037037 6.17283950617284e-05 0.00037037037037037 6.17283950617284e-05 6.17283950617284e-05 0.00037037037037037 6.17283950617284e-05 6.17283950617284e-05 0.00037037037037037 6.17283950617284e-05 6.17283950617284e-05 6.17283950617284e-05 6.17283950617284e-05 0.996728395061728; % B D=0.5
0.285555555555556 0.145555555555556 0.00037037037037037 0.165555555555556 0.00037037037037037 0.132222222222222 0.00037037037037037 0.152222222222222 0.00037037037037037 0.00037037037037037 0.112222222222222 0.00037037037037037 0.00037037037037037 0.00222222222222222 0.00037037037037037 0.00037037037037037 0.00037037037037037 0.00037037037037037 0.00037037037037037; % D D=0.5
0.00037037037037037 0.00037037037037037 6.17283950617284e-05 0.00037037037037037 6.17283950617284e-05 0.00037037037037037 6.17283950617284e-05 0.00037037037037037 6.17283950617284e-05 6.17283950617284e-05 0.00037037037037037 6.17283950617284e-05 6.17283950617284e-05 0.00037037037037037 0.996728395061728 6.17283950617284e-05 6.17283950617284e-05 6.17283950617284e-05 6.17283950617284e-05; % G D=0.5
0.00037037037037037 0.00037037037037037 6.17283950617284e-05 0.00037037037037037 6.17283950617284e-05 0.00037037037037037 6.17283950617284e-05 0.00037037037037037 6.17283950617284e-05 6.17283950617284e-05 0.00037037037037037 6.17283950617284e-05 6.17283950617284e-05 0.00037037037037037 6.17283950617284e-05 6.17283950617284e-05 0.996728395061728 6.17283950617284e-05 6.17283950617284e-05; % K D=0.5
0.00037037037037037 0.00037037037037037 6.17283950617284e-05 0.00037037037037037 0.996728395061728 0.00037037037037037 6.17283950617284e-05 0.00037037037037037 6.17283950617284e-05 6.17283950617284e-05 0.00037037037037037 6.17283950617284e-05 6.17283950617284e-05 0.00037037037037037 6.17283950617284e-05 6.17283950617284e-05 6.17283950617284e-05 6.17283950617284e-05 6.17283950617284e-05; % L D=0.5
0.218888888888889 0.145555555555556 0.00037037037037037 0.118888888888889 0.00037037037037037 0.178888888888889 0.00037037037037037 0.00222222222222222 0.00037037037037037 0.00037037037037037 0.185555555555556 0.00037037037037037 0.00037037037037037 0.145555555555556 0.00037037037037037 0.00037037037037037 0.00037037037037037 0.00037037037037037 0.00037037037037037; % P D=0.5
0.00037037037037037 0.00037037037037037 6.17283950617284e-05 0.00037037037037037 6.17283950617284e-05 0.00037037037037037 6.17283950617284e-05 0.00037037037037037 6.17283950617284e-05 6.17283950617284e-05 0.00037037037037037 6.17283950617284e-05 6.17283950617284e-05 0.00037037037037037 6.17283950617284e-05 6.17283950617284e-05 6.17283950617284e-05 0.996728395061728 6.17283950617284e-05; % T D=0.5
0.00037037037037037 0.00037037037037037 6.17283950617284e-05 0.00037037037037037 6.17283950617284e-05 0.00037037037037037 0.996728395061728 0.00037037037037037 6.17283950617284e-05 6.17283950617284e-05 0.00037037037037037 6.17283950617284e-05 6.17283950617284e-05 0.00037037037037037 6.17283950617284e-05 6.17283950617284e-05 6.17283950617284e-05 6.17283950617284e-05 6.17283950617284e-05; % V D=0.5
0.238888888888889 0.158888888888889 0.00037037037037037 0.172222222222222 0.00037037037037037 0.145555555555556 0.00037037037037037 0.145555555555556 0.00037037037037037 0.00037037037037037 0.00222222222222222 0.00037037037037037 0.00037037037037037 0.132222222222222 0.00037037037037037 0.00037037037037037 0.00037037037037037 0.00037037037037037 0.00037037037037037; % Z D=0.5
0.00037037037037037 0.00037037037037037 6.17283950617284e-05 0.00037037037037037 6.17283950617284e-05 0.00037037037037037 6.17283950617284e-05 0.00037037037037037 6.17283950617284e-05 6.17283950617284e-05 0.00037037037037037 6.17283950617284e-05 6.17283950617284e-05 0.00037037037037037 6.17283950617284e-05 0.996728395061728 6.17283950617284e-05 6.17283950617284e-05 6.17283950617284e-05; % b D=0.5
0.00037037037037037 0.00037037037037037 6.17283950617284e-05 0.00037037037037037 6.17283950617284e-05 0.00037037037037037 6.17283950617284e-05 0.00037037037037037 6.17283950617284e-05 6.17283950617284e-05 0.00037037037037037 6.17283950617284e-05 0.996728395061728 0.00037037037037037 6.17283950617284e-05 6.17283950617284e-05 6.17283950617284e-05 6.17283950617284e-05 6.17283950617284e-05; % d D=0.5
0.198888888888889 0.165555555555556 0.00037037037037037 0.00222222222222222 0.00037037037037037 0.178888888888889 0.00037037037037037 0.165555555555556 0.00037037037037037 0.00037037037037037 0.125555555555556 0.00037037037037037 0.00037037037037037 0.158888888888889 0.00037037037037037 0.00037037037037037 0.00037037037037037 0.00037037037037037 0.00037037037037037; % g D=0.5
0.00037037037037037 0.00037037037037037 0.996728395061728 0.00037037037037037 6.17283950617284e-05 0.00037037037037037 6.17283950617284e-05 0.00037037037037037 6.17283950617284e-05 6.17283950617284e-05 0.00037037037037037 6.17283950617284e-05 6.17283950617284e-05 0.00037037037037037 6.17283950617284e-05 6.17283950617284e-05 6.17283950617284e-05 6.17283950617284e-05 6.17283950617284e-05; % k D=0.5
0.00037037037037037 0.00037037037037037 6.17283950617284e-05 0.00037037037037037 6.17283950617284e-05 0.00037037037037037 6.17283950617284e-05 0.00037037037037037 6.17283950617284e-05 6.17283950617284e-05 0.00037037037037037 0.996728395061728 6.17283950617284e-05 0.00037037037037037 6.17283950617284e-05 6.17283950617284e-05 6.17283950617284e-05 6.17283950617284e-05 6.17283950617284e-05; % l D=0.5
0.00037037037037037 0.00037037037037037 6.17283950617284e-05 0.00037037037037037 6.17283950617284e-05 0.00037037037037037 6.17283950617284e-05 0.00037037037037037 6.17283950617284e-05 0.996728395061728 0.00037037037037037 6.17283950617284e-05 6.17283950617284e-05 0.00037037037037037 6.17283950617284e-05 6.17283950617284e-05 6.17283950617284e-05 6.17283950617284e-05 6.17283950617284e-05; % p D=0.5
0.265555555555556 0.158888888888889 0.00037037037037037 0.165555555555556 0.00037037037037037 0.00222222222222222 0.00037037037037037 0.0922222222222222 0.00037037037037037 0.00037037037037037 0.165555555555556 0.00037037037037037 0.00037037037037037 0.145555555555556 0.00037037037037037 0.00037037037037037 0.00037037037037037 0.00037037037037037 0.00037037037037037; % t D=0.5
0.00037037037037037 0.00037037037037037 6.17283950617284e-05 0.00037037037037037 6.17283950617284e-05 0.00037037037037037 6.17283950617284e-05 0.00037037037037037 0.996728395061728 6.17283950617284e-05 0.00037037037037037 6.17283950617284e-05 6.17283950617284e-05 0.00037037037037037 6.17283950617284e-05 6.17283950617284e-05 6.17283950617284e-05 6.17283950617284e-05 6.17283950617284e-05; % v D=0.5
0.285555555555556 0.00222222222222222 0.00037037037037037 0.105555555555556 0.00037037037037037 0.172222222222222 0.00037037037037037 0.145555555555556 0.00037037037037037 0.00037037037037037 0.145555555555556 0.00037037037037037 0.00037037037037037 0.138888888888889 0.00037037037037037 0.00037037037037037 0.00037037037037037 0.00037037037037037 0.00037037037037037; % z D=0.5
0.00177777777777778 0.145777777777778 0.000296296296296296 0.176888888888889 0.000296296296296296 0.123555555555556 0.000296296296296296 0.194666666666667 0.000296296296296296 0.000296296296296296 0.172444444444444 0.000296296296296296 0.000296296296296296 0.181333333333333 0.000296296296296296 0.000296296296296296 0.000296296296296296 0.000296296296296296 0.000296296296296296; % $ D=0.6
0.000444444444444444 0.000444444444444444 7.40740740740741e-05 0.000444444444444444 7.40740740740741e-05 0.000444444444444444 7.40740740740741e-05 0.000444444444444444 7.40740740740741e-05 7.40740740740741e-05 0.000444444444444444 7.40740740740741e-05 7.40740740740741e-05 0.000444444444444444 7.40740740740741e-05 7.40740740740741e-05 7.40740740740741e-05 7.40740740740741e-05 0.996074074074074; % B D=0.6
0.285333333333333 0.145333333333333 0.000444444444444444 0.165333333333333 0.000444444444444444 0.132 0.000444444444444444 0.152 0.000444444444444444 0.000444444444444444 0.112 0.000444444444444444 0.000444444444444444 0.00266666666666667 0.000444444444444444 0.000444444444444444 0.000444444444444444 0.000444444444444444 0.000444444444444444; % D D=0.6
0.000444444444444444 0.000444444444444444 7.40740740740741e-05 0.000444444444444444 7.40740740740741e-05 0.000444444444444444 7.40740740740741e-05 0.000444444444444444 7.40740740740741e-05 7.40740740740741e-05 0.000444444444444444 7.40740740740741e-05 7.40740740740741e-05 0.000444444444444444 0.996074074074074 7.40740740740741e-05 7.40740740740741e-05 7.40740740740741e-05 7.40740740740741e-05; % G D=0.6
0.000444444444444444 0.000444444444444444 7.40740740740741e-05 0.000444444444444444 7.40740740740741e-05 0.000444444444444444 7.40740740740741e-05 0.000444444444444444 7.40740740740741e-05 7.40740740740741e-05 0.000444444444444444 7.40740740740741e-05 7.40740740740741e-05 0.000444444444444444 7.40740740740741e-05 7.40740740740741e-05 0.996074074074074 7.40740740740741e-05 7.40740740740741e-05; % K D=0.6
