syllables = '$BDGKLPTVZbdgklptvz';
discounts = [0.1 0.2 0.3 0.4 0.5 0.6 0.7 0.8 0.9 0.95];
kn_probs = [0.000444444444444445 0.119777777777778 0.153111111111111 7.40740740740741e-05 7.40740740740741e-05 7.40740740740741e-05 0.173111111111111 7.40740740740741e-05 7.40740740740741e-05 7.40740740740741e-05 7.40740740740741e-05 0.166444444444444 7.40740740740741e-05 7.40740740740741e-05 7.40740740740741e-05 0.166444444444444 7.40740740740741e-05 7.40740740740741e-05 0.219777777777778; % $ D=0.1
0.000111111111111111 0.000111111111111111 0.000111111111111111 0.999018518518519 1.85185185185185e-05 1.85185185185185e-05 0.000111111111111111 1.85185185185185e-05 1.85185185185185e-05 1.85185185185185e-05 1.85185185185185e-05 0.000111111111111111 1.85185185185185e-05 1.85185185185185e-05 1.85185185185185e-05 0.000111111111111111 1.85185185185185e-05 1.85185185185185e-05 0.000111111111111111; % B D=0.1
0.000111111111111111 0.000111111111111111 0.000111111111111111 1.85185185185185e-05 1.85185185185185e-05 1.85185185185185e-05 0.000111111111111111 1.85185185185185e-05 1.85185185185185e-05 1.85185185185185e-05 1.85185185185185e-05 0.000111111111111111 1.85185185185185e-05 1.85185185185185e-05 0.999018518518519 0.000111111111111111 1.85185185185185e-05 1.85185185185185e-05 0.000111111111111111; % D D=0.1
0.000111111111111111 0.000111111111111111 0.000111111111111111 1.85185185185185e-05 1.85185185185185e-05 1.85185185185185e-05 0.000111111111111111 1.85185185185185e-05 1.85185185185185e-05 1.85185185185185e-05 1.85185185185185e-05 0.000111111111111111 1.85185185185185e-05 1.85185185185185e-05 1.85185185185185e-05 0.000111111111111111 1.85185185185185e-05 0.999018518518519 0.000111111111111111; % G D=0.1
0.000111111111111111 0.000111111111111111 0.000111111111111111 1.85185185185185e-05 1.85185185185185e-05 1.85185185185185e-05 0.000111111111111111 1.85185185185185e-05 1.85185185185185e-05 1.85185185185185e-05 1.85185185185185e-05 0.000111111111111111 1.85185185185185e-05 1.85185185185185e-05 1.85185185185185e-05 0.000111111111111111 0.999018518518519 1.85185185185185e-05 0.000111111111111111; % K D=0.1
0.289666666666667 0.189666666666667 0.000666666666666667 0.000111111111111111 0.000111111111111111 0.000111111111111111 0.129666666666667 0.000111111111111111 0.000111111111111111 0.000111111111111111 0.000111111111111111 0.169666666666667 0.000111111111111111 0.000111111111111111 0.000111111111111111 0.129666666666667 0.000111111111111111 0.000111111111111111 0.0896666666666667; % L D=0.1
0.000111111111111111 0.000111111111111111 0.000111111111111111 1.85185185185185e-05 1.85185185185185e-05 1.85185185185185e-05 0.000111111111111111 0.999018518518519 1.85185185185185e-05 1.85185185185185e-05 1.85185185185185e-05 0.000111111111111111 1.85185185185185e-05 1.85185185185185e-05 1.85185185185185e-05 0.000111111111111111 1.85185185185185e-05 1.85185185185185e-05 0.000111111111111111; % P D=0.1
0.000111111111111111 0.000111111111111111 0.000111111111111111 1.85185185185185e-05 1.85185185185185e-05 1.85185185185185e-05 0.000111111111111111 1.85185185185185e-05 1.85185185185185e-05 1.85185185185185e-05 1.85185185185185e-05 0.000111111111111111 1.85185185185185e-05 0.999018518518519 1.85185185185185e-05 0.000111111111111111 1.85185185185185e-05 1.85185185185185e-05 0.000111111111111111; % T D=0.1
0.000111111111111111 0.000111111111111111 0.000111111111111111 1.85185185185185e-05 0.999018518518519 1.85185185185185e-05 0.000111111111111111 1.85185185185185e-05 1.85185185185185e-05 1.85185185185185e-05 1.85185185185185e-05 0.000111111111111111 1.85185185185185e-05 1.85185185185185e-05 1.85185185185185e-05 0.000111111111111111 1.85185185185185e-05 1.85185185185185e-05 0.000111111111111111; % V D=0.1
0.269666666666667 0.0996666666666667 0.0996666666666667 0.000111111111111111 0.000111111111111111 0.000111111111111111 0.229666666666667 0.000111111111111111 0.000111111111111111 0.000111111111111111 0.000111111111111111 0.129666666666667 0.000111111111111111 0.000111111111111111 0.000111111111111111 0.000666666666666667 0.000111111111111111 0.000111111111111111 0.169666666666667; % Z D=0.1
0.309666666666667 0.000666666666666667 0.119666666666667 0.000111111111111111 0.000111111111111111 0.000111111111111111 0.149666666666667 0.000111111111111111 0.000111111111111111 0.000111111111111111 0.000111111111111111 0.159666666666667 0.000111111111111111 0.000111111111111111 0.000111111111111111 0.119666666666667 0.000111111111111111 0.000111111111111111 0.139666666666667; % b D=0.1
0.000111111111111111 0.000111111111111111 0.000111111111111111 1.85185185185185e-05 1.85185185185185e-05 1.85185185185185e-05 0.000111111111111111 1.85185185185185e-05 0.999018518518519 1.85185185185185e-05 1.85185185185185e-05 0.000111111111111111 1.85185185185185e-05 1.85185185185185e-05 1.85185185185185e-05 0.000111111111111111 1.85185185185185e-05 1.85185185185185e-05 0.000111111111111111; % d D=0.1
0.129666666666667 0.189666666666667 0.279666666666667 0.000111111111111111 0.000111111111111111 0.000111111111111111 0.0896666666666667 0.000111111111111111 0.000111111111111111 0.000111111111111111 0.000111111111111111 0.169666666666667 0.000111111111111111 0.000111111111111111 0.000111111111111111 0.139666666666667 0.000111111111111111 0.000111111111111111 0.000666666666666667; % g D=0.1
0.209666666666667 0.199666666666667 0.139666666666667 0.000111111111111111 0.000111111111111111 0.000111111111111111 0.000666666666666667 0.000111111111111111 0.000111111111111111 0.000111111111111111 0.000111111111111111 0.119666666666667 0.000111111111111111 0.000111111111111111 0.000111111111111111 0.199666666666667 0.000111111111111111 0.000111111111111111 0.129666666666667; % k D=0.1
0.000111111111111111 0.000111111111111111 0.000111111111111111 1.85185185185185e-05 1.85185185185185e-05 0.999018518518519 0.000111111111111111 1.85185185185185e-05 1.85185185185185e-05 1.85185185185185e-05 1.85185185185185e-05 0.000111111111111111 1.85185185185185e-05 1.85185185185185e-05 1.85185185185185e-05 0.000111111111111111 1.85185185185185e-05 1.85185185185185e-05 0.000111111111111111; % l D=0.1
0.000111111111111111 0.000111111111111111 0.000111111111111111 1.85185185185185e-05 1.85185185185185e-05 1.85185185185185e-05 0.000111111111111111 1.85185185185185e-05 1.85185185185185e-05 0.999018518518519 1.85185185185185e-05 0.000111111111111111 1.85185185185185e-05 1.85185185185185e-05 1.85185185185185e-05 0.000111111111111111 1.85185185185185e-05 1.85185185185185e-05 0.000111111111111111; % p D=0.1
0.289666666666667 0.139666666666667 0.129666666666667 0.000111111111111111 0.000111111111111111 0.000111111111111111 0.139666666666667 0.000111111111111111 0.000111111111111111 0.000111111111111111 0.000111111111111111 0.000666666666666667 0.000111111111111111 0.000111111111111111 0.000111111111111111 0.159666666666667 0.000111111111111111 0.000111111111111111 0.139666666666667; % t D=0.1
0.000111111111111111 0.000111111111111111 0.000111111111111111 1.85185185185185e-05 1.85185185185185e-05 1.85185185185185e-05 0.000111111111111111 1.85185185185185e-05 1.85185185185185e-05 1.85185185185185e-05 0.999018518518519 0.000111111111111111 1.85185185185185e-05 1.85185185185185e-05 1.85185185185185e-05 0.000111111111111111 1.85185185185185e-05 1.85185185185185e-05 0.000111111111111111; % v D=0.1
0.000111111111111111 0.000111111111111111 0.000111111111111111 1.85185185185185e-05 1.85185185185185e-05 1.85185185185185e-05 0.000111111111111111 1.85185185185185e-05 1.85185185185185e-05 1.85185185185185e-05 1.85185185185185e-05 0.000111111111111111 0.999018518518519 1.85185185185185e-05 1.85185185185185e-05 0.000111111111111111 1.85185185185185e-05 1.85185185185185e-05 0.000111111111111111; % z D=0.1
