syllables = '$BDGKLPTVZbdgklptvz';
discounts = [0.1 0.2 0.3 0.4 0.5 0.6 0.7 0.8 0.9 0.95];
kn_probs = [0.000872727272727273 0.000145454545454545 0.000145454545454545 0.106206060606061 0.000145454545454545 0.186206060606061 0.000145454545454545 0.159539393939394 0.239539393939394 0.000145454545454545 0.000145454545454545 0.000145454545454545 0.000145454545454545 0.159539393939394 0.000145454545454545 0.000145454545454545 0.146351515151515 0.000145454545454545 0.000145454545454545; % $ D=0.1
0.199309090909091 0.000218181818181818 0.000218181818181818 0.219309090909091 0.000218181818181818 0.159309090909091 0.000218181818181818 0.139309090909091 0.00130909090909091 0.000218181818181818 0.000218181818181818 0.000218181818181818 0.000218181818181818 0.239309090909091 0.000218181818181818 0.000218181818181818 0.0395272727272727 0.000218181818181818 0.000218181818181818; % B D=0.1
0.000218181818181818 0.998036363636364 3.63636363636364e-05 0.000218181818181818 3.63636363636364e-05 0.000218181818181818 3.63636363636364e-05 0.000218181818181818 0.000218181818181818 3.63636363636364e-05 3.63636363636364e-05 3.63636363636364e-05 3.63636363636364e-05 0.000218181818181818 3.63636363636364e-05 3.63636363636364e-05 0.000254545454545455 3.63636363636364e-05 3.63636363636364e-05; % D D=0.1
0.000218181818181818 3.63636363636364e-05 3.63636363636364e-05 0.000218181818181818 3.63636363636364e-05 0.000218181818181818 3.63636363636364e-05 0.000218181818181818 0.000218181818181818 3.63636363636364e-05 0.998036363636364 3.63636363636364e-05 3.63636363636364e-05 0.000218181818181818 3.63636363636364e-05 3.63636363636364e-05 0.000254545454545455 3.63636363636364e-05 3.63636363636364e-05; % G D=0.1
0.000218181818181818 3.63636363636364e-05 3.63636363636364e-05 0.000218181818181818 3.63636363636364e-05 0.000218181818181818 3.63636363636364e-05 0.000218181818181818 0.000218181818181818 3.63636363636364e-05 3.63636363636364e-05 3.63636363636364e-05 0.998036363636364 0.000218181818181818 3.63636363636364e-05 3.63636363636364e-05 0.000254545454545455 3.63636363636364e-05 3.63636363636364e-05; % K D=0.1
0.000218181818181818 3.63636363636364e-05 3.63636363636364e-05 0.000218181818181818 3.63636363636364e-05 0.000218181818181818 0.998036363636364 0.000218181818181818 0.000218181818181818 3.63636363636364e-05 3.63636363636364e-05 3.63636363636364e-05 3.63636363636364e-05 0.000218181818181818 3.63636363636364e-05 3.63636363636364e-05 0.000254545454545455 3.63636363636364e-05 3.63636363636364e-05; % L D=0.1
0.199309090909091 0.000218181818181818 0.000218181818181818 0.139309090909091 0.000218181818181818 0.00130909090909091 0.000218181818181818 0.179309090909091 0.159309090909091 0.000218181818181818 0.000218181818181818 0.000218181818181818 0.000218181818181818 0.139309090909091 0.000218181818181818 0.000218181818181818 0.179527272727273 0.000218181818181818 0.000218181818181818; % P D=0.1
0.000218181818181818 3.63636363636364e-05 3.63636363636364e-05 0.000218181818181818 3.63636363636364e-05 0.000218181818181818 3.63636363636364e-05 0.000218181818181818 0.000218181818181818 3.63636363636364e-05 3.63636363636364e-05 3.63636363636364e-05 3.63636363636364e-05 0.000218181818181818 3.63636363636364e-05 3.63636363636364e-05 0.000254545454545455 3.63636363636364e-05 0.998036363636364; % T D=0.1
0.000218181818181818 3.63636363636364e-05 0.998036363636364 0.000218181818181818 3.63636363636364e-05 0.000218181818181818 3.63636363636364e-05 0.000218181818181818 0.000218181818181818 3.63636363636364e-05 3.63636363636364e-05 3.63636363636364e-05 3.63636363636364e-05 0.000218181818181818 3.63636363636364e-05 3.63636363636364e-05 0.000254545454545455 3.63636363636364e-05 3.63636363636364e-05; % V D=0.1
0.319309090909091 0.000218181818181818 0.000218181818181818 0.00130909090909091 0.000218181818181818 0.159309090909091 0.000218181818181818 0.0993090909090909 0.0793090909090909 0.000218181818181818 0.000218181818181818 0.000218181818181818 0.000218181818181818 0.159309090909091 0.000218181818181818 0.000218181818181818 0.179527272727273 0.000218181818181818 0.000218181818181818; % Z D=0.1
0.000218181818181818 3.63636363636364e-05 3.63636363636364e-05 0.000218181818181818 3.63636363636364e-05 0.000218181818181818 3.63636363636364e-05 0.000218181818181818 0.000218181818181818 3.63636363636364e-05 3.63636363636364e-05 0.998036363636364 3.63636363636364e-05 0.000218181818181818 3.63636363636364e-05 3.63636363636364e-05 0.000254545454545455 3.63636363636364e-05 3.63636363636364e-05; % b D=0.1
0.000218181818181818 3.63636363636364e-05 3.63636363636364e-05 0.000218181818181818 3.63636363636364e-05 0.000218181818181818 3.63636363636364e-05 0.000218181818181818 0.000218181818181818 0.998036363636364 3.63636363636364e-05 3.63636363636364e-05 3.63636363636364e-05 0.000218181818181818 3.63636363636364e-05 3.63636363636364e-05 0.000254545454545455 3.63636363636364e-05 3.63636363636364e-05; % d D=0.1
0.000218181818181818 3.63636363636364e-05 3.63636363636364e-05 0.000218181818181818 3.63636363636364e-05 0.000218181818181818 3.63636363636364e-05 0.000218181818181818 0.000218181818181818 3.63636363636364e-05 3.63636363636364e-05 3.63636363636364e-05 3.63636363636364e-05 0.000218181818181818 3.63636363636364e-05 3.63636363636364e-05 0.000254545454545455 0.998036363636364 3.63636363636364e-05; % g D=0.1
0.000218181818181818 3.63636363636364e-05 3.63636363636364e-05 0.000218181818181818 0.998036363636364 0.000218181818181818 3.63636363636364e-05 0.000218181818181818 0.000218181818181818 3.63636363636364e-05 3.63636363636364e-05 3.63636363636364e-05 3.63636363636364e-05 0.000218181818181818 3.63636363636364e-05 3.63636363636364e-05 0.000254545454545455 3.63636363636364e-05 3.63636363636364e-05; % k D=0.1
0.000218181818181818 3.63636363636364e-05 3.63636363636364e-05 0.000218181818181818 3.63636363636364e-05 0.000218181818181818 3.63636363636364e-05 0.000218181818181818 0.000218181818181818 3.63636363636364e-05 3.63636363636364e-05 3.63636363636364e-05 3.63636363636364e-05 0.000218181818181818 3.63636363636364e-05 0.998036363636364 0.000254545454545455 3.63636363636364e-05 3.63636363636364e-05; % l D=0.1
0.299527272727273 0.000254545454545455 0.000254545454545455 0.139527272727273 0.000254545454545455 0.139527272727273 0.000254545454545455 0.139527272727273 0.159527272727273 0.000254545454545455 0.000254545454545455 0.000254545454545455 0.000254545454545455 0.0995272727272727 0.000254545454545455 0.000254545454545455 0.0197818181818182 0.000254545454545455 0.000254545454545455; % p D=0.1
0.000218181818181818 3.63636363636364e-05 3.63636363636364e-05 0.000218181818181818 3.63636363636364e-05 0.000218181818181818 3.63636363636364e-05 0.000218181818181818 0.000218181818181818 3.63636363636364e-05 3.63636363636364e-05 3.63636363636364e-05 3.63636363636364e-05 0.000218181818181818 0.998036363636364 3.63636363636364e-05 0.000254545454545455 3.63636363636364e-05 3.63636363636364e-05; % t D=0.1
0.259309090909091 0.000218181818181818 0.000218181818181818 0.0993090909090909 0.000218181818181818 0.119309090909091 0.000218181818181818 0.199309090909091 0.0793090909090909 0.000218181818181818 0.000218181818181818 0.000218181818181818 0.000218181818181818 0.00130909090909091 0.000218181818181818 0.000218181818181818 0.239527272727273 0.000218181818181818 0.000218181818181818; % v D=0.1
0.219309090909091 0.000218181818181818 0.000218181818181818 0.239309090909091 0.000218181818181818 0.139309090909091 0.000218181818181818 0.00130909090909091 0.159309090909091 0.000218181818181818 0.000218181818181818 0.000218181818181818 0.000218181818181818 0.119309090909091 0.000218181818181818 0.000218181818181818 0.119527272727273 0.000218181818181818 0.000218181818181818; % z D=0.1
