syllables = '$BDGKLPTVZbdgklptvz';
discounts = [0.1 0.2 0.3 0.4 0.5 0.6 0.7 0.8 0.9 0.95];
kn_probs = [0.000290909090909091 0.146513131313131 4.84848484848485e-05 4.84848484848485e-05 0.19540202020202 4.84848484848485e-05 4.84848484848485e-05 0.173179797979798 4.84848484848485e-05 0.124290909090909 4.84848484848485e-05 4.84848484848485e-05 4.84848484848485e-05 4.84848484848485e-05 4.84848484848485e-05 4.84848484848485e-05 4.84848484848485e-05 0.133179797979798 0.226561616161616; % $ D=0.1
7.27272727272727e-05 7.27272727272727e-05 1.21212121212121e-05 1.21212121212121e-05 7.27272727272727e-05 1.21212121212121e-05 1.21212121212121e-05 7.27272727272727e-05 1.21212121212121e-05 7.27272727272727e-05 1.21212121212121e-05 0.999345454545455 1.21212121212121e-05 1.21212121212121e-05 1.21212121212121e-05 1.21212121212121e-05 1.21212121212121e-05 7.27272727272727e-05 8.48484848484849e-05; % B D=0.1
0.246436363636364 0.146436363636364 7.27272727272727e-05 7.27272727272727e-05 0.186436363636364 7.27272727272727e-05 7.27272727272727e-05 0.000436363636363636 7.27272727272727e-05 0.15310303030303 7.27272727272727e-05 7.27272727272727e-05 7.27272727272727e-05 7.27272727272727e-05 7.27272727272727e-05 7.27272727272727e-05 7.27272727272727e-05 0.126436363636364 0.139842424242424; % D D=0.1
0.259769696969697 0.179769696969697 7.27272727272727e-05 7.27272727272727e-05 0.000436363636363636 7.27272727272727e-05 7.27272727272727e-05 0.15310303030303 7.27272727272727e-05 0.13310303030303 7.27272727272727e-05 7.27272727272727e-05 7.27272727272727e-05 7.27272727272727e-05 7.27272727272727e-05 7.27272727272727e-05 7.27272727272727e-05 0.146436363636364 0.126509090909091; % G D=0.1
7.27272727272727e-05 7.27272727272727e-05 1.21212121212121e-05 1.21212121212121e-05 7.27272727272727e-05 1.21212121212121e-05 1.21212121212121e-05 7.27272727272727e-05 1.21212121212121e-05 7.27272727272727e-05 1.21212121212121e-05 1.21212121212121e-05 1.21212121212121e-05 0.999345454545455 1.21212121212121e-05 1.21212121212121e-05 1.21212121212121e-05 7.27272727272727e-05 8.48484848484849e-05; % K D=0.1
7.27272727272727e-05 7.27272727272727e-05 0.999345454545455 1.21212121212121e-05 7.27272727272727e-05 1.21212121212121e-05 1.21212121212121e-05 7.27272727272727e-05 1.21212121212121e-05 7.27272727272727e-05 1.21212121212121e-05 1.21212121212121e-05 1.21212121212121e-05 1.21212121212121e-05 1.21212121212121e-05 1.21212121212121e-05 1.21212121212121e-05 7.27272727272727e-05 8.48484848484849e-05; % L D=0.1
7.27272727272727e-05 7.27272727272727e-05 1.21212121212121e-05 0.999345454545455 7.27272727272727e-05 1.21212121212121e-05 1.21212121212121e-05 7.27272727272727e-05 1.21212121212121e-05 7.27272727272727e-05 1.21212121212121e-05 1.21212121212121e-05 1.21212121212121e-05 1.21212121212121e-05 1.21212121212121e-05 1.21212121212121e-05 1.21212121212121e-05 7.27272727272727e-05 8.48484848484849e-05; % P D=0.1
7.27272727272727e-05 7.27272727272727e-05 1.21212121212121e-05 1.21212121212121e-05 7.27272727272727e-05 0.999345454545455 1.21212121212121e-05 7.27272727272727e-05 1.21212121212121e-05 7.27272727272727e-05 1.21212121212121e-05 1.21212121212121e-05 1.21212121212121e-05 1.21212121212121e-05 1.21212121212121e-05 1.21212121212121e-05 1.21212121212121e-05 7.27272727272727e-05 8.48484848484849e-05; % T D=0.1
7.27272727272727e-05 7.27272727272727e-05 1.21212121212121e-05 1.21212121212121e-05 7.27272727272727e-05 1.21212121212121e-05 1.21212121212121e-05 7.27272727272727e-05 1.21212121212121e-05 7.27272727272727e-05 1.21212121212121e-05 1.21212121212121e-05 1.21212121212121e-05 1.21212121212121e-05 1.21212121212121e-05 1.21212121212121e-05 0.999345454545455 7.27272727272727e-05 8.48484848484849e-05; % V D=0.1
7.27272727272727e-05 7.27272727272727e-05 1.21212121212121e-05 1.21212121212121e-05 7.27272727272727e-05 1.21212121212121e-05 1.21212121212121e-05 7.27272727272727e-05 1.21212121212121e-05 7.27272727272727e-05 1.21212121212121e-05 1.21212121212121e-05 1.21212121212121e-05 1.21212121212121e-05 1.21212121212121e-05 0.999345454545455 1.21212121212121e-05 7.27272727272727e-05 8.48484848484849e-05; % Z D=0.1
0.239769696969697 0.186436363636364 7.27272727272727e-05 7.27272727272727e-05 0.146436363636364 7.27272727272727e-05 7.27272727272727e-05 0.146436363636364 7.27272727272727e-05 0.000436363636363636 7.27272727272727e-05 7.27272727272727e-05 7.27272727272727e-05 7.27272727272727e-05 7.27272727272727e-05 7.27272727272727e-05 7.27272727272727e-05 0.15310303030303 0.126509090909091; % b D=0.1
0.25310303030303 0.000436363636363636 7.27272727272727e-05 7.27272727272727e-05 0.13310303030303 7.27272727272727e-05 7.27272727272727e-05 0.186436363636364 7.27272727272727e-05 0.126436363636364 7.27272727272727e-05 7.27272727272727e-05 7.27272727272727e-05 7.27272727272727e-05 7.27272727272727e-05 7.27272727272727e-05 7.27272727272727e-05 0.19310303030303 0.106509090909091; % d D=0.1
0.266509090909091 0.126509090909091 8.48484848484849e-05 8.48484848484849e-05 0.126509090909091 8.48484848484849e-05 8.48484848484849e-05 0.126509090909091 8.48484848484849e-05 0.166509090909091 8.48484848484849e-05 8.48484848484849e-05 8.48484848484849e-05 8.48484848484849e-05 8.48484848484849e-05 8.48484848484849e-05 8.48484848484849e-05 0.179842424242424 0.00659393939393939; % g D=0.1
7.27272727272727e-05 7.27272727272727e-05 1.21212121212121e-05 1.21212121212121e-05 7.27272727272727e-05 1.21212121212121e-05 0.999345454545455 7.27272727272727e-05 1.21212121212121e-05 7.27272727272727e-05 1.21212121212121e-05 1.21212121212121e-05 1.21212121212121e-05 1.21212121212121e-05 1.21212121212121e-05 1.21212121212121e-05 1.21212121212121e-05 7.27272727272727e-05 8.48484848484849e-05; % k D=0.1
0.23310303030303 0.139769696969697 7.27272727272727e-05 7.27272727272727e-05 0.11310303030303 7.27272727272727e-05 7.27272727272727e-05 0.126436363636364 7.27272727272727e-05 0.23310303030303 7.27272727272727e-05 7.27272727272727e-05 7.27272727272727e-05 7.27272727272727e-05 7.27272727272727e-05 7.27272727272727e-05 7.27272727272727e-05 0.000436363636363636 0.153175757575758; % l D=0.1
7.27272727272727e-05 7.27272727272727e-05 1.21212121212121e-05 1.21212121212121e-05 7.27272727272727e-05 1.21212121212121e-05 1.21212121212121e-05 7.27272727272727e-05 1.21212121212121e-05 7.27272727272727e-05 0.999345454545455 1.21212121212121e-05 1.21212121212121e-05 1.21212121212121e-05 1.21212121212121e-05 1.21212121212121e-05 1.21212121212121e-05 7.27272727272727e-05 8.48484848484849e-05; % p D=0.1
7.27272727272727e-05 7.27272727272727e-05 1.21212121212121e-05 1.21212121212121e-05 7.27272727272727e-05 1.21212121212121e-05 1.21212121212121e-05 7.27272727272727e-05 1.21212121212121e-05 7.27272727272727e-05 1.21212121212121e-05 1.21212121212121e-05 1.21212121212121e-05 1.21212121212121e-05 0.999345454545455 1.21212121212121e-05 1.21212121212121e-05 7.27272727272727e-05 8.48484848484849e-05; % t D=0.1
7.27272727272727e-05 7.27272727272727e-05 1.21212121212121e-05 1.21212121212121e-05 7.27272727272727e-05 1.21212121212121e-05 1.21212121212121e-05 7.27272727272727e-05 0.999345454545455 7.27272727272727e-05 1.21212121212121e-05 1.21212121212121e-05 1.21212121212121e-05 1.21212121212121e-05 1.21212121212121e-05 1.21212121212121e-05 1.21212121212121e-05 7.27272727272727e-05 8.48484848484849e-05; % v D=0.1
7.27272727272727e-05 7.27272727272727e-05 1.21212121212121e-05 1.21212121212121e-05 7.27272727272727e-05 1.21212121212121e-05 1.21212121212121e-05 7.27272727272727e-05 1.21212121212121e-05 7.27272727272727e-05 1.21212121212121e-05 1.21212121212121e-05 0.999345454545455 1.21212121212121e-05 1.21212121212121e-05 1.21212121212121e-05 1.21212121212121e-05 7.27272727272727e-05 8.48484848484849e-05; % z D=0.1
0.000581818181818182 0.146359595959596 9.6969696969697e-05 9.6969696969697e-05 0.195248484848485 9.6969696969697e-05 9.6969696969697e-05 0.173026262626263 9.6969696969697e-05 0.124137373737374 9.6969696969697e-05 9.6969696969697e-05 9.6969696969697e-05 9.6969696969697e-05 9.6969696969697e-05 9.6969696969697e-05 9.6969696969697e-05 0.133026262626263 0.226456565656566; % $ D=0.2
0.000145454545454545 0.000145454545454545 2.42424242424242e-05 2.42424242424242e-05 0.000145454545454545 2.42424242424242e-05 2.42424242424242e-05 0.000145454545454545 2.42424242424242e-05 0.000145454545454545 2.42424242424242e-05 0.998690909090909 2.42424242424242e-05 2.42424242424242e-05 2.42424242424242e-05 2.42424242424242e-05 2.42424242424242e-05 0.000145454545454545 0.00016969696969697; % B D=0.2
0.246206060606061 0.146206060606061 0.000145454545454545 0.000145454545454545 0.186206060606061 0.000145454545454545 0.000145454545454545 0.000872727272727273 0.000145454545454545 0.152872727272727 0.000145454545454545 0.000145454545454545 0.000145454545454545 0.000145454545454545 0.000145454545454545 0.000145454545454545 0.000145454545454545 0.126206060606061 0.139684848484848; % D D=0.2
0.259539393939394 0.179539393939394 0.000145454545454545 0.000145454545454545 0.000872727272727273 0.000145454545454545 0.000145454545454545 0.152872727272727 0.000145454545454545 0.132872727272727 0.000145454545454545 0.000145454545454545 0.000145454545454545 0.000145454545454545 0.000145454545454545 0.000145454545454545 0.000145454545454545 0.146206060606061 0.126351515151515; % G D=0.2
0.000145454545454545 0.000145454545454545 2.42424242424242e-05 2.42424242424242e-05 0.000145454545454545 2.42424242424242e-05 2.42424242424242e-05 0.000145454545454545 2.42424242424242e-05 0.000145454545454545 2.42424242424242e-05 2.42424242424242e-05 2.42424242424242e-05 0.998690909090909 2.42424242424242e-05 2.42424242424242e-05 2.42424242424242e-05 0.000145454545454545 0.00016969696969697; % K D=0.2
0.000145454545454545 0.000145454545454545 0.998690909090909 2.42424242424242e-05 0.000145454545454545 2.42424242424242e-05 2.42424242424242e-05 0.000145454545454545 2.42424242424242e-05 0.000145454545454545 2.42424242424242e-05 2.42424242424242e-05 2.42424242424242e-05 2.42424242424242e-05 2.42424242424242e-05 2.42424242424242e-05 2.42424242424242e-05 0.000145454545454545 0.00016969696969697; % L D=0.2
0.000145454545454545 0.000145454545454545 2.42424242424242e-05 0.998690909090909 0.000145454545454545 2.42424242424242e-05 2.42424242424242e-05 0.000145454545454545 2.42424242424242e-05 0.000145454545454545 2.42424242424242e-05 2.42424242424242e-05 2.42424242424242e-05 2.42424242424242e-05 2.42424242424242e-05 2.42424242424242e-05 2.42424242424242e-05 0.000145454545454545 0.00016969696969697; % P D=0.2
0.000145454545454545 0.000145454545454545 2.42424242424242e-05 2.42424242424242e-05 0.000145454545454545 0.998690909090909 2.42424242424242e-05 0.000145454545454545 2.42424242424242e-05 0.000145454545454545 2.42424242424242e-05 2.42424242424242e-05 2.42424242424242e-05 2.42424242424242e-05 2.42424242424242e-05 2.42424242424242e-05 2.42424242424242e-05 0.000145454545454545 0.00016969696969697; % T D=0.2
0.000145454545454545 0.000145454545454545 2.42424242424242e-05 2.42424242424242e-05 0.000145454545454545 2.42424242424242e-05 2.42424242424242e-05 0.000145454545454545 2.42424242424242e-05 0.000145454545454545 2.42424242424242e-05 2.42424242424242e-05 2.42424242424242e-05 2.42424242424242e-05 2.42424242424242e-05 2.42424242424242e-05 0.998690909090909 0.000145454545454545 0.00016969696969697; % V D=0.2
0.000145454545454545 0.000145454545454545 2.42424242424242e-05 2.42424242424242e-05 0.000145454545454545 2.42424242424242e-05 2.42424242424242e-05 0.000145454545454545 2.42424242424242e-05 0.000145454545454545 2.42424242424242e-05 2.42424242424242e-05 2.42424242424242e-05 2.42424242424242e-05 2.42424242424242e-05 0.998690909090909 2.42424242424242e-05 0.000145454545454545 0.00016969696969697; % Z D=0.2
0.239539393939394 0.186206060606061 0.000145454545454545 0.000145454545454545 0.146206060606061 0.000145454545454545 0.000145454545454545 0.146206060606061 0.000145454545454545 0.000872727272727273 0.000145454545454545 0.000145454545454545 0.000145454545454545 0.000145454545454545 0.000145454545454545 0.000145454545454545 0.000145454545454545 0.152872727272727 0.126351515151515; % b D=0.2
0.252872727272727 0.000872727272727273 0.000145454545454545 0.000145454545454545 0.132872727272727 0.000145454545454545 0.000145454545454545 0.186206060606061 0.000145454545454545 0.126206060606061 0.000145454545454545 0.000145454545454545 0.000145454545454545 0.000145454545454545 0.000145454545454545 0.000145454545454545 0.000145454545454545 0.192872727272727 0.106351515151515; % d D=0.2
0.266351515151515 0.126351515151515 0.00016969696969697 0.00016969696969697 0.126351515151515 0.00016969696969697 0.00016969696969697 0.126351515151515 0.00016969696969697 0.166351515151515 0.00016969696969697 0.00016969696969697 0.00016969696969697 0.00016969696969697 0.00016969696969697 0.00016969696969697 0.00016969696969697 0.179684848484848 0.00652121212121212; % g D=0.2
0.000145454545454545 0.000145454545454545 2.42424242424242e-05 2.42424242424242e-05 0.000145454545454545 2.42424242424242e-05 0.998690909090909 0.000145454545454545 2.42424242424242e-05 0.000145454545454545 2.42424242424242e-05 2.42424242424242e-05 2.42424242424242e-05 2.42424242424242e-05 2.42424242424242e-05 2.42424242424242e-05 2.42424242424242e-05 0.000145454545454545 0.00016969696969697; % k D=0.2
0.232872727272727 0.139539393939394 0.000145454545454545 0.000145454545454545 0.112872727272727 0.000145454545454545 0.000145454545454545 0.126206060606061 0.000145454545454545 0.232872727272727 0.000145454545454545 0.000145454545454545 0.000145454545454545 0.000145454545454545 0.000145454545454545 0.000145454545454545 0.000145454545454545 0.000872727272727273 0.153018181818182; % l D=0.2
0.000145454545454545 0.000145454545454545 2.42424242424242e-05 2.42424242424242e-05 0.000145454545454545 2.42424242424242e-05 2.42424242424242e-05 0.000145454545454545 2.42424242424242e-05 0.000145454545454545 0.998690909090909 2.42424242424242e-05 2.42424242424242e-05 2.42424242424242e-05 2.42424242424242e-05 2.42424242424242e-05 2.42424242424242e-05 0.000145454545454545 0.00016969696969697; % p D=0.2
0.000145454545454545 0.000145454545454545 2.42424242424242e-05 2.42424242424242e-05 0.000145454545454545 2.42424242424242e-05 2.42424242424242e-05 0.000145454545454545 2.42424242424242e-05 0.000145454545454545 2.42424242424242e-05 2.42424242424242e-05 2.42424242424242e-05 2.42424242424242e-05 0.998690909090909 2.42424242424242e-05 2.42424242424242e-05 0.000145454545454545 0.00016969696969697; % t D=0.2
0.000145454545454545 0.000145454545454545 2.42424242424242e-05 2.42424242424242e-05 0.000145454545454545 2.42424242424242e-05 2.42424242424242e-05 0.000145454545454545 0.998690909090909 0.000145454545454545 2.42424242424242e-05 2.42424242424242e-05 2.42424242424242e-05 2.42424242424242e-05 2.42424242424242e-05 2.42424242424242e-05 2.42424242424242e-05 0.000145454545454545 0.00016969696969697; % v D=0.2
0.000145454545454545 0.000145454545454545 2.42424242424242e-05 2.42424242424242e-05 0.000145454545454545 2.42424242424242e-05 2.42424242424242e-05 0.000145454545454545 2.42424242424242e-05 0.000145454545454545 2.42424242424242e-05 2.42424242424242e-05 0.998690909090909 2.42424242424242e-05 2.42424242424242e-05 2.42424242424242e-05 2.42424242424242e-05 0.000145454545454545 0.00016969696969697; % z D=0.2
0.000872727272727273 0.146206060606061 0.000145454545454545 0.000145454545454545 0.19509494949495 0.000145454545454545 0.000145454545454545 0.172872727272727 0.000145454545454545 0.123983838383838 0.000145454545454545 0.000145454545454545 0.000145454545454545 0.000145454545454545 0.000145454545454545 0.000145454545454545 0.000145454545454545 0.132872727272727 0.226351515151515; % $ D=0.3
0.000218181818181818 0.000218181818181818 3.63636363636364e-05 3.63636363636364e-05 0.000218181818181818 3.63636363636364e-05 3.63636363636364e-05 0.000218181818181818 3.63636363636364e-05 0.000218181818181818 3.63636363636364e-05 0.998036363636363 3.63636363636364e-05 3.63636363636364e-05 3.63636363636364e-05 3.63636363636364e-05 3.63636363636364e-05 0.000218181818181818 0.000254545454545455; % B D=0.3
0.245975757575758 0.145975757575758 0.000218181818181818 0.000218181818181818 0.185975757575758 0.000218181818181818 0.000218181818181818 0.00130909090909091 0.000218181818181818 0.152642424242424 0.000218181818181818 0.000218181818181818 0.000218181818181818 0.000218181818181818 0.000218181818181818 0.000218181818181818 0.000218181818181818 0.125975757575758 0.139527272727273; % D D=0.3
0.259309090909091 0.179309090909091 0.000218181818181818 0.000218181818181818 0.00130909090909091 0.000218181818181818 0.000218181818181818 0.152642424242424 0.000218181818181818 0.132642424242424 0.000218181818181818 0.000218181818181818 0.000218181818181818 0.000218181818181818 0.000218181818181818 0.000218181818181818 0.000218181818181818 0.145975757575758 0.126193939393939; % G D=0.3
0.000218181818181818 0.000218181818181818 3.63636363636364e-05 3.63636363636364e-05 0.000218181818181818 3.63636363636364e-05 3.63636363636364e-05 0.000218181818181818 3.63636363636364e-05 0.000218181818181818 3.63636363636364e-05 3.63636363636364e-05 3.63636363636364e-05 0.998036363636363 3.63636363636364e-05 3.63636363636364e-05 3.63636363636364e-05 0.000218181818181818 0.000254545454545455; % K D=0.3
0.000218181818181818 0.000218181818181818 0.998036363636363 3.63636363636364e-05 0.000218181818181818 3.63636363636364e-05 3.63636363636364e-05 0.000218181818181818 3.63636363636364e-05 0.000218181818181818 3.63636363636364e-05 3.63636363636364e-05 3.63636363636364e-05 3.63636363636364e-05 3.63636363636364e-05 3.63636363636364e-05 3.63636363636364e-05 0.000218181818181818 0.000254545454545455; % L D=0.3
0.000218181818181818 0.000218181818181818 3.63636363636364e-05 0.998036363636363 0.000218181818181818 3.63636363636364e-05 3.63636363636364e-05 0.000218181818181818 3.63636363636364e-05 0.000218181818181818 3.63636363636364e-05 3.63636363636364e-05 3.63636363636364e-05 3.63636363636364e-05 3.63636363636364e-05 3.63636363636364e-05 3.63636363636364e-05 0.000218181818181818 0.000254545454545455; % P D=0.3
0.000218181818181818 0.000218181818181818 3.63636363636364e-05 3.63636363636364e-05 0.000218181818181818 0.998036363636363 3.63636363636364e-05 0.000218181818181818 3.63636363636364e-05 0.000218181818181818 3.63636363636364e-05 3.63636363636364e-05 3.63636363636364e-05 3.63636363636364e-05 3.63636363636364e-05 3.63636363636364e-05 3.63636363636364e-05 0.000218181818181818 0.000254545454545455; % T D=0.3
0.000218181818181818 0.000218181818181818 3.63636363636364e-05 3.63636363636364e-05 0.000218181818181818 3.63636363636364e-05 3.63636363636364e-05 0.000218181818181818 3.63636363636364e-05 0.000218181818181818 3.63636363636364e-05 3.63636363636364e-05 3.63636363636364e-05 3.63636363636364e-05 3.63636363636364e-05 3.63636363636364e-05 0.998036363636363 0.000218181818181818 0.000254545454545455; % V D=0.3
0.000218181818181818 0.000218181818181818 3.63636363636364e-05 3.63636363636364e-05 0.000218181818181818 3.63636363636364e-05 3.63636363636364e-05 0.000218181818181818 3.63636363636364e-05 0.000218181818181818 3.63636363636364e-05 3.63636363636364e-05 3.63636363636364e-05 3.63636363636364e-05 3.63636363636364e-05 0.998036363636363 3.63636363636364e-05 0.000218181818181818 0.000254545454545455; % Z D=0.3
0.239309090909091 0.185975757575758 0.000218181818181818 0.000218181818181818 0.145975757575758 0.000218181818181818 0.000218181818181818 0.145975757575758 0.000218181818181818 0.00130909090909091 0.000218181818181818 0.000218181818181818 0.000218181818181818 0.000218181818181818 0.000218181818181818 0.000218181818181818 0.000218181818181818 0.152642424242424 0.126193939393939; % b D=0.3
0.252642424242424 0.00130909090909091 0.000218181818181818 0.000218181818181818 0.132642424242424 0.000218181818181818 0.000218181818181818 0.185975757575758 0.000218181818181818 0.125975757575758 0.000218181818181818 0.000218181818181818 0.000218181818181818 0.000218181818181818 0.000218181818181818 0.000218181818181818 0.000218181818181818 0.192642424242424 0.106193939393939; % d D=0.3
0.266193939393939 0.126193939393939 0.000254545454545455 0.000254545454545455 0.126193939393939 0.000254545454545455 0.000254545454545455 0.126193939393939 0.000254545454545455 0.166193939393939 0.000254545454545455 0.000254545454545455 0.000254545454545455 0.000254545454545455 0.000254545454545455 0.000254545454545455 0.000254545454545455 0.179527272727273 0.00644848484848485; % g D=0.3
0.000218181818181818 0.000218181818181818 3.63636363636364e-05 3.63636363636364e-05 0.000218181818181818 3.63636363636364e-05 0.998036363636363 0.000218181818181818 3.63636363636364e-05 0.000218181818181818 3.63636363636364e-05 3.63636363636364e-05 3.63636363636364e-05 3.63636363636364e-05 3.63636363636364e-05 3.63636363636364e-05 3.63636363636364e-05 0.000218181818181818 0.000254545454545455; % k D=0.3
0.232642424242424 0.139309090909091 0.000218181818181818 0.000218181818181818 0.112642424242424 0.000218181818181818 0.000218181818181818 0.125975757575758 0.000218181818181818 0.232642424242424 0.000218181818181818 0.000218181818181818 0.000218181818181818 0.000218181818181818 0.000218181818181818 0.000218181818181818 0.000218181818181818 0.00130909090909091 0.152860606060606; % l D=0.3
0.000218181818181818 0.000218181818181818 3.63636363636364e-05 3.63636363636364e-05 0.000218181818181818 3.63636363636364e-05 3.63636363636364e-05 0.000218181818181818 3.63636363636364e-05 0.000218181818181818 0.998036363636363 3.63636363636364e-05 3.63636363636364e-05 3.63636363636364e-05 3.63636363636364e-05 3.63636363636364e-05 3.63636363636364e-05 0.000218181818181818 0.000254545454545455; % p D=0.3
0.000218181818181818 0.000218181818181818 3.63636363636364e-05 3.63636363636364e-05 0.000218181818181818 3.63636363636364e-05 3.63636363636364e-05 0.000218181818181818 3.63636363636364e-05 0.000218181818181818 3.63636363636364e-05 3.63636363636364e-05 3.63636363636364e-05 3.63636363636364e-05 0.998036363636363 3.63636363636364e-05 3.63636363636364e-05 0.000218181818181818 0.000254545454545455; % t D=0.3
0.000218181818181818 0.000218181818181818 3.63636363636364e-05 3.63636363636364e-05 0.000218181818181818 3.63636363636364e-05 3.63636363636364e-05 0.000218181818181818 0.998036363636363 0.000218181818181818 3.63636363636364e-05 3.63636363636364e-05 3.63636363636364e-05 3.63636363636364e-05 3.63636363636364e-05 3.63636363636364e-05 3.63636363636364e-05 0.000218181818181818 0.000254545454545455; % v D=0.3
0.000218181818181818 0.000218181818181818 3.63636363636364e-05 3.63636363636364e-05 0.000218181818181818 3.63636363636364e-05 3.63636363636364e-05 0.000218181818181818 3.63636363636364e-05 0.000218181818181818 3.63636363636364e-05 3.63636363636364e-05 0.998036363636363 3.63636363636364e-05 3.63636363636364e-05 3.63636363636364e-05 3.63636363636364e-05 0.000218181818181818 0.000254545454545455; % z D=0.3
0.00116363636363636 0.146052525252525 0.000193939393939394 0.000193939393939394 0.194941414141414 0.000193939393939394 0.000193939393939394 0.172719191919192 0.000193939393939394 0.123830303030303 0.000193939393939394 0.000193939393939394 0.000193939393939394 0.000193939393939394 0.000193939393939394 0.000193939393939394 0.000193939393939394 0.132719191919192 0.226246464646465; % $ D=0.4
0.000290909090909091 0.000290909090909091 4.84848484848485e-05 4.84848484848485e-05 0.000290909090909091 4.84848484848485e-05 4.84848484848485e-05 0.000290909090909091 4.84848484848485e-05 0.000290909090909091 4.84848484848485e-05 0.997381818181818 4.84848484848485e-05 4.84848484848485e-05 4.84848484848485e-05 4.84848484848485e-05 4.84848484848485e-05 0.000290909090909091 0.000339393939393939; % B D=0.4
0.245745454545455 0.145745454545455 0.000290909090909091 0.000290909090909091 0.185745454545455 0.000290909090909091 0.000290909090909091 0.00174545454545455 0.000290909090909091 0.152412121212121 0.000290909090909091 0.000290909090909091 0.000290909090909091 0.000290909090909091 0.000290909090909091 0.000290909090909091 0.000290909090909091 0.125745454545455 0.139369696969697; % D D=0.4
0.259078787878788 0.179078787878788 0.000290909090909091 0.000290909090909091 0.00174545454545455 0.000290909090909091 0.000290909090909091 0.152412121212121 0.000290909090909091 0.132412121212121 0.000290909090909091 0.000290909090909091 0.000290909090909091 0.000290909090909091 0.000290909090909091 0.000290909090909091 0.000290909090909091 0.145745454545455 0.126036363636364; % G D=0.4
0.000290909090909091 0.000290909090909091 4.84848484848485e-05 4.84848484848485e-05 0.000290909090909091 4.84848484848485e-05 4.84848484848485e-05 0.000290909090909091 4.84848484848485e-05 0.000290909090909091 4.84848484848485e-05 4.84848484848485e-05 4.84848484848485e-05 0.997381818181818 4.84848484848485e-05 4.84848484848485e-05 4.84848484848485e-05 0.000290909090909091 0.000339393939393939; % K D=0.4
0.000290909090909091 0.000290909090909091 0.997381818181818 4.84848484848485e-05 0.000290909090909091 4.84848484848485e-05 4.84848484848485e-05 0.000290909090909091 4.84848484848485e-05 0.000290909090909091 4.84848484848485e-05 4.84848484848485e-05 4.84848484848485e-05 4.84848484848485e-05 4.84848484848485e-05 4.84848484848485e-05 4.84848484848485e-05 0.000290909090909091 0.000339393939393939; % L D=0.4
0.000290909090909091 0.000290909090909091 4.84848484848485e-05 0.997381818181818 0.000290909090909091 4.84848484848485e-05 4.84848484848485e-05 0.000290909090909091 4.84848484848485e-05 0.000290909090909091 4.84848484848485e-05 4.84848484848485e-05 4.84848484848485e-05 4.84848484848485e-05 4.84848484848485e-05 4.84848484848485e-05 4.84848484848485e-05 0.000290909090909091 0.000339393939393939; % P D=0.4
0.000290909090909091 0.000290909090909091 4.84848484848485e-05 4.84848484848485e-05 0.000290909090909091 0.997381818181818 4.84848484848485e-05 0.000290909090909091 4.84848484848485e-05 0.000290909090909091 4.84848484848485e-05 4.84848484848485e-05 4.84848484848485e-05 4.84848484848485e-05 4.84848484848485e-05 4.84848484848485e-05 4.84848484848485e-05 0.000290909090909091 0.000339393939393939; % T D=0.4
0.000290909090909091 0.000290909090909091 4.84848484848485e-05 4.84848484848485e-05 0.000290909090909091 4.84848484848485e-05 4.84848484848485e-05 0.000290909090909091 4.84848484848485e-05 0.000290909090909091 4.84848484848485e-05 4.84848484848485e-05 4.84848484848485e-05 4.84848484848485e-05 4.84848484848485e-05 4.84848484848485e-05 0.997381818181818 0.000290909090909091 0.000339393939393939; % V D=0.4
0.000290909090909091 0.000290909090909091 4.84848484848485e-05 4.84848484848485e-05 0.000290909090909091 4.84848484848485e-05 4.84848484848485e-05 0.000290909090909091 4.84848484848485e-05 0.000290909090909091 4.84848484848485e-05 4.84848484848485e-05 4.84848484848485e-05 4.84848484848485e-05 4.84848484848485e-05 0.997381818181818 4.84848484848485e-05 0.000290909090909091 0.000339393939393939; % Z D=0.4
0.239078787878788 0.185745454545455 0.000290909090909091 0.000290909090909091 0.145745454545455 0.000290909090909091 0.000290909090909091 0.145745454545455 0.000290909090909091 0.00174545454545455 0.000290909090909091 0.000290909090909091 0.000290909090909091 0.000290909090909091 0.000290909090909091 0.000290909090909091 0.000290909090909091 0.152412121212121 0.126036363636364; % b D=0.4
0.252412121212121 0.00174545454545455 0.000290909090909091 0.000290909090909091 0.132412121212121 0.000290909090909091 0.000290909090909091 0.185745454545455 0.000290909090909091 0.125745454545455 0.000290909090909091 0.000290909090909091 0.000290909090909091 0.000290909090909091 0.000290909090909091 0.000290909090909091 0.000290909090909091 0.192412121212121 0.106036363636364; % d D=0.4
0.266036363636364 0.126036363636364 0.000339393939393939 0.000339393939393939 0.126036363636364 0.000339393939393939 0.000339393939393939 0.126036363636364 0.000339393939393939 0.166036363636364 0.000339393939393939 0.000339393939393939 0.000339393939393939 0.000339393939393939 0.000339393939393939 0.000339393939393939 0.000339393939393939 0.179369696969697 0.00637575757575758; % g D=0.4
0.000290909090909091 0.000290909090909091 4.84848484848485e-05 4.84848484848485e-05 0.000290909090909091 4.84848484848485e-05 0.997381818181818 0.000290909090909091 4.84848484848485e-05 0.000290909090909091 4.84848484848485e-05 4.84848484848485e-05 4.84848484848485e-05 4.84848484848485e-05 4.84848484848485e-05 4.84848484848485e-05 4.84848484848485e-05 0.000290909090909091 0.000339393939393939; % k D=0.4
0.232412121212121 0.139078787878788 0.000290909090909091 0.000290909090909091 0.112412121212121 0.000290909090909091 0.000290909090909091 0.125745454545455 0.000290909090909091 0.232412121212121 0.000290909090909091 0.000290909090909091 0.000290909090909091 0.000290909090909091 0.000290909090909091 0.000290909090909091 0.000290909090909091 0.00174545454545455 0.15270303030303; % l D=0.4
0.000290909090909091 0.000290909090909091 4.84848484848485e-05 4.84848484848485e-05 0.000290909090909091 4.84848484848485e-05 4.84848484848485e-05 0.000290909090909091 4.84848484848485e-05 0.000290909090909091 0.997381818181818 4.84848484848485e-05 4.84848484848485e-05 4.84848484848485e-05 4.84848484848485e-05 4.84848484848485e-05 4.84848484848485e-05 0.000290909090909091 0.000339393939393939; % p D=0.4
0.000290909090909091 0.000290909090909091 4.84848484848485e-05 4.84848484848485e-05 0.000290909090909091 4.84848484848485e-05 4.84848484848485e-05 0.000290909090909091 4.84848484848485e-05 0.000290909090909091 4.84848484848485e-05 4.84848484848485e-05 4.84848484848485e-05 4.84848484848485e-05 0.997381818181818 4.84848484848485e-05 4.84848484848485e-05 0.000290909090909091 0.000339393939393939; % t D=0.4
0.000290909090909091 0.000290909090909091 4.84848484848485e-05 4.84848484848485e-05 0.000290909090909091 4.84848484848485e-05 4.84848484848485e-05 0.000290909090909091 0.997381818181818 0.000290909090909091 4.84848484848485e-05 4.84848484848485e-05 4.84848484848485e-05 4.84848484848485e-05 4.84848484848485e-05 4.84848484848485e-05 4.84848484848485e-05 0.000290909090909091 0.000339393939393939; % v D=0.4
0.000290909090909091 0.000290909090909091 4.84848484848485e-05 4.84848484848485e-05 0.000290909090909091 4.84848484848485e-05 4.84848484848485e-05 0.000290909090909091 4.84848484848485e-05 0.000290909090909091 4.84848484848485e-05 4.84848484848485e-05 0.997381818181818 4.84848484848485e-05 4.84848484848485e-05 4.84848484848485e-05 4.84848484848485e-05 0.000290909090909091 0.000339393939393939; % z D=0.4
0.00145454545454545 0.14589898989899 0.000242424242424242 0.000242424242424242 0.194787878787879 0.000242424242424242 0.000242424242424242 0.172565656565657 0.000242424242424242 0.123676767676768 0.000242424242424242 0.000242424242424242 0.000242424242424242 0.000242424242424242 0.000242424242424242 0.000242424242424242 0.000242424242424242 0.132565656565657 0.226141414141414; % $ D=0.5
0.000363636363636364 0.000363636363636364 6.06060606060606e-05 6.06060606060606e-05 0.000363636363636364 6.06060606060606e-05 6.06060606060606e-05 0.000363636363636364 6.06060606060606e-05 0.000363636363636364 6.06060606060606e-05 0.996727272727273 6.06060606060606e-05 6.06060606060606e-05 6.06060606060606e-05 6.06060606060606e-05 6.06060606060606e-05 0.000363636363636364 0.000424242424242424; % B D=0.5
0.245515151515152 0.145515151515152 0.000363636363636364 0.000363636363636364 0.185515151515151 0.000363636363636364 0.000363636363636364 0.00218181818181818 0.000363636363636364 0.152181818181818 0.000363636363636364 0.000363636363636364 0.000363636363636364 0.000363636363636364 0.000363636363636364 0.000363636363636364 0.000363636363636364 0.125515151515152 0.139212121212121; % D D=0.5
0.258848484848485 0.178848484848485 0.000363636363636364 0.000363636363636364 0.00218181818181818 0.000363636363636364 0.000363636363636364 0.152181818181818 0.000363636363636364 0.132181818181818 0.000363636363636364 0.000363636363636364 0.000363636363636364 0.000363636363636364 0.000363636363636364 0.000363636363636364 0.000363636363636364 0.145515151515152 0.125878787878788; % G D=0.5
0.000363636363636364 0.000363636363636364 6.06060606060606e-05 6.06060606060606e-05 0.000363636363636364 6.06060606060606e-05 6.06060606060606e-05 0.000363636363636364 6.06060606060606e-05 0.000363636363636364 6.06060606060606e-05 6.06060606060606e-05 6.06060606060606e-05 0.996727272727273 6.06060606060606e-05 6.06060606060606e-05 6.06060606060606e-05 0.000363636363636364 0.000424242424242424; % K D=0.5
0.000363636363636364 0.000363636363636364 0.996727272727273 6.06060606060606e-05 0.000363636363636364 6.06060606060606e-05 6.06060606060606e-05 0.000363636363636364 6.06060606060606e-05 0.000363636363636364 6.06060606060606e-05 6.06060606060606e-05 6.06060606060606e-05 6.06060606060606e-05 6.06060606060606e-05 6.06060606060606e-05 6.06060606060606e-05 0.000363636363636364 0.000424242424242424; % L D=0.5
0.000363636363636364 0.000363636363636364 6.06060606060606e-05 0.996727272727273 0.000363636363636364 6.06060606060606e-05 6.06060606060606e-05 0.000363636363636364 6.06060606060606e-05 0.000363636363636364 6.06060606060606e-05 6.06060606060606e-05 6.06060606060606e-05 6.06060606060606e-05 6.06060606060606e-05 6.06060606060606e-05 6.06060606060606e-05 0.000363636363636364 0.000424242424242424; % P D=0.5
0.000363636363636364 0.000363636363636364 6.06060606060606e-05 6.06060606060606e-05 0.000363636363636364 0.996727272727273 6.06060606060606e-05 0.000363636363636364 6.06060606060606e-05 0.000363636363636364 6.06060606060606e-05 6.06060606060606e-05 6.06060606060606e-05 6.06060606060606e-05 6.06060606060606e-05 6.06060606060606e-05 6.06060606060606e-05 0.000363636363636364 0.000424242424242424; % T D=0.5
0.000363636363636364 0.000363636363636364 6.06060606060606e-05 6.06060606060606e-05 0.000363636363636364 6.06060606060606e-05 6.06060606060606e-05 0.000363636363636364 6.06060606060606e-05 0.000363636363636364 6.06060606060606e-05 6.06060606060606e-05 6.06060606060606e-05 6.06060606060606e-05 6.06060606060606e-05 6.06060606060606e-05 0.996727272727273 0.000363636363636364 0.000424242424242424; % V D=0.5
0.000363636363636364 0.000363636363636364 6.06060606060606e-05 6.06060606060606e-05 0.000363636363636364 6.06060606060606e-05 6.06060606060606e-05 0.000363636363636364 6.06060606060606e-05 0.000363636363636364 6.06060606060606e-05 6.06060606060606e-05 6.06060606060606e-05 6.06060606060606e-05 6.06060606060606e-05 0.996727272727273 6.06060606060606e-05 0.000363636363636364 0.000424242424242424; % Z D=0.5
0.238848484848485 0.185515151515151 0.000363636363636364 0.000363636363636364 0.145515151515152 0.000363636363636364 0.000363636363636364 0.145515151515152 0.000363636363636364 0.00218181818181818 0.000363636363636364 0.000363636363636364 0.000363636363636364 0.000363636363636364 0.000363636363636364 0.000363636363636364 0.000363636363636364 0.152181818181818 0.125878787878788; % b D=0.5
0.252181818181818 0.00218181818181818 0.000363636363636364 0.000363636363636364 0.132181818181818 0.000363636363636364 0.000363636363636364 0.185515151515151 0.000363636363636364 0.125515151515152 0.000363636363636364 0.000363636363636364 0.000363636363636364 0.000363636363636364 0.000363636363636364 0.000363636363636364 0.000363636363636364 0.192181818181818 0.105878787878788; % d D=0.5
0.265878787878788 0.125878787878788 0.000424242424242424 0.000424242424242424 0.125878787878788 0.000424242424242424 0.000424242424242424 0.125878787878788 0.000424242424242424 0.165878787878788 0.000424242424242424 0.000424242424242424 0.000424242424242424 0.000424242424242424 0.000424242424242424 0.000424242424242424 0.000424242424242424 0.179212121212121 0.0063030303030303; % g D=0.5
0.000363636363636364 0.000363636363636364 6.06060606060606e-05 6.06060606060606e-05 0.000363636363636364 6.06060606060606e-05 0.996727272727273 0.000363636363636364 6.06060606060606e-05 0.000363636363636364 6.06060606060606e-05 6.06060606060606e-05 6.06060606060606e-05 6.06060606060606e-05 6.06060606060606e-05 6.06060606060606e-05 6.06060606060606e-05 0.000363636363636364 0.000424242424242424; % k D=0.5
0.232181818181818 0.138848484848485 0.000363636363636364 0.000363636363636364 0.112181818181818 0.000363636363636364 0.000363636363636364 0.125515151515152 0.000363636363636364 0.232181818181818 0.000363636363636364 0.000363636363636364 0.000363636363636364 0.000363636363636364 0.000363636363636364 0.000363636363636364 0.000363636363636364 0.00218181818181818 0.152545454545455; % l D=0.5
0.000363636363636364 0.000363636363636364 6.06060606060606e-05 6.06060606060606e-05 0.000363636363636364 6.06060606060606e-05 6.06060606060606e-05 0.000363636363636364 6.06060606060606e-05 0.000363636363636364 0.996727272727273 6.06060606060606e-05 6.06060606060606e-05 6.06060606060606e-05 6.06060606060606e-05 6.06060606060606e-05 6.06060606060606e-05 0.000363636363636364 0.000424242424242424; % p D=0.5
0.000363636363636364 0.000363636363636364 6.06060606060606e-05 6.06060606060606e-05 0.000363636363636364 6.06060606060606e-05 6.06060606060606e-05 0.000363636363636364 6.06060606060606e-05 0.000363636363636364 6.06060606060606e-05 6.06060606060606e-05 6.06060606060606e-05 6.06060606060606e-05 0.996727272727273 6.06060606060606e-05 6.06060606060606e-05 0.000363636363636364 0.000424242424242424; % t D=0.5
0.000363636363636364 0.000363636363636364 6.06060606060606e-05 6.06060606060606e-05 0.000363636363636364 6.06060606060606e-05 6.06060606060606e-05 0.000363636363636364 0.996727272727273 0.000363636363636364 6.06060606060606e-05 6.06060606060606e-05 6.06060606060606e-05 6.06060606060606e-05 6.06060606060606e-05 6.06060606060606e-05 6.06060606060606e-05 0.000363636363636364 0.000424242424242424; % v D=0.5
0.000363636363636364 0.000363636363636364 6.06060606060606e-05 6.06060606060606e-05 0.000363636363636364 6.06060606060606e-05 6.06060606060606e-05 0.000363636363636364 6.06060606060606e-05 0.000363636363636364 6.06060606060606e-05 6.06060606060606e-05 0.996727272727273 6.06060606060606e-05 6.06060606060606e-05 6.06060606060606e-05 6.06060606060606e-05 0.000363636363636364 0.000424242424242424; % z D=0.5
0.00174545454545455 0.145745454545455 0.000290909090909091 0.000290909090909091 0.194634343434343 0.000290909090909091 0.000290909090909091 0.172412121212121 0.000290909090909091 0.123523232323232 0.000290909090909091 0.000290909090909091 0.000290909090909091 0.000290909090909091 0.000290909090909091 0.000290909090909091 0.000290909090909091 0.132412121212121 0.226036363636364; % $ D=0.6
0.000436363636363636 0.000436363636363636 7.27272727272727e-05 7.27272727272727e-05 0.000436363636363636 7.27272727272727e-05 7.27272727272727e-05 0.000436363636363636 7.27272727272727e-05 0.000436363636363636 7.27272727272727e-05 0.996072727272727 7.27272727272727e-05 7.27272727272727e-05 7.27272727272727e-05 7.27272727272727e-05 7.27272727272727e-05 0.000436363636363636 0.000509090909090909; % B D=0.6
0.245284848484848 0.145284848484848 0.000436363636363636 0.000436363636363636 0.185284848484848 0.000436363636363636 0.000436363636363636 0.00261818181818182 0.000436363636363636 0.151951515151515 0.000436363636363636 0.000436363636363636 0.000436363636363636 0.000436363636363636 0.000436363636363636 0.000436363636363636 0.000436363636363636 0.125284848484848 0.139054545454545; % D D=0.6
0.258618181818182 0.178618181818182 0.000436363636363636 0.000436363636363636 0.00261818181818182 0.000436363636363636 0.000436363636363636 0.151951515151515 0.000436363636363636 0.131951515151515 0.000436363636363636 0.000436363636363636 0.000436363636363636 0.000436363636363636 0.000436363636363636 0.000436363636363636 0.000436363636363636 0.145284848484848 0.125721212121212; % G D=0.6
