syllables = '$BDGKLPTVZbdgklptvz';
discounts = [0.1 0.2 0.3 0.4 0.5 0.6 0.7 0.8 0.9 0.95];
kn_probs = [0.00568181818181818 0.00113636363636364 0.00113636363636364 0.0806818181818182 0.00113636363636364 0.00113636363636364 0.329545454545455 0.00113636363636364 0.0795454545454545 0.0806818181818182 0.164015151515152 0.00113636363636364 0.00113636363636364 0.00113636363636364 0.00113636363636364 0.246212121212121 0.00113636363636364 0.00113636363636364 0.00113636363636364; % $ D=0.1
0.368181818181818 0.00113636363636364 0.00113636363636364 0.243181818181818 0.00113636363636364 0.00113636363636364 0.00454545454545455 0.00113636363636364 0.00454545454545455 0.118181818181818 0.00568181818181818 0.00113636363636364 0.00113636363636364 0.00113636363636364 0.00113636363636364 0.242045454545455 0.00113636363636364 0.00113636363636364 0.00113636363636364; % B D=0.1
0.00142045454545455 0.000284090909090909 0.000284090909090909 0.00142045454545455 0.000284090909090909 0.000284090909090909 0.00113636363636364 0.000284090909090909 0.00113636363636364 0.00142045454545455 0.00142045454545455 0.000284090909090909 0.000284090909090909 0.000284090909090909 0.000284090909090909 0.00113636363636364 0.000284090909090909 0.000284090909090909 0.987784090909091; % D D=0.1
0.00142045454545455 0.000284090909090909 0.000284090909090909 0.00142045454545455 0.000284090909090909 0.000284090909090909 0.00113636363636364 0.000284090909090909 0.00113636363636364 0.00142045454545455 0.00142045454545455 0.987784090909091 0.000284090909090909 0.000284090909090909 0.000284090909090909 0.00113636363636364 0.000284090909090909 0.000284090909090909 0.000284090909090909; % G D=0.1
0.00284090909090909 0.000568181818181818 0.000568181818181818 0.00284090909090909 0.000568181818181818 0.000568181818181818 0.00227272727272727 0.000568181818181818 0.489772727272727 0.490340909090909 0.00284090909090909 0.000568181818181818 0.000568181818181818 0.000568181818181818 0.000568181818181818 0.00227272727272727 0.000568181818181818 0.000568181818181818 0.000568181818181818; % K D=0.1
0.246022727272727 0.00170454545454545 0.00170454545454545 0.00852272727272727 0.00170454545454545 0.00170454545454545 0.119318181818182 0.00170454545454545 0.244318181818182 0.121022727272727 0.121022727272727 0.00170454545454545 0.00170454545454545 0.00170454545454545 0.00170454545454545 0.119318181818182 0.00170454545454545 0.00170454545454545 0.00170454545454545; % L D=0.1
0.00142045454545455 0.000284090909090909 0.987784090909091 0.00142045454545455 0.000284090909090909 0.000284090909090909 0.00113636363636364 0.000284090909090909 0.00113636363636364 0.00142045454545455 0.00142045454545455 0.000284090909090909 0.000284090909090909 0.000284090909090909 0.000284090909090909 0.00113636363636364 0.000284090909090909 0.000284090909090909 0.000284090909090909; % P D=0.1
0.494602272727273 0.00142045454545455 0.00142045454545455 0.119602272727273 0.00142045454545455 0.00142045454545455 0.118181818181818 0.00142045454545455 0.118181818181818 0.00710227272727273 0.119602272727273 0.00142045454545455 0.00142045454545455 0.00142045454545455 0.00142045454545455 0.00568181818181818 0.00142045454545455 0.00142045454545455 0.00142045454545455; % T D=0.1
0.00142045454545455 0.000284090909090909 0.000284090909090909 0.00142045454545455 0.000284090909090909 0.000284090909090909 0.00113636363636364 0.000284090909090909 0.00113636363636364 0.00142045454545455 0.00142045454545455 0.000284090909090909 0.987784090909091 0.000284090909090909 0.000284090909090909 0.00113636363636364 0.000284090909090909 0.000284090909090909 0.000284090909090909; % V D=0.1
0.00142045454545455 0.000284090909090909 0.000284090909090909 0.00142045454545455 0.000284090909090909 0.000284090909090909 0.00113636363636364 0.000284090909090909 0.00113636363636364 0.00142045454545455 0.00142045454545455 0.000284090909090909 0.000284090909090909 0.987784090909091 0.000284090909090909 0.00113636363636364 0.000284090909090909 0.000284090909090909 0.000284090909090909; % Z D=0.1
0.00142045454545455 0.000284090909090909 0.000284090909090909 0.00142045454545455 0.987784090909091 0.000284090909090909 0.00113636363636364 0.000284090909090909 0.00113636363636364 0.00142045454545455 0.00142045454545455 0.000284090909090909 0.000284090909090909 0.000284090909090909 0.000284090909090909 0.00113636363636364 0.000284090909090909 0.000284090909090909 0.000284090909090909; % b D=0.1
0.00142045454545455 0.000284090909090909 0.000284090909090909 0.00142045454545455 0.000284090909090909 0.987784090909091 0.00113636363636364 0.000284090909090909 0.00113636363636364 0.00142045454545455 0.00142045454545455 0.000284090909090909 0.000284090909090909 0.000284090909090909 0.000284090909090909 0.00113636363636364 0.000284090909090909 0.000284090909090909 0.000284090909090909; % d D=0.1
0.121022727272727 0.00170454545454545 0.00170454545454545 0.121022727272727 0.00170454545454545 0.00170454545454545 0.244318181818182 0.00170454545454545 0.00681818181818182 0.121022727272727 0.121022727272727 0.00170454545454545 0.00170454545454545 0.00170454545454545 0.00170454545454545 0.244318181818182 0.00170454545454545 0.00170454545454545 0.00170454545454545; % g D=0.1
0.00142045454545455 0.000284090909090909 0.000284090909090909 0.00142045454545455 0.000284090909090909 0.000284090909090909 0.00113636363636364 0.987784090909091 0.00113636363636364 0.00142045454545455 0.00142045454545455 0.000284090909090909 0.000284090909090909 0.000284090909090909 0.000284090909090909 0.00113636363636364 0.000284090909090909 0.000284090909090909 0.000284090909090909; % k D=0.1
0.241761363636364 0.000852272727272727 0.000852272727272727 0.366761363636364 0.000852272727272727 0.000852272727272727 0.00340909090909091 0.000852272727272727 0.00340909090909091 0.00426136363636364 0.366761363636364 0.000852272727272727 0.000852272727272727 0.000852272727272727 0.000852272727272727 0.00340909090909091 0.000852272727272727 0.000852272727272727 0.000852272727272727; % l D=0.1
0.00142045454545455 0.000284090909090909 0.000284090909090909 0.00142045454545455 0.000284090909090909 0.000284090909090909 0.00113636363636364 0.000284090909090909 0.00113636363636364 0.00142045454545455 0.00142045454545455 0.000284090909090909 0.000284090909090909 0.000284090909090909 0.000284090909090909 0.00113636363636364 0.987784090909091 0.000284090909090909 0.000284090909090909; % p D=0.1
0.00142045454545455 0.000284090909090909 0.000284090909090909 0.00142045454545455 0.000284090909090909 0.000284090909090909 0.00113636363636364 0.000284090909090909 0.00113636363636364 0.00142045454545455 0.00142045454545455 0.000284090909090909 0.000284090909090909 0.000284090909090909 0.000284090909090909 0.00113636363636364 0.000284090909090909 0.987784090909091 0.000284090909090909; % t D=0.1
0.00142045454545455 0.000284090909090909 0.000284090909090909 0.00142045454545455 0.000284090909090909 0.000284090909090909 0.00113636363636364 0.000284090909090909 0.00113636363636364 0.00142045454545455 0.00142045454545455 0.000284090909090909 0.000284090909090909 0.000284090909090909 0.987784090909091 0.00113636363636364 0.000284090909090909 0.000284090909090909 0.000284090909090909; % v D=0.1
0.00142045454545455 0.987784090909091 0.000284090909090909 0.00142045454545455 0.000284090909090909 0.000284090909090909 0.00113636363636364 0.000284090909090909 0.00113636363636364 0.00142045454545455 0.00142045454545455 0.000284090909090909 0.000284090909090909 0.000284090909090909 0.000284090909090909 0.00113636363636364 0.000284090909090909 0.000284090909090909 0.000284090909090909; % z D=0.1
0.0113636363636364 0.00227272727272727 0.00227272727272727 0.078030303030303 0.00227272727272727 0.00227272727272727 0.325757575757576 0.00227272727272727 0.0757575757575758 0.078030303030303 0.161363636363636 0.00227272727272727 0.00227272727272727 0.00227272727272727 0.00227272727272727 0.242424242424242 0.00227272727272727 0.00227272727272727 0.00227272727272727; % $ D=0.2
