syllables = '$BDGKLPTVZbdgklptvz';
discounts = [0.1 0.2 0.3 0.4 0.5 0.6 0.7 0.8 0.9 0.95];
kn_probs = [0.00452898550724638 0.0795289855072464 0.000905797101449275 0.16195652173913 0.000905797101449275 0.328623188405797 0.246195652173913 0.000905797101449275 0.000905797101449275 0.000905797101449275 0.163768115942029 0.000905797101449275 0.000905797101449275 0.000905797101449275 0.000905797101449275 0.000905797101449275 0.000905797101449275 0.000905797101449275 0.00452898550724638; % $ D=0.1
0.00135869565217391 0.00135869565217391 0.000271739130434783 0.00108695652173913 0.000271739130434783 0.00108695652173913 0.00135869565217391 0.987771739130435 0.000271739130434783 0.000271739130434783 0.0016304347826087 0.000271739130434783 0.000271739130434783 0.000271739130434783 0.000271739130434783 0.000271739130434783 0.000271739130434783 0.000271739130434783 0.00135869565217391; % B D=0.1
0.00135869565217391 0.00135869565217391 0.000271739130434783 0.00108695652173913 0.000271739130434783 0.00108695652173913 0.00135869565217391 0.000271739130434783 0.000271739130434783 0.000271739130434783 0.0016304347826087 0.987771739130435 0.000271739130434783 0.000271739130434783 0.000271739130434783 0.000271739130434783 0.000271739130434783 0.000271739130434783 0.00135869565217391; % D D=0.1
0.00135869565217391 0.00135869565217391 0.000271739130434783 0.00108695652173913 0.000271739130434783 0.00108695652173913 0.00135869565217391 0.000271739130434783 0.000271739130434783 0.000271739130434783 0.0016304347826087 0.000271739130434783 0.000271739130434783 0.987771739130435 0.000271739130434783 0.000271739130434783 0.000271739130434783 0.000271739130434783 0.00135869565217391; % G D=0.1
0.00135869565217391 0.00135869565217391 0.000271739130434783 0.00108695652173913 0.000271739130434783 0.00108695652173913 0.00135869565217391 0.000271739130434783 0.000271739130434783 0.000271739130434783 0.0016304347826087 0.000271739130434783 0.000271739130434783 0.000271739130434783 0.987771739130435 0.000271739130434783 0.000271739130434783 0.000271739130434783 0.00135869565217391; % K D=0.1
0.00135869565217391 0.00135869565217391 0.000271739130434783 0.00108695652173913 0.000271739130434783 0.00108695652173913 0.00135869565217391 0.000271739130434783 0.000271739130434783 0.000271739130434783 0.0016304347826087 0.000271739130434783 0.000271739130434783 0.000271739130434783 0.000271739130434783 0.987771739130435 0.000271739130434783 0.000271739130434783 0.00135869565217391; % L D=0.1
0.00135869565217391 0.00135869565217391 0.000271739130434783 0.00108695652173913 0.000271739130434783 0.00108695652173913 0.00135869565217391 0.000271739130434783 0.000271739130434783 0.000271739130434783 0.0016304347826087 0.000271739130434783 0.000271739130434783 0.000271739130434783 0.000271739130434783 0.000271739130434783 0.000271739130434783 0.987771739130435 0.00135869565217391; % P D=0.1
0.00543478260869565 0.00543478260869565 0.00108695652173913 0.366847826086956 0.00108695652173913 0.00434782608695652 0.117934782608696 0.00108695652173913 0.00108695652173913 0.00108695652173913 0.119021739130435 0.00108695652173913 0.00108695652173913 0.00108695652173913 0.00108695652173913 0.00108695652173913 0.00108695652173913 0.00108695652173913 0.367934782608696; % T D=0.1
0.36929347826087 0.11929347826087 0.00135869565217391 0.00543478260869565 0.00135869565217391 0.242934782608696 0.11929347826087 0.00135869565217391 0.00135869565217391 0.00135869565217391 0.120652173913043 0.00135869565217391 0.00135869565217391 0.00135869565217391 0.00135869565217391 0.00135869565217391 0.00135869565217391 0.00135869565217391 0.00679347826086957; % V D=0.1
0.00135869565217391 0.00135869565217391 0.000271739130434783 0.00108695652173913 0.000271739130434783 0.00108695652173913 0.00135869565217391 0.000271739130434783 0.987771739130435 0.000271739130434783 0.0016304347826087 0.000271739130434783 0.000271739130434783 0.000271739130434783 0.000271739130434783 0.000271739130434783 0.000271739130434783 0.000271739130434783 0.00135869565217391; % Z D=0.1
0.00135869565217391 0.00135869565217391 0.000271739130434783 0.00108695652173913 0.000271739130434783 0.00108695652173913 0.00135869565217391 0.000271739130434783 0.000271739130434783 0.000271739130434783 0.0016304347826087 0.000271739130434783 0.987771739130435 0.000271739130434783 0.000271739130434783 0.000271739130434783 0.000271739130434783 0.000271739130434783 0.00135869565217391; % b D=0.1
0.492934782608696 0.00543478260869565 0.00108695652173913 0.241847826086957 0.00108695652173913 0.116847826086957 0.00543478260869565 0.00108695652173913 0.00108695652173913 0.00108695652173913 0.00652173913043478 0.00108695652173913 0.00108695652173913 0.00108695652173913 0.00108695652173913 0.00108695652173913 0.00108695652173913 0.00108695652173913 0.117934782608696; % d D=0.1
0.00135869565217391 0.00135869565217391 0.987771739130435 0.00108695652173913 0.000271739130434783 0.00108695652173913 0.00135869565217391 0.000271739130434783 0.000271739130434783 0.000271739130434783 0.0016304347826087 0.000271739130434783 0.000271739130434783 0.000271739130434783 0.000271739130434783 0.000271739130434783 0.000271739130434783 0.000271739130434783 0.00135869565217391; % g D=0.1
0.00135869565217391 0.00135869565217391 0.000271739130434783 0.00108695652173913 0.000271739130434783 0.00108695652173913 0.00135869565217391 0.000271739130434783 0.000271739130434783 0.000271739130434783 0.0016304347826087 0.000271739130434783 0.000271739130434783 0.000271739130434783 0.000271739130434783 0.000271739130434783 0.987771739130435 0.000271739130434783 0.00135869565217391; % k D=0.1
0.120652173913043 0.245652173913043 0.0016304347826087 0.119021739130435 0.0016304347826087 0.00652173913043478 0.245652173913043 0.0016304347826087 0.0016304347826087 0.0016304347826087 0.122282608695652 0.0016304347826087 0.0016304347826087 0.0016304347826087 0.0016304347826087 0.0016304347826087 0.0016304347826087 0.0016304347826087 0.120652173913043; % l D=0.1
0.00135869565217391 0.00135869565217391 0.000271739130434783 0.00108695652173913 0.987771739130435 0.00108695652173913 0.00135869565217391 0.000271739130434783 0.000271739130434783 0.000271739130434783 0.0016304347826087 0.000271739130434783 0.000271739130434783 0.000271739130434783 0.000271739130434783 0.000271739130434783 0.000271739130434783 0.000271739130434783 0.00135869565217391; % p D=0.1
0.245652173913043 0.120652173913043 0.0016304347826087 0.00652173913043478 0.0016304347826087 0.119021739130435 0.120652173913043 0.0016304347826087 0.0016304347826087 0.0016304347826087 0.122282608695652 0.0016304347826087 0.0016304347826087 0.0016304347826087 0.0016304347826087 0.0016304347826087 0.0016304347826087 0.0016304347826087 0.245652173913043; % t D=0.1
0.242934782608696 0.367934782608696 0.00108695652173913 0.00434782608695652 0.00108695652173913 0.00434782608695652 0.00543478260869565 0.00108695652173913 0.00108695652173913 0.00108695652173913 0.244021739130435 0.00108695652173913 0.00108695652173913 0.00108695652173913 0.00108695652173913 0.00108695652173913 0.00108695652173913 0.00108695652173913 0.117934782608696; % v D=0.1
0.00135869565217391 0.00135869565217391 0.000271739130434783 0.00108695652173913 0.000271739130434783 0.00108695652173913 0.00135869565217391 0.000271739130434783 0.000271739130434783 0.987771739130435 0.0016304347826087 0.000271739130434783 0.000271739130434783 0.000271739130434783 0.000271739130434783 0.000271739130434783 0.000271739130434783 0.000271739130434783 0.00135869565217391; % z D=0.1
0.00905797101449275 0.0757246376811594 0.00181159420289855 0.157246376811594 0.00181159420289855 0.323913043478261 0.242391304347826 0.00181159420289855 0.00181159420289855 0.00181159420289855 0.160869565217391 0.00181159420289855 0.00181159420289855 0.00181159420289855 0.00181159420289855 0.00181159420289855 0.00181159420289855 0.00181159420289855 0.00905797101449275; % $ D=0.2
