syllables = '$BDGKLPTVZbdgklptvz';
discounts = [0.1 0.2 0.3 0.4 0.5 0.6 0.7 0.8 0.9 0.95];
kn_probs = [0.000218181818181818 3.63636363636364e-05 3.63636363636364e-05 0.139921212121212 0.136551515151515 0.199884848484848 3.63636363636364e-05 3.63636363636364e-05 3.63636363636364e-05 3.63636363636364e-05 3.63636363636364e-05 0.176551515151515 3.63636363636364e-05 0.166551515151515 3.63636363636364e-05 3.63636363636364e-05 0.179884848484848 3.63636363636364e-05 3.63636363636364e-05; % $ D=0.1
5.45454545454546e-05 9.09090909090909e-06 9.09090909090909e-06 6.36363636363636e-05 5.45454545454546e-05 5.45454545454546e-05 9.09090909090909e-06 9.09090909090909e-06 9.09090909090909e-06 9.09090909090909e-06 9.09090909090909e-06 5.45454545454546e-05 9.09090909090909e-06 5.45454545454546e-05 9.09090909090909e-06 9.09090909090909e-06 5.45454545454546e-05 0.999509090909091 9.09090909090909e-06; % B D=0.1
0.259827272727273 5.45454545454546e-05 5.45454545454546e-05 0.174881818181818 0.000327272727272727 0.109827272727273 5.45454545454546e-05 5.45454545454546e-05 5.45454545454546e-05 5.45454545454546e-05 5.45454545454546e-05 0.149827272727273 5.45454545454546e-05 0.139827272727273 5.45454545454546e-05 5.45454545454546e-05 0.164827272727273 5.45454545454546e-05 5.45454545454546e-05; % D D=0.1
5.45454545454546e-05 9.09090909090909e-06 9.09090909090909e-06 6.36363636363636e-05 5.45454545454546e-05 5.45454545454546e-05 9.09090909090909e-06 9.09090909090909e-06 9.09090909090909e-06 9.09090909090909e-06 9.09090909090909e-06 5.45454545454546e-05 9.09090909090909e-06 5.45454545454546e-05 9.09090909090909e-06 9.09090909090909e-06 5.45454545454546e-05 9.09090909090909e-06 0.999509090909091; % G D=0.1
5.45454545454546e-05 9.09090909090909e-06 0.999509090909091 6.36363636363636e-05 5.45454545454546e-05 5.45454545454546e-05 9.09090909090909e-06 9.09090909090909e-06 9.09090909090909e-06 9.09090909090909e-06 9.09090909090909e-06 5.45454545454546e-05 9.09090909090909e-06 5.45454545454546e-05 9.09090909090909e-06 9.09090909090909e-06 5.45454545454546e-05 9.09090909090909e-06 9.09090909090909e-06; % K D=0.1
5.45454545454546e-05 9.09090909090909e-06 9.09090909090909e-06 6.36363636363636e-05 5.45454545454546e-05 5.45454545454546e-05 9.09090909090909e-06 9.09090909090909e-06 9.09090909090909e-06 9.09090909090909e-06 9.09090909090909e-06 5.45454545454546e-05 0.999509090909091 5.45454545454546e-05 9.09090909090909e-06 9.09090909090909e-06 5.45454545454546e-05 9.09090909090909e-06 9.09090909090909e-06; % L D=0.1
5.45454545454546e-05 9.09090909090909e-06 9.09090909090909e-06 6.36363636363636e-05 5.45454545454546e-05 5.45454545454546e-05 9.09090909090909e-06 0.999509090909091 9.09090909090909e-06 9.09090909090909e-06 9.09090909090909e-06 5.45454545454546e-05 9.09090909090909e-06 5.45454545454546e-05 9.09090909090909e-06 9.09090909090909e-06 5.45454545454546e-05 9.09090909090909e-06 9.09090909090909e-06; % P D=0.1
0.239827272727273 5.45454545454546e-05 5.45454545454546e-05 0.164881818181818 0.159827272727273 0.139827272727273 5.45454545454546e-05 5.45454545454546e-05 5.45454545454546e-05 5.45454545454546e-05 5.45454545454546e-05 0.144827272727273 5.45454545454546e-05 0.000327272727272727 5.45454545454546e-05 5.45454545454546e-05 0.149827272727273 5.45454545454546e-05 5.45454545454546e-05; % T D=0.1
0.234827272727273 5.45454545454546e-05 5.45454545454546e-05 0.129881818181818 0.164827272727273 0.169827272727273 5.45454545454546e-05 5.45454545454546e-05 5.45454545454546e-05 5.45454545454546e-05 5.45454545454546e-05 0.000327272727272727 5.45454545454546e-05 0.159827272727273 5.45454545454546e-05 5.45454545454546e-05 0.139827272727273 5.45454545454546e-05 5.45454545454546e-05; % V D=0.1
0.294881818181818 6.36363636363636e-05 6.36363636363636e-05 0.00494545454545455 0.149881818181818 0.149881818181818 6.36363636363636e-05 6.36363636363636e-05 6.36363636363636e-05 6.36363636363636e-05 6.36363636363636e-05 0.119881818181818 6.36363636363636e-05 0.124881818181818 6.36363636363636e-05 6.36363636363636e-05 0.154881818181818 6.36363636363636e-05 6.36363636363636e-05; % Z D=0.1
0.249827272727273 5.45454545454546e-05 5.45454545454546e-05 0.149881818181818 0.179827272727273 0.129827272727273 5.45454545454546e-05 5.45454545454546e-05 5.45454545454546e-05 5.45454545454546e-05 5.45454545454546e-05 0.129827272727273 5.45454545454546e-05 0.159827272727273 5.45454545454546e-05 5.45454545454546e-05 0.000327272727272727 5.45454545454546e-05 5.45454545454546e-05; % b D=0.1
5.45454545454546e-05 0.999509090909091 9.09090909090909e-06 6.36363636363636e-05 5.45454545454546e-05 5.45454545454546e-05 9.09090909090909e-06 9.09090909090909e-06 9.09090909090909e-06 9.09090909090909e-06 9.09090909090909e-06 5.45454545454546e-05 9.09090909090909e-06 5.45454545454546e-05 9.09090909090909e-06 9.09090909090909e-06 5.45454545454546e-05 9.09090909090909e-06 9.09090909090909e-06; % d D=0.1
5.45454545454546e-05 9.09090909090909e-06 9.09090909090909e-06 6.36363636363636e-05 5.45454545454546e-05 5.45454545454546e-05 9.09090909090909e-06 9.09090909090909e-06 9.09090909090909e-06 9.09090909090909e-06 9.09090909090909e-06 5.45454545454546e-05 9.09090909090909e-06 5.45454545454546e-05 9.09090909090909e-06 0.999509090909091 5.45454545454546e-05 9.09090909090909e-06 9.09090909090909e-06; % g D=0.1
5.45454545454546e-05 9.09090909090909e-06 9.09090909090909e-06 6.36363636363636e-05 5.45454545454546e-05 5.45454545454546e-05 9.09090909090909e-06 9.09090909090909e-06 9.09090909090909e-06 9.09090909090909e-06 9.09090909090909e-06 5.45454545454546e-05 9.09090909090909e-06 5.45454545454546e-05 0.999509090909091 9.09090909090909e-06 5.45454545454546e-05 9.09090909090909e-06 9.09090909090909e-06; % k D=0.1
5.45454545454546e-05 9.09090909090909e-06 9.09090909090909e-06 6.36363636363636e-05 5.45454545454546e-05 5.45454545454546e-05 0.999509090909091 9.09090909090909e-06 9.09090909090909e-06 9.09090909090909e-06 9.09090909090909e-06 5.45454545454546e-05 9.09090909090909e-06 5.45454545454546e-05 9.09090909090909e-06 9.09090909090909e-06 5.45454545454546e-05 9.09090909090909e-06 9.09090909090909e-06; % l D=0.1
0.219827272727273 5.45454545454546e-05 5.45454545454546e-05 0.164881818181818 0.139827272727273 0.000327272727272727 5.45454545454546e-05 5.45454545454546e-05 5.45454545454546e-05 5.45454545454546e-05 5.45454545454546e-05 0.189827272727273 5.45454545454546e-05 0.164827272727273 5.45454545454546e-05 5.45454545454546e-05 0.119827272727273 5.45454545454546e-05 5.45454545454546e-05; % p D=0.1
5.45454545454546e-05 9.09090909090909e-06 9.09090909090909e-06 6.36363636363636e-05 5.45454545454546e-05 5.45454545454546e-05 9.09090909090909e-06 9.09090909090909e-06 9.09090909090909e-06 9.09090909090909e-06 0.999509090909091 5.45454545454546e-05 9.09090909090909e-06 5.45454545454546e-05 9.09090909090909e-06 9.09090909090909e-06 5.45454545454546e-05 9.09090909090909e-06 9.09090909090909e-06; % t D=0.1
5.45454545454546e-05 9.09090909090909e-06 9.09090909090909e-06 6.36363636363636e-05 5.45454545454546e-05 5.45454545454546e-05 9.09090909090909e-06 9.09090909090909e-06 0.999509090909091 9.09090909090909e-06 9.09090909090909e-06 5.45454545454546e-05 9.09090909090909e-06 5.45454545454546e-05 9.09090909090909e-06 9.09090909090909e-06 5.45454545454546e-05 9.09090909090909e-06 9.09090909090909e-06; % v D=0.1
5.45454545454546e-05 9.09090909090909e-06 9.09090909090909e-06 6.36363636363636e-05 5.45454545454546e-05 5.45454545454546e-05 9.09090909090909e-06 9.09090909090909e-06 9.09090909090909e-06 0.999509090909091 9.09090909090909e-06 5.45454545454546e-05 9.09090909090909e-06 5.45454545454546e-05 9.09090909090909e-06 9.09090909090909e-06 5.45454545454546e-05 9.09090909090909e-06 9.09090909090909e-06; % z D=0.1
