syllables = '$BDGKLPTVZbdgklptvz';
discounts = [0.1 0.2 0.3 0.4 0.5 0.6 0.7 0.8 0.9 0.95];
kn_probs = [0.00638297872340426 0.00106382978723404 0.00106382978723404 0.163652482269504 0.0803191489361702 0.00106382978723404 0.00106382978723404 0.00106382978723404 0.163652482269504 0.00106382978723404 0.246985815602837 0.00106382978723404 0.00106382978723404 0.00106382978723404 0.00106382978723404 0.00106382978723404 0.00106382978723404 0.163652482269504 0.16258865248227; % $ D=0.1
0.00159574468085106 0.000265957446808511 0.000265957446808511 0.00132978723404255 0.00132978723404255 0.000265957446808511 0.000265957446808511 0.000265957446808511 0.00132978723404255 0.000265957446808511 0.00132978723404255 0.000265957446808511 0.987765957446809 0.000265957446808511 0.000265957446808511 0.000265957446808511 0.000265957446808511 0.00132978723404255 0.00106382978723404; % B D=0.1
0.00159574468085106 0.000265957446808511 0.000265957446808511 0.00132978723404255 0.00132978723404255 0.000265957446808511 0.000265957446808511 0.000265957446808511 0.00132978723404255 0.000265957446808511 0.00132978723404255 0.000265957446808511 0.000265957446808511 0.000265957446808511 0.000265957446808511 0.987765957446809 0.000265957446808511 0.00132978723404255 0.00106382978723404; % D D=0.1
0.00159574468085106 0.000265957446808511 0.000265957446808511 0.00132978723404255 0.00132978723404255 0.000265957446808511 0.000265957446808511 0.000265957446808511 0.00132978723404255 0.000265957446808511 0.00132978723404255 0.000265957446808511 0.000265957446808511 0.000265957446808511 0.987765957446809 0.000265957446808511 0.000265957446808511 0.00132978723404255 0.00106382978723404; % G D=0.1
0.00159574468085106 0.000265957446808511 0.000265957446808511 0.00132978723404255 0.00132978723404255 0.987765957446809 0.000265957446808511 0.000265957446808511 0.00132978723404255 0.000265957446808511 0.00132978723404255 0.000265957446808511 0.000265957446808511 0.000265957446808511 0.000265957446808511 0.000265957446808511 0.000265957446808511 0.00132978723404255 0.00106382978723404; % K D=0.1
0.00159574468085106 0.000265957446808511 0.000265957446808511 0.00132978723404255 0.00132978723404255 0.000265957446808511 0.987765957446809 0.000265957446808511 0.00132978723404255 0.000265957446808511 0.00132978723404255 0.000265957446808511 0.000265957446808511 0.000265957446808511 0.000265957446808511 0.000265957446808511 0.000265957446808511 0.00132978723404255 0.00106382978723404; % L D=0.1
0.00159574468085106 0.000265957446808511 0.000265957446808511 0.00132978723404255 0.00132978723404255 0.000265957446808511 0.000265957446808511 0.000265957446808511 0.00132978723404255 0.000265957446808511 0.00132978723404255 0.987765957446809 0.000265957446808511 0.000265957446808511 0.000265957446808511 0.000265957446808511 0.000265957446808511 0.00132978723404255 0.00106382978723404; % P D=0.1
0.370478723404255 0.00132978723404255 0.00132978723404255 0.119148936170213 0.00664893617021277 0.00132978723404255 0.00132978723404255 0.00132978723404255 0.119148936170213 0.00132978723404255 0.119148936170213 0.00132978723404255 0.00132978723404255 0.00132978723404255 0.00132978723404255 0.00132978723404255 0.00132978723404255 0.244148936170213 0.00531914893617021; % T D=0.1
0.00159574468085106 0.000265957446808511 0.000265957446808511 0.00132978723404255 0.00132978723404255 0.000265957446808511 0.000265957446808511 0.000265957446808511 0.00132978723404255 0.000265957446808511 0.00132978723404255 0.000265957446808511 0.000265957446808511 0.987765957446809 0.000265957446808511 0.000265957446808511 0.000265957446808511 0.00132978723404255 0.00106382978723404; % V D=0.1
0.00159574468085106 0.000265957446808511 0.000265957446808511 0.00132978723404255 0.00132978723404255 0.000265957446808511 0.000265957446808511 0.987765957446809 0.00132978723404255 0.000265957446808511 0.00132978723404255 0.000265957446808511 0.000265957446808511 0.000265957446808511 0.000265957446808511 0.000265957446808511 0.000265957446808511 0.00132978723404255 0.00106382978723404; % Z D=0.1
0.00159574468085106 0.000265957446808511 0.000265957446808511 0.00132978723404255 0.00132978723404255 0.000265957446808511 0.000265957446808511 0.000265957446808511 0.00132978723404255 0.000265957446808511 0.00132978723404255 0.000265957446808511 0.000265957446808511 0.000265957446808511 0.000265957446808511 0.000265957446808511 0.987765957446809 0.00132978723404255 0.00106382978723404; % b D=0.1
0.243882978723404 0.00106382978723404 0.00106382978723404 0.00531914893617021 0.00531914893617021 0.00106382978723404 0.00106382978723404 0.00106382978723404 0.24281914893617 0.00106382978723404 0.00531914893617021 0.00106382978723404 0.00106382978723404 0.00106382978723404 0.00106382978723404 0.00106382978723404 0.00106382978723404 0.11781914893617 0.366755319148936; % d D=0.1
0.370478723404255 0.00132978723404255 0.00132978723404255 0.119148936170213 0.119148936170213 0.00132978723404255 0.00132978723404255 0.00132978723404255 0.119148936170213 0.00132978723404255 0.00664893617021277 0.00132978723404255 0.00132978723404255 0.00132978723404255 0.00132978723404255 0.00132978723404255 0.00132978723404255 0.244148936170213 0.00531914893617021; % g D=0.1
0.247074468085106 0.00159574468085106 0.00159574468085106 0.245478723404255 0.120478723404255 0.00159574468085106 0.00159574468085106 0.00159574468085106 0.00797872340425532 0.00159574468085106 0.120478723404255 0.00159574468085106 0.00159574468085106 0.00159574468085106 0.00159574468085106 0.00159574468085106 0.00159574468085106 0.120478723404255 0.118882978723404; % k D=0.1
0.118882978723404 0.00106382978723404 0.00106382978723404 0.00531914893617021 0.49281914893617 0.00106382978723404 0.00106382978723404 0.00106382978723404 0.00531914893617021 0.00106382978723404 0.11781914893617 0.00106382978723404 0.00106382978723404 0.00106382978723404 0.00106382978723404 0.00106382978723404 0.00106382978723404 0.00531914893617021 0.241755319148936; % l D=0.1
0.120478723404255 0.00132978723404255 0.00132978723404255 0.244148936170213 0.119148936170213 0.00132978723404255 0.00132978723404255 0.00132978723404255 0.244148936170213 0.00132978723404255 0.244148936170213 0.00132978723404255 0.00132978723404255 0.00132978723404255 0.00132978723404255 0.00132978723404255 0.00132978723404255 0.00664893617021277 0.00531914893617021; % p D=0.1
0.00159574468085106 0.987765957446809 0.000265957446808511 0.00132978723404255 0.00132978723404255 0.000265957446808511 0.000265957446808511 0.000265957446808511 0.00132978723404255 0.000265957446808511 0.00132978723404255 0.000265957446808511 0.000265957446808511 0.000265957446808511 0.000265957446808511 0.000265957446808511 0.000265957446808511 0.00132978723404255 0.00106382978723404; % t D=0.1
0.00159574468085106 0.000265957446808511 0.987765957446809 0.00132978723404255 0.00132978723404255 0.000265957446808511 0.000265957446808511 0.000265957446808511 0.00132978723404255 0.000265957446808511 0.00132978723404255 0.000265957446808511 0.000265957446808511 0.000265957446808511 0.000265957446808511 0.000265957446808511 0.000265957446808511 0.00132978723404255 0.00106382978723404; % v D=0.1
0.00159574468085106 0.000265957446808511 0.000265957446808511 0.00132978723404255 0.00132978723404255 0.000265957446808511 0.000265957446808511 0.000265957446808511 0.00132978723404255 0.987765957446809 0.00132978723404255 0.000265957446808511 0.000265957446808511 0.000265957446808511 0.000265957446808511 0.000265957446808511 0.000265957446808511 0.00132978723404255 0.00106382978723404; % z D=0.1
0.0127659574468085 0.00212765957446809 0.00212765957446809 0.16063829787234 0.0773049645390071 0.00212765957446809 0.00212765957446809 0.00212765957446809 0.16063829787234 0.00212765957446809 0.243971631205674 0.00212765957446809 0.00212765957446809 0.00212765957446809 0.00212765957446809 0.00212765957446809 0.00212765957446809 0.16063829787234 0.158510638297872; % $ D=0.2
