syllables = '$BDGKLPTVZbdgklptvz';
discounts = [0.1 0.2 0.3 0.4 0.5 0.6 0.7 0.8 0.9 0.95];
kn_probs = [0.00276923076923077 0.000461538461538462 0.000461538461538462 0.118769230769231 0.000461538461538462 0.278307692307692 0.000461538461538462 0.158307692307692 0.198769230769231 0.000461538461538462 0.000461538461538462 0.000461538461538462 0.000461538461538462 0.000461538461538462 0.000461538461538462 0.000461538461538462 0.000461538461538462 0.118769230769231 0.118769230769231; % $ D=0.1
0.000678733031674208 0.000113122171945701 0.994230769230769 0.000678733031674208 0.000113122171945701 0.000565610859728507 0.000113122171945701 0.000565610859728507 0.000678733031674208 0.000113122171945701 0.000113122171945701 0.000113122171945701 0.000113122171945701 0.000113122171945701 0.000113122171945701 0.000113122171945701 0.000113122171945701 0.000678733031674208 0.000678733031674208; % B D=0.1
0.409276018099548 0.000565610859728507 0.000565610859728507 0.00339366515837104 0.000565610859728507 0.00282805429864253 0.000565610859728507 0.29106334841629 0.0563348416289593 0.000565610859728507 0.000565610859728507 0.000565610859728507 0.000565610859728507 0.000565610859728507 0.000565610859728507 0.000565610859728507 0.000565610859728507 0.0563348416289593 0.173981900452489; % D D=0.1
0.000678733031674208 0.994230769230769 0.000113122171945701 0.000678733031674208 0.000113122171945701 0.000565610859728507 0.000113122171945701 0.000565610859728507 0.000678733031674208 0.000113122171945701 0.000113122171945701 0.000113122171945701 0.000113122171945701 0.000113122171945701 0.000113122171945701 0.000113122171945701 0.000113122171945701 0.000678733031674208 0.000678733031674208; % G D=0.1
0.000678733031674208 0.000113122171945701 0.000113122171945701 0.000678733031674208 0.000113122171945701 0.000565610859728507 0.000113122171945701 0.000565610859728507 0.000678733031674208 0.000113122171945701 0.000113122171945701 0.000113122171945701 0.000113122171945701 0.000113122171945701 0.000113122171945701 0.000113122171945701 0.994230769230769 0.000678733031674208 0.000678733031674208; % K D=0.1
0.000678733031674208 0.000113122171945701 0.000113122171945701 0.000678733031674208 0.000113122171945701 0.000565610859728507 0.000113122171945701 0.000565610859728507 0.000678733031674208 0.000113122171945701 0.000113122171945701 0.000113122171945701 0.000113122171945701 0.994230769230769 0.000113122171945701 0.000113122171945701 0.000113122171945701 0.000678733031674208 0.000678733031674208; % L D=0.1
0.123076923076923 0.000721153846153846 0.000721153846153846 0.185576923076923 0.000721153846153846 0.309855769230769 0.000721153846153846 0.122355769230769 0.00432692307692308 0.000721153846153846 0.000721153846153846 0.000721153846153846 0.000721153846153846 0.000721153846153846 0.000721153846153846 0.000721153846153846 0.000721153846153846 0.185576923076923 0.0605769230769231; % P D=0.1
0.000678733031674208 0.000113122171945701 0.000113122171945701 0.000678733031674208 0.994230769230769 0.000565610859728507 0.000113122171945701 0.000565610859728507 0.000678733031674208 0.000113122171945701 0.000113122171945701 0.000113122171945701 0.000113122171945701 0.000113122171945701 0.000113122171945701 0.000113122171945701 0.000113122171945701 0.000678733031674208 0.000678733031674208; % T D=0.1
0.000721153846153846 0.000120192307692308 0.000120192307692308 0.000721153846153846 0.000120192307692308 0.000600961538461538 0.993870192307692 0.000600961538461538 0.000721153846153846 0.000120192307692308 0.000120192307692308 0.000120192307692308 0.000120192307692308 0.000120192307692308 0.000120192307692308 0.000120192307692308 0.000120192307692308 0.000721153846153846 0.000721153846153846; % V D=0.1
0.123076923076923 0.000721153846153846 0.000721153846153846 0.310576923076923 0.000721153846153846 0.0598557692307692 0.000721153846153846 0.247355769230769 0.0605769230769231 0.000721153846153846 0.000721153846153846 0.000721153846153846 0.000721153846153846 0.000721153846153846 0.000721153846153846 0.000721153846153846 0.000721153846153846 0.00432692307692308 0.185576923076923; % Z D=0.1
0.000678733031674208 0.000113122171945701 0.000113122171945701 0.000678733031674208 0.000113122171945701 0.000565610859728507 0.000113122171945701 0.000565610859728507 0.000678733031674208 0.000113122171945701 0.000113122171945701 0.000113122171945701 0.000113122171945701 0.000113122171945701 0.994230769230769 0.000113122171945701 0.000113122171945701 0.000678733031674208 0.000678733031674208; % b D=0.1
0.409954751131222 0.000678733031674208 0.000678733031674208 0.233484162895928 0.000678733031674208 0.0563348416289593 0.000678733031674208 0.115158371040724 0.0570135746606335 0.000678733031674208 0.000678733031674208 0.000678733031674208 0.000678733031674208 0.000678733031674208 0.000678733031674208 0.000678733031674208 0.000678733031674208 0.115837104072398 0.00407239819004525; % d D=0.1
0.232805429864253 0.000565610859728507 0.000565610859728507 0.0563348416289593 0.000565610859728507 0.00282805429864253 0.000565610859728507 0.00282805429864253 0.173981900452489 0.000565610859728507 0.000565610859728507 0.000565610859728507 0.000565610859728507 0.000565610859728507 0.000565610859728507 0.000565610859728507 0.000565610859728507 0.232805429864253 0.291628959276018; % g D=0.1
0.000678733031674208 0.000113122171945701 0.000113122171945701 0.000678733031674208 0.000113122171945701 0.000565610859728507 0.000113122171945701 0.000565610859728507 0.000678733031674208 0.000113122171945701 0.000113122171945701 0.000113122171945701 0.994230769230769 0.000113122171945701 0.000113122171945701 0.000113122171945701 0.000113122171945701 0.000678733031674208 0.000678733031674208; % k D=0.1
0.000678733031674208 0.000113122171945701 0.000113122171945701 0.000678733031674208 0.000113122171945701 0.000565610859728507 0.000113122171945701 0.000565610859728507 0.000678733031674208 0.000113122171945701 0.000113122171945701 0.994230769230769 0.000113122171945701 0.000113122171945701 0.000113122171945701 0.000113122171945701 0.000113122171945701 0.000678733031674208 0.000678733031674208; % l D=0.1
0.174660633484163 0.000678733031674208 0.000678733031674208 0.0570135746606335 0.000678733031674208 0.173981900452489 0.000678733031674208 0.00339366515837104 0.292307692307692 0.000678733031674208 0.000678733031674208 0.000678733031674208 0.000678733031674208 0.000678733031674208 0.000678733031674208 0.000678733031674208 0.000678733031674208 0.174660633484163 0.115837104072398; % p D=0.1
0.000678733031674208 0.000113122171945701 0.000113122171945701 0.000678733031674208 0.000113122171945701 0.000565610859728507 0.000113122171945701 0.000565610859728507 0.000678733031674208 0.000113122171945701 0.000113122171945701 0.000113122171945701 0.000113122171945701 0.000113122171945701 0.000113122171945701 0.994230769230769 0.000113122171945701 0.000678733031674208 0.000678733031674208; % t D=0.1
0.000721153846153846 0.000120192307692308 0.000120192307692308 0.000721153846153846 0.000120192307692308 0.000600961538461538 0.000120192307692308 0.000600961538461538 0.000721153846153846 0.993870192307692 0.000120192307692308 0.000120192307692308 0.000120192307692308 0.000120192307692308 0.000120192307692308 0.000120192307692308 0.000120192307692308 0.000721153846153846 0.000721153846153846; % v D=0.1
0.000678733031674208 0.000113122171945701 0.000113122171945701 0.000678733031674208 0.000113122171945701 0.000565610859728507 0.000113122171945701 0.000565610859728507 0.000678733031674208 0.000113122171945701 0.994230769230769 0.000113122171945701 0.000113122171945701 0.000113122171945701 0.000113122171945701 0.000113122171945701 0.000113122171945701 0.000678733031674208 0.000678733031674208; % z D=0.1
