syllables = '$BDGKLPTVZbdgklptvz';
discounts = [0.1 0.2 0.3 0.4 0.5 0.6 0.7 0.8 0.9 0.95];
kn_probs = [0.00465116279069768 0.328875968992248 0.000775193798449612 0.000775193798449612 0.000775193798449612 0.000775193798449612 0.000775193798449612 0.000775193798449612 0.244767441860465 0.000775193798449612 0.000775193798449612 0.0796511627906977 0.000775193798449612 0.000775193798449612 0.327325581395349 0.000775193798449612 0.00310077519379845 0.000775193798449612 0.00232558139534884; % $ D=0.1
0.00174418604651163 0.00145348837209302 0.000290697674418605 0.000290697674418605 0.000290697674418605 0.000290697674418605 0.000290697674418605 0.987790697674419 0.00116279069767442 0.000290697674418605 0.000290697674418605 0.00174418604651163 0.000290697674418605 0.000290697674418605 0.000872093023255814 0.000290697674418605 0.00116279069767442 0.000290697674418605 0.000872093023255814; % B D=0.1
0.00174418604651163 0.00145348837209302 0.000290697674418605 0.000290697674418605 0.000290697674418605 0.000290697674418605 0.987790697674419 0.000290697674418605 0.00116279069767442 0.000290697674418605 0.000290697674418605 0.00174418604651163 0.000290697674418605 0.000290697674418605 0.000872093023255814 0.000290697674418605 0.00116279069767442 0.000290697674418605 0.000872093023255814; % D D=0.1
0.00174418604651163 0.00145348837209302 0.000290697674418605 0.000290697674418605 0.987790697674419 0.000290697674418605 0.000290697674418605 0.000290697674418605 0.00116279069767442 0.000290697674418605 0.000290697674418605 0.00174418604651163 0.000290697674418605 0.000290697674418605 0.000872093023255814 0.000290697674418605 0.00116279069767442 0.000290697674418605 0.000872093023255814; % G D=0.1
0.369476744186046 0.00581395348837209 0.00116279069767442 0.00116279069767442 0.00116279069767442 0.00116279069767442 0.00116279069767442 0.00116279069767442 0.367151162790698 0.00116279069767442 0.00116279069767442 0.119476744186047 0.00116279069767442 0.00116279069767442 0.00348837209302326 0.00116279069767442 0.117151162790698 0.00116279069767442 0.00348837209302326; % K D=0.1
0.369476744186046 0.00581395348837209 0.00116279069767442 0.00116279069767442 0.00116279069767442 0.00116279069767442 0.00116279069767442 0.00116279069767442 0.117151162790698 0.00116279069767442 0.00116279069767442 0.119476744186047 0.00116279069767442 0.00116279069767442 0.00348837209302326 0.00116279069767442 0.00465116279069767 0.00116279069767442 0.365988372093023; % L D=0.1
0.121220930232558 0.119767441860465 0.00145348837209302 0.00145348837209302 0.00145348837209302 0.00145348837209302 0.00145348837209302 0.00145348837209302 0.00581395348837209 0.00145348837209302 0.00145348837209302 0.00872093023255814 0.00145348837209302 0.00145348837209302 0.241860465116279 0.00145348837209302 0.118313953488372 0.00145348837209302 0.366860465116279; % P D=0.1
0.00174418604651163 0.00145348837209302 0.000290697674418605 0.000290697674418605 0.000290697674418605 0.987790697674419 0.000290697674418605 0.000290697674418605 0.00116279069767442 0.000290697674418605 0.000290697674418605 0.00174418604651163 0.000290697674418605 0.000290697674418605 0.000872093023255814 0.000290697674418605 0.00116279069767442 0.000290697674418605 0.000872093023255814; % T D=0.1
0.00174418604651163 0.00145348837209302 0.000290697674418605 0.000290697674418605 0.000290697674418605 0.000290697674418605 0.000290697674418605 0.000290697674418605 0.00116279069767442 0.000290697674418605 0.000290697674418605 0.00174418604651163 0.000290697674418605 0.000290697674418605 0.000872093023255814 0.987790697674419 0.00116279069767442 0.000290697674418605 0.000872093023255814; % V D=0.1
0.00174418604651163 0.00145348837209302 0.000290697674418605 0.987790697674419 0.000290697674418605 0.000290697674418605 0.000290697674418605 0.000290697674418605 0.00116279069767442 0.000290697674418605 0.000290697674418605 0.00174418604651163 0.000290697674418605 0.000290697674418605 0.000872093023255814 0.000290697674418605 0.00116279069767442 0.000290697674418605 0.000872093023255814; % Z D=0.1
0.244476744186047 0.118313953488372 0.00116279069767442 0.00116279069767442 0.00116279069767442 0.00116279069767442 0.00116279069767442 0.00116279069767442 0.00465116279069767 0.00116279069767442 0.00116279069767442 0.119476744186047 0.00116279069767442 0.00116279069767442 0.00348837209302326 0.00116279069767442 0.492151162790698 0.00116279069767442 0.00348837209302326; % b D=0.1
0.00174418604651163 0.00145348837209302 0.000290697674418605 0.000290697674418605 0.000290697674418605 0.000290697674418605 0.000290697674418605 0.000290697674418605 0.00116279069767442 0.000290697674418605 0.000290697674418605 0.00174418604651163 0.000290697674418605 0.987790697674419 0.000872093023255814 0.000290697674418605 0.00116279069767442 0.000290697674418605 0.000872093023255814; % d D=0.1
0.121220930232558 0.119767441860465 0.00145348837209302 0.00145348837209302 0.00145348837209302 0.00145348837209302 0.00145348837209302 0.00145348837209302 0.118313953488372 0.00145348837209302 0.00145348837209302 0.371220930232558 0.00145348837209302 0.00145348837209302 0.241860465116279 0.00145348837209302 0.00581395348837209 0.00145348837209302 0.00436046511627907; % g D=0.1
0.00174418604651163 0.00145348837209302 0.987790697674419 0.000290697674418605 0.000290697674418605 0.000290697674418605 0.000290697674418605 0.000290697674418605 0.00116279069767442 0.000290697674418605 0.000290697674418605 0.00174418604651163 0.000290697674418605 0.000290697674418605 0.000872093023255814 0.000290697674418605 0.00116279069767442 0.000290697674418605 0.000872093023255814; % k D=0.1
0.00174418604651163 0.00145348837209302 0.000290697674418605 0.000290697674418605 0.000290697674418605 0.000290697674418605 0.000290697674418605 0.000290697674418605 0.00116279069767442 0.987790697674419 0.000290697674418605 0.00174418604651163 0.000290697674418605 0.000290697674418605 0.000872093023255814 0.000290697674418605 0.00116279069767442 0.000290697674418605 0.000872093023255814; % l D=0.1
0.246220930232558 0.119767441860465 0.00145348837209302 0.00145348837209302 0.00145348837209302 0.00145348837209302 0.00145348837209302 0.00145348837209302 0.00581395348837209 0.00145348837209302 0.00145348837209302 0.121220930232558 0.00145348837209302 0.00145348837209302 0.00436046511627907 0.00145348837209302 0.243313953488372 0.00145348837209302 0.241860465116279; % p D=0.1
0.00174418604651163 0.00145348837209302 0.000290697674418605 0.000290697674418605 0.000290697674418605 0.000290697674418605 0.000290697674418605 0.000290697674418605 0.00116279069767442 0.000290697674418605 0.000290697674418605 0.00174418604651163 0.987790697674419 0.000290697674418605 0.000872093023255814 0.000290697674418605 0.00116279069767442 0.000290697674418605 0.000872093023255814; % t D=0.1
0.00174418604651163 0.00145348837209302 0.000290697674418605 0.000290697674418605 0.000290697674418605 0.000290697674418605 0.000290697674418605 0.000290697674418605 0.00116279069767442 0.000290697674418605 0.987790697674419 0.00174418604651163 0.000290697674418605 0.000290697674418605 0.000872093023255814 0.000290697674418605 0.00116279069767442 0.000290697674418605 0.000872093023255814; % v D=0.1
0.00174418604651163 0.00145348837209302 0.000290697674418605 0.000290697674418605 0.000290697674418605 0.000290697674418605 0.000290697674418605 0.000290697674418605 0.00116279069767442 0.000290697674418605 0.000290697674418605 0.00174418604651163 0.000290697674418605 0.000290697674418605 0.000872093023255814 0.000290697674418605 0.00116279069767442 0.987790697674419 0.000872093023255814; % z D=0.1
0.00930232558139535 0.324418604651163 0.00155038759689922 0.00155038759689922 0.00155038759689922 0.00155038759689922 0.00155038759689922 0.00155038759689922 0.23953488372093 0.00155038759689922 0.00155038759689922 0.075968992248062 0.00155038759689922 0.00155038759689922 0.321317829457364 0.00155038759689922 0.0062015503875969 0.00155038759689922 0.00465116279069768; % $ D=0.2
