syllables = '$BDGKLPTVZbdgklptvz';
discounts = [0.1 0.2 0.3 0.4 0.5 0.6 0.7 0.8 0.9 0.95];
kn_probs = [0.000218181818181818 3.63636363636364e-05 3.63636363636364e-05 3.63636363636364e-05 0.146551515151515 3.63636363636364e-05 3.63636363636364e-05 3.63636363636364e-05 0.193218181818182 3.63636363636364e-05 3.63636363636364e-05 0.169884848484848 3.63636363636364e-05 0.143254545454545 3.63636363636364e-05 3.63636363636364e-05 3.63636363636364e-05 0.166551515151515 0.179884848484848; % $ D=0.1
0.214827272727273 5.45454545454546e-05 5.45454545454546e-05 5.45454545454546e-05 0.179827272727273 5.45454545454546e-05 5.45454545454546e-05 5.45454545454546e-05 0.000327272727272727 5.45454545454546e-05 5.45454545454546e-05 0.159827272727273 5.45454545454546e-05 0.154881818181818 5.45454545454546e-05 5.45454545454546e-05 5.45454545454546e-05 0.164827272727273 0.124827272727273; % B D=0.1
5.45454545454546e-05 9.09090909090909e-06 9.09090909090909e-06 9.09090909090909e-06 5.45454545454546e-05 9.09090909090909e-06 9.09090909090909e-06 9.09090909090909e-06 5.45454545454546e-05 9.09090909090909e-06 9.09090909090909e-06 5.45454545454546e-05 0.999509090909091 6.36363636363636e-05 9.09090909090909e-06 9.09090909090909e-06 9.09090909090909e-06 5.45454545454546e-05 5.45454545454546e-05; % D D=0.1
0.259827272727273 5.45454545454546e-05 5.45454545454546e-05 5.45454545454546e-05 0.149827272727273 5.45454545454546e-05 5.45454545454546e-05 5.45454545454546e-05 0.0998272727272727 5.45454545454546e-05 5.45454545454546e-05 0.154827272727273 5.45454545454546e-05 0.189881818181818 5.45454545454546e-05 5.45454545454546e-05 5.45454545454546e-05 0.000327272727272727 0.144827272727273; % G D=0.1
5.45454545454546e-05 9.09090909090909e-06 9.09090909090909e-06 9.09090909090909e-06 5.45454545454546e-05 9.09090909090909e-06 9.09090909090909e-06 9.09090909090909e-06 5.45454545454546e-05 0.999509090909091 9.09090909090909e-06 5.45454545454546e-05 9.09090909090909e-06 6.36363636363636e-05 9.09090909090909e-06 9.09090909090909e-06 9.09090909090909e-06 5.45454545454546e-05 5.45454545454546e-05; % K D=0.1
5.45454545454546e-05 9.09090909090909e-06 9.09090909090909e-06 9.09090909090909e-06 5.45454545454546e-05 9.09090909090909e-06 9.09090909090909e-06 9.09090909090909e-06 5.45454545454546e-05 9.09090909090909e-06 9.09090909090909e-06 5.45454545454546e-05 9.09090909090909e-06 6.36363636363636e-05 9.09090909090909e-06 9.09090909090909e-06 0.999509090909091 5.45454545454546e-05 5.45454545454546e-05; % L D=0.1
5.45454545454546e-05 9.09090909090909e-06 9.09090909090909e-06 9.09090909090909e-06 5.45454545454546e-05 9.09090909090909e-06 9.09090909090909e-06 9.09090909090909e-06 5.45454545454546e-05 9.09090909090909e-06 0.999509090909091 5.45454545454546e-05 9.09090909090909e-06 6.36363636363636e-05 9.09090909090909e-06 9.09090909090909e-06 9.09090909090909e-06 5.45454545454546e-05 5.45454545454546e-05; % P D=0.1
5.45454545454546e-05 9.09090909090909e-06 9.09090909090909e-06 0.999509090909091 5.45454545454546e-05 9.09090909090909e-06 9.09090909090909e-06 9.09090909090909e-06 5.45454545454546e-05 9.09090909090909e-06 9.09090909090909e-06 5.45454545454546e-05 9.09090909090909e-06 6.36363636363636e-05 9.09090909090909e-06 9.09090909090909e-06 9.09090909090909e-06 5.45454545454546e-05 5.45454545454546e-05; % T D=0.1
5.45454545454546e-05 9.09090909090909e-06 9.09090909090909e-06 9.09090909090909e-06 5.45454545454546e-05 0.999509090909091 9.09090909090909e-06 9.09090909090909e-06 5.45454545454546e-05 9.09090909090909e-06 9.09090909090909e-06 5.45454545454546e-05 9.09090909090909e-06 6.36363636363636e-05 9.09090909090909e-06 9.09090909090909e-06 9.09090909090909e-06 5.45454545454546e-05 5.45454545454546e-05; % V D=0.1
0.279827272727273 5.45454545454546e-05 5.45454545454546e-05 5.45454545454546e-05 0.000327272727272727 5.45454545454546e-05 5.45454545454546e-05 5.45454545454546e-05 0.139827272727273 5.45454545454546e-05 5.45454545454546e-05 0.139827272727273 5.45454545454546e-05 0.104881818181818 5.45454545454546e-05 5.45454545454546e-05 5.45454545454546e-05 0.169827272727273 0.164827272727273; % Z D=0.1
0.239881818181818 6.36363636363636e-05 6.36363636363636e-05 6.36363636363636e-05 0.199881818181818 6.36363636363636e-05 6.36363636363636e-05 6.36363636363636e-05 0.154881818181818 6.36363636363636e-05 6.36363636363636e-05 0.114881818181818 6.36363636363636e-05 0.00994545454545455 6.36363636363636e-05 6.36363636363636e-05 6.36363636363636e-05 0.114881818181818 0.164881818181818; % b D=0.1
5.45454545454546e-05 9.09090909090909e-06 9.09090909090909e-06 9.09090909090909e-06 5.45454545454546e-05 9.09090909090909e-06 9.09090909090909e-06 9.09090909090909e-06 5.45454545454546e-05 9.09090909090909e-06 9.09090909090909e-06 5.45454545454546e-05 9.09090909090909e-06 6.36363636363636e-05 0.999509090909091 9.09090909090909e-06 9.09090909090909e-06 5.45454545454546e-05 5.45454545454546e-05; % d D=0.1
0.284827272727273 5.45454545454546e-05 5.45454545454546e-05 5.45454545454546e-05 0.134827272727273 5.45454545454546e-05 5.45454545454546e-05 5.45454545454546e-05 0.139827272727273 5.45454545454546e-05 5.45454545454546e-05 0.000327272727272727 5.45454545454546e-05 0.184881818181818 5.45454545454546e-05 5.45454545454546e-05 5.45454545454546e-05 0.124827272727273 0.129827272727273; % g D=0.1
5.45454545454546e-05 9.09090909090909e-06 9.09090909090909e-06 9.09090909090909e-06 5.45454545454546e-05 9.09090909090909e-06 0.999509090909091 9.09090909090909e-06 5.45454545454546e-05 9.09090909090909e-06 9.09090909090909e-06 5.45454545454546e-05 9.09090909090909e-06 6.36363636363636e-05 9.09090909090909e-06 9.09090909090909e-06 9.09090909090909e-06 5.45454545454546e-05 5.45454545454546e-05; % k D=0.1
5.45454545454546e-05 9.09090909090909e-06 0.999509090909091 9.09090909090909e-06 5.45454545454546e-05 9.09090909090909e-06 9.09090909090909e-06 9.09090909090909e-06 5.45454545454546e-05 9.09090909090909e-06 9.09090909090909e-06 5.45454545454546e-05 9.09090909090909e-06 6.36363636363636e-05 9.09090909090909e-06 9.09090909090909e-06 9.09090909090909e-06 5.45454545454546e-05 5.45454545454546e-05; % l D=0.1
0.219827272727273 5.45454545454546e-05 5.45454545454546e-05 5.45454545454546e-05 0.114827272727273 5.45454545454546e-05 5.45454545454546e-05 5.45454545454546e-05 0.174827272727273 5.45454545454546e-05 5.45454545454546e-05 0.174827272727273 5.45454545454546e-05 0.139881818181818 5.45454545454546e-05 5.45454545454546e-05 5.45454545454546e-05 0.174827272727273 0.000327272727272727; % p D=0.1
5.45454545454546e-05 0.999509090909091 9.09090909090909e-06 9.09090909090909e-06 5.45454545454546e-05 9.09090909090909e-06 9.09090909090909e-06 9.09090909090909e-06 5.45454545454546e-05 9.09090909090909e-06 9.09090909090909e-06 5.45454545454546e-05 9.09090909090909e-06 6.36363636363636e-05 9.09090909090909e-06 9.09090909090909e-06 9.09090909090909e-06 5.45454545454546e-05 5.45454545454546e-05; % t D=0.1
5.45454545454546e-05 9.09090909090909e-06 9.09090909090909e-06 9.09090909090909e-06 5.45454545454546e-05 9.09090909090909e-06 9.09090909090909e-06 0.999509090909091 5.45454545454546e-05 9.09090909090909e-06 9.09090909090909e-06 5.45454545454546e-05 9.09090909090909e-06 6.36363636363636e-05 9.09090909090909e-06 9.09090909090909e-06 9.09090909090909e-06 5.45454545454546e-05 5.45454545454546e-05; % v D=0.1
5.45454545454546e-05 9.09090909090909e-06 9.09090909090909e-06 9.09090909090909e-06 5.45454545454546e-05 9.09090909090909e-06 9.09090909090909e-06 9.09090909090909e-06 5.45454545454546e-05 9.09090909090909e-06 9.09090909090909e-06 5.45454545454546e-05 9.09090909090909e-06 6.36363636363636e-05 9.09090909090909e-06 0.999509090909091 9.09090909090909e-06 5.45454545454546e-05 5.45454545454546e-05; % z D=0.1
