syllables = '$BDGKLPTVZbdgklptvz';
discounts = [0.1 0.2 0.3 0.4 0.5 0.6 0.7 0.8 0.9 0.95];
kn_probs = [0.00638297872340426 0.00106382978723404 0.00106382978723404 0.163652482269504 0.0803191489361702 0.00106382978723404 0.00106382978723404 0.00106382978723404 0.163652482269504 0.00106382978723404 0.246985815602837 0.00106382978723404 0.00106382978723404 0.00106382978723404 0.00106382978723404 0.00106382978723404 0.00106382978723404 0.163652482269504 0.16258865248227; % $ D=0.1
0.00159574468085106 0.000265957446808511 0.000265957446808511 0.00132978723404255 0.00132978723404255 0.000265957446808511 0.000265957446808511 0.000265957446808511 0.00132978723404255 0.000265957446808511 0.00132978723404255 0.000265957446808511 0.987765957446809 0.000265957446808511 0.000265957446808511 0.000265957446808511 0.000265957446808511 0.00132978723404255 0.00106382978723404; % B D=0.1
0.00159574468085106 0.000265957446808511 0.000265957446808511 0.00132978723404255 0.00132978723404255 0.000265957446808511 0.000265957446808511 0.000265957446808511 0.00132978723404255 0.000265957446808511 0.00132978723404255 0.000265957446808511 0.000265957446808511 0.000265957446808511 0.000265957446808511 0.987765957446809 0.000265957446808511 0.00132978723404255 0.00106382978723404; % D D=0.1
0.00159574468085106 0.000265957446808511 0.000265957446808511 0.00132978723404255 0.00132978723404255 0.000265957446808511 0.000265957446808511 0.000265957446808511 0.00132978723404255 0.000265957446808511 0.00132978723404255 0.000265957446808511 0.000265957446808511 0.000265957446808511 0.987765957446809 0.000265957446808511 0.000265957446808511 0.00132978723404255 0.00106382978723404; % G D=0.1
0.00159574468085106 0.000265957446808511 0.000265957446808511 0.00132978723404255 0.00132978723404255 0.987765957446809 0.000265957446808511 0.000265957446808511 0.00132978723404255 0.000265957446808511 0.00132978723404255 0.000265957446808511 0.000265957446808511 0.000265957446808511 0.000265957446808511 0.000265957446808511 0.000265957446808511 0.00132978723404255 0.00106382978723404; % K D=0.1
0.00159574468085106 0.000265957446808511 0.000265957446808511 0.00132978723404255 0.00132978723404255 0.000265957446808511 0.987765957446809 0.000265957446808511 0.00132978723404255 0.000265957446808511 0.00132978723404255 0.000265957446808511 0.000265957446808511 0.000265957446808511 0.000265957446808511 0.000265957446808511 0.000265957446808511 0.00132978723404255 0.00106382978723404; % L D=0.1
0.00159574468085106 0.000265957446808511 0.000265957446808511 0.00132978723404255 0.00132978723404255 0.000265957446808511 0.000265957446808511 0.000265957446808511 0.00132978723404255 0.000265957446808511 0.00132978723404255 0.987765957446809 0.000265957446808511 0.000265957446808511 0.000265957446808511 0.000265957446808511 0.000265957446808511 0.00132978723404255 0.00106382978723404; % P D=0.1
0.370478723404255 0.00132978723404255 0.00132978723404255 0.119148936170213 0.00664893617021277 0.00132978723404255 0.00132978723404255 0.00132978723404255 0.119148936170213 0.00132978723404255 0.119148936170213 0.00132978723404255 0.00132978723404255 0.00132978723404255 0.00132978723404255 0.00132978723404255 0.00132978723404255 0.244148936170213 0.00531914893617021; % T D=0.1
0.00159574468085106 0.000265957446808511 0.000265957446808511 0.00132978723404255 0.00132978723404255 0.000265957446808511 0.000265957446808511 0.000265957446808511 0.00132978723404255 0.000265957446808511 0.00132978723404255 0.000265957446808511 0.000265957446808511 0.987765957446809 0.000265957446808511 0.000265957446808511 0.000265957446808511 0.00132978723404255 0.00106382978723404; % V D=0.1
0.00159574468085106 0.000265957446808511 0.000265957446808511 0.00132978723404255 0.00132978723404255 0.000265957446808511 0.000265957446808511 0.987765957446809 0.00132978723404255 0.000265957446808511 0.00132978723404255 0.000265957446808511 0.000265957446808511 0.000265957446808511 0.000265957446808511 0.000265957446808511 0.000265957446808511 0.00132978723404255 0.00106382978723404; % Z D=0.1
0.00159574468085106 0.000265957446808511 0.000265957446808511 0.00132978723404255 0.00132978723404255 0.000265957446808511 0.000265957446808511 0.000265957446808511 0.00132978723404255 0.000265957446808511 0.00132978723404255 0.000265957446808511 0.000265957446808511 0.000265957446808511 0.000265957446808511 0.000265957446808511 0.987765957446809 0.00132978723404255 0.00106382978723404; % b D=0.1
0.243882978723404 0.00106382978723404 0.00106382978723404 0.00531914893617021 0.00531914893617021 0.00106382978723404 0.00106382978723404 0.00106382978723404 0.24281914893617 0.00106382978723404 0.00531914893617021 0.00106382978723404 0.00106382978723404 0.00106382978723404 0.00106382978723404 0.00106382978723404 0.00106382978723404 0.11781914893617 0.366755319148936; % d D=0.1
0.370478723404255 0.00132978723404255 0.00132978723404255 0.119148936170213 0.119148936170213 0.00132978723404255 0.00132978723404255 0.00132978723404255 0.119148936170213 0.00132978723404255 0.00664893617021277 0.00132978723404255 0.00132978723404255 0.00132978723404255 0.00132978723404255 0.00132978723404255 0.00132978723404255 0.244148936170213 0.00531914893617021; % g D=0.1
0.247074468085106 0.00159574468085106 0.00159574468085106 0.245478723404255 0.120478723404255 0.00159574468085106 0.00159574468085106 0.00159574468085106 0.00797872340425532 0.00159574468085106 0.120478723404255 0.00159574468085106 0.00159574468085106 0.00159574468085106 0.00159574468085106 0.00159574468085106 0.00159574468085106 0.120478723404255 0.118882978723404; % k D=0.1
0.118882978723404 0.00106382978723404 0.00106382978723404 0.00531914893617021 0.49281914893617 0.00106382978723404 0.00106382978723404 0.00106382978723404 0.00531914893617021 0.00106382978723404 0.11781914893617 0.00106382978723404 0.00106382978723404 0.00106382978723404 0.00106382978723404 0.00106382978723404 0.00106382978723404 0.00531914893617021 0.241755319148936; % l D=0.1
0.120478723404255 0.00132978723404255 0.00132978723404255 0.244148936170213 0.119148936170213 0.00132978723404255 0.00132978723404255 0.00132978723404255 0.244148936170213 0.00132978723404255 0.244148936170213 0.00132978723404255 0.00132978723404255 0.00132978723404255 0.00132978723404255 0.00132978723404255 0.00132978723404255 0.00664893617021277 0.00531914893617021; % p D=0.1
0.00159574468085106 0.987765957446809 0.000265957446808511 0.00132978723404255 0.00132978723404255 0.000265957446808511 0.000265957446808511 0.000265957446808511 0.00132978723404255 0.000265957446808511 0.00132978723404255 0.000265957446808511 0.000265957446808511 0.000265957446808511 0.000265957446808511 0.000265957446808511 0.000265957446808511 0.00132978723404255 0.00106382978723404; % t D=0.1
0.00159574468085106 0.000265957446808511 0.987765957446809 0.00132978723404255 0.00132978723404255 0.000265957446808511 0.000265957446808511 0.000265957446808511 0.00132978723404255 0.000265957446808511 0.00132978723404255 0.000265957446808511 0.000265957446808511 0.000265957446808511 0.000265957446808511 0.000265957446808511 0.000265957446808511 0.00132978723404255 0.00106382978723404; % v D=0.1
0.00159574468085106 0.000265957446808511 0.000265957446808511 0.00132978723404255 0.00132978723404255 0.000265957446808511 0.000265957446808511 0.000265957446808511 0.00132978723404255 0.987765957446809 0.00132978723404255 0.000265957446808511 0.000265957446808511 0.000265957446808511 0.000265957446808511 0.000265957446808511 0.000265957446808511 0.00132978723404255 0.00106382978723404; % z D=0.1
0.0127659574468085 0.00212765957446809 0.00212765957446809 0.16063829787234 0.0773049645390071 0.00212765957446809 0.00212765957446809 0.00212765957446809 0.16063829787234 0.00212765957446809 0.243971631205674 0.00212765957446809 0.00212765957446809 0.00212765957446809 0.00212765957446809 0.00212765957446809 0.00212765957446809 0.16063829787234 0.158510638297872; % $ D=0.2
0.00319148936170213 0.000531914893617021 0.000531914893617021 0.00265957446808511 0.00265957446808511 0.000531914893617021 0.000531914893617021 0.000531914893617021 0.00265957446808511 0.000531914893617021 0.00265957446808511 0.000531914893617021 0.975531914893617 0.000531914893617021 0.000531914893617021 0.000531914893617021 0.000531914893617021 0.00265957446808511 0.00212765957446809; % B D=0.2
0.00319148936170213 0.000531914893617021 0.000531914893617021 0.00265957446808511 0.00265957446808511 0.000531914893617021 0.000531914893617021 0.000531914893617021 0.00265957446808511 0.000531914893617021 0.00265957446808511 0.000531914893617021 0.000531914893617021 0.000531914893617021 0.000531914893617021 0.975531914893617 0.000531914893617021 0.00265957446808511 0.00212765957446809; % D D=0.2
0.00319148936170213 0.000531914893617021 0.000531914893617021 0.00265957446808511 0.00265957446808511 0.000531914893617021 0.000531914893617021 0.000531914893617021 0.00265957446808511 0.000531914893617021 0.00265957446808511 0.000531914893617021 0.000531914893617021 0.000531914893617021 0.975531914893617 0.000531914893617021 0.000531914893617021 0.00265957446808511 0.00212765957446809; % G D=0.2
0.00319148936170213 0.000531914893617021 0.000531914893617021 0.00265957446808511 0.00265957446808511 0.975531914893617 0.000531914893617021 0.000531914893617021 0.00265957446808511 0.000531914893617021 0.00265957446808511 0.000531914893617021 0.000531914893617021 0.000531914893617021 0.000531914893617021 0.000531914893617021 0.000531914893617021 0.00265957446808511 0.00212765957446809; % K D=0.2
0.00319148936170213 0.000531914893617021 0.000531914893617021 0.00265957446808511 0.00265957446808511 0.000531914893617021 0.975531914893617 0.000531914893617021 0.00265957446808511 0.000531914893617021 0.00265957446808511 0.000531914893617021 0.000531914893617021 0.000531914893617021 0.000531914893617021 0.000531914893617021 0.000531914893617021 0.00265957446808511 0.00212765957446809; % L D=0.2
0.00319148936170213 0.000531914893617021 0.000531914893617021 0.00265957446808511 0.00265957446808511 0.000531914893617021 0.000531914893617021 0.000531914893617021 0.00265957446808511 0.000531914893617021 0.00265957446808511 0.975531914893617 0.000531914893617021 0.000531914893617021 0.000531914893617021 0.000531914893617021 0.000531914893617021 0.00265957446808511 0.00212765957446809; % P D=0.2
0.365957446808511 0.00265957446808511 0.00265957446808511 0.113297872340426 0.0132978723404255 0.00265957446808511 0.00265957446808511 0.00265957446808511 0.113297872340426 0.00265957446808511 0.113297872340426 0.00265957446808511 0.00265957446808511 0.00265957446808511 0.00265957446808511 0.00265957446808511 0.00265957446808511 0.238297872340426 0.0106382978723404; % T D=0.2
0.00319148936170213 0.000531914893617021 0.000531914893617021 0.00265957446808511 0.00265957446808511 0.000531914893617021 0.000531914893617021 0.000531914893617021 0.00265957446808511 0.000531914893617021 0.00265957446808511 0.000531914893617021 0.000531914893617021 0.975531914893617 0.000531914893617021 0.000531914893617021 0.000531914893617021 0.00265957446808511 0.00212765957446809; % V D=0.2
0.00319148936170213 0.000531914893617021 0.000531914893617021 0.00265957446808511 0.00265957446808511 0.000531914893617021 0.000531914893617021 0.975531914893617 0.00265957446808511 0.000531914893617021 0.00265957446808511 0.000531914893617021 0.000531914893617021 0.000531914893617021 0.000531914893617021 0.000531914893617021 0.000531914893617021 0.00265957446808511 0.00212765957446809; % Z D=0.2
0.00319148936170213 0.000531914893617021 0.000531914893617021 0.00265957446808511 0.00265957446808511 0.000531914893617021 0.000531914893617021 0.000531914893617021 0.00265957446808511 0.000531914893617021 0.00265957446808511 0.000531914893617021 0.000531914893617021 0.000531914893617021 0.000531914893617021 0.000531914893617021 0.975531914893617 0.00265957446808511 0.00212765957446809; % b D=0.2
0.237765957446809 0.00212765957446809 0.00212765957446809 0.0106382978723404 0.0106382978723404 0.00212765957446809 0.00212765957446809 0.00212765957446809 0.23563829787234 0.00212765957446809 0.0106382978723404 0.00212765957446809 0.00212765957446809 0.00212765957446809 0.00212765957446809 0.00212765957446809 0.00212765957446809 0.11063829787234 0.358510638297872; % d D=0.2
0.365957446808511 0.00265957446808511 0.00265957446808511 0.113297872340426 0.113297872340426 0.00265957446808511 0.00265957446808511 0.00265957446808511 0.113297872340426 0.00265957446808511 0.0132978723404255 0.00265957446808511 0.00265957446808511 0.00265957446808511 0.00265957446808511 0.00265957446808511 0.00265957446808511 0.238297872340426 0.0106382978723404; % g D=0.2
0.244148936170213 0.00319148936170213 0.00319148936170213 0.240957446808511 0.115957446808511 0.00319148936170213 0.00319148936170213 0.00319148936170213 0.0159574468085106 0.00319148936170213 0.115957446808511 0.00319148936170213 0.00319148936170213 0.00319148936170213 0.00319148936170213 0.00319148936170213 0.00319148936170213 0.115957446808511 0.112765957446809; % k D=0.2
0.112765957446809 0.00212765957446809 0.00212765957446809 0.0106382978723404 0.48563829787234 0.00212765957446809 0.00212765957446809 0.00212765957446809 0.0106382978723404 0.00212765957446809 0.11063829787234 0.00212765957446809 0.00212765957446809 0.00212765957446809 0.00212765957446809 0.00212765957446809 0.00212765957446809 0.0106382978723404 0.233510638297872; % l D=0.2
0.115957446808511 0.00265957446808511 0.00265957446808511 0.238297872340426 0.113297872340426 0.00265957446808511 0.00265957446808511 0.00265957446808511 0.238297872340426 0.00265957446808511 0.238297872340426 0.00265957446808511 0.00265957446808511 0.00265957446808511 0.00265957446808511 0.00265957446808511 0.00265957446808511 0.0132978723404255 0.0106382978723404; % p D=0.2
0.00319148936170213 0.975531914893617 0.000531914893617021 0.00265957446808511 0.00265957446808511 0.000531914893617021 0.000531914893617021 0.000531914893617021 0.00265957446808511 0.000531914893617021 0.00265957446808511 0.000531914893617021 0.000531914893617021 0.000531914893617021 0.000531914893617021 0.000531914893617021 0.000531914893617021 0.00265957446808511 0.00212765957446809; % t D=0.2
0.00319148936170213 0.000531914893617021 0.975531914893617 0.00265957446808511 0.00265957446808511 0.000531914893617021 0.000531914893617021 0.000531914893617021 0.00265957446808511 0.000531914893617021 0.00265957446808511 0.000531914893617021 0.000531914893617021 0.000531914893617021 0.000531914893617021 0.000531914893617021 0.000531914893617021 0.00265957446808511 0.00212765957446809; % v D=0.2
0.00319148936170213 0.000531914893617021 0.000531914893617021 0.00265957446808511 0.00265957446808511 0.000531914893617021 0.000531914893617021 0.000531914893617021 0.00265957446808511 0.975531914893617 0.00265957446808511 0.000531914893617021 0.000531914893617021 0.000531914893617021 0.000531914893617021 0.000531914893617021 0.000531914893617021 0.00265957446808511 0.00212765957446809; % z D=0.2
0.0191489361702128 0.00319148936170213 0.00319148936170213 0.157624113475177 0.074290780141844 0.00319148936170213 0.00319148936170213 0.00319148936170213 0.157624113475177 0.00319148936170213 0.240957446808511 0.00319148936170213 0.00319148936170213 0.00319148936170213 0.00319148936170213 0.00319148936170213 0.00319148936170213 0.157624113475177 0.154432624113475; % $ D=0.3
0.00478723404255319 0.000797872340425532 0.000797872340425532 0.00398936170212766 0.00398936170212766 0.000797872340425532 0.000797872340425532 0.000797872340425532 0.00398936170212766 0.000797872340425532 0.00398936170212766 0.000797872340425532 0.963297872340426 0.000797872340425532 0.000797872340425532 0.000797872340425532 0.000797872340425532 0.00398936170212766 0.00319148936170213; % B D=0.3
0.00478723404255319 0.000797872340425532 0.000797872340425532 0.00398936170212766 0.00398936170212766 0.000797872340425532 0.000797872340425532 0.000797872340425532 0.00398936170212766 0.000797872340425532 0.00398936170212766 0.000797872340425532 0.000797872340425532 0.000797872340425532 0.000797872340425532 0.963297872340426 0.000797872340425532 0.00398936170212766 0.00319148936170213; % D D=0.3
0.00478723404255319 0.000797872340425532 0.000797872340425532 0.00398936170212766 0.00398936170212766 0.000797872340425532 0.000797872340425532 0.000797872340425532 0.00398936170212766 0.000797872340425532 0.00398936170212766 0.000797872340425532 0.000797872340425532 0.000797872340425532 0.963297872340426 0.000797872340425532 0.000797872340425532 0.00398936170212766 0.00319148936170213; % G D=0.3
0.00478723404255319 0.000797872340425532 0.000797872340425532 0.00398936170212766 0.00398936170212766 0.963297872340426 0.000797872340425532 0.000797872340425532 0.00398936170212766 0.000797872340425532 0.00398936170212766 0.000797872340425532 0.000797872340425532 0.000797872340425532 0.000797872340425532 0.000797872340425532 0.000797872340425532 0.00398936170212766 0.00319148936170213; % K D=0.3
0.00478723404255319 0.000797872340425532 0.000797872340425532 0.00398936170212766 0.00398936170212766 0.000797872340425532 0.963297872340426 0.000797872340425532 0.00398936170212766 0.000797872340425532 0.00398936170212766 0.000797872340425532 0.000797872340425532 0.000797872340425532 0.000797872340425532 0.000797872340425532 0.000797872340425532 0.00398936170212766 0.00319148936170213; % L D=0.3
0.00478723404255319 0.000797872340425532 0.000797872340425532 0.00398936170212766 0.00398936170212766 0.000797872340425532 0.000797872340425532 0.000797872340425532 0.00398936170212766 0.000797872340425532 0.00398936170212766 0.963297872340426 0.000797872340425532 0.000797872340425532 0.000797872340425532 0.000797872340425532 0.000797872340425532 0.00398936170212766 0.00319148936170213; % P D=0.3
0.361436170212766 0.00398936170212766 0.00398936170212766 0.107446808510638 0.0199468085106383 0.00398936170212766 0.00398936170212766 0.00398936170212766 0.107446808510638 0.00398936170212766 0.107446808510638 0.00398936170212766 0.00398936170212766 0.00398936170212766 0.00398936170212766 0.00398936170212766 0.00398936170212766 0.232446808510638 0.0159574468085106; % T D=0.3
0.00478723404255319 0.000797872340425532 0.000797872340425532 0.00398936170212766 0.00398936170212766 0.000797872340425532 0.000797872340425532 0.000797872340425532 0.00398936170212766 0.000797872340425532 0.00398936170212766 0.000797872340425532 0.000797872340425532 0.963297872340426 0.000797872340425532 0.000797872340425532 0.000797872340425532 0.00398936170212766 0.00319148936170213; % V D=0.3
0.00478723404255319 0.000797872340425532 0.000797872340425532 0.00398936170212766 0.00398936170212766 0.000797872340425532 0.000797872340425532 0.963297872340426 0.00398936170212766 0.000797872340425532 0.00398936170212766 0.000797872340425532 0.000797872340425532 0.000797872340425532 0.000797872340425532 0.000797872340425532 0.000797872340425532 0.00398936170212766 0.00319148936170213; % Z D=0.3
0.00478723404255319 0.000797872340425532 0.000797872340425532 0.00398936170212766 0.00398936170212766 0.000797872340425532 0.000797872340425532 0.000797872340425532 0.00398936170212766 0.000797872340425532 0.00398936170212766 0.000797872340425532 0.000797872340425532 0.000797872340425532 0.000797872340425532 0.000797872340425532 0.963297872340426 0.00398936170212766 0.00319148936170213; % b D=0.3
0.231648936170213 0.00319148936170213 0.00319148936170213 0.0159574468085106 0.0159574468085106 0.00319148936170213 0.00319148936170213 0.00319148936170213 0.228457446808511 0.00319148936170213 0.0159574468085106 0.00319148936170213 0.00319148936170213 0.00319148936170213 0.00319148936170213 0.00319148936170213 0.00319148936170213 0.103457446808511 0.350265957446809; % d D=0.3
0.361436170212766 0.00398936170212766 0.00398936170212766 0.107446808510638 0.107446808510638 0.00398936170212766 0.00398936170212766 0.00398936170212766 0.107446808510638 0.00398936170212766 0.0199468085106383 0.00398936170212766 0.00398936170212766 0.00398936170212766 0.00398936170212766 0.00398936170212766 0.00398936170212766 0.232446808510638 0.0159574468085106; % g D=0.3
0.241223404255319 0.00478723404255319 0.00478723404255319 0.236436170212766 0.111436170212766 0.00478723404255319 0.00478723404255319 0.00478723404255319 0.023936170212766 0.00478723404255319 0.111436170212766 0.00478723404255319 0.00478723404255319 0.00478723404255319 0.00478723404255319 0.00478723404255319 0.00478723404255319 0.111436170212766 0.106648936170213; % k D=0.3
0.106648936170213 0.00319148936170213 0.00319148936170213 0.0159574468085106 0.478457446808511 0.00319148936170213 0.00319148936170213 0.00319148936170213 0.0159574468085106 0.00319148936170213 0.103457446808511 0.00319148936170213 0.00319148936170213 0.00319148936170213 0.00319148936170213 0.00319148936170213 0.00319148936170213 0.0159574468085106 0.225265957446808; % l D=0.3
0.111436170212766 0.00398936170212766 0.00398936170212766 0.232446808510638 0.107446808510638 0.00398936170212766 0.00398936170212766 0.00398936170212766 0.232446808510638 0.00398936170212766 0.232446808510638 0.00398936170212766 0.00398936170212766 0.00398936170212766 0.00398936170212766 0.00398936170212766 0.00398936170212766 0.0199468085106383 0.0159574468085106; % p D=0.3
0.00478723404255319 0.963297872340426 0.000797872340425532 0.00398936170212766 0.00398936170212766 0.000797872340425532 0.000797872340425532 0.000797872340425532 0.00398936170212766 0.000797872340425532 0.00398936170212766 0.000797872340425532 0.000797872340425532 0.000797872340425532 0.000797872340425532 0.000797872340425532 0.000797872340425532 0.00398936170212766 0.00319148936170213; % t D=0.3
0.00478723404255319 0.000797872340425532 0.963297872340426 0.00398936170212766 0.00398936170212766 0.000797872340425532 0.000797872340425532 0.000797872340425532 0.00398936170212766 0.000797872340425532 0.00398936170212766 0.000797872340425532 0.000797872340425532 0.000797872340425532 0.000797872340425532 0.000797872340425532 0.000797872340425532 0.00398936170212766 0.00319148936170213; % v D=0.3
0.00478723404255319 0.000797872340425532 0.000797872340425532 0.00398936170212766 0.00398936170212766 0.000797872340425532 0.000797872340425532 0.000797872340425532 0.00398936170212766 0.963297872340426 0.00398936170212766 0.000797872340425532 0.000797872340425532 0.000797872340425532 0.000797872340425532 0.000797872340425532 0.000797872340425532 0.00398936170212766 0.00319148936170213; % z D=0.3
0.025531914893617 0.00425531914893617 0.00425531914893617 0.154609929078014 0.0712765957446808 0.00425531914893617 0.00425531914893617 0.00425531914893617 0.154609929078014 0.00425531914893617 0.237943262411348 0.00425531914893617 0.00425531914893617 0.00425531914893617 0.00425531914893617 0.00425531914893617 0.00425531914893617 0.154609929078014 0.150354609929078; % $ D=0.4
0.00638297872340426 0.00106382978723404 0.00106382978723404 0.00531914893617021 0.00531914893617021 0.00106382978723404 0.00106382978723404 0.00106382978723404 0.00531914893617021 0.00106382978723404 0.00531914893617021 0.00106382978723404 0.951063829787234 0.00106382978723404 0.00106382978723404 0.00106382978723404 0.00106382978723404 0.00531914893617021 0.00425531914893617; % B D=0.4
0.00638297872340426 0.00106382978723404 0.00106382978723404 0.00531914893617021 0.00531914893617021 0.00106382978723404 0.00106382978723404 0.00106382978723404 0.00531914893617021 0.00106382978723404 0.00531914893617021 0.00106382978723404 0.00106382978723404 0.00106382978723404 0.00106382978723404 0.951063829787234 0.00106382978723404 0.00531914893617021 0.00425531914893617; % D D=0.4
0.00638297872340426 0.00106382978723404 0.00106382978723404 0.00531914893617021 0.00531914893617021 0.00106382978723404 0.00106382978723404 0.00106382978723404 0.00531914893617021 0.00106382978723404 0.00531914893617021 0.00106382978723404 0.00106382978723404 0.00106382978723404 0.951063829787234 0.00106382978723404 0.00106382978723404 0.00531914893617021 0.00425531914893617; % G D=0.4
0.00638297872340426 0.00106382978723404 0.00106382978723404 0.00531914893617021 0.00531914893617021 0.951063829787234 0.00106382978723404 0.00106382978723404 0.00531914893617021 0.00106382978723404 0.00531914893617021 0.00106382978723404 0.00106382978723404 0.00106382978723404 0.00106382978723404 0.00106382978723404 0.00106382978723404 0.00531914893617021 0.00425531914893617; % K D=0.4
0.00638297872340426 0.00106382978723404 0.00106382978723404 0.00531914893617021 0.00531914893617021 0.00106382978723404 0.951063829787234 0.00106382978723404 0.00531914893617021 0.00106382978723404 0.00531914893617021 0.00106382978723404 0.00106382978723404 0.00106382978723404 0.00106382978723404 0.00106382978723404 0.00106382978723404 0.00531914893617021 0.00425531914893617; % L D=0.4
0.00638297872340426 0.00106382978723404 0.00106382978723404 0.00531914893617021 0.00531914893617021 0.00106382978723404 0.00106382978723404 0.00106382978723404 0.00531914893617021 0.00106382978723404 0.00531914893617021 0.951063829787234 0.00106382978723404 0.00106382978723404 0.00106382978723404 0.00106382978723404 0.00106382978723404 0.00531914893617021 0.00425531914893617; % P D=0.4
0.356914893617021 0.00531914893617021 0.00531914893617021 0.101595744680851 0.0265957446808511 0.00531914893617021 0.00531914893617021 0.00531914893617021 0.101595744680851 0.00531914893617021 0.101595744680851 0.00531914893617021 0.00531914893617021 0.00531914893617021 0.00531914893617021 0.00531914893617021 0.00531914893617021 0.226595744680851 0.0212765957446809; % T D=0.4
0.00638297872340426 0.00106382978723404 0.00106382978723404 0.00531914893617021 0.00531914893617021 0.00106382978723404 0.00106382978723404 0.00106382978723404 0.00531914893617021 0.00106382978723404 0.00531914893617021 0.00106382978723404 0.00106382978723404 0.951063829787234 0.00106382978723404 0.00106382978723404 0.00106382978723404 0.00531914893617021 0.00425531914893617; % V D=0.4
0.00638297872340426 0.00106382978723404 0.00106382978723404 0.00531914893617021 0.00531914893617021 0.00106382978723404 0.00106382978723404 0.951063829787234 0.00531914893617021 0.00106382978723404 0.00531914893617021 0.00106382978723404 0.00106382978723404 0.00106382978723404 0.00106382978723404 0.00106382978723404 0.00106382978723404 0.00531914893617021 0.00425531914893617; % Z D=0.4
0.00638297872340426 0.00106382978723404 0.00106382978723404 0.00531914893617021 0.00531914893617021 0.00106382978723404 0.00106382978723404 0.00106382978723404 0.00531914893617021 0.00106382978723404 0.00531914893617021 0.00106382978723404 0.00106382978723404 0.00106382978723404 0.00106382978723404 0.00106382978723404 0.951063829787234 0.00531914893617021 0.00425531914893617; % b D=0.4
0.225531914893617 0.00425531914893617 0.00425531914893617 0.0212765957446809 0.0212765957446809 0.00425531914893617 0.00425531914893617 0.00425531914893617 0.221276595744681 0.00425531914893617 0.0212765957446809 0.00425531914893617 0.00425531914893617 0.00425531914893617 0.00425531914893617 0.00425531914893617 0.00425531914893617 0.0962765957446809 0.342021276595745; % d D=0.4
0.356914893617021 0.00531914893617021 0.00531914893617021 0.101595744680851 0.101595744680851 0.00531914893617021 0.00531914893617021 0.00531914893617021 0.101595744680851 0.00531914893617021 0.0265957446808511 0.00531914893617021 0.00531914893617021 0.00531914893617021 0.00531914893617021 0.00531914893617021 0.00531914893617021 0.226595744680851 0.0212765957446809; % g D=0.4
0.238297872340426 0.00638297872340426 0.00638297872340426 0.231914893617021 0.106914893617021 0.00638297872340426 0.00638297872340426 0.00638297872340426 0.0319148936170213 0.00638297872340426 0.106914893617021 0.00638297872340426 0.00638297872340426 0.00638297872340426 0.00638297872340426 0.00638297872340426 0.00638297872340426 0.106914893617021 0.100531914893617; % k D=0.4
0.100531914893617 0.00425531914893617 0.00425531914893617 0.0212765957446809 0.471276595744681 0.00425531914893617 0.00425531914893617 0.00425531914893617 0.0212765957446809 0.00425531914893617 0.0962765957446809 0.00425531914893617 0.00425531914893617 0.00425531914893617 0.00425531914893617 0.00425531914893617 0.00425531914893617 0.0212765957446809 0.217021276595745; % l D=0.4
0.106914893617021 0.00531914893617021 0.00531914893617021 0.226595744680851 0.101595744680851 0.00531914893617021 0.00531914893617021 0.00531914893617021 0.226595744680851 0.00531914893617021 0.226595744680851 0.00531914893617021 0.00531914893617021 0.00531914893617021 0.00531914893617021 0.00531914893617021 0.00531914893617021 0.0265957446808511 0.0212765957446809; % p D=0.4
0.00638297872340426 0.951063829787234 0.00106382978723404 0.00531914893617021 0.00531914893617021 0.00106382978723404 0.00106382978723404 0.00106382978723404 0.00531914893617021 0.00106382978723404 0.00531914893617021 0.00106382978723404 0.00106382978723404 0.00106382978723404 0.00106382978723404 0.00106382978723404 0.00106382978723404 0.00531914893617021 0.00425531914893617; % t D=0.4
0.00638297872340426 0.00106382978723404 0.951063829787234 0.00531914893617021 0.00531914893617021 0.00106382978723404 0.00106382978723404 0.00106382978723404 0.00531914893617021 0.00106382978723404 0.00531914893617021 0.00106382978723404 0.00106382978723404 0.00106382978723404 0.00106382978723404 0.00106382978723404 0.00106382978723404 0.00531914893617021 0.00425531914893617; % v D=0.4
0.00638297872340426 0.00106382978723404 0.00106382978723404 0.00531914893617021 0.00531914893617021 0.00106382978723404 0.00106382978723404 0.00106382978723404 0.00531914893617021 0.951063829787234 0.00531914893617021 0.00106382978723404 0.00106382978723404 0.00106382978723404 0.00106382978723404 0.00106382978723404 0.00106382978723404 0.00531914893617021 0.00425531914893617; % z D=0.4
0.0319148936170213 0.00531914893617021 0.00531914893617021 0.151595744680851 0.0682624113475177 0.00531914893617021 0.00531914893617021 0.00531914893617021 0.151595744680851 0.00531914893617021 0.234929078014184 0.00531914893617021 0.00531914893617021 0.00531914893617021 0.00531914893617021 0.00531914893617021 0.00531914893617021 0.151595744680851 0.146276595744681; % $ D=0.5
0.00797872340425532 0.00132978723404255 0.00132978723404255 0.00664893617021277 0.00664893617021277 0.00132978723404255 0.00132978723404255 0.00132978723404255 0.00664893617021277 0.00132978723404255 0.00664893617021277 0.00132978723404255 0.938829787234043 0.00132978723404255 0.00132978723404255 0.00132978723404255 0.00132978723404255 0.00664893617021277 0.00531914893617021; % B D=0.5
0.00797872340425532 0.00132978723404255 0.00132978723404255 0.00664893617021277 0.00664893617021277 0.00132978723404255 0.00132978723404255 0.00132978723404255 0.00664893617021277 0.00132978723404255 0.00664893617021277 0.00132978723404255 0.00132978723404255 0.00132978723404255 0.00132978723404255 0.938829787234043 0.00132978723404255 0.00664893617021277 0.00531914893617021; % D D=0.5
0.00797872340425532 0.00132978723404255 0.00132978723404255 0.00664893617021277 0.00664893617021277 0.00132978723404255 0.00132978723404255 0.00132978723404255 0.00664893617021277 0.00132978723404255 0.00664893617021277 0.00132978723404255 0.00132978723404255 0.00132978723404255 0.938829787234043 0.00132978723404255 0.00132978723404255 0.00664893617021277 0.00531914893617021; % G D=0.5
0.00797872340425532 0.00132978723404255 0.00132978723404255 0.00664893617021277 0.00664893617021277 0.938829787234043 0.00132978723404255 0.00132978723404255 0.00664893617021277 0.00132978723404255 0.00664893617021277 0.00132978723404255 0.00132978723404255 0.00132978723404255 0.00132978723404255 0.00132978723404255 0.00132978723404255 0.00664893617021277 0.00531914893617021; % K D=0.5
0.00797872340425532 0.00132978723404255 0.00132978723404255 0.00664893617021277 0.00664893617021277 0.00132978723404255 0.938829787234043 0.00132978723404255 0.00664893617021277 0.00132978723404255 0.00664893617021277 0.00132978723404255 0.00132978723404255 0.00132978723404255 0.00132978723404255 0.00132978723404255 0.00132978723404255 0.00664893617021277 0.00531914893617021; % L D=0.5
0.00797872340425532 0.00132978723404255 0.00132978723404255 0.00664893617021277 0.00664893617021277 0.00132978723404255 0.00132978723404255 0.00132978723404255 0.00664893617021277 0.00132978723404255 0.00664893617021277 0.938829787234043 0.00132978723404255 0.00132978723404255 0.00132978723404255 0.00132978723404255 0.00132978723404255 0.00664893617021277 0.00531914893617021; % P D=0.5
0.352393617021277 0.00664893617021277 0.00664893617021277 0.0957446808510638 0.0332446808510638 0.00664893617021277 0.00664893617021277 0.00664893617021277 0.0957446808510638 0.00664893617021277 0.0957446808510638 0.00664893617021277 0.00664893617021277 0.00664893617021277 0.00664893617021277 0.00664893617021277 0.00664893617021277 0.220744680851064 0.0265957446808511; % T D=0.5
0.00797872340425532 0.00132978723404255 0.00132978723404255 0.00664893617021277 0.00664893617021277 0.00132978723404255 0.00132978723404255 0.00132978723404255 0.00664893617021277 0.00132978723404255 0.00664893617021277 0.00132978723404255 0.00132978723404255 0.938829787234043 0.00132978723404255 0.00132978723404255 0.00132978723404255 0.00664893617021277 0.00531914893617021; % V D=0.5
0.00797872340425532 0.00132978723404255 0.00132978723404255 0.00664893617021277 0.00664893617021277 0.00132978723404255 0.00132978723404255 0.938829787234043 0.00664893617021277 0.00132978723404255 0.00664893617021277 0.00132978723404255 0.00132978723404255 0.00132978723404255 0.00132978723404255 0.00132978723404255 0.00132978723404255 0.00664893617021277 0.00531914893617021; % Z D=0.5
0.00797872340425532 0.00132978723404255 0.00132978723404255 0.00664893617021277 0.00664893617021277 0.00132978723404255 0.00132978723404255 0.00132978723404255 0.00664893617021277 0.00132978723404255 0.00664893617021277 0.00132978723404255 0.00132978723404255 0.00132978723404255 0.00132978723404255 0.00132978723404255 0.938829787234043 0.00664893617021277 0.00531914893617021; % b D=0.5
0.219414893617021 0.00531914893617021 0.00531914893617021 0.0265957446808511 0.0265957446808511 0.00531914893617021 0.00531914893617021 0.00531914893617021 0.214095744680851 0.00531914893617021 0.0265957446808511 0.00531914893617021 0.00531914893617021 0.00531914893617021 0.00531914893617021 0.00531914893617021 0.00531914893617021 0.0890957446808511 0.333776595744681; % d D=0.5
0.352393617021277 0.00664893617021277 0.00664893617021277 0.0957446808510638 0.0957446808510638 0.00664893617021277 0.00664893617021277 0.00664893617021277 0.0957446808510638 0.00664893617021277 0.0332446808510638 0.00664893617021277 0.00664893617021277 0.00664893617021277 0.00664893617021277 0.00664893617021277 0.00664893617021277 0.220744680851064 0.0265957446808511; % g D=0.5
0.235372340425532 0.00797872340425532 0.00797872340425532 0.227393617021277 0.102393617021277 0.00797872340425532 0.00797872340425532 0.00797872340425532 0.0398936170212766 0.00797872340425532 0.102393617021277 0.00797872340425532 0.00797872340425532 0.00797872340425532 0.00797872340425532 0.00797872340425532 0.00797872340425532 0.102393617021277 0.0944148936170213; % k D=0.5
0.0944148936170213 0.00531914893617021 0.00531914893617021 0.0265957446808511 0.464095744680851 0.00531914893617021 0.00531914893617021 0.00531914893617021 0.0265957446808511 0.00531914893617021 0.0890957446808511 0.00531914893617021 0.00531914893617021 0.00531914893617021 0.00531914893617021 0.00531914893617021 0.00531914893617021 0.0265957446808511 0.208776595744681; % l D=0.5
0.102393617021277 0.00664893617021277 0.00664893617021277 0.220744680851064 0.0957446808510638 0.00664893617021277 0.00664893617021277 0.00664893617021277 0.220744680851064 0.00664893617021277 0.220744680851064 0.00664893617021277 0.00664893617021277 0.00664893617021277 0.00664893617021277 0.00664893617021277 0.00664893617021277 0.0332446808510638 0.0265957446808511; % p D=0.5
0.00797872340425532 0.938829787234043 0.00132978723404255 0.00664893617021277 0.00664893617021277 0.00132978723404255 0.00132978723404255 0.00132978723404255 0.00664893617021277 0.00132978723404255 0.00664893617021277 0.00132978723404255 0.00132978723404255 0.00132978723404255 0.00132978723404255 0.00132978723404255 0.00132978723404255 0.00664893617021277 0.00531914893617021; % t D=0.5
0.00797872340425532 0.00132978723404255 0.938829787234043 0.00664893617021277 0.00664893617021277 0.00132978723404255 0.00132978723404255 0.00132978723404255 0.00664893617021277 0.00132978723404255 0.00664893617021277 0.00132978723404255 0.00132978723404255 0.00132978723404255 0.00132978723404255 0.00132978723404255 0.00132978723404255 0.00664893617021277 0.00531914893617021; % v D=0.5
0.00797872340425532 0.00132978723404255 0.00132978723404255 0.00664893617021277 0.00664893617021277 0.00132978723404255 0.00132978723404255 0.00132978723404255 0.00664893617021277 0.938829787234043 0.00664893617021277 0.00132978723404255 0.00132978723404255 0.00132978723404255 0.00132978723404255 0.00132978723404255 0.00132978723404255 0.00664893617021277 0.00531914893617021; % z D=0.5
0.0382978723404255 0.00638297872340425 0.00638297872340425 0.148581560283688 0.0652482269503546 0.00638297872340425 0.00638297872340425 0.00638297872340425 0.148581560283688 0.00638297872340425 0.231914893617021 0.00638297872340425 0.00638297872340425 0.00638297872340425 0.00638297872340425 0.00638297872340425 0.00638297872340425 0.148581560283688 0.142198581560284; % $ D=0.6
0.00957446808510638 0.00159574468085106 0.00159574468085106 0.00797872340425532 0.00797872340425532 0.00159574468085106 0.00159574468085106 0.00159574468085106 0.00797872340425532 0.00159574468085106 0.00797872340425532 0.00159574468085106 0.926595744680851 0.00159574468085106 0.00159574468085106 0.00159574468085106 0.00159574468085106 0.00797872340425532 0.00638297872340425; % B D=0.6
0.00957446808510638 0.00159574468085106 0.00159574468085106 0.00797872340425532 0.00797872340425532 0.00159574468085106 0.00159574468085106 0.00159574468085106 0.00797872340425532 0.00159574468085106 0.00797872340425532 0.00159574468085106 0.00159574468085106 0.00159574468085106 0.00159574468085106 0.926595744680851 0.00159574468085106 0.00797872340425532 0.00638297872340425; % D D=0.6
0.00957446808510638 0.00159574468085106 0.00159574468085106 0.00797872340425532 0.00797872340425532 0.00159574468085106 0.00159574468085106 0.00159574468085106 0.00797872340425532 0.00159574468085106 0.00797872340425532 0.00159574468085106 0.00159574468085106 0.00159574468085106 0.926595744680851 0.00159574468085106 0.00159574468085106 0.00797872340425532 0.00638297872340425; % G D=0.6
0.00957446808510638 0.00159574468085106 0.00159574468085106 0.00797872340425532 0.00797872340425532 0.926595744680851 0.00159574468085106 0.00159574468085106 0.00797872340425532 0.00159574468085106 0.00797872340425532 0.00159574468085106 0.00159574468085106 0.00159574468085106 0.00159574468085106 0.00159574468085106 0.00159574468085106 0.00797872340425532 0.00638297872340425; % K D=0.6
0.00957446808510638 0.00159574468085106 0.00159574468085106 0.00797872340425532 0.00797872340425532 0.00159574468085106 0.926595744680851 0.00159574468085106 0.00797872340425532 0.00159574468085106 0.00797872340425532 0.00159574468085106 0.00159574468085106 0.00159574468085106 0.00159574468085106 0.00159574468085106 0.00159574468085106 0.00797872340425532 0.00638297872340425; % L D=0.6
0.00957446808510638 0.00159574468085106 0.00159574468085106 0.00797872340425532 0.00797872340425532 0.00159574468085106 0.00159574468085106 0.00159574468085106 0.00797872340425532 0.00159574468085106 0.00797872340425532 0.926595744680851 0.00159574468085106 0.00159574468085106 0.00159574468085106 0.00159574468085106 0.00159574468085106 0.00797872340425532 0.00638297872340425; % P D=0.6
