syllables = '$BDGKLPTVZbdgklptvz';
discounts = [0.1 0.2 0.3 0.4 0.5 0.6 0.7 0.8 0.9 0.95];
kn_probs = [0.000222222222222222 3.7037037037037e-05 3.7037037037037e-05 3.7037037037037e-05 0.199888888888889 3.7037037037037e-05 3.7037037037037e-05 0.166555555555556 0.169888888888889 3.7037037037037e-05 3.7037037037037e-05 0.133222222222222 3.7037037037037e-05 3.7037037037037e-05 0.169888888888889 3.7037037037037e-05 0.159888888888889 3.7037037037037e-05 3.7037037037037e-05; % $ D=0.1
0.254833333333333 5.55555555555556e-05 5.55555555555556e-05 5.55555555555556e-05 0.154833333333333 5.55555555555556e-05 5.55555555555556e-05 0.000333333333333333 0.154833333333333 5.55555555555556e-05 5.55555555555556e-05 0.154833333333333 5.55555555555556e-05 5.55555555555556e-05 0.139833333333333 5.55555555555556e-05 0.139833333333333 5.55555555555556e-05 5.55555555555556e-05; % B D=0.1
0.289833333333333 5.55555555555556e-05 5.55555555555556e-05 5.55555555555556e-05 0.119833333333333 5.55555555555556e-05 5.55555555555556e-05 0.189833333333333 0.000333333333333333 5.55555555555556e-05 5.55555555555556e-05 0.144833333333333 5.55555555555556e-05 5.55555555555556e-05 0.124833333333333 5.55555555555556e-05 0.129833333333333 5.55555555555556e-05 5.55555555555556e-05; % D D=0.1
5.55555555555556e-05 9.25925925925926e-06 9.25925925925926e-06 9.25925925925926e-06 5.55555555555556e-05 9.25925925925926e-06 9.25925925925926e-06 5.55555555555556e-05 5.55555555555556e-05 9.25925925925926e-06 9.25925925925926e-06 5.55555555555556e-05 0.999509259259259 9.25925925925926e-06 5.55555555555556e-05 9.25925925925926e-06 5.55555555555556e-05 9.25925925925926e-06 9.25925925925926e-06; % G D=0.1
5.55555555555556e-05 9.25925925925926e-06 9.25925925925926e-06 9.25925925925926e-06 5.55555555555556e-05 9.25925925925926e-06 9.25925925925926e-06 5.55555555555556e-05 5.55555555555556e-05 9.25925925925926e-06 9.25925925925926e-06 5.55555555555556e-05 9.25925925925926e-06 9.25925925925926e-06 5.55555555555556e-05 9.25925925925926e-06 5.55555555555556e-05 0.999509259259259 9.25925925925926e-06; % K D=0.1
5.55555555555556e-05 0.999509259259259 9.25925925925926e-06 9.25925925925926e-06 5.55555555555556e-05 9.25925925925926e-06 9.25925925925926e-06 5.55555555555556e-05 5.55555555555556e-05 9.25925925925926e-06 9.25925925925926e-06 5.55555555555556e-05 9.25925925925926e-06 9.25925925925926e-06 5.55555555555556e-05 9.25925925925926e-06 5.55555555555556e-05 9.25925925925926e-06 9.25925925925926e-06; % L D=0.1
5.55555555555556e-05 9.25925925925926e-06 9.25925925925926e-06 9.25925925925926e-06 5.55555555555556e-05 9.25925925925926e-06 9.25925925925926e-06 5.55555555555556e-05 5.55555555555556e-05 9.25925925925926e-06 9.25925925925926e-06 5.55555555555556e-05 9.25925925925926e-06 9.25925925925926e-06 5.55555555555556e-05 9.25925925925926e-06 5.55555555555556e-05 9.25925925925926e-06 0.999509259259259; % P D=0.1
5.55555555555556e-05 9.25925925925926e-06 9.25925925925926e-06 9.25925925925926e-06 5.55555555555556e-05 0.999509259259259 9.25925925925926e-06 5.55555555555556e-05 5.55555555555556e-05 9.25925925925926e-06 9.25925925925926e-06 5.55555555555556e-05 9.25925925925926e-06 9.25925925925926e-06 5.55555555555556e-05 9.25925925925926e-06 5.55555555555556e-05 9.25925925925926e-06 9.25925925925926e-06; % T D=0.1
5.55555555555556e-05 9.25925925925926e-06 0.999509259259259 9.25925925925926e-06 5.55555555555556e-05 9.25925925925926e-06 9.25925925925926e-06 5.55555555555556e-05 5.55555555555556e-05 9.25925925925926e-06 9.25925925925926e-06 5.55555555555556e-05 9.25925925925926e-06 9.25925925925926e-06 5.55555555555556e-05 9.25925925925926e-06 5.55555555555556e-05 9.25925925925926e-06 9.25925925925926e-06; % V D=0.1
5.55555555555556e-05 9.25925925925926e-06 9.25925925925926e-06 9.25925925925926e-06 5.55555555555556e-05 9.25925925925926e-06 9.25925925925926e-06 5.55555555555556e-05 5.55555555555556e-05 9.25925925925926e-06 0.999509259259259 5.55555555555556e-05 9.25925925925926e-06 9.25925925925926e-06 5.55555555555556e-05 9.25925925925926e-06 5.55555555555556e-05 9.25925925925926e-06 9.25925925925926e-06; % Z D=0.1
0.244833333333333 5.55555555555556e-05 5.55555555555556e-05 5.55555555555556e-05 0.174833333333333 5.55555555555556e-05 5.55555555555556e-05 0.0998333333333333 0.134833333333333 5.55555555555556e-05 5.55555555555556e-05 0.169833333333333 5.55555555555556e-05 5.55555555555556e-05 0.174833333333333 5.55555555555556e-05 0.000333333333333333 5.55555555555556e-05 5.55555555555556e-05; % b D=0.1
5.55555555555556e-05 9.25925925925926e-06 9.25925925925926e-06 9.25925925925926e-06 5.55555555555556e-05 9.25925925925926e-06 0.999509259259259 5.55555555555556e-05 5.55555555555556e-05 9.25925925925926e-06 9.25925925925926e-06 5.55555555555556e-05 9.25925925925926e-06 9.25925925925926e-06 5.55555555555556e-05 9.25925925925926e-06 5.55555555555556e-05 9.25925925925926e-06 9.25925925925926e-06; % d D=0.1
0.244833333333333 5.55555555555556e-05 5.55555555555556e-05 5.55555555555556e-05 0.000333333333333333 5.55555555555556e-05 5.55555555555556e-05 0.119833333333333 0.189833333333333 5.55555555555556e-05 5.55555555555556e-05 0.184833333333333 5.55555555555556e-05 5.55555555555556e-05 0.134833333333333 5.55555555555556e-05 0.124833333333333 5.55555555555556e-05 5.55555555555556e-05; % g D=0.1
0.219833333333333 5.55555555555556e-05 5.55555555555556e-05 5.55555555555556e-05 0.129833333333333 5.55555555555556e-05 5.55555555555556e-05 0.169833333333333 0.129833333333333 5.55555555555556e-05 5.55555555555556e-05 0.144833333333333 5.55555555555556e-05 5.55555555555556e-05 0.000333333333333333 5.55555555555556e-05 0.204833333333333 5.55555555555556e-05 5.55555555555556e-05; % k D=0.1
5.55555555555556e-05 9.25925925925926e-06 9.25925925925926e-06 9.25925925925926e-06 5.55555555555556e-05 9.25925925925926e-06 9.25925925925926e-06 5.55555555555556e-05 5.55555555555556e-05 9.25925925925926e-06 9.25925925925926e-06 5.55555555555556e-05 9.25925925925926e-06 0.999509259259259 5.55555555555556e-05 9.25925925925926e-06 5.55555555555556e-05 9.25925925925926e-06 9.25925925925926e-06; % l D=0.1
5.55555555555556e-05 9.25925925925926e-06 9.25925925925926e-06 9.25925925925926e-06 5.55555555555556e-05 9.25925925925926e-06 9.25925925925926e-06 5.55555555555556e-05 5.55555555555556e-05 0.999509259259259 9.25925925925926e-06 5.55555555555556e-05 9.25925925925926e-06 9.25925925925926e-06 5.55555555555556e-05 9.25925925925926e-06 5.55555555555556e-05 9.25925925925926e-06 9.25925925925926e-06; % p D=0.1
5.55555555555556e-05 9.25925925925926e-06 9.25925925925926e-06 9.25925925925926e-06 5.55555555555556e-05 9.25925925925926e-06 9.25925925925926e-06 5.55555555555556e-05 5.55555555555556e-05 9.25925925925926e-06 9.25925925925926e-06 5.55555555555556e-05 9.25925925925926e-06 9.25925925925926e-06 5.55555555555556e-05 0.999509259259259 5.55555555555556e-05 9.25925925925926e-06 9.25925925925926e-06; % t D=0.1
5.55555555555556e-05 9.25925925925926e-06 9.25925925925926e-06 0.999509259259259 5.55555555555556e-05 9.25925925925926e-06 9.25925925925926e-06 5.55555555555556e-05 5.55555555555556e-05 9.25925925925926e-06 9.25925925925926e-06 5.55555555555556e-05 9.25925925925926e-06 9.25925925925926e-06 5.55555555555556e-05 9.25925925925926e-06 5.55555555555556e-05 9.25925925925926e-06 9.25925925925926e-06; % v D=0.1
0.244833333333333 5.55555555555556e-05 5.55555555555556e-05 5.55555555555556e-05 0.119833333333333 5.55555555555556e-05 5.55555555555556e-05 0.169833333333333 0.134833333333333 5.55555555555556e-05 5.55555555555556e-05 0.000333333333333333 5.55555555555556e-05 5.55555555555556e-05 0.169833333333333 5.55555555555556e-05 0.159833333333333 5.55555555555556e-05 5.55555555555556e-05; % z D=0.1
