syllables = '$BDGKLPTVZbdgklptvz';
discounts = [0.1 0.2 0.3 0.4 0.5 0.6 0.7 0.8 0.9 0.95];
kn_probs = [0.000444444444444445 7.40740740740741e-05 7.40740740740741e-05 7.40740740740741e-05 0.119777777777778 0.199777777777778 7.40740740740741e-05 7.40740740740741e-05 7.40740740740741e-05 7.40740740740741e-05 7.40740740740741e-05 7.40740740740741e-05 0.199777777777778 7.40740740740741e-05 0.126444444444444 7.40740740740741e-05 0.146444444444444 0.206444444444444 7.40740740740741e-05; % $ D=0.1
0.209666666666667 0.000111111111111111 0.000111111111111111 0.000111111111111111 0.109666666666667 0.000666666666666667 0.000111111111111111 0.000111111111111111 0.000111111111111111 0.000111111111111111 0.000111111111111111 0.000111111111111111 0.169666666666667 0.000111111111111111 0.209666666666667 0.000111111111111111 0.199666666666667 0.0996666666666667 0.000111111111111111; % B D=0.1
0.000111111111111111 1.85185185185185e-05 1.85185185185185e-05 1.85185185185185e-05 0.000111111111111111 0.000111111111111111 1.85185185185185e-05 1.85185185185185e-05 1.85185185185185e-05 1.85185185185185e-05 1.85185185185185e-05 1.85185185185185e-05 0.000111111111111111 0.999018518518519 0.000111111111111111 1.85185185185185e-05 0.000111111111111111 0.000111111111111111 1.85185185185185e-05; % D D=0.1
0.259666666666667 0.000111111111111111 0.000111111111111111 0.000111111111111111 0.159666666666667 0.169666666666667 0.000111111111111111 0.000111111111111111 0.000111111111111111 0.000111111111111111 0.000111111111111111 0.000111111111111111 0.109666666666667 0.000111111111111111 0.109666666666667 0.000111111111111111 0.189666666666667 0.000666666666666667 0.000111111111111111; % G D=0.1
0.000111111111111111 1.85185185185185e-05 1.85185185185185e-05 1.85185185185185e-05 0.000111111111111111 0.000111111111111111 1.85185185185185e-05 1.85185185185185e-05 0.999018518518519 1.85185185185185e-05 1.85185185185185e-05 1.85185185185185e-05 0.000111111111111111 1.85185185185185e-05 0.000111111111111111 1.85185185185185e-05 0.000111111111111111 0.000111111111111111 1.85185185185185e-05; % K D=0.1
0.000111111111111111 1.85185185185185e-05 1.85185185185185e-05 1.85185185185185e-05 0.000111111111111111 0.000111111111111111 1.85185185185185e-05 1.85185185185185e-05 1.85185185185185e-05 0.999018518518519 1.85185185185185e-05 1.85185185185185e-05 0.000111111111111111 1.85185185185185e-05 0.000111111111111111 1.85185185185185e-05 0.000111111111111111 0.000111111111111111 1.85185185185185e-05; % L D=0.1
0.249666666666667 0.000111111111111111 0.000111111111111111 0.000111111111111111 0.000666666666666667 0.159666666666667 0.000111111111111111 0.000111111111111111 0.000111111111111111 0.000111111111111111 0.000111111111111111 0.000111111111111111 0.169666666666667 0.000111111111111111 0.159666666666667 0.000111111111111111 0.0896666666666667 0.169666666666667 0.000111111111111111; % P D=0.1
0.000111111111111111 0.999018518518519 1.85185185185185e-05 1.85185185185185e-05 0.000111111111111111 0.000111111111111111 1.85185185185185e-05 1.85185185185185e-05 1.85185185185185e-05 1.85185185185185e-05 1.85185185185185e-05 1.85185185185185e-05 0.000111111111111111 1.85185185185185e-05 0.000111111111111111 1.85185185185185e-05 0.000111111111111111 0.000111111111111111 1.85185185185185e-05; % T D=0.1
0.000111111111111111 1.85185185185185e-05 1.85185185185185e-05 1.85185185185185e-05 0.000111111111111111 0.000111111111111111 1.85185185185185e-05 1.85185185185185e-05 1.85185185185185e-05 1.85185185185185e-05 0.999018518518519 1.85185185185185e-05 0.000111111111111111 1.85185185185185e-05 0.000111111111111111 1.85185185185185e-05 0.000111111111111111 0.000111111111111111 1.85185185185185e-05; % V D=0.1
0.000111111111111111 1.85185185185185e-05 1.85185185185185e-05 1.85185185185185e-05 0.000111111111111111 0.000111111111111111 1.85185185185185e-05 0.999018518518519 1.85185185185185e-05 1.85185185185185e-05 1.85185185185185e-05 1.85185185185185e-05 0.000111111111111111 1.85185185185185e-05 0.000111111111111111 1.85185185185185e-05 0.000111111111111111 0.000111111111111111 1.85185185185185e-05; % Z D=0.1
0.000111111111111111 1.85185185185185e-05 1.85185185185185e-05 1.85185185185185e-05 0.000111111111111111 0.000111111111111111 0.999018518518519 1.85185185185185e-05 1.85185185185185e-05 1.85185185185185e-05 1.85185185185185e-05 1.85185185185185e-05 0.000111111111111111 1.85185185185185e-05 0.000111111111111111 1.85185185185185e-05 0.000111111111111111 0.000111111111111111 1.85185185185185e-05; % b D=0.1
0.329666666666667 0.000111111111111111 0.000111111111111111 0.000111111111111111 0.159666666666667 0.0796666666666667 0.000111111111111111 0.000111111111111111 0.000111111111111111 0.000111111111111111 0.000111111111111111 0.000111111111111111 0.129666666666667 0.000111111111111111 0.000666666666666667 0.000111111111111111 0.169666666666667 0.129666666666667 0.000111111111111111; % d D=0.1
0.000111111111111111 1.85185185185185e-05 0.999018518518519 1.85185185185185e-05 0.000111111111111111 0.000111111111111111 1.85185185185185e-05 1.85185185185185e-05 1.85185185185185e-05 1.85185185185185e-05 1.85185185185185e-05 1.85185185185185e-05 0.000111111111111111 1.85185185185185e-05 0.000111111111111111 1.85185185185185e-05 0.000111111111111111 0.000111111111111111 1.85185185185185e-05; % g D=0.1
0.239666666666667 0.000111111111111111 0.000111111111111111 0.000111111111111111 0.179666666666667 0.119666666666667 0.000111111111111111 0.000111111111111111 0.000111111111111111 0.000111111111111111 0.000111111111111111 0.000111111111111111 0.000666666666666667 0.000111111111111111 0.179666666666667 0.000111111111111111 0.129666666666667 0.149666666666667 0.000111111111111111; % k D=0.1
0.000111111111111111 1.85185185185185e-05 1.85185185185185e-05 1.85185185185185e-05 0.000111111111111111 0.000111111111111111 1.85185185185185e-05 1.85185185185185e-05 1.85185185185185e-05 1.85185185185185e-05 1.85185185185185e-05 0.999018518518519 0.000111111111111111 1.85185185185185e-05 0.000111111111111111 1.85185185185185e-05 0.000111111111111111 0.000111111111111111 1.85185185185185e-05; % l D=0.1
0.209666666666667 0.000111111111111111 0.000111111111111111 0.000111111111111111 0.209666666666667 0.169666666666667 0.000111111111111111 0.000111111111111111 0.000111111111111111 0.000111111111111111 0.000111111111111111 0.000111111111111111 0.119666666666667 0.000111111111111111 0.149666666666667 0.000111111111111111 0.000666666666666667 0.139666666666667 0.000111111111111111; % p D=0.1
0.000111111111111111 1.85185185185185e-05 1.85185185185185e-05 1.85185185185185e-05 0.000111111111111111 0.000111111111111111 1.85185185185185e-05 1.85185185185185e-05 1.85185185185185e-05 1.85185185185185e-05 1.85185185185185e-05 1.85185185185185e-05 0.000111111111111111 1.85185185185185e-05 0.000111111111111111 1.85185185185185e-05 0.000111111111111111 0.000111111111111111 0.999018518518519; % t D=0.1
0.000111111111111111 1.85185185185185e-05 1.85185185185185e-05 0.999018518518519 0.000111111111111111 0.000111111111111111 1.85185185185185e-05 1.85185185185185e-05 1.85185185185185e-05 1.85185185185185e-05 1.85185185185185e-05 1.85185185185185e-05 0.000111111111111111 1.85185185185185e-05 0.000111111111111111 1.85185185185185e-05 0.000111111111111111 0.000111111111111111 1.85185185185185e-05; % v D=0.1
0.000111111111111111 1.85185185185185e-05 1.85185185185185e-05 1.85185185185185e-05 0.000111111111111111 0.000111111111111111 1.85185185185185e-05 1.85185185185185e-05 1.85185185185185e-05 1.85185185185185e-05 1.85185185185185e-05 1.85185185185185e-05 0.000111111111111111 1.85185185185185e-05 0.000111111111111111 0.999018518518519 0.000111111111111111 0.000111111111111111 1.85185185185185e-05; % z D=0.1
0.000888888888888889 0.000148148148148148 0.000148148148148148 0.000148148148148148 0.119555555555556 0.199555555555556 0.000148148148148148 0.000148148148148148 0.000148148148148148 0.000148148148148148 0.000148148148148148 0.000148148148148148 0.199555555555556 0.000148148148148148 0.126222222222222 0.000148148148148148 0.146222222222222 0.206222222222222 0.000148148148148148; % $ D=0.2
0.209333333333333 0.000222222222222222 0.000222222222222222 0.000222222222222222 0.109333333333333 0.00133333333333333 0.000222222222222222 0.000222222222222222 0.000222222222222222 0.000222222222222222 0.000222222222222222 0.000222222222222222 0.169333333333333 0.000222222222222222 0.209333333333333 0.000222222222222222 0.199333333333333 0.0993333333333333 0.000222222222222222; % B D=0.2
0.000222222222222222 3.7037037037037e-05 3.7037037037037e-05 3.7037037037037e-05 0.000222222222222222 0.000222222222222222 3.7037037037037e-05 3.7037037037037e-05 3.7037037037037e-05 3.7037037037037e-05 3.7037037037037e-05 3.7037037037037e-05 0.000222222222222222 0.998037037037037 0.000222222222222222 3.7037037037037e-05 0.000222222222222222 0.000222222222222222 3.7037037037037e-05; % D D=0.2
0.259333333333333 0.000222222222222222 0.000222222222222222 0.000222222222222222 0.159333333333333 0.169333333333333 0.000222222222222222 0.000222222222222222 0.000222222222222222 0.000222222222222222 0.000222222222222222 0.000222222222222222 0.109333333333333 0.000222222222222222 0.109333333333333 0.000222222222222222 0.189333333333333 0.00133333333333333 0.000222222222222222; % G D=0.2
0.000222222222222222 3.7037037037037e-05 3.7037037037037e-05 3.7037037037037e-05 0.000222222222222222 0.000222222222222222 3.7037037037037e-05 3.7037037037037e-05 0.998037037037037 3.7037037037037e-05 3.7037037037037e-05 3.7037037037037e-05 0.000222222222222222 3.7037037037037e-05 0.000222222222222222 3.7037037037037e-05 0.000222222222222222 0.000222222222222222 3.7037037037037e-05; % K D=0.2
0.000222222222222222 3.7037037037037e-05 3.7037037037037e-05 3.7037037037037e-05 0.000222222222222222 0.000222222222222222 3.7037037037037e-05 3.7037037037037e-05 3.7037037037037e-05 0.998037037037037 3.7037037037037e-05 3.7037037037037e-05 0.000222222222222222 3.7037037037037e-05 0.000222222222222222 3.7037037037037e-05 0.000222222222222222 0.000222222222222222 3.7037037037037e-05; % L D=0.2
0.249333333333333 0.000222222222222222 0.000222222222222222 0.000222222222222222 0.00133333333333333 0.159333333333333 0.000222222222222222 0.000222222222222222 0.000222222222222222 0.000222222222222222 0.000222222222222222 0.000222222222222222 0.169333333333333 0.000222222222222222 0.159333333333333 0.000222222222222222 0.0893333333333333 0.169333333333333 0.000222222222222222; % P D=0.2
0.000222222222222222 0.998037037037037 3.7037037037037e-05 3.7037037037037e-05 0.000222222222222222 0.000222222222222222 3.7037037037037e-05 3.7037037037037e-05 3.7037037037037e-05 3.7037037037037e-05 3.7037037037037e-05 3.7037037037037e-05 0.000222222222222222 3.7037037037037e-05 0.000222222222222222 3.7037037037037e-05 0.000222222222222222 0.000222222222222222 3.7037037037037e-05; % T D=0.2
0.000222222222222222 3.7037037037037e-05 3.7037037037037e-05 3.7037037037037e-05 0.000222222222222222 0.000222222222222222 3.7037037037037e-05 3.7037037037037e-05 3.7037037037037e-05 3.7037037037037e-05 0.998037037037037 3.7037037037037e-05 0.000222222222222222 3.7037037037037e-05 0.000222222222222222 3.7037037037037e-05 0.000222222222222222 0.000222222222222222 3.7037037037037e-05; % V D=0.2
0.000222222222222222 3.7037037037037e-05 3.7037037037037e-05 3.7037037037037e-05 0.000222222222222222 0.000222222222222222 3.7037037037037e-05 0.998037037037037 3.7037037037037e-05 3.7037037037037e-05 3.7037037037037e-05 3.7037037037037e-05 0.000222222222222222 3.7037037037037e-05 0.000222222222222222 3.7037037037037e-05 0.000222222222222222 0.000222222222222222 3.7037037037037e-05; % Z D=0.2
0.000222222222222222 3.7037037037037e-05 3.7037037037037e-05 3.7037037037037e-05 0.000222222222222222 0.000222222222222222 0.998037037037037 3.7037037037037e-05 3.7037037037037e-05 3.7037037037037e-05 3.7037037037037e-05 3.7037037037037e-05 0.000222222222222222 3.7037037037037e-05 0.000222222222222222 3.7037037037037e-05 0.000222222222222222 0.000222222222222222 3.7037037037037e-05; % b D=0.2
0.329333333333333 0.000222222222222222 0.000222222222222222 0.000222222222222222 0.159333333333333 0.0793333333333333 0.000222222222222222 0.000222222222222222 0.000222222222222222 0.000222222222222222 0.000222222222222222 0.000222222222222222 0.129333333333333 0.000222222222222222 0.00133333333333333 0.000222222222222222 0.169333333333333 0.129333333333333 0.000222222222222222; % d D=0.2
0.000222222222222222 3.7037037037037e-05 0.998037037037037 3.7037037037037e-05 0.000222222222222222 0.000222222222222222 3.7037037037037e-05 3.7037037037037e-05 3.7037037037037e-05 3.7037037037037e-05 3.7037037037037e-05 3.7037037037037e-05 0.000222222222222222 3.7037037037037e-05 0.000222222222222222 3.7037037037037e-05 0.000222222222222222 0.000222222222222222 3.7037037037037e-05; % g D=0.2
0.239333333333333 0.000222222222222222 0.000222222222222222 0.000222222222222222 0.179333333333333 0.119333333333333 0.000222222222222222 0.000222222222222222 0.000222222222222222 0.000222222222222222 0.000222222222222222 0.000222222222222222 0.00133333333333333 0.000222222222222222 0.179333333333333 0.000222222222222222 0.129333333333333 0.149333333333333 0.000222222222222222; % k D=0.2
0.000222222222222222 3.7037037037037e-05 3.7037037037037e-05 3.7037037037037e-05 0.000222222222222222 0.000222222222222222 3.7037037037037e-05 3.7037037037037e-05 3.7037037037037e-05 3.7037037037037e-05 3.7037037037037e-05 0.998037037037037 0.000222222222222222 3.7037037037037e-05 0.000222222222222222 3.7037037037037e-05 0.000222222222222222 0.000222222222222222 3.7037037037037e-05; % l D=0.2
0.209333333333333 0.000222222222222222 0.000222222222222222 0.000222222222222222 0.209333333333333 0.169333333333333 0.000222222222222222 0.000222222222222222 0.000222222222222222 0.000222222222222222 0.000222222222222222 0.000222222222222222 0.119333333333333 0.000222222222222222 0.149333333333333 0.000222222222222222 0.00133333333333333 0.139333333333333 0.000222222222222222; % p D=0.2
0.000222222222222222 3.7037037037037e-05 3.7037037037037e-05 3.7037037037037e-05 0.000222222222222222 0.000222222222222222 3.7037037037037e-05 3.7037037037037e-05 3.7037037037037e-05 3.7037037037037e-05 3.7037037037037e-05 3.7037037037037e-05 0.000222222222222222 3.7037037037037e-05 0.000222222222222222 3.7037037037037e-05 0.000222222222222222 0.000222222222222222 0.998037037037037; % t D=0.2
0.000222222222222222 3.7037037037037e-05 3.7037037037037e-05 0.998037037037037 0.000222222222222222 0.000222222222222222 3.7037037037037e-05 3.7037037037037e-05 3.7037037037037e-05 3.7037037037037e-05 3.7037037037037e-05 3.7037037037037e-05 0.000222222222222222 3.7037037037037e-05 0.000222222222222222 3.7037037037037e-05 0.000222222222222222 0.000222222222222222 3.7037037037037e-05; % v D=0.2
0.000222222222222222 3.7037037037037e-05 3.7037037037037e-05 3.7037037037037e-05 0.000222222222222222 0.000222222222222222 3.7037037037037e-05 3.7037037037037e-05 3.7037037037037e-05 3.7037037037037e-05 3.7037037037037e-05 3.7037037037037e-05 0.000222222222222222 3.7037037037037e-05 0.000222222222222222 0.998037037037037 0.000222222222222222 0.000222222222222222 3.7037037037037e-05; % z D=0.2
0.00133333333333333 0.000222222222222222 0.000222222222222222 0.000222222222222222 0.119333333333333 0.199333333333333 0.000222222222222222 0.000222222222222222 0.000222222222222222 0.000222222222222222 0.000222222222222222 0.000222222222222222 0.199333333333333 0.000222222222222222 0.126 0.000222222222222222 0.146 0.206 0.000222222222222222; % $ D=0.3
0.209 0.000333333333333333 0.000333333333333333 0.000333333333333333 0.109 0.002 0.000333333333333333 0.000333333333333333 0.000333333333333333 0.000333333333333333 0.000333333333333333 0.000333333333333333 0.169 0.000333333333333333 0.209 0.000333333333333333 0.199 0.099 0.000333333333333333; % B D=0.3
0.000333333333333333 5.55555555555556e-05 5.55555555555556e-05 5.55555555555556e-05 0.000333333333333333 0.000333333333333333 5.55555555555556e-05 5.55555555555556e-05 5.55555555555556e-05 5.55555555555556e-05 5.55555555555556e-05 5.55555555555556e-05 0.000333333333333333 0.997055555555556 0.000333333333333333 5.55555555555556e-05 0.000333333333333333 0.000333333333333333 5.55555555555556e-05; % D D=0.3
0.259 0.000333333333333333 0.000333333333333333 0.000333333333333333 0.159 0.169 0.000333333333333333 0.000333333333333333 0.000333333333333333 0.000333333333333333 0.000333333333333333 0.000333333333333333 0.109 0.000333333333333333 0.109 0.000333333333333333 0.189 0.002 0.000333333333333333; % G D=0.3
0.000333333333333333 5.55555555555556e-05 5.55555555555556e-05 5.55555555555556e-05 0.000333333333333333 0.000333333333333333 5.55555555555556e-05 5.55555555555556e-05 0.997055555555556 5.55555555555556e-05 5.55555555555556e-05 5.55555555555556e-05 0.000333333333333333 5.55555555555556e-05 0.000333333333333333 5.55555555555556e-05 0.000333333333333333 0.000333333333333333 5.55555555555556e-05; % K D=0.3
0.000333333333333333 5.55555555555556e-05 5.55555555555556e-05 5.55555555555556e-05 0.000333333333333333 0.000333333333333333 5.55555555555556e-05 5.55555555555556e-05 5.55555555555556e-05 0.997055555555556 5.55555555555556e-05 5.55555555555556e-05 0.000333333333333333 5.55555555555556e-05 0.000333333333333333 5.55555555555556e-05 0.000333333333333333 0.000333333333333333 5.55555555555556e-05; % L D=0.3
0.249 0.000333333333333333 0.000333333333333333 0.000333333333333333 0.002 0.159 0.000333333333333333 0.000333333333333333 0.000333333333333333 0.000333333333333333 0.000333333333333333 0.000333333333333333 0.169 0.000333333333333333 0.159 0.000333333333333333 0.089 0.169 0.000333333333333333; % P D=0.3
0.000333333333333333 0.997055555555556 5.55555555555556e-05 5.55555555555556e-05 0.000333333333333333 0.000333333333333333 5.55555555555556e-05 5.55555555555556e-05 5.55555555555556e-05 5.55555555555556e-05 5.55555555555556e-05 5.55555555555556e-05 0.000333333333333333 5.55555555555556e-05 0.000333333333333333 5.55555555555556e-05 0.000333333333333333 0.000333333333333333 5.55555555555556e-05; % T D=0.3
0.000333333333333333 5.55555555555556e-05 5.55555555555556e-05 5.55555555555556e-05 0.000333333333333333 0.000333333333333333 5.55555555555556e-05 5.55555555555556e-05 5.55555555555556e-05 5.55555555555556e-05 0.997055555555556 5.55555555555556e-05 0.000333333333333333 5.55555555555556e-05 0.000333333333333333 5.55555555555556e-05 0.000333333333333333 0.000333333333333333 5.55555555555556e-05; % V D=0.3
0.000333333333333333 5.55555555555556e-05 5.55555555555556e-05 5.55555555555556e-05 0.000333333333333333 0.000333333333333333 5.55555555555556e-05 0.997055555555556 5.55555555555556e-05 5.55555555555556e-05 5.55555555555556e-05 5.55555555555556e-05 0.000333333333333333 5.55555555555556e-05 0.000333333333333333 5.55555555555556e-05 0.000333333333333333 0.000333333333333333 5.55555555555556e-05; % Z D=0.3
0.000333333333333333 5.55555555555556e-05 5.55555555555556e-05 5.55555555555556e-05 0.000333333333333333 0.000333333333333333 0.997055555555556 5.55555555555556e-05 5.55555555555556e-05 5.55555555555556e-05 5.55555555555556e-05 5.55555555555556e-05 0.000333333333333333 5.55555555555556e-05 0.000333333333333333 5.55555555555556e-05 0.000333333333333333 0.000333333333333333 5.55555555555556e-05; % b D=0.3
0.329 0.000333333333333333 0.000333333333333333 0.000333333333333333 0.159 0.079 0.000333333333333333 0.000333333333333333 0.000333333333333333 0.000333333333333333 0.000333333333333333 0.000333333333333333 0.129 0.000333333333333333 0.002 0.000333333333333333 0.169 0.129 0.000333333333333333; % d D=0.3
0.000333333333333333 5.55555555555556e-05 0.997055555555556 5.55555555555556e-05 0.000333333333333333 0.000333333333333333 5.55555555555556e-05 5.55555555555556e-05 5.55555555555556e-05 5.55555555555556e-05 5.55555555555556e-05 5.55555555555556e-05 0.000333333333333333 5.55555555555556e-05 0.000333333333333333 5.55555555555556e-05 0.000333333333333333 0.000333333333333333 5.55555555555556e-05; % g D=0.3
0.239 0.000333333333333333 0.000333333333333333 0.000333333333333333 0.179 0.119 0.000333333333333333 0.000333333333333333 0.000333333333333333 0.000333333333333333 0.000333333333333333 0.000333333333333333 0.002 0.000333333333333333 0.179 0.000333333333333333 0.129 0.149 0.000333333333333333; % k D=0.3
0.000333333333333333 5.55555555555556e-05 5.55555555555556e-05 5.55555555555556e-05 0.000333333333333333 0.000333333333333333 5.55555555555556e-05 5.55555555555556e-05 5.55555555555556e-05 5.55555555555556e-05 5.55555555555556e-05 0.997055555555556 0.000333333333333333 5.55555555555556e-05 0.000333333333333333 5.55555555555556e-05 0.000333333333333333 0.000333333333333333 5.55555555555556e-05; % l D=0.3
0.209 0.000333333333333333 0.000333333333333333 0.000333333333333333 0.209 0.169 0.000333333333333333 0.000333333333333333 0.000333333333333333 0.000333333333333333 0.000333333333333333 0.000333333333333333 0.119 0.000333333333333333 0.149 0.000333333333333333 0.002 0.139 0.000333333333333333; % p D=0.3
0.000333333333333333 5.55555555555556e-05 5.55555555555556e-05 5.55555555555556e-05 0.000333333333333333 0.000333333333333333 5.55555555555556e-05 5.55555555555556e-05 5.55555555555556e-05 5.55555555555556e-05 5.55555555555556e-05 5.55555555555556e-05 0.000333333333333333 5.55555555555556e-05 0.000333333333333333 5.55555555555556e-05 0.000333333333333333 0.000333333333333333 0.997055555555556; % t D=0.3
0.000333333333333333 5.55555555555556e-05 5.55555555555556e-05 0.997055555555556 0.000333333333333333 0.000333333333333333 5.55555555555556e-05 5.55555555555556e-05 5.55555555555556e-05 5.55555555555556e-05 5.55555555555556e-05 5.55555555555556e-05 0.000333333333333333 5.55555555555556e-05 0.000333333333333333 5.55555555555556e-05 0.000333333333333333 0.000333333333333333 5.55555555555556e-05; % v D=0.3
0.000333333333333333 5.55555555555556e-05 5.55555555555556e-05 5.55555555555556e-05 0.000333333333333333 0.000333333333333333 5.55555555555556e-05 5.55555555555556e-05 5.55555555555556e-05 5.55555555555556e-05 5.55555555555556e-05 5.55555555555556e-05 0.000333333333333333 5.55555555555556e-05 0.000333333333333333 0.997055555555556 0.000333333333333333 0.000333333333333333 5.55555555555556e-05; % z D=0.3
0.00177777777777778 0.000296296296296296 0.000296296296296296 0.000296296296296296 0.119111111111111 0.199111111111111 0.000296296296296296 0.000296296296296296 0.000296296296296296 0.000296296296296296 0.000296296296296296 0.000296296296296296 0.199111111111111 0.000296296296296296 0.125777777777778 0.000296296296296296 0.145777777777778 0.205777777777778 0.000296296296296296; % $ D=0.4
0.208666666666667 0.000444444444444445 0.000444444444444445 0.000444444444444445 0.108666666666667 0.00266666666666667 0.000444444444444445 0.000444444444444445 0.000444444444444445 0.000444444444444445 0.000444444444444445 0.000444444444444445 0.168666666666667 0.000444444444444445 0.208666666666667 0.000444444444444445 0.198666666666667 0.0986666666666667 0.000444444444444445; % B D=0.4
0.000444444444444445 7.40740740740741e-05 7.40740740740741e-05 7.40740740740741e-05 0.000444444444444445 0.000444444444444445 7.40740740740741e-05 7.40740740740741e-05 7.40740740740741e-05 7.40740740740741e-05 7.40740740740741e-05 7.40740740740741e-05 0.000444444444444445 0.996074074074074 0.000444444444444445 7.40740740740741e-05 0.000444444444444445 0.000444444444444445 7.40740740740741e-05; % D D=0.4
0.258666666666667 0.000444444444444445 0.000444444444444445 0.000444444444444445 0.158666666666667 0.168666666666667 0.000444444444444445 0.000444444444444445 0.000444444444444445 0.000444444444444445 0.000444444444444445 0.000444444444444445 0.108666666666667 0.000444444444444445 0.108666666666667 0.000444444444444445 0.188666666666667 0.00266666666666667 0.000444444444444445; % G D=0.4
0.000444444444444445 7.40740740740741e-05 7.40740740740741e-05 7.40740740740741e-05 0.000444444444444445 0.000444444444444445 7.40740740740741e-05 7.40740740740741e-05 0.996074074074074 7.40740740740741e-05 7.40740740740741e-05 7.40740740740741e-05 0.000444444444444445 7.40740740740741e-05 0.000444444444444445 7.40740740740741e-05 0.000444444444444445 0.000444444444444445 7.40740740740741e-05; % K D=0.4
0.000444444444444445 7.40740740740741e-05 7.40740740740741e-05 7.40740740740741e-05 0.000444444444444445 0.000444444444444445 7.40740740740741e-05 7.40740740740741e-05 7.40740740740741e-05 0.996074074074074 7.40740740740741e-05 7.40740740740741e-05 0.000444444444444445 7.40740740740741e-05 0.000444444444444445 7.40740740740741e-05 0.000444444444444445 0.000444444444444445 7.40740740740741e-05; % L D=0.4
0.248666666666667 0.000444444444444445 0.000444444444444445 0.000444444444444445 0.00266666666666667 0.158666666666667 0.000444444444444445 0.000444444444444445 0.000444444444444445 0.000444444444444445 0.000444444444444445 0.000444444444444445 0.168666666666667 0.000444444444444445 0.158666666666667 0.000444444444444445 0.0886666666666667 0.168666666666667 0.000444444444444445; % P D=0.4
0.000444444444444445 0.996074074074074 7.40740740740741e-05 7.40740740740741e-05 0.000444444444444445 0.000444444444444445 7.40740740740741e-05 7.40740740740741e-05 7.40740740740741e-05 7.40740740740741e-05 7.40740740740741e-05 7.40740740740741e-05 0.000444444444444445 7.40740740740741e-05 0.000444444444444445 7.40740740740741e-05 0.000444444444444445 0.000444444444444445 7.40740740740741e-05; % T D=0.4
0.000444444444444445 7.40740740740741e-05 7.40740740740741e-05 7.40740740740741e-05 0.000444444444444445 0.000444444444444445 7.40740740740741e-05 7.40740740740741e-05 7.40740740740741e-05 7.40740740740741e-05 0.996074074074074 7.40740740740741e-05 0.000444444444444445 7.40740740740741e-05 0.000444444444444445 7.40740740740741e-05 0.000444444444444445 0.000444444444444445 7.40740740740741e-05; % V D=0.4
0.000444444444444445 7.40740740740741e-05 7.40740740740741e-05 7.40740740740741e-05 0.000444444444444445 0.000444444444444445 7.40740740740741e-05 0.996074074074074 7.40740740740741e-05 7.40740740740741e-05 7.40740740740741e-05 7.40740740740741e-05 0.000444444444444445 7.40740740740741e-05 0.000444444444444445 7.40740740740741e-05 0.000444444444444445 0.000444444444444445 7.40740740740741e-05; % Z D=0.4
0.000444444444444445 7.40740740740741e-05 7.40740740740741e-05 7.40740740740741e-05 0.000444444444444445 0.000444444444444445 0.996074074074074 7.40740740740741e-05 7.40740740740741e-05 7.40740740740741e-05 7.40740740740741e-05 7.40740740740741e-05 0.000444444444444445 7.40740740740741e-05 0.000444444444444445 7.40740740740741e-05 0.000444444444444445 0.000444444444444445 7.40740740740741e-05; % b D=0.4
0.328666666666667 0.000444444444444445 0.000444444444444445 0.000444444444444445 0.158666666666667 0.0786666666666667 0.000444444444444445 0.000444444444444445 0.000444444444444445 0.000444444444444445 0.000444444444444445 0.000444444444444445 0.128666666666667 0.000444444444444445 0.00266666666666667 0.000444444444444445 0.168666666666667 0.128666666666667 0.000444444444444445; % d D=0.4
0.000444444444444445 7.40740740740741e-05 0.996074074074074 7.40740740740741e-05 0.000444444444444445 0.000444444444444445 7.40740740740741e-05 7.40740740740741e-05 7.40740740740741e-05 7.40740740740741e-05 7.40740740740741e-05 7.40740740740741e-05 0.000444444444444445 7.40740740740741e-05 0.000444444444444445 7.40740740740741e-05 0.000444444444444445 0.000444444444444445 7.40740740740741e-05; % g D=0.4
0.238666666666667 0.000444444444444445 0.000444444444444445 0.000444444444444445 0.178666666666667 0.118666666666667 0.000444444444444445 0.000444444444444445 0.000444444444444445 0.000444444444444445 0.000444444444444445 0.000444444444444445 0.00266666666666667 0.000444444444444445 0.178666666666667 0.000444444444444445 0.128666666666667 0.148666666666667 0.000444444444444445; % k D=0.4
0.000444444444444445 7.40740740740741e-05 7.40740740740741e-05 7.40740740740741e-05 0.000444444444444445 0.000444444444444445 7.40740740740741e-05 7.40740740740741e-05 7.40740740740741e-05 7.40740740740741e-05 7.40740740740741e-05 0.996074074074074 0.000444444444444445 7.40740740740741e-05 0.000444444444444445 7.40740740740741e-05 0.000444444444444445 0.000444444444444445 7.40740740740741e-05; % l D=0.4
0.208666666666667 0.000444444444444445 0.000444444444444445 0.000444444444444445 0.208666666666667 0.168666666666667 0.000444444444444445 0.000444444444444445 0.000444444444444445 0.000444444444444445 0.000444444444444445 0.000444444444444445 0.118666666666667 0.000444444444444445 0.148666666666667 0.000444444444444445 0.00266666666666667 0.138666666666667 0.000444444444444445; % p D=0.4
0.000444444444444445 7.40740740740741e-05 7.40740740740741e-05 7.40740740740741e-05 0.000444444444444445 0.000444444444444445 7.40740740740741e-05 7.40740740740741e-05 7.40740740740741e-05 7.40740740740741e-05 7.40740740740741e-05 7.40740740740741e-05 0.000444444444444445 7.40740740740741e-05 0.000444444444444445 7.40740740740741e-05 0.000444444444444445 0.000444444444444445 0.996074074074074; % t D=0.4
0.000444444444444445 7.40740740740741e-05 7.40740740740741e-05 0.996074074074074 0.000444444444444445 0.000444444444444445 7.40740740740741e-05 7.40740740740741e-05 7.40740740740741e-05 7.40740740740741e-05 7.40740740740741e-05 7.40740740740741e-05 0.000444444444444445 7.40740740740741e-05 0.000444444444444445 7.40740740740741e-05 0.000444444444444445 0.000444444444444445 7.40740740740741e-05; % v D=0.4
0.000444444444444445 7.40740740740741e-05 7.40740740740741e-05 7.40740740740741e-05 0.000444444444444445 0.000444444444444445 7.40740740740741e-05 7.40740740740741e-05 7.40740740740741e-05 7.40740740740741e-05 7.40740740740741e-05 7.40740740740741e-05 0.000444444444444445 7.40740740740741e-05 0.000444444444444445 0.996074074074074 0.000444444444444445 0.000444444444444445 7.40740740740741e-05; % z D=0.4
0.00222222222222222 0.00037037037037037 0.00037037037037037 0.00037037037037037 0.118888888888889 0.198888888888889 0.00037037037037037 0.00037037037037037 0.00037037037037037 0.00037037037037037 0.00037037037037037 0.00037037037037037 0.198888888888889 0.00037037037037037 0.125555555555556 0.00037037037037037 0.145555555555556 0.205555555555556 0.00037037037037037; % $ D=0.5
0.208333333333333 0.000555555555555556 0.000555555555555556 0.000555555555555556 0.108333333333333 0.00333333333333333 0.000555555555555556 0.000555555555555556 0.000555555555555556 0.000555555555555556 0.000555555555555556 0.000555555555555556 0.168333333333333 0.000555555555555556 0.208333333333333 0.000555555555555556 0.198333333333333 0.0983333333333333 0.000555555555555556; % B D=0.5
0.000555555555555556 9.25925925925926e-05 9.25925925925926e-05 9.25925925925926e-05 0.000555555555555556 0.000555555555555556 9.25925925925926e-05 9.25925925925926e-05 9.25925925925926e-05 9.25925925925926e-05 9.25925925925926e-05 9.25925925925926e-05 0.000555555555555556 0.995092592592593 0.000555555555555556 9.25925925925926e-05 0.000555555555555556 0.000555555555555556 9.25925925925926e-05; % D D=0.5
0.258333333333333 0.000555555555555556 0.000555555555555556 0.000555555555555556 0.158333333333333 0.168333333333333 0.000555555555555556 0.000555555555555556 0.000555555555555556 0.000555555555555556 0.000555555555555556 0.000555555555555556 0.108333333333333 0.000555555555555556 0.108333333333333 0.000555555555555556 0.188333333333333 0.00333333333333333 0.000555555555555556; % G D=0.5
0.000555555555555556 9.25925925925926e-05 9.25925925925926e-05 9.25925925925926e-05 0.000555555555555556 0.000555555555555556 9.25925925925926e-05 9.25925925925926e-05 0.995092592592593 9.25925925925926e-05 9.25925925925926e-05 9.25925925925926e-05 0.000555555555555556 9.25925925925926e-05 0.000555555555555556 9.25925925925926e-05 0.000555555555555556 0.000555555555555556 9.25925925925926e-05; % K D=0.5
0.000555555555555556 9.25925925925926e-05 9.25925925925926e-05 9.25925925925926e-05 0.000555555555555556 0.000555555555555556 9.25925925925926e-05 9.25925925925926e-05 9.25925925925926e-05 0.995092592592593 9.25925925925926e-05 9.25925925925926e-05 0.000555555555555556 9.25925925925926e-05 0.000555555555555556 9.25925925925926e-05 0.000555555555555556 0.000555555555555556 9.25925925925926e-05; % L D=0.5
0.248333333333333 0.000555555555555556 0.000555555555555556 0.000555555555555556 0.00333333333333333 0.158333333333333 0.000555555555555556 0.000555555555555556 0.000555555555555556 0.000555555555555556 0.000555555555555556 0.000555555555555556 0.168333333333333 0.000555555555555556 0.158333333333333 0.000555555555555556 0.0883333333333333 0.168333333333333 0.000555555555555556; % P D=0.5
0.000555555555555556 0.995092592592593 9.25925925925926e-05 9.25925925925926e-05 0.000555555555555556 0.000555555555555556 9.25925925925926e-05 9.25925925925926e-05 9.25925925925926e-05 9.25925925925926e-05 9.25925925925926e-05 9.25925925925926e-05 0.000555555555555556 9.25925925925926e-05 0.000555555555555556 9.25925925925926e-05 0.000555555555555556 0.000555555555555556 9.25925925925926e-05; % T D=0.5
0.000555555555555556 9.25925925925926e-05 9.25925925925926e-05 9.25925925925926e-05 0.000555555555555556 0.000555555555555556 9.25925925925926e-05 9.25925925925926e-05 9.25925925925926e-05 9.25925925925926e-05 0.995092592592593 9.25925925925926e-05 0.000555555555555556 9.25925925925926e-05 0.000555555555555556 9.25925925925926e-05 0.000555555555555556 0.000555555555555556 9.25925925925926e-05; % V D=0.5
0.000555555555555556 9.25925925925926e-05 9.25925925925926e-05 9.25925925925926e-05 0.000555555555555556 0.000555555555555556 9.25925925925926e-05 0.995092592592593 9.25925925925926e-05 9.25925925925926e-05 9.25925925925926e-05 9.25925925925926e-05 0.000555555555555556 9.25925925925926e-05 0.000555555555555556 9.25925925925926e-05 0.000555555555555556 0.000555555555555556 9.25925925925926e-05; % Z D=0.5
0.000555555555555556 9.25925925925926e-05 9.25925925925926e-05 9.25925925925926e-05 0.000555555555555556 0.000555555555555556 0.995092592592593 9.25925925925926e-05 9.25925925925926e-05 9.25925925925926e-05 9.25925925925926e-05 9.25925925925926e-05 0.000555555555555556 9.25925925925926e-05 0.000555555555555556 9.25925925925926e-05 0.000555555555555556 0.000555555555555556 9.25925925925926e-05; % b D=0.5
0.328333333333333 0.000555555555555556 0.000555555555555556 0.000555555555555556 0.158333333333333 0.0783333333333333 0.000555555555555556 0.000555555555555556 0.000555555555555556 0.000555555555555556 0.000555555555555556 0.000555555555555556 0.128333333333333 0.000555555555555556 0.00333333333333333 0.000555555555555556 0.168333333333333 0.128333333333333 0.000555555555555556; % d D=0.5
0.000555555555555556 9.25925925925926e-05 0.995092592592593 9.25925925925926e-05 0.000555555555555556 0.000555555555555556 9.25925925925926e-05 9.25925925925926e-05 9.25925925925926e-05 9.25925925925926e-05 9.25925925925926e-05 9.25925925925926e-05 0.000555555555555556 9.25925925925926e-05 0.000555555555555556 9.25925925925926e-05 0.000555555555555556 0.000555555555555556 9.25925925925926e-05; % g D=0.5
0.238333333333333 0.000555555555555556 0.000555555555555556 0.000555555555555556 0.178333333333333 0.118333333333333 0.000555555555555556 0.000555555555555556 0.000555555555555556 0.000555555555555556 0.000555555555555556 0.000555555555555556 0.00333333333333333 0.000555555555555556 0.178333333333333 0.000555555555555556 0.128333333333333 0.148333333333333 0.000555555555555556; % k D=0.5
0.000555555555555556 9.25925925925926e-05 9.25925925925926e-05 9.25925925925926e-05 0.000555555555555556 0.000555555555555556 9.25925925925926e-05 9.25925925925926e-05 9.25925925925926e-05 9.25925925925926e-05 9.25925925925926e-05 0.995092592592593 0.000555555555555556 9.25925925925926e-05 0.000555555555555556 9.25925925925926e-05 0.000555555555555556 0.000555555555555556 9.25925925925926e-05; % l D=0.5
0.208333333333333 0.000555555555555556 0.000555555555555556 0.000555555555555556 0.208333333333333 0.168333333333333 0.000555555555555556 0.000555555555555556 0.000555555555555556 0.000555555555555556 0.000555555555555556 0.000555555555555556 0.118333333333333 0.000555555555555556 0.148333333333333 0.000555555555555556 0.00333333333333333 0.138333333333333 0.000555555555555556; % p D=0.5
0.000555555555555556 9.25925925925926e-05 9.25925925925926e-05 9.25925925925926e-05 0.000555555555555556 0.000555555555555556 9.25925925925926e-05 9.25925925925926e-05 9.25925925925926e-05 9.25925925925926e-05 9.25925925925926e-05 9.25925925925926e-05 0.000555555555555556 9.25925925925926e-05 0.000555555555555556 9.25925925925926e-05 0.000555555555555556 0.000555555555555556 0.995092592592593; % t D=0.5
0.000555555555555556 9.25925925925926e-05 9.25925925925926e-05 0.995092592592593 0.000555555555555556 0.000555555555555556 9.25925925925926e-05 9.25925925925926e-05 9.25925925925926e-05 9.25925925925926e-05 9.25925925925926e-05 9.25925925925926e-05 0.000555555555555556 9.25925925925926e-05 0.000555555555555556 9.25925925925926e-05 0.000555555555555556 0.000555555555555556 9.25925925925926e-05; % v D=0.5
0.000555555555555556 9.25925925925926e-05 9.25925925925926e-05 9.25925925925926e-05 0.000555555555555556 0.000555555555555556 9.25925925925926e-05 9.25925925925926e-05 9.25925925925926e-05 9.25925925925926e-05 9.25925925925926e-05 9.25925925925926e-05 0.000555555555555556 9.25925925925926e-05 0.000555555555555556 0.995092592592593 0.000555555555555556 0.000555555555555556 9.25925925925926e-05; % z D=0.5
0.00266666666666667 0.000444444444444444 0.000444444444444444 0.000444444444444444 0.118666666666667 0.198666666666667 0.000444444444444444 0.000444444444444444 0.000444444444444444 0.000444444444444444 0.000444444444444444 0.000444444444444444 0.198666666666667 0.000444444444444444 0.125333333333333 0.000444444444444444 0.145333333333333 0.205333333333333 0.000444444444444444; % $ D=0.6
0.208 0.000666666666666667 0.000666666666666667 0.000666666666666667 0.108 0.004 0.000666666666666667 0.000666666666666667 0.000666666666666667 0.000666666666666667 0.000666666666666667 0.000666666666666667 0.168 0.000666666666666667 0.208 0.000666666666666667 0.198 0.098 0.000666666666666667; % B D=0.6
0.000666666666666667 0.000111111111111111 0.000111111111111111 0.000111111111111111 0.000666666666666667 0.000666666666666667 0.000111111111111111 0.000111111111111111 0.000111111111111111 0.000111111111111111 0.000111111111111111 0.000111111111111111 0.000666666666666667 0.994111111111111 0.000666666666666667 0.000111111111111111 0.000666666666666667 0.000666666666666667 0.000111111111111111; % D D=0.6
0.258 0.000666666666666667 0.000666666666666667 0.000666666666666667 0.158 0.168 0.000666666666666667 0.000666666666666667 0.000666666666666667 0.000666666666666667 0.000666666666666667 0.000666666666666667 0.108 0.000666666666666667 0.108 0.000666666666666667 0.188 0.004 0.000666666666666667; % G D=0.6
0.000666666666666667 0.000111111111111111 0.000111111111111111 0.000111111111111111 0.000666666666666667 0.000666666666666667 0.000111111111111111 0.000111111111111111 0.994111111111111 0.000111111111111111 0.000111111111111111 0.000111111111111111 0.000666666666666667 0.000111111111111111 0.000666666666666667 0.000111111111111111 0.000666666666666667 0.000666666666666667 0.000111111111111111; % K D=0.6
0.000666666666666667 0.000111111111111111 0.000111111111111111 0.000111111111111111 0.000666666666666667 0.000666666666666667 0.000111111111111111 0.000111111111111111 0.000111111111111111 0.994111111111111 0.000111111111111111 0.000111111111111111 0.000666666666666667 0.000111111111111111 0.000666666666666667 0.000111111111111111 0.000666666666666667 0.000666666666666667 0.000111111111111111; % L D=0.6
