syllables = '$BDGKLPTVZbdgklptvz';
discounts = [0.1 0.2 0.3 0.4 0.5 0.6 0.7 0.8 0.9 0.95];
kn_probs = [0.00555555555555556 0.000925925925925926 0.000925925925925926 0.24537037037037 0.162962962962963 0.000925925925925926 0.000925925925925926 0.000925925925925926 0.0037037037037037 0.000925925925925926 0.000925925925925926 0.162962962962963 0.000925925925925926 0.327777777777778 0.000925925925925926 0.000925925925925926 0.000925925925925926 0.000925925925925926 0.0805555555555555; % $ D=0.1
0.120833333333333 0.00138888888888889 0.00138888888888889 0.00555555555555556 0.244444444444444 0.00138888888888889 0.00138888888888889 0.00138888888888889 0.243055555555556 0.00138888888888889 0.00138888888888889 0.119444444444444 0.00138888888888889 0.00416666666666667 0.00138888888888889 0.00138888888888889 0.00138888888888889 0.00138888888888889 0.245833333333333; % B D=0.1
0.369166666666667 0.00111111111111111 0.00111111111111111 0.00444444444444444 0.118055555555556 0.00111111111111111 0.00111111111111111 0.00111111111111111 0.00444444444444444 0.00111111111111111 0.00111111111111111 0.00555555555555556 0.00111111111111111 0.240833333333333 0.00111111111111111 0.00111111111111111 0.00111111111111111 0.00111111111111111 0.244166666666667; % D D=0.1
0.00166666666666667 0.000277777777777778 0.000277777777777778 0.00111111111111111 0.00138888888888889 0.000277777777777778 0.000277777777777778 0.000277777777777778 0.00111111111111111 0.000277777777777778 0.000277777777777778 0.00138888888888889 0.000277777777777778 0.000833333333333333 0.987777777777778 0.000277777777777778 0.000277777777777778 0.000277777777777778 0.00166666666666667; % G D=0.1
0.00166666666666667 0.000277777777777778 0.000277777777777778 0.00111111111111111 0.00138888888888889 0.000277777777777778 0.000277777777777778 0.000277777777777778 0.00111111111111111 0.000277777777777778 0.987777777777778 0.00138888888888889 0.000277777777777778 0.000833333333333333 0.000277777777777778 0.000277777777777778 0.000277777777777778 0.000277777777777778 0.00166666666666667; % K D=0.1
0.00166666666666667 0.000277777777777778 0.987777777777778 0.00111111111111111 0.00138888888888889 0.000277777777777778 0.000277777777777778 0.000277777777777778 0.00111111111111111 0.000277777777777778 0.000277777777777778 0.00138888888888889 0.000277777777777778 0.000833333333333333 0.000277777777777778 0.000277777777777778 0.000277777777777778 0.000277777777777778 0.00166666666666667; % L D=0.1
0.00166666666666667 0.000277777777777778 0.000277777777777778 0.00111111111111111 0.00138888888888889 0.000277777777777778 0.000277777777777778 0.000277777777777778 0.00111111111111111 0.987777777777778 0.000277777777777778 0.00138888888888889 0.000277777777777778 0.000833333333333333 0.000277777777777778 0.000277777777777778 0.000277777777777778 0.000277777777777778 0.00166666666666667; % P D=0.1
0.00166666666666667 0.000277777777777778 0.000277777777777778 0.00111111111111111 0.00138888888888889 0.000277777777777778 0.000277777777777778 0.000277777777777778 0.00111111111111111 0.000277777777777778 0.000277777777777778 0.00138888888888889 0.000277777777777778 0.000833333333333333 0.000277777777777778 0.000277777777777778 0.000277777777777778 0.987777777777778 0.00166666666666667; % T D=0.1
0.00166666666666667 0.000277777777777778 0.000277777777777778 0.00111111111111111 0.00138888888888889 0.000277777777777778 0.000277777777777778 0.000277777777777778 0.00111111111111111 0.000277777777777778 0.000277777777777778 0.00138888888888889 0.000277777777777778 0.000833333333333333 0.000277777777777778 0.000277777777777778 0.987777777777778 0.000277777777777778 0.00166666666666667; % V D=0.1
0.244166666666667 0.00111111111111111 0.00111111111111111 0.00444444444444444 0.00555555555555556 0.00111111111111111 0.00111111111111111 0.00111111111111111 0.241944444444444 0.00111111111111111 0.00111111111111111 0.368055555555556 0.00111111111111111 0.00333333333333333 0.00111111111111111 0.00111111111111111 0.00111111111111111 0.00111111111111111 0.119166666666667; % Z D=0.1
0.245833333333333 0.00138888888888889 0.00138888888888889 0.368055555555556 0.00694444444444444 0.00138888888888889 0.00138888888888889 0.00138888888888889 0.118055555555556 0.00138888888888889 0.00138888888888889 0.119444444444444 0.00138888888888889 0.00416666666666667 0.00138888888888889 0.00138888888888889 0.00138888888888889 0.00138888888888889 0.120833333333333; % b D=0.1
0.00166666666666667 0.000277777777777778 0.000277777777777778 0.00111111111111111 0.00138888888888889 0.000277777777777778 0.000277777777777778 0.000277777777777778 0.00111111111111111 0.000277777777777778 0.000277777777777778 0.00138888888888889 0.987777777777778 0.000833333333333333 0.000277777777777778 0.000277777777777778 0.000277777777777778 0.000277777777777778 0.00166666666666667; % d D=0.1
0.00166666666666667 0.000277777777777778 0.000277777777777778 0.00111111111111111 0.00138888888888889 0.987777777777778 0.000277777777777778 0.000277777777777778 0.00111111111111111 0.000277777777777778 0.000277777777777778 0.00138888888888889 0.000277777777777778 0.000833333333333333 0.000277777777777778 0.000277777777777778 0.000277777777777778 0.000277777777777778 0.00166666666666667; % g D=0.1
0.00166666666666667 0.000277777777777778 0.000277777777777778 0.00111111111111111 0.00138888888888889 0.000277777777777778 0.000277777777777778 0.000277777777777778 0.00111111111111111 0.000277777777777778 0.000277777777777778 0.00138888888888889 0.000277777777777778 0.000833333333333333 0.000277777777777778 0.987777777777778 0.000277777777777778 0.000277777777777778 0.00166666666666667; % k D=0.1
0.00166666666666667 0.000277777777777778 0.000277777777777778 0.00111111111111111 0.00138888888888889 0.000277777777777778 0.987777777777778 0.000277777777777778 0.00111111111111111 0.000277777777777778 0.000277777777777778 0.00138888888888889 0.000277777777777778 0.000833333333333333 0.000277777777777778 0.000277777777777778 0.000277777777777778 0.000277777777777778 0.00166666666666667; % l D=0.1
0.00166666666666667 0.987777777777778 0.000277777777777778 0.00111111111111111 0.00138888888888889 0.000277777777777778 0.000277777777777778 0.000277777777777778 0.00111111111111111 0.000277777777777778 0.000277777777777778 0.00138888888888889 0.000277777777777778 0.000833333333333333 0.000277777777777778 0.000277777777777778 0.000277777777777778 0.000277777777777778 0.00166666666666667; % p D=0.1
0.370833333333333 0.00138888888888889 0.00138888888888889 0.118055555555556 0.119444444444444 0.00138888888888889 0.00138888888888889 0.00138888888888889 0.00555555555555556 0.00138888888888889 0.00138888888888889 0.00694444444444444 0.00138888888888889 0.241666666666667 0.00138888888888889 0.00138888888888889 0.00138888888888889 0.00138888888888889 0.120833333333333; % t D=0.1
0.120833333333333 0.00138888888888889 0.00138888888888889 0.118055555555556 0.244444444444444 0.00138888888888889 0.00138888888888889 0.00138888888888889 0.368055555555556 0.00138888888888889 0.00138888888888889 0.119444444444444 0.00138888888888889 0.00416666666666667 0.00138888888888889 0.00138888888888889 0.00138888888888889 0.00138888888888889 0.00833333333333333; % v D=0.1
0.00166666666666667 0.000277777777777778 0.000277777777777778 0.00111111111111111 0.00138888888888889 0.000277777777777778 0.000277777777777778 0.987777777777778 0.00111111111111111 0.000277777777777778 0.000277777777777778 0.00138888888888889 0.000277777777777778 0.000833333333333333 0.000277777777777778 0.000277777777777778 0.000277777777777778 0.000277777777777778 0.00166666666666667; % z D=0.1
0.0111111111111111 0.00185185185185185 0.00185185185185185 0.240740740740741 0.159259259259259 0.00185185185185185 0.00185185185185185 0.00185185185185185 0.00740740740740741 0.00185185185185185 0.00185185185185185 0.159259259259259 0.00185185185185185 0.322222222222222 0.00185185185185185 0.00185185185185185 0.00185185185185185 0.00185185185185185 0.0777777777777778; % $ D=0.2
