syllables = '$BDGKLPTVZbdgklptvz';
discounts = [0.1 0.2 0.3 0.4 0.5 0.6 0.7 0.8 0.9 0.95];
kn_probs = [0.00271698113207547 0.000452830188679245 0.158716981132075 0.0787169811320755 0.158264150943396 0.000452830188679245 0.000452830188679245 0.000452830188679245 0.198716981132075 0.198716981132075 0.000452830188679245 0.000452830188679245 0.000452830188679245 0.000452830188679245 0.000452830188679245 0.000452830188679245 0.000452830188679245 0.198716981132075 0.000452830188679245; % $ D=0.1
0.351054384017758 0.000665926748057714 0.115760266370699 0.292230854605993 0.00332963374028857 0.000665926748057714 0.000665926748057714 0.000665926748057714 0.0569367369589345 0.115760266370699 0.000665926748057714 0.000665926748057714 0.000665926748057714 0.000665926748057714 0.000665926748057714 0.000665926748057714 0.000665926748057714 0.0569367369589345 0.000665926748057714; % B D=0.1
0.000665926748057714 0.000110987791342952 0.000665926748057714 0.000665926748057714 0.000554938956714761 0.000110987791342952 0.000110987791342952 0.994228634850166 0.000665926748057714 0.000665926748057714 0.000110987791342952 0.000110987791342952 0.000110987791342952 0.000110987791342952 0.000110987791342952 0.000110987791342952 0.000110987791342952 0.000665926748057714 0.000110987791342952; % D D=0.1
0.000665926748057714 0.000110987791342952 0.000665926748057714 0.000665926748057714 0.000554938956714761 0.000110987791342952 0.000110987791342952 0.000110987791342952 0.000665926748057714 0.000665926748057714 0.000110987791342952 0.000110987791342952 0.994228634850166 0.000110987791342952 0.000110987791342952 0.000110987791342952 0.000110987791342952 0.000665926748057714 0.000110987791342952; % G D=0.1
0.000665926748057714 0.000110987791342952 0.000665926748057714 0.000665926748057714 0.000554938956714761 0.000110987791342952 0.000110987791342952 0.000110987791342952 0.000665926748057714 0.000665926748057714 0.000110987791342952 0.000110987791342952 0.000110987791342952 0.994228634850166 0.000110987791342952 0.000110987791342952 0.000110987791342952 0.000665926748057714 0.000110987791342952; % K D=0.1
0.000754716981132076 0.000125786163522013 0.000754716981132076 0.000754716981132076 0.000628930817610063 0.000125786163522013 0.993459119496855 0.000125786163522013 0.000754716981132076 0.000754716981132076 0.000125786163522013 0.000125786163522013 0.000125786163522013 0.000125786163522013 0.000125786163522013 0.000125786163522013 0.000125786163522013 0.000754716981132076 0.000125786163522013; % L D=0.1
0.197861635220126 0.000754716981132076 0.131194968553459 0.131194968553459 0.26377358490566 0.000754716981132076 0.000754716981132076 0.000754716981132076 0.00452830188679245 0.0645283018867925 0.000754716981132076 0.000754716981132076 0.000754716981132076 0.000754716981132076 0.000754716981132076 0.000754716981132076 0.000754716981132076 0.197861635220126 0.000754716981132076; % P D=0.1
0.174583795782464 0.000665926748057714 0.00399556048834628 0.0569367369589345 0.115094339622641 0.000665926748057714 0.000665926748057714 0.000665926748057714 0.233407325194229 0.174583795782464 0.000665926748057714 0.000665926748057714 0.000665926748057714 0.000665926748057714 0.000665926748057714 0.000665926748057714 0.000665926748057714 0.233407325194229 0.000665926748057714; % T D=0.1
0.000754716981132076 0.000125786163522013 0.000754716981132076 0.000754716981132076 0.000628930817610063 0.000125786163522013 0.000125786163522013 0.000125786163522013 0.000754716981132076 0.000754716981132076 0.000125786163522013 0.000125786163522013 0.000125786163522013 0.000125786163522013 0.993459119496855 0.000125786163522013 0.000125786163522013 0.000754716981132076 0.000125786163522013; % V D=0.1
0.000665926748057714 0.000110987791342952 0.000665926748057714 0.000665926748057714 0.000554938956714761 0.000110987791342952 0.000110987791342952 0.000110987791342952 0.000665926748057714 0.000665926748057714 0.994228634850166 0.000110987791342952 0.000110987791342952 0.000110987791342952 0.000110987791342952 0.000110987791342952 0.000110987791342952 0.000665926748057714 0.000110987791342952; % Z D=0.1
0.000665926748057714 0.000110987791342952 0.000665926748057714 0.000665926748057714 0.000554938956714761 0.000110987791342952 0.000110987791342952 0.000110987791342952 0.000665926748057714 0.000665926748057714 0.000110987791342952 0.994228634850166 0.000110987791342952 0.000110987791342952 0.000110987791342952 0.000110987791342952 0.000110987791342952 0.000665926748057714 0.000110987791342952; % b D=0.1
0.233407325194229 0.000665926748057714 0.115760266370699 0.233407325194229 0.173917869034406 0.000665926748057714 0.000665926748057714 0.000665926748057714 0.174583795782464 0.00399556048834628 0.000665926748057714 0.000665926748057714 0.000665926748057714 0.000665926748057714 0.000665926748057714 0.000665926748057714 0.000665926748057714 0.0569367369589345 0.000665926748057714; % d D=0.1
0.000665926748057714 0.000110987791342952 0.000665926748057714 0.000665926748057714 0.000554938956714761 0.000110987791342952 0.000110987791342952 0.000110987791342952 0.000665926748057714 0.000665926748057714 0.000110987791342952 0.000110987791342952 0.000110987791342952 0.000110987791342952 0.000110987791342952 0.994228634850166 0.000110987791342952 0.000665926748057714 0.000110987791342952; % g D=0.1
0.000665926748057714 0.000110987791342952 0.000665926748057714 0.000665926748057714 0.000554938956714761 0.000110987791342952 0.000110987791342952 0.000110987791342952 0.000665926748057714 0.000665926748057714 0.000110987791342952 0.000110987791342952 0.000110987791342952 0.000110987791342952 0.000110987791342952 0.000110987791342952 0.000110987791342952 0.000665926748057714 0.994228634850166; % k D=0.1
0.000754716981132076 0.000125786163522013 0.000754716981132076 0.000754716981132076 0.000628930817610063 0.993459119496855 0.000125786163522013 0.000125786163522013 0.000754716981132076 0.000754716981132076 0.000125786163522013 0.000125786163522013 0.000125786163522013 0.000125786163522013 0.000125786163522013 0.000125786163522013 0.000125786163522013 0.000754716981132076 0.000125786163522013; % l D=0.1
0.3503884572697 0.000554938956714761 0.232741398446171 0.00332963374028857 0.00277469478357381 0.000554938956714761 0.000554938956714761 0.000554938956714761 0.0562708102108768 0.173917869034406 0.000554938956714761 0.000554938956714761 0.000554938956714761 0.000554938956714761 0.000554938956714761 0.000554938956714761 0.000554938956714761 0.173917869034406 0.000554938956714761; % p D=0.1
0.174583795782464 0.000665926748057714 0.174583795782464 0.174583795782464 0.232741398446171 0.000665926748057714 0.000665926748057714 0.000665926748057714 0.0569367369589345 0.174583795782464 0.000665926748057714 0.000665926748057714 0.000665926748057714 0.000665926748057714 0.000665926748057714 0.000665926748057714 0.000665926748057714 0.00399556048834628 0.000665926748057714; % t D=0.1
0.000665926748057714 0.000110987791342952 0.000665926748057714 0.000665926748057714 0.000554938956714761 0.000110987791342952 0.000110987791342952 0.000110987791342952 0.000665926748057714 0.000665926748057714 0.000110987791342952 0.000110987791342952 0.000110987791342952 0.000110987791342952 0.000110987791342952 0.000110987791342952 0.994228634850166 0.000665926748057714 0.000110987791342952; % v D=0.1
0.000665926748057714 0.994228634850166 0.000665926748057714 0.000665926748057714 0.000554938956714761 0.000110987791342952 0.000110987791342952 0.000110987791342952 0.000665926748057714 0.000665926748057714 0.000110987791342952 0.000110987791342952 0.000110987791342952 0.000110987791342952 0.000110987791342952 0.000110987791342952 0.000110987791342952 0.000665926748057714 0.000110987791342952; % z D=0.1
