syllables = '$BDGKLPTVZbdgklptvz';
discounts = [0.1 0.2 0.3 0.4 0.5 0.6 0.7 0.8 0.9 0.95];
kn_probs = [0.00465116279069768 0.328875968992248 0.000775193798449612 0.000775193798449612 0.000775193798449612 0.000775193798449612 0.000775193798449612 0.000775193798449612 0.244767441860465 0.000775193798449612 0.000775193798449612 0.0796511627906977 0.000775193798449612 0.000775193798449612 0.327325581395349 0.000775193798449612 0.00310077519379845 0.000775193798449612 0.00232558139534884; % $ D=0.1
0.00174418604651163 0.00145348837209302 0.000290697674418605 0.000290697674418605 0.000290697674418605 0.000290697674418605 0.000290697674418605 0.987790697674419 0.00116279069767442 0.000290697674418605 0.000290697674418605 0.00174418604651163 0.000290697674418605 0.000290697674418605 0.000872093023255814 0.000290697674418605 0.00116279069767442 0.000290697674418605 0.000872093023255814; % B D=0.1
0.00174418604651163 0.00145348837209302 0.000290697674418605 0.000290697674418605 0.000290697674418605 0.000290697674418605 0.987790697674419 0.000290697674418605 0.00116279069767442 0.000290697674418605 0.000290697674418605 0.00174418604651163 0.000290697674418605 0.000290697674418605 0.000872093023255814 0.000290697674418605 0.00116279069767442 0.000290697674418605 0.000872093023255814; % D D=0.1
0.00174418604651163 0.00145348837209302 0.000290697674418605 0.000290697674418605 0.987790697674419 0.000290697674418605 0.000290697674418605 0.000290697674418605 0.00116279069767442 0.000290697674418605 0.000290697674418605 0.00174418604651163 0.000290697674418605 0.000290697674418605 0.000872093023255814 0.000290697674418605 0.00116279069767442 0.000290697674418605 0.000872093023255814; % G D=0.1
0.369476744186046 0.00581395348837209 0.00116279069767442 0.00116279069767442 0.00116279069767442 0.00116279069767442 0.00116279069767442 0.00116279069767442 0.367151162790698 0.00116279069767442 0.00116279069767442 0.119476744186047 0.00116279069767442 0.00116279069767442 0.00348837209302326 0.00116279069767442 0.117151162790698 0.00116279069767442 0.00348837209302326; % K D=0.1
0.369476744186046 0.00581395348837209 0.00116279069767442 0.00116279069767442 0.00116279069767442 0.00116279069767442 0.00116279069767442 0.00116279069767442 0.117151162790698 0.00116279069767442 0.00116279069767442 0.119476744186047 0.00116279069767442 0.00116279069767442 0.00348837209302326 0.00116279069767442 0.00465116279069767 0.00116279069767442 0.365988372093023; % L D=0.1
0.121220930232558 0.119767441860465 0.00145348837209302 0.00145348837209302 0.00145348837209302 0.00145348837209302 0.00145348837209302 0.00145348837209302 0.00581395348837209 0.00145348837209302 0.00145348837209302 0.00872093023255814 0.00145348837209302 0.00145348837209302 0.241860465116279 0.00145348837209302 0.118313953488372 0.00145348837209302 0.366860465116279; % P D=0.1
0.00174418604651163 0.00145348837209302 0.000290697674418605 0.000290697674418605 0.000290697674418605 0.987790697674419 0.000290697674418605 0.000290697674418605 0.00116279069767442 0.000290697674418605 0.000290697674418605 0.00174418604651163 0.000290697674418605 0.000290697674418605 0.000872093023255814 0.000290697674418605 0.00116279069767442 0.000290697674418605 0.000872093023255814; % T D=0.1
0.00174418604651163 0.00145348837209302 0.000290697674418605 0.000290697674418605 0.000290697674418605 0.000290697674418605 0.000290697674418605 0.000290697674418605 0.00116279069767442 0.000290697674418605 0.000290697674418605 0.00174418604651163 0.000290697674418605 0.000290697674418605 0.000872093023255814 0.987790697674419 0.00116279069767442 0.000290697674418605 0.000872093023255814; % V D=0.1
0.00174418604651163 0.00145348837209302 0.000290697674418605 0.987790697674419 0.000290697674418605 0.000290697674418605 0.000290697674418605 0.000290697674418605 0.00116279069767442 0.000290697674418605 0.000290697674418605 0.00174418604651163 0.000290697674418605 0.000290697674418605 0.000872093023255814 0.000290697674418605 0.00116279069767442 0.000290697674418605 0.000872093023255814; % Z D=0.1
0.244476744186047 0.118313953488372 0.00116279069767442 0.00116279069767442 0.00116279069767442 0.00116279069767442 0.00116279069767442 0.00116279069767442 0.00465116279069767 0.00116279069767442 0.00116279069767442 0.119476744186047 0.00116279069767442 0.00116279069767442 0.00348837209302326 0.00116279069767442 0.492151162790698 0.00116279069767442 0.00348837209302326; % b D=0.1
0.00174418604651163 0.00145348837209302 0.000290697674418605 0.000290697674418605 0.000290697674418605 0.000290697674418605 0.000290697674418605 0.000290697674418605 0.00116279069767442 0.000290697674418605 0.000290697674418605 0.00174418604651163 0.000290697674418605 0.987790697674419 0.000872093023255814 0.000290697674418605 0.00116279069767442 0.000290697674418605 0.000872093023255814; % d D=0.1
0.121220930232558 0.119767441860465 0.00145348837209302 0.00145348837209302 0.00145348837209302 0.00145348837209302 0.00145348837209302 0.00145348837209302 0.118313953488372 0.00145348837209302 0.00145348837209302 0.371220930232558 0.00145348837209302 0.00145348837209302 0.241860465116279 0.00145348837209302 0.00581395348837209 0.00145348837209302 0.00436046511627907; % g D=0.1
0.00174418604651163 0.00145348837209302 0.987790697674419 0.000290697674418605 0.000290697674418605 0.000290697674418605 0.000290697674418605 0.000290697674418605 0.00116279069767442 0.000290697674418605 0.000290697674418605 0.00174418604651163 0.000290697674418605 0.000290697674418605 0.000872093023255814 0.000290697674418605 0.00116279069767442 0.000290697674418605 0.000872093023255814; % k D=0.1
0.00174418604651163 0.00145348837209302 0.000290697674418605 0.000290697674418605 0.000290697674418605 0.000290697674418605 0.000290697674418605 0.000290697674418605 0.00116279069767442 0.987790697674419 0.000290697674418605 0.00174418604651163 0.000290697674418605 0.000290697674418605 0.000872093023255814 0.000290697674418605 0.00116279069767442 0.000290697674418605 0.000872093023255814; % l D=0.1
0.246220930232558 0.119767441860465 0.00145348837209302 0.00145348837209302 0.00145348837209302 0.00145348837209302 0.00145348837209302 0.00145348837209302 0.00581395348837209 0.00145348837209302 0.00145348837209302 0.121220930232558 0.00145348837209302 0.00145348837209302 0.00436046511627907 0.00145348837209302 0.243313953488372 0.00145348837209302 0.241860465116279; % p D=0.1
0.00174418604651163 0.00145348837209302 0.000290697674418605 0.000290697674418605 0.000290697674418605 0.000290697674418605 0.000290697674418605 0.000290697674418605 0.00116279069767442 0.000290697674418605 0.000290697674418605 0.00174418604651163 0.987790697674419 0.000290697674418605 0.000872093023255814 0.000290697674418605 0.00116279069767442 0.000290697674418605 0.000872093023255814; % t D=0.1
0.00174418604651163 0.00145348837209302 0.000290697674418605 0.000290697674418605 0.000290697674418605 0.000290697674418605 0.000290697674418605 0.000290697674418605 0.00116279069767442 0.000290697674418605 0.987790697674419 0.00174418604651163 0.000290697674418605 0.000290697674418605 0.000872093023255814 0.000290697674418605 0.00116279069767442 0.000290697674418605 0.000872093023255814; % v D=0.1
0.00174418604651163 0.00145348837209302 0.000290697674418605 0.000290697674418605 0.000290697674418605 0.000290697674418605 0.000290697674418605 0.000290697674418605 0.00116279069767442 0.000290697674418605 0.000290697674418605 0.00174418604651163 0.000290697674418605 0.000290697674418605 0.000872093023255814 0.000290697674418605 0.00116279069767442 0.987790697674419 0.000872093023255814; % z D=0.1
0.00930232558139535 0.324418604651163 0.00155038759689922 0.00155038759689922 0.00155038759689922 0.00155038759689922 0.00155038759689922 0.00155038759689922 0.23953488372093 0.00155038759689922 0.00155038759689922 0.075968992248062 0.00155038759689922 0.00155038759689922 0.321317829457364 0.00155038759689922 0.0062015503875969 0.00155038759689922 0.00465116279069768; % $ D=0.2
0.00348837209302326 0.00290697674418605 0.000581395348837209 0.000581395348837209 0.000581395348837209 0.000581395348837209 0.000581395348837209 0.975581395348837 0.00232558139534884 0.000581395348837209 0.000581395348837209 0.00348837209302326 0.000581395348837209 0.000581395348837209 0.00174418604651163 0.000581395348837209 0.00232558139534884 0.000581395348837209 0.00174418604651163; % B D=0.2
0.00348837209302326 0.00290697674418605 0.000581395348837209 0.000581395348837209 0.000581395348837209 0.000581395348837209 0.975581395348837 0.000581395348837209 0.00232558139534884 0.000581395348837209 0.000581395348837209 0.00348837209302326 0.000581395348837209 0.000581395348837209 0.00174418604651163 0.000581395348837209 0.00232558139534884 0.000581395348837209 0.00174418604651163; % D D=0.2
0.00348837209302326 0.00290697674418605 0.000581395348837209 0.000581395348837209 0.975581395348837 0.000581395348837209 0.000581395348837209 0.000581395348837209 0.00232558139534884 0.000581395348837209 0.000581395348837209 0.00348837209302326 0.000581395348837209 0.000581395348837209 0.00174418604651163 0.000581395348837209 0.00232558139534884 0.000581395348837209 0.00174418604651163; % G D=0.2
0.363953488372093 0.0116279069767442 0.00232558139534884 0.00232558139534884 0.00232558139534884 0.00232558139534884 0.00232558139534884 0.00232558139534884 0.359302325581395 0.00232558139534884 0.00232558139534884 0.113953488372093 0.00232558139534884 0.00232558139534884 0.00697674418604651 0.00232558139534884 0.109302325581395 0.00232558139534884 0.00697674418604651; % K D=0.2
0.363953488372093 0.0116279069767442 0.00232558139534884 0.00232558139534884 0.00232558139534884 0.00232558139534884 0.00232558139534884 0.00232558139534884 0.109302325581395 0.00232558139534884 0.00232558139534884 0.113953488372093 0.00232558139534884 0.00232558139534884 0.00697674418604651 0.00232558139534884 0.00930232558139535 0.00232558139534884 0.356976744186046; % L D=0.2
0.117441860465116 0.11453488372093 0.00290697674418605 0.00290697674418605 0.00290697674418605 0.00290697674418605 0.00290697674418605 0.00290697674418605 0.0116279069767442 0.00290697674418605 0.00290697674418605 0.0174418604651163 0.00290697674418605 0.00290697674418605 0.233720930232558 0.00290697674418605 0.111627906976744 0.00290697674418605 0.358720930232558; % P D=0.2
0.00348837209302326 0.00290697674418605 0.000581395348837209 0.000581395348837209 0.000581395348837209 0.975581395348837 0.000581395348837209 0.000581395348837209 0.00232558139534884 0.000581395348837209 0.000581395348837209 0.00348837209302326 0.000581395348837209 0.000581395348837209 0.00174418604651163 0.000581395348837209 0.00232558139534884 0.000581395348837209 0.00174418604651163; % T D=0.2
0.00348837209302326 0.00290697674418605 0.000581395348837209 0.000581395348837209 0.000581395348837209 0.000581395348837209 0.000581395348837209 0.000581395348837209 0.00232558139534884 0.000581395348837209 0.000581395348837209 0.00348837209302326 0.000581395348837209 0.000581395348837209 0.00174418604651163 0.975581395348837 0.00232558139534884 0.000581395348837209 0.00174418604651163; % V D=0.2
0.00348837209302326 0.00290697674418605 0.000581395348837209 0.975581395348837 0.000581395348837209 0.000581395348837209 0.000581395348837209 0.000581395348837209 0.00232558139534884 0.000581395348837209 0.000581395348837209 0.00348837209302326 0.000581395348837209 0.000581395348837209 0.00174418604651163 0.000581395348837209 0.00232558139534884 0.000581395348837209 0.00174418604651163; % Z D=0.2
0.238953488372093 0.111627906976744 0.00232558139534884 0.00232558139534884 0.00232558139534884 0.00232558139534884 0.00232558139534884 0.00232558139534884 0.00930232558139535 0.00232558139534884 0.00232558139534884 0.113953488372093 0.00232558139534884 0.00232558139534884 0.00697674418604651 0.00232558139534884 0.484302325581395 0.00232558139534884 0.00697674418604651; % b D=0.2
0.00348837209302326 0.00290697674418605 0.000581395348837209 0.000581395348837209 0.000581395348837209 0.000581395348837209 0.000581395348837209 0.000581395348837209 0.00232558139534884 0.000581395348837209 0.000581395348837209 0.00348837209302326 0.000581395348837209 0.975581395348837 0.00174418604651163 0.000581395348837209 0.00232558139534884 0.000581395348837209 0.00174418604651163; % d D=0.2
0.117441860465116 0.11453488372093 0.00290697674418605 0.00290697674418605 0.00290697674418605 0.00290697674418605 0.00290697674418605 0.00290697674418605 0.111627906976744 0.00290697674418605 0.00290697674418605 0.367441860465116 0.00290697674418605 0.00290697674418605 0.233720930232558 0.00290697674418605 0.0116279069767442 0.00290697674418605 0.00872093023255814; % g D=0.2
0.00348837209302326 0.00290697674418605 0.975581395348837 0.000581395348837209 0.000581395348837209 0.000581395348837209 0.000581395348837209 0.000581395348837209 0.00232558139534884 0.000581395348837209 0.000581395348837209 0.00348837209302326 0.000581395348837209 0.000581395348837209 0.00174418604651163 0.000581395348837209 0.00232558139534884 0.000581395348837209 0.00174418604651163; % k D=0.2
0.00348837209302326 0.00290697674418605 0.000581395348837209 0.000581395348837209 0.000581395348837209 0.000581395348837209 0.000581395348837209 0.000581395348837209 0.00232558139534884 0.975581395348837 0.000581395348837209 0.00348837209302326 0.000581395348837209 0.000581395348837209 0.00174418604651163 0.000581395348837209 0.00232558139534884 0.000581395348837209 0.00174418604651163; % l D=0.2
0.242441860465116 0.11453488372093 0.00290697674418605 0.00290697674418605 0.00290697674418605 0.00290697674418605 0.00290697674418605 0.00290697674418605 0.0116279069767442 0.00290697674418605 0.00290697674418605 0.117441860465116 0.00290697674418605 0.00290697674418605 0.00872093023255814 0.00290697674418605 0.236627906976744 0.00290697674418605 0.233720930232558; % p D=0.2
0.00348837209302326 0.00290697674418605 0.000581395348837209 0.000581395348837209 0.000581395348837209 0.000581395348837209 0.000581395348837209 0.000581395348837209 0.00232558139534884 0.000581395348837209 0.000581395348837209 0.00348837209302326 0.975581395348837 0.000581395348837209 0.00174418604651163 0.000581395348837209 0.00232558139534884 0.000581395348837209 0.00174418604651163; % t D=0.2
0.00348837209302326 0.00290697674418605 0.000581395348837209 0.000581395348837209 0.000581395348837209 0.000581395348837209 0.000581395348837209 0.000581395348837209 0.00232558139534884 0.000581395348837209 0.975581395348837 0.00348837209302326 0.000581395348837209 0.000581395348837209 0.00174418604651163 0.000581395348837209 0.00232558139534884 0.000581395348837209 0.00174418604651163; % v D=0.2
0.00348837209302326 0.00290697674418605 0.000581395348837209 0.000581395348837209 0.000581395348837209 0.000581395348837209 0.000581395348837209 0.000581395348837209 0.00232558139534884 0.000581395348837209 0.000581395348837209 0.00348837209302326 0.000581395348837209 0.000581395348837209 0.00174418604651163 0.000581395348837209 0.00232558139534884 0.975581395348837 0.00174418604651163; % z D=0.2
0.013953488372093 0.319961240310078 0.00232558139534884 0.00232558139534884 0.00232558139534884 0.00232558139534884 0.00232558139534884 0.00232558139534884 0.234302325581395 0.00232558139534884 0.00232558139534884 0.0722868217054263 0.00232558139534884 0.00232558139534884 0.31531007751938 0.00232558139534884 0.00930232558139535 0.00232558139534884 0.00697674418604651; % $ D=0.3
0.00523255813953488 0.00436046511627907 0.000872093023255814 0.000872093023255814 0.000872093023255814 0.000872093023255814 0.000872093023255814 0.963372093023256 0.00348837209302326 0.000872093023255814 0.000872093023255814 0.00523255813953488 0.000872093023255814 0.000872093023255814 0.00261627906976744 0.000872093023255814 0.00348837209302326 0.000872093023255814 0.00261627906976744; % B D=0.3
0.00523255813953488 0.00436046511627907 0.000872093023255814 0.000872093023255814 0.000872093023255814 0.000872093023255814 0.963372093023256 0.000872093023255814 0.00348837209302326 0.000872093023255814 0.000872093023255814 0.00523255813953488 0.000872093023255814 0.000872093023255814 0.00261627906976744 0.000872093023255814 0.00348837209302326 0.000872093023255814 0.00261627906976744; % D D=0.3
0.00523255813953488 0.00436046511627907 0.000872093023255814 0.000872093023255814 0.963372093023256 0.000872093023255814 0.000872093023255814 0.000872093023255814 0.00348837209302326 0.000872093023255814 0.000872093023255814 0.00523255813953488 0.000872093023255814 0.000872093023255814 0.00261627906976744 0.000872093023255814 0.00348837209302326 0.000872093023255814 0.00261627906976744; % G D=0.3
0.35843023255814 0.0174418604651163 0.00348837209302326 0.00348837209302326 0.00348837209302326 0.00348837209302326 0.00348837209302326 0.00348837209302326 0.351453488372093 0.00348837209302326 0.00348837209302326 0.10843023255814 0.00348837209302326 0.00348837209302326 0.0104651162790698 0.00348837209302326 0.101453488372093 0.00348837209302326 0.0104651162790698; % K D=0.3
0.35843023255814 0.0174418604651163 0.00348837209302326 0.00348837209302326 0.00348837209302326 0.00348837209302326 0.00348837209302326 0.00348837209302326 0.101453488372093 0.00348837209302326 0.00348837209302326 0.10843023255814 0.00348837209302326 0.00348837209302326 0.0104651162790698 0.00348837209302326 0.013953488372093 0.00348837209302326 0.34796511627907; % L D=0.3
0.113662790697674 0.109302325581395 0.00436046511627907 0.00436046511627907 0.00436046511627907 0.00436046511627907 0.00436046511627907 0.00436046511627907 0.0174418604651163 0.00436046511627907 0.00436046511627907 0.0261627906976744 0.00436046511627907 0.00436046511627907 0.225581395348837 0.00436046511627907 0.104941860465116 0.00436046511627907 0.350581395348837; % P D=0.3
0.00523255813953488 0.00436046511627907 0.000872093023255814 0.000872093023255814 0.000872093023255814 0.963372093023256 0.000872093023255814 0.000872093023255814 0.00348837209302326 0.000872093023255814 0.000872093023255814 0.00523255813953488 0.000872093023255814 0.000872093023255814 0.00261627906976744 0.000872093023255814 0.00348837209302326 0.000872093023255814 0.00261627906976744; % T D=0.3
0.00523255813953488 0.00436046511627907 0.000872093023255814 0.000872093023255814 0.000872093023255814 0.000872093023255814 0.000872093023255814 0.000872093023255814 0.00348837209302326 0.000872093023255814 0.000872093023255814 0.00523255813953488 0.000872093023255814 0.000872093023255814 0.00261627906976744 0.963372093023256 0.00348837209302326 0.000872093023255814 0.00261627906976744; % V D=0.3
0.00523255813953488 0.00436046511627907 0.000872093023255814 0.963372093023256 0.000872093023255814 0.000872093023255814 0.000872093023255814 0.000872093023255814 0.00348837209302326 0.000872093023255814 0.000872093023255814 0.00523255813953488 0.000872093023255814 0.000872093023255814 0.00261627906976744 0.000872093023255814 0.00348837209302326 0.000872093023255814 0.00261627906976744; % Z D=0.3
0.23343023255814 0.104941860465116 0.00348837209302326 0.00348837209302326 0.00348837209302326 0.00348837209302326 0.00348837209302326 0.00348837209302326 0.013953488372093 0.00348837209302326 0.00348837209302326 0.10843023255814 0.00348837209302326 0.00348837209302326 0.0104651162790698 0.00348837209302326 0.476453488372093 0.00348837209302326 0.0104651162790698; % b D=0.3
0.00523255813953488 0.00436046511627907 0.000872093023255814 0.000872093023255814 0.000872093023255814 0.000872093023255814 0.000872093023255814 0.000872093023255814 0.00348837209302326 0.000872093023255814 0.000872093023255814 0.00523255813953488 0.000872093023255814 0.963372093023256 0.00261627906976744 0.000872093023255814 0.00348837209302326 0.000872093023255814 0.00261627906976744; % d D=0.3
0.113662790697674 0.109302325581395 0.00436046511627907 0.00436046511627907 0.00436046511627907 0.00436046511627907 0.00436046511627907 0.00436046511627907 0.104941860465116 0.00436046511627907 0.00436046511627907 0.363662790697674 0.00436046511627907 0.00436046511627907 0.225581395348837 0.00436046511627907 0.0174418604651163 0.00436046511627907 0.0130813953488372; % g D=0.3
0.00523255813953488 0.00436046511627907 0.963372093023256 0.000872093023255814 0.000872093023255814 0.000872093023255814 0.000872093023255814 0.000872093023255814 0.00348837209302326 0.000872093023255814 0.000872093023255814 0.00523255813953488 0.000872093023255814 0.000872093023255814 0.00261627906976744 0.000872093023255814 0.00348837209302326 0.000872093023255814 0.00261627906976744; % k D=0.3
0.00523255813953488 0.00436046511627907 0.000872093023255814 0.000872093023255814 0.000872093023255814 0.000872093023255814 0.000872093023255814 0.000872093023255814 0.00348837209302326 0.963372093023256 0.000872093023255814 0.00523255813953488 0.000872093023255814 0.000872093023255814 0.00261627906976744 0.000872093023255814 0.00348837209302326 0.000872093023255814 0.00261627906976744; % l D=0.3
0.238662790697674 0.109302325581395 0.00436046511627907 0.00436046511627907 0.00436046511627907 0.00436046511627907 0.00436046511627907 0.00436046511627907 0.0174418604651163 0.00436046511627907 0.00436046511627907 0.113662790697674 0.00436046511627907 0.00436046511627907 0.0130813953488372 0.00436046511627907 0.229941860465116 0.00436046511627907 0.225581395348837; % p D=0.3
0.00523255813953488 0.00436046511627907 0.000872093023255814 0.000872093023255814 0.000872093023255814 0.000872093023255814 0.000872093023255814 0.000872093023255814 0.00348837209302326 0.000872093023255814 0.000872093023255814 0.00523255813953488 0.963372093023256 0.000872093023255814 0.00261627906976744 0.000872093023255814 0.00348837209302326 0.000872093023255814 0.00261627906976744; % t D=0.3
0.00523255813953488 0.00436046511627907 0.000872093023255814 0.000872093023255814 0.000872093023255814 0.000872093023255814 0.000872093023255814 0.000872093023255814 0.00348837209302326 0.000872093023255814 0.963372093023256 0.00523255813953488 0.000872093023255814 0.000872093023255814 0.00261627906976744 0.000872093023255814 0.00348837209302326 0.000872093023255814 0.00261627906976744; % v D=0.3
0.00523255813953488 0.00436046511627907 0.000872093023255814 0.000872093023255814 0.000872093023255814 0.000872093023255814 0.000872093023255814 0.000872093023255814 0.00348837209302326 0.000872093023255814 0.000872093023255814 0.00523255813953488 0.000872093023255814 0.000872093023255814 0.00261627906976744 0.000872093023255814 0.00348837209302326 0.963372093023256 0.00261627906976744; % z D=0.3
0.0186046511627907 0.315503875968992 0.00310077519379845 0.00310077519379845 0.00310077519379845 0.00310077519379845 0.00310077519379845 0.00310077519379845 0.22906976744186 0.00310077519379845 0.00310077519379845 0.0686046511627907 0.00310077519379845 0.00310077519379845 0.309302325581395 0.00310077519379845 0.0124031007751938 0.00310077519379845 0.00930232558139535; % $ D=0.4
0.00697674418604651 0.00581395348837209 0.00116279069767442 0.00116279069767442 0.00116279069767442 0.00116279069767442 0.00116279069767442 0.951162790697674 0.00465116279069767 0.00116279069767442 0.00116279069767442 0.00697674418604651 0.00116279069767442 0.00116279069767442 0.00348837209302326 0.00116279069767442 0.00465116279069767 0.00116279069767442 0.00348837209302326; % B D=0.4
0.00697674418604651 0.00581395348837209 0.00116279069767442 0.00116279069767442 0.00116279069767442 0.00116279069767442 0.951162790697674 0.00116279069767442 0.00465116279069767 0.00116279069767442 0.00116279069767442 0.00697674418604651 0.00116279069767442 0.00116279069767442 0.00348837209302326 0.00116279069767442 0.00465116279069767 0.00116279069767442 0.00348837209302326; % D D=0.4
0.00697674418604651 0.00581395348837209 0.00116279069767442 0.00116279069767442 0.951162790697674 0.00116279069767442 0.00116279069767442 0.00116279069767442 0.00465116279069767 0.00116279069767442 0.00116279069767442 0.00697674418604651 0.00116279069767442 0.00116279069767442 0.00348837209302326 0.00116279069767442 0.00465116279069767 0.00116279069767442 0.00348837209302326; % G D=0.4
0.352906976744186 0.0232558139534884 0.00465116279069767 0.00465116279069767 0.00465116279069767 0.00465116279069767 0.00465116279069767 0.00465116279069767 0.343604651162791 0.00465116279069767 0.00465116279069767 0.102906976744186 0.00465116279069767 0.00465116279069767 0.013953488372093 0.00465116279069767 0.0936046511627907 0.00465116279069767 0.013953488372093; % K D=0.4
0.352906976744186 0.0232558139534884 0.00465116279069767 0.00465116279069767 0.00465116279069767 0.00465116279069767 0.00465116279069767 0.00465116279069767 0.0936046511627907 0.00465116279069767 0.00465116279069767 0.102906976744186 0.00465116279069767 0.00465116279069767 0.013953488372093 0.00465116279069767 0.0186046511627907 0.00465116279069767 0.338953488372093; % L D=0.4
0.109883720930233 0.10406976744186 0.00581395348837209 0.00581395348837209 0.00581395348837209 0.00581395348837209 0.00581395348837209 0.00581395348837209 0.0232558139534884 0.00581395348837209 0.00581395348837209 0.0348837209302326 0.00581395348837209 0.00581395348837209 0.217441860465116 0.00581395348837209 0.0982558139534884 0.00581395348837209 0.342441860465116; % P D=0.4
0.00697674418604651 0.00581395348837209 0.00116279069767442 0.00116279069767442 0.00116279069767442 0.951162790697674 0.00116279069767442 0.00116279069767442 0.00465116279069767 0.00116279069767442 0.00116279069767442 0.00697674418604651 0.00116279069767442 0.00116279069767442 0.00348837209302326 0.00116279069767442 0.00465116279069767 0.00116279069767442 0.00348837209302326; % T D=0.4
0.00697674418604651 0.00581395348837209 0.00116279069767442 0.00116279069767442 0.00116279069767442 0.00116279069767442 0.00116279069767442 0.00116279069767442 0.00465116279069767 0.00116279069767442 0.00116279069767442 0.00697674418604651 0.00116279069767442 0.00116279069767442 0.00348837209302326 0.951162790697674 0.00465116279069767 0.00116279069767442 0.00348837209302326; % V D=0.4
0.00697674418604651 0.00581395348837209 0.00116279069767442 0.951162790697674 0.00116279069767442 0.00116279069767442 0.00116279069767442 0.00116279069767442 0.00465116279069767 0.00116279069767442 0.00116279069767442 0.00697674418604651 0.00116279069767442 0.00116279069767442 0.00348837209302326 0.00116279069767442 0.00465116279069767 0.00116279069767442 0.00348837209302326; % Z D=0.4
0.227906976744186 0.0982558139534884 0.00465116279069767 0.00465116279069767 0.00465116279069767 0.00465116279069767 0.00465116279069767 0.00465116279069767 0.0186046511627907 0.00465116279069767 0.00465116279069767 0.102906976744186 0.00465116279069767 0.00465116279069767 0.013953488372093 0.00465116279069767 0.468604651162791 0.00465116279069767 0.013953488372093; % b D=0.4
0.00697674418604651 0.00581395348837209 0.00116279069767442 0.00116279069767442 0.00116279069767442 0.00116279069767442 0.00116279069767442 0.00116279069767442 0.00465116279069767 0.00116279069767442 0.00116279069767442 0.00697674418604651 0.00116279069767442 0.951162790697674 0.00348837209302326 0.00116279069767442 0.00465116279069767 0.00116279069767442 0.00348837209302326; % d D=0.4
0.109883720930233 0.10406976744186 0.00581395348837209 0.00581395348837209 0.00581395348837209 0.00581395348837209 0.00581395348837209 0.00581395348837209 0.0982558139534884 0.00581395348837209 0.00581395348837209 0.359883720930233 0.00581395348837209 0.00581395348837209 0.217441860465116 0.00581395348837209 0.0232558139534884 0.00581395348837209 0.0174418604651163; % g D=0.4
0.00697674418604651 0.00581395348837209 0.951162790697674 0.00116279069767442 0.00116279069767442 0.00116279069767442 0.00116279069767442 0.00116279069767442 0.00465116279069767 0.00116279069767442 0.00116279069767442 0.00697674418604651 0.00116279069767442 0.00116279069767442 0.00348837209302326 0.00116279069767442 0.00465116279069767 0.00116279069767442 0.00348837209302326; % k D=0.4
0.00697674418604651 0.00581395348837209 0.00116279069767442 0.00116279069767442 0.00116279069767442 0.00116279069767442 0.00116279069767442 0.00116279069767442 0.00465116279069767 0.951162790697674 0.00116279069767442 0.00697674418604651 0.00116279069767442 0.00116279069767442 0.00348837209302326 0.00116279069767442 0.00465116279069767 0.00116279069767442 0.00348837209302326; % l D=0.4
0.234883720930233 0.10406976744186 0.00581395348837209 0.00581395348837209 0.00581395348837209 0.00581395348837209 0.00581395348837209 0.00581395348837209 0.0232558139534884 0.00581395348837209 0.00581395348837209 0.109883720930233 0.00581395348837209 0.00581395348837209 0.0174418604651163 0.00581395348837209 0.223255813953488 0.00581395348837209 0.217441860465116; % p D=0.4
0.00697674418604651 0.00581395348837209 0.00116279069767442 0.00116279069767442 0.00116279069767442 0.00116279069767442 0.00116279069767442 0.00116279069767442 0.00465116279069767 0.00116279069767442 0.00116279069767442 0.00697674418604651 0.951162790697674 0.00116279069767442 0.00348837209302326 0.00116279069767442 0.00465116279069767 0.00116279069767442 0.00348837209302326; % t D=0.4
0.00697674418604651 0.00581395348837209 0.00116279069767442 0.00116279069767442 0.00116279069767442 0.00116279069767442 0.00116279069767442 0.00116279069767442 0.00465116279069767 0.00116279069767442 0.951162790697674 0.00697674418604651 0.00116279069767442 0.00116279069767442 0.00348837209302326 0.00116279069767442 0.00465116279069767 0.00116279069767442 0.00348837209302326; % v D=0.4
0.00697674418604651 0.00581395348837209 0.00116279069767442 0.00116279069767442 0.00116279069767442 0.00116279069767442 0.00116279069767442 0.00116279069767442 0.00465116279069767 0.00116279069767442 0.00116279069767442 0.00697674418604651 0.00116279069767442 0.00116279069767442 0.00348837209302326 0.00116279069767442 0.00465116279069767 0.951162790697674 0.00348837209302326; % z D=0.4
0.0232558139534884 0.311046511627907 0.00387596899224806 0.00387596899224806 0.00387596899224806 0.00387596899224806 0.00387596899224806 0.00387596899224806 0.223837209302326 0.00387596899224806 0.00387596899224806 0.064922480620155 0.00387596899224806 0.00387596899224806 0.303294573643411 0.00387596899224806 0.0155038759689922 0.00387596899224806 0.0116279069767442; % $ D=0.5
0.00872093023255814 0.00726744186046512 0.00145348837209302 0.00145348837209302 0.00145348837209302 0.00145348837209302 0.00145348837209302 0.938953488372093 0.00581395348837209 0.00145348837209302 0.00145348837209302 0.00872093023255814 0.00145348837209302 0.00145348837209302 0.00436046511627907 0.00145348837209302 0.00581395348837209 0.00145348837209302 0.00436046511627907; % B D=0.5
0.00872093023255814 0.00726744186046512 0.00145348837209302 0.00145348837209302 0.00145348837209302 0.00145348837209302 0.938953488372093 0.00145348837209302 0.00581395348837209 0.00145348837209302 0.00145348837209302 0.00872093023255814 0.00145348837209302 0.00145348837209302 0.00436046511627907 0.00145348837209302 0.00581395348837209 0.00145348837209302 0.00436046511627907; % D D=0.5
0.00872093023255814 0.00726744186046512 0.00145348837209302 0.00145348837209302 0.938953488372093 0.00145348837209302 0.00145348837209302 0.00145348837209302 0.00581395348837209 0.00145348837209302 0.00145348837209302 0.00872093023255814 0.00145348837209302 0.00145348837209302 0.00436046511627907 0.00145348837209302 0.00581395348837209 0.00145348837209302 0.00436046511627907; % G D=0.5
0.347383720930233 0.0290697674418605 0.00581395348837209 0.00581395348837209 0.00581395348837209 0.00581395348837209 0.00581395348837209 0.00581395348837209 0.335755813953488 0.00581395348837209 0.00581395348837209 0.0973837209302326 0.00581395348837209 0.00581395348837209 0.0174418604651163 0.00581395348837209 0.0857558139534884 0.00581395348837209 0.0174418604651163; % K D=0.5
0.347383720930233 0.0290697674418605 0.00581395348837209 0.00581395348837209 0.00581395348837209 0.00581395348837209 0.00581395348837209 0.00581395348837209 0.0857558139534884 0.00581395348837209 0.00581395348837209 0.0973837209302326 0.00581395348837209 0.00581395348837209 0.0174418604651163 0.00581395348837209 0.0232558139534884 0.00581395348837209 0.329941860465116; % L D=0.5
0.106104651162791 0.0988372093023256 0.00726744186046512 0.00726744186046512 0.00726744186046512 0.00726744186046512 0.00726744186046512 0.00726744186046512 0.0290697674418605 0.00726744186046512 0.00726744186046512 0.0436046511627907 0.00726744186046512 0.00726744186046512 0.209302325581395 0.00726744186046512 0.0915697674418605 0.00726744186046512 0.334302325581395; % P D=0.5
0.00872093023255814 0.00726744186046512 0.00145348837209302 0.00145348837209302 0.00145348837209302 0.938953488372093 0.00145348837209302 0.00145348837209302 0.00581395348837209 0.00145348837209302 0.00145348837209302 0.00872093023255814 0.00145348837209302 0.00145348837209302 0.00436046511627907 0.00145348837209302 0.00581395348837209 0.00145348837209302 0.00436046511627907; % T D=0.5
0.00872093023255814 0.00726744186046512 0.00145348837209302 0.00145348837209302 0.00145348837209302 0.00145348837209302 0.00145348837209302 0.00145348837209302 0.00581395348837209 0.00145348837209302 0.00145348837209302 0.00872093023255814 0.00145348837209302 0.00145348837209302 0.00436046511627907 0.938953488372093 0.00581395348837209 0.00145348837209302 0.00436046511627907; % V D=0.5
0.00872093023255814 0.00726744186046512 0.00145348837209302 0.938953488372093 0.00145348837209302 0.00145348837209302 0.00145348837209302 0.00145348837209302 0.00581395348837209 0.00145348837209302 0.00145348837209302 0.00872093023255814 0.00145348837209302 0.00145348837209302 0.00436046511627907 0.00145348837209302 0.00581395348837209 0.00145348837209302 0.00436046511627907; % Z D=0.5
0.222383720930233 0.0915697674418605 0.00581395348837209 0.00581395348837209 0.00581395348837209 0.00581395348837209 0.00581395348837209 0.00581395348837209 0.0232558139534884 0.00581395348837209 0.00581395348837209 0.0973837209302326 0.00581395348837209 0.00581395348837209 0.0174418604651163 0.00581395348837209 0.460755813953488 0.00581395348837209 0.0174418604651163; % b D=0.5
0.00872093023255814 0.00726744186046512 0.00145348837209302 0.00145348837209302 0.00145348837209302 0.00145348837209302 0.00145348837209302 0.00145348837209302 0.00581395348837209 0.00145348837209302 0.00145348837209302 0.00872093023255814 0.00145348837209302 0.938953488372093 0.00436046511627907 0.00145348837209302 0.00581395348837209 0.00145348837209302 0.00436046511627907; % d D=0.5
0.106104651162791 0.0988372093023256 0.00726744186046512 0.00726744186046512 0.00726744186046512 0.00726744186046512 0.00726744186046512 0.00726744186046512 0.0915697674418605 0.00726744186046512 0.00726744186046512 0.356104651162791 0.00726744186046512 0.00726744186046512 0.209302325581395 0.00726744186046512 0.0290697674418605 0.00726744186046512 0.0218023255813953; % g D=0.5
0.00872093023255814 0.00726744186046512 0.938953488372093 0.00145348837209302 0.00145348837209302 0.00145348837209302 0.00145348837209302 0.00145348837209302 0.00581395348837209 0.00145348837209302 0.00145348837209302 0.00872093023255814 0.00145348837209302 0.00145348837209302 0.00436046511627907 0.00145348837209302 0.00581395348837209 0.00145348837209302 0.00436046511627907; % k D=0.5
0.00872093023255814 0.00726744186046512 0.00145348837209302 0.00145348837209302 0.00145348837209302 0.00145348837209302 0.00145348837209302 0.00145348837209302 0.00581395348837209 0.938953488372093 0.00145348837209302 0.00872093023255814 0.00145348837209302 0.00145348837209302 0.00436046511627907 0.00145348837209302 0.00581395348837209 0.00145348837209302 0.00436046511627907; % l D=0.5
0.231104651162791 0.0988372093023256 0.00726744186046512 0.00726744186046512 0.00726744186046512 0.00726744186046512 0.00726744186046512 0.00726744186046512 0.0290697674418605 0.00726744186046512 0.00726744186046512 0.106104651162791 0.00726744186046512 0.00726744186046512 0.0218023255813953 0.00726744186046512 0.21656976744186 0.00726744186046512 0.209302325581395; % p D=0.5
0.00872093023255814 0.00726744186046512 0.00145348837209302 0.00145348837209302 0.00145348837209302 0.00145348837209302 0.00145348837209302 0.00145348837209302 0.00581395348837209 0.00145348837209302 0.00145348837209302 0.00872093023255814 0.938953488372093 0.00145348837209302 0.00436046511627907 0.00145348837209302 0.00581395348837209 0.00145348837209302 0.00436046511627907; % t D=0.5
0.00872093023255814 0.00726744186046512 0.00145348837209302 0.00145348837209302 0.00145348837209302 0.00145348837209302 0.00145348837209302 0.00145348837209302 0.00581395348837209 0.00145348837209302 0.938953488372093 0.00872093023255814 0.00145348837209302 0.00145348837209302 0.00436046511627907 0.00145348837209302 0.00581395348837209 0.00145348837209302 0.00436046511627907; % v D=0.5
0.00872093023255814 0.00726744186046512 0.00145348837209302 0.00145348837209302 0.00145348837209302 0.00145348837209302 0.00145348837209302 0.00145348837209302 0.00581395348837209 0.00145348837209302 0.00145348837209302 0.00872093023255814 0.00145348837209302 0.00145348837209302 0.00436046511627907 0.00145348837209302 0.00581395348837209 0.938953488372093 0.00436046511627907; % z D=0.5
0.027906976744186 0.306589147286822 0.00465116279069767 0.00465116279069767 0.00465116279069767 0.00465116279069767 0.00465116279069767 0.00465116279069767 0.218604651162791 0.00465116279069767 0.00465116279069767 0.0612403100775194 0.00465116279069767 0.00465116279069767 0.297286821705426 0.00465116279069767 0.0186046511627907 0.00465116279069767 0.013953488372093; % $ D=0.6
0.0104651162790698 0.00872093023255814 0.00174418604651163 0.00174418604651163 0.00174418604651163 0.00174418604651163 0.00174418604651163 0.926744186046512 0.00697674418604651 0.00174418604651163 0.00174418604651163 0.0104651162790698 0.00174418604651163 0.00174418604651163 0.00523255813953488 0.00174418604651163 0.00697674418604651 0.00174418604651163 0.00523255813953488; % B D=0.6
0.0104651162790698 0.00872093023255814 0.00174418604651163 0.00174418604651163 0.00174418604651163 0.00174418604651163 0.926744186046512 0.00174418604651163 0.00697674418604651 0.00174418604651163 0.00174418604651163 0.0104651162790698 0.00174418604651163 0.00174418604651163 0.00523255813953488 0.00174418604651163 0.00697674418604651 0.00174418604651163 0.00523255813953488; % D D=0.6
0.0104651162790698 0.00872093023255814 0.00174418604651163 0.00174418604651163 0.926744186046512 0.00174418604651163 0.00174418604651163 0.00174418604651163 0.00697674418604651 0.00174418604651163 0.00174418604651163 0.0104651162790698 0.00174418604651163 0.00174418604651163 0.00523255813953488 0.00174418604651163 0.00697674418604651 0.00174418604651163 0.00523255813953488; % G D=0.6
0.341860465116279 0.0348837209302326 0.00697674418604651 0.00697674418604651 0.00697674418604651 0.00697674418604651 0.00697674418604651 0.00697674418604651 0.327906976744186 0.00697674418604651 0.00697674418604651 0.0918604651162791 0.00697674418604651 0.00697674418604651 0.0209302325581395 0.00697674418604651 0.077906976744186 0.00697674418604651 0.0209302325581395; % K D=0.6
0.341860465116279 0.0348837209302326 0.00697674418604651 0.00697674418604651 0.00697674418604651 0.00697674418604651 0.00697674418604651 0.00697674418604651 0.077906976744186 0.00697674418604651 0.00697674418604651 0.0918604651162791 0.00697674418604651 0.00697674418604651 0.0209302325581395 0.00697674418604651 0.027906976744186 0.00697674418604651 0.32093023255814; % L D=0.6
0.102325581395349 0.0936046511627907 0.00872093023255814 0.00872093023255814 0.00872093023255814 0.00872093023255814 0.00872093023255814 0.00872093023255814 0.0348837209302326 0.00872093023255814 0.00872093023255814 0.0523255813953488 0.00872093023255814 0.00872093023255814 0.201162790697674 0.00872093023255814 0.0848837209302326 0.00872093023255814 0.326162790697674; % P D=0.6
