syllables = '$BDGKLPTVZbdgklptvz';
discounts = [0.1 0.2 0.3 0.4 0.5 0.6 0.7 0.8 0.9 0.95];
kn_probs = [0.000222222222222222 3.7037037037037e-05 0.179888888888889 0.139888888888889 0.193222222222222 0.189888888888889 3.7037037037037e-05 3.7037037037037e-05 3.7037037037037e-05 3.7037037037037e-05 3.7037037037037e-05 0.129888888888889 0.166555555555556 3.7037037037037e-05 3.7037037037037e-05 3.7037037037037e-05 3.7037037037037e-05 3.7037037037037e-05 3.7037037037037e-05; % $ D=0.1
5.55555555555556e-05 9.25925925925926e-06 5.55555555555556e-05 5.55555555555556e-05 5.55555555555556e-05 5.55555555555556e-05 9.25925925925926e-06 9.25925925925926e-06 9.25925925925926e-06 9.25925925925926e-06 9.25925925925926e-06 5.55555555555556e-05 5.55555555555556e-05 0.999509259259259 9.25925925925926e-06 9.25925925925926e-06 9.25925925925926e-06 9.25925925925926e-06 9.25925925925926e-06; % B D=0.1
5.55555555555556e-05 0.999509259259259 5.55555555555556e-05 5.55555555555556e-05 5.55555555555556e-05 5.55555555555556e-05 9.25925925925926e-06 9.25925925925926e-06 9.25925925925926e-06 9.25925925925926e-06 9.25925925925926e-06 5.55555555555556e-05 5.55555555555556e-05 9.25925925925926e-06 9.25925925925926e-06 9.25925925925926e-06 9.25925925925926e-06 9.25925925925926e-06 9.25925925925926e-06; % D D=0.1
5.55555555555556e-05 9.25925925925926e-06 5.55555555555556e-05 5.55555555555556e-05 5.55555555555556e-05 5.55555555555556e-05 9.25925925925926e-06 9.25925925925926e-06 9.25925925925926e-06 9.25925925925926e-06 9.25925925925926e-06 5.55555555555556e-05 5.55555555555556e-05 9.25925925925926e-06 9.25925925925926e-06 0.999509259259259 9.25925925925926e-06 9.25925925925926e-06 9.25925925925926e-06; % G D=0.1
5.55555555555556e-05 9.25925925925926e-06 5.55555555555556e-05 5.55555555555556e-05 5.55555555555556e-05 5.55555555555556e-05 9.25925925925926e-06 9.25925925925926e-06 9.25925925925926e-06 9.25925925925926e-06 9.25925925925926e-06 5.55555555555556e-05 5.55555555555556e-05 9.25925925925926e-06 0.999509259259259 9.25925925925926e-06 9.25925925925926e-06 9.25925925925926e-06 9.25925925925926e-06; % K D=0.1
5.55555555555556e-05 9.25925925925926e-06 5.55555555555556e-05 5.55555555555556e-05 5.55555555555556e-05 5.55555555555556e-05 9.25925925925926e-06 9.25925925925926e-06 9.25925925925926e-06 0.999509259259259 9.25925925925926e-06 5.55555555555556e-05 5.55555555555556e-05 9.25925925925926e-06 9.25925925925926e-06 9.25925925925926e-06 9.25925925925926e-06 9.25925925925926e-06 9.25925925925926e-06; % L D=0.1
0.219833333333333 5.55555555555556e-05 0.144833333333333 0.159833333333333 0.000333333333333333 0.139833333333333 5.55555555555556e-05 5.55555555555556e-05 5.55555555555556e-05 5.55555555555556e-05 5.55555555555556e-05 0.169833333333333 0.164833333333333 5.55555555555556e-05 5.55555555555556e-05 5.55555555555556e-05 5.55555555555556e-05 5.55555555555556e-05 5.55555555555556e-05; % P D=0.1
0.214833333333333 5.55555555555556e-05 0.159833333333333 0.154833333333333 0.179833333333333 0.000333333333333333 5.55555555555556e-05 5.55555555555556e-05 5.55555555555556e-05 5.55555555555556e-05 5.55555555555556e-05 0.154833333333333 0.134833333333333 5.55555555555556e-05 5.55555555555556e-05 5.55555555555556e-05 5.55555555555556e-05 5.55555555555556e-05 5.55555555555556e-05; % T D=0.1
0.264833333333333 5.55555555555556e-05 0.134833333333333 0.179833333333333 0.134833333333333 0.149833333333333 5.55555555555556e-05 5.55555555555556e-05 5.55555555555556e-05 5.55555555555556e-05 5.55555555555556e-05 0.000333333333333333 0.134833333333333 5.55555555555556e-05 5.55555555555556e-05 5.55555555555556e-05 5.55555555555556e-05 5.55555555555556e-05 5.55555555555556e-05; % V D=0.1
5.55555555555556e-05 9.25925925925926e-06 5.55555555555556e-05 5.55555555555556e-05 5.55555555555556e-05 5.55555555555556e-05 9.25925925925926e-06 0.999509259259259 9.25925925925926e-06 9.25925925925926e-06 9.25925925925926e-06 5.55555555555556e-05 5.55555555555556e-05 9.25925925925926e-06 9.25925925925926e-06 9.25925925925926e-06 9.25925925925926e-06 9.25925925925926e-06 9.25925925925926e-06; % Z D=0.1
5.55555555555556e-05 9.25925925925926e-06 5.55555555555556e-05 5.55555555555556e-05 5.55555555555556e-05 5.55555555555556e-05 9.25925925925926e-06 9.25925925925926e-06 9.25925925925926e-06 9.25925925925926e-06 9.25925925925926e-06 5.55555555555556e-05 5.55555555555556e-05 9.25925925925926e-06 9.25925925925926e-06 9.25925925925926e-06 9.25925925925926e-06 9.25925925925926e-06 0.999509259259259; % b D=0.1
5.55555555555556e-05 9.25925925925926e-06 5.55555555555556e-05 5.55555555555556e-05 5.55555555555556e-05 5.55555555555556e-05 9.25925925925926e-06 9.25925925925926e-06 0.999509259259259 9.25925925925926e-06 9.25925925925926e-06 5.55555555555556e-05 5.55555555555556e-05 9.25925925925926e-06 9.25925925925926e-06 9.25925925925926e-06 9.25925925925926e-06 9.25925925925926e-06 9.25925925925926e-06; % d D=0.1
5.55555555555556e-05 9.25925925925926e-06 5.55555555555556e-05 5.55555555555556e-05 5.55555555555556e-05 5.55555555555556e-05 9.25925925925926e-06 9.25925925925926e-06 9.25925925925926e-06 9.25925925925926e-06 9.25925925925926e-06 5.55555555555556e-05 5.55555555555556e-05 9.25925925925926e-06 9.25925925925926e-06 9.25925925925926e-06 9.25925925925926e-06 0.999509259259259 9.25925925925926e-06; % g D=0.1
5.55555555555556e-05 9.25925925925926e-06 5.55555555555556e-05 5.55555555555556e-05 5.55555555555556e-05 5.55555555555556e-05 9.25925925925926e-06 9.25925925925926e-06 9.25925925925926e-06 9.25925925925926e-06 9.25925925925926e-06 5.55555555555556e-05 5.55555555555556e-05 9.25925925925926e-06 9.25925925925926e-06 9.25925925925926e-06 0.999509259259259 9.25925925925926e-06 9.25925925925926e-06; % k D=0.1
5.55555555555556e-05 9.25925925925926e-06 5.55555555555556e-05 5.55555555555556e-05 5.55555555555556e-05 5.55555555555556e-05 0.999509259259259 9.25925925925926e-06 9.25925925925926e-06 9.25925925925926e-06 9.25925925925926e-06 5.55555555555556e-05 5.55555555555556e-05 9.25925925925926e-06 9.25925925925926e-06 9.25925925925926e-06 9.25925925925926e-06 9.25925925925926e-06 9.25925925925926e-06; % l D=0.1
0.274833333333333 5.55555555555556e-05 0.159833333333333 0.000333333333333333 0.114833333333333 0.139833333333333 5.55555555555556e-05 5.55555555555556e-05 5.55555555555556e-05 5.55555555555556e-05 5.55555555555556e-05 0.139833333333333 0.169833333333333 5.55555555555556e-05 5.55555555555556e-05 5.55555555555556e-05 5.55555555555556e-05 5.55555555555556e-05 5.55555555555556e-05; % p D=0.1
0.259833333333333 5.55555555555556e-05 0.000333333333333333 0.164833333333333 0.159833333333333 0.104833333333333 5.55555555555556e-05 5.55555555555556e-05 5.55555555555556e-05 5.55555555555556e-05 5.55555555555556e-05 0.164833333333333 0.144833333333333 5.55555555555556e-05 5.55555555555556e-05 5.55555555555556e-05 5.55555555555556e-05 5.55555555555556e-05 5.55555555555556e-05; % t D=0.1
5.55555555555556e-05 9.25925925925926e-06 5.55555555555556e-05 5.55555555555556e-05 5.55555555555556e-05 5.55555555555556e-05 9.25925925925926e-06 9.25925925925926e-06 9.25925925925926e-06 9.25925925925926e-06 0.999509259259259 5.55555555555556e-05 5.55555555555556e-05 9.25925925925926e-06 9.25925925925926e-06 9.25925925925926e-06 9.25925925925926e-06 9.25925925925926e-06 9.25925925925926e-06; % v D=0.1
0.264833333333333 5.55555555555556e-05 0.129833333333333 0.129833333333333 0.119833333333333 0.179833333333333 5.55555555555556e-05 5.55555555555556e-05 5.55555555555556e-05 5.55555555555556e-05 5.55555555555556e-05 0.174833333333333 0.000333333333333333 5.55555555555556e-05 5.55555555555556e-05 5.55555555555556e-05 5.55555555555556e-05 5.55555555555556e-05 5.55555555555556e-05; % z D=0.1
0.000444444444444445 7.40740740740741e-05 0.179777777777778 0.139777777777778 0.193111111111111 0.189777777777778 7.40740740740741e-05 7.40740740740741e-05 7.40740740740741e-05 7.40740740740741e-05 7.40740740740741e-05 0.129777777777778 0.166444444444444 7.40740740740741e-05 7.40740740740741e-05 7.40740740740741e-05 7.40740740740741e-05 7.40740740740741e-05 7.40740740740741e-05; % $ D=0.2
0.000111111111111111 1.85185185185185e-05 0.000111111111111111 0.000111111111111111 0.000111111111111111 0.000111111111111111 1.85185185185185e-05 1.85185185185185e-05 1.85185185185185e-05 1.85185185185185e-05 1.85185185185185e-05 0.000111111111111111 0.000111111111111111 0.999018518518519 1.85185185185185e-05 1.85185185185185e-05 1.85185185185185e-05 1.85185185185185e-05 1.85185185185185e-05; % B D=0.2
0.000111111111111111 0.999018518518519 0.000111111111111111 0.000111111111111111 0.000111111111111111 0.000111111111111111 1.85185185185185e-05 1.85185185185185e-05 1.85185185185185e-05 1.85185185185185e-05 1.85185185185185e-05 0.000111111111111111 0.000111111111111111 1.85185185185185e-05 1.85185185185185e-05 1.85185185185185e-05 1.85185185185185e-05 1.85185185185185e-05 1.85185185185185e-05; % D D=0.2
0.000111111111111111 1.85185185185185e-05 0.000111111111111111 0.000111111111111111 0.000111111111111111 0.000111111111111111 1.85185185185185e-05 1.85185185185185e-05 1.85185185185185e-05 1.85185185185185e-05 1.85185185185185e-05 0.000111111111111111 0.000111111111111111 1.85185185185185e-05 1.85185185185185e-05 0.999018518518519 1.85185185185185e-05 1.85185185185185e-05 1.85185185185185e-05; % G D=0.2
0.000111111111111111 1.85185185185185e-05 0.000111111111111111 0.000111111111111111 0.000111111111111111 0.000111111111111111 1.85185185185185e-05 1.85185185185185e-05 1.85185185185185e-05 1.85185185185185e-05 1.85185185185185e-05 0.000111111111111111 0.000111111111111111 1.85185185185185e-05 0.999018518518519 1.85185185185185e-05 1.85185185185185e-05 1.85185185185185e-05 1.85185185185185e-05; % K D=0.2
0.000111111111111111 1.85185185185185e-05 0.000111111111111111 0.000111111111111111 0.000111111111111111 0.000111111111111111 1.85185185185185e-05 1.85185185185185e-05 1.85185185185185e-05 0.999018518518519 1.85185185185185e-05 0.000111111111111111 0.000111111111111111 1.85185185185185e-05 1.85185185185185e-05 1.85185185185185e-05 1.85185185185185e-05 1.85185185185185e-05 1.85185185185185e-05; % L D=0.2
0.219666666666667 0.000111111111111111 0.144666666666667 0.159666666666667 0.000666666666666667 0.139666666666667 0.000111111111111111 0.000111111111111111 0.000111111111111111 0.000111111111111111 0.000111111111111111 0.169666666666667 0.164666666666667 0.000111111111111111 0.000111111111111111 0.000111111111111111 0.000111111111111111 0.000111111111111111 0.000111111111111111; % P D=0.2
0.214666666666667 0.000111111111111111 0.159666666666667 0.154666666666667 0.179666666666667 0.000666666666666667 0.000111111111111111 0.000111111111111111 0.000111111111111111 0.000111111111111111 0.000111111111111111 0.154666666666667 0.134666666666667 0.000111111111111111 0.000111111111111111 0.000111111111111111 0.000111111111111111 0.000111111111111111 0.000111111111111111; % T D=0.2
0.264666666666667 0.000111111111111111 0.134666666666667 0.179666666666667 0.134666666666667 0.149666666666667 0.000111111111111111 0.000111111111111111 0.000111111111111111 0.000111111111111111 0.000111111111111111 0.000666666666666667 0.134666666666667 0.000111111111111111 0.000111111111111111 0.000111111111111111 0.000111111111111111 0.000111111111111111 0.000111111111111111; % V D=0.2
0.000111111111111111 1.85185185185185e-05 0.000111111111111111 0.000111111111111111 0.000111111111111111 0.000111111111111111 1.85185185185185e-05 0.999018518518519 1.85185185185185e-05 1.85185185185185e-05 1.85185185185185e-05 0.000111111111111111 0.000111111111111111 1.85185185185185e-05 1.85185185185185e-05 1.85185185185185e-05 1.85185185185185e-05 1.85185185185185e-05 1.85185185185185e-05; % Z D=0.2
0.000111111111111111 1.85185185185185e-05 0.000111111111111111 0.000111111111111111 0.000111111111111111 0.000111111111111111 1.85185185185185e-05 1.85185185185185e-05 1.85185185185185e-05 1.85185185185185e-05 1.85185185185185e-05 0.000111111111111111 0.000111111111111111 1.85185185185185e-05 1.85185185185185e-05 1.85185185185185e-05 1.85185185185185e-05 1.85185185185185e-05 0.999018518518519; % b D=0.2
0.000111111111111111 1.85185185185185e-05 0.000111111111111111 0.000111111111111111 0.000111111111111111 0.000111111111111111 1.85185185185185e-05 1.85185185185185e-05 0.999018518518519 1.85185185185185e-05 1.85185185185185e-05 0.000111111111111111 0.000111111111111111 1.85185185185185e-05 1.85185185185185e-05 1.85185185185185e-05 1.85185185185185e-05 1.85185185185185e-05 1.85185185185185e-05; % d D=0.2
0.000111111111111111 1.85185185185185e-05 0.000111111111111111 0.000111111111111111 0.000111111111111111 0.000111111111111111 1.85185185185185e-05 1.85185185185185e-05 1.85185185185185e-05 1.85185185185185e-05 1.85185185185185e-05 0.000111111111111111 0.000111111111111111 1.85185185185185e-05 1.85185185185185e-05 1.85185185185185e-05 1.85185185185185e-05 0.999018518518519 1.85185185185185e-05; % g D=0.2
0.000111111111111111 1.85185185185185e-05 0.000111111111111111 0.000111111111111111 0.000111111111111111 0.000111111111111111 1.85185185185185e-05 1.85185185185185e-05 1.85185185185185e-05 1.85185185185185e-05 1.85185185185185e-05 0.000111111111111111 0.000111111111111111 1.85185185185185e-05 1.85185185185185e-05 1.85185185185185e-05 0.999018518518519 1.85185185185185e-05 1.85185185185185e-05; % k D=0.2
0.000111111111111111 1.85185185185185e-05 0.000111111111111111 0.000111111111111111 0.000111111111111111 0.000111111111111111 0.999018518518519 1.85185185185185e-05 1.85185185185185e-05 1.85185185185185e-05 1.85185185185185e-05 0.000111111111111111 0.000111111111111111 1.85185185185185e-05 1.85185185185185e-05 1.85185185185185e-05 1.85185185185185e-05 1.85185185185185e-05 1.85185185185185e-05; % l D=0.2
0.274666666666667 0.000111111111111111 0.159666666666667 0.000666666666666667 0.114666666666667 0.139666666666667 0.000111111111111111 0.000111111111111111 0.000111111111111111 0.000111111111111111 0.000111111111111111 0.139666666666667 0.169666666666667 0.000111111111111111 0.000111111111111111 0.000111111111111111 0.000111111111111111 0.000111111111111111 0.000111111111111111; % p D=0.2
0.259666666666667 0.000111111111111111 0.000666666666666667 0.164666666666667 0.159666666666667 0.104666666666667 0.000111111111111111 0.000111111111111111 0.000111111111111111 0.000111111111111111 0.000111111111111111 0.164666666666667 0.144666666666667 0.000111111111111111 0.000111111111111111 0.000111111111111111 0.000111111111111111 0.000111111111111111 0.000111111111111111; % t D=0.2
0.000111111111111111 1.85185185185185e-05 0.000111111111111111 0.000111111111111111 0.000111111111111111 0.000111111111111111 1.85185185185185e-05 1.85185185185185e-05 1.85185185185185e-05 1.85185185185185e-05 0.999018518518519 0.000111111111111111 0.000111111111111111 1.85185185185185e-05 1.85185185185185e-05 1.85185185185185e-05 1.85185185185185e-05 1.85185185185185e-05 1.85185185185185e-05; % v D=0.2
0.264666666666667 0.000111111111111111 0.129666666666667 0.129666666666667 0.119666666666667 0.179666666666667 0.000111111111111111 0.000111111111111111 0.000111111111111111 0.000111111111111111 0.000111111111111111 0.174666666666667 0.000666666666666667 0.000111111111111111 0.000111111111111111 0.000111111111111111 0.000111111111111111 0.000111111111111111 0.000111111111111111; % z D=0.2
0.000666666666666667 0.000111111111111111 0.179666666666667 0.139666666666667 0.193 0.189666666666667 0.000111111111111111 0.000111111111111111 0.000111111111111111 0.000111111111111111 0.000111111111111111 0.129666666666667 0.166333333333333 0.000111111111111111 0.000111111111111111 0.000111111111111111 0.000111111111111111 0.000111111111111111 0.000111111111111111; % $ D=0.3
0.000166666666666667 2.77777777777778e-05 0.000166666666666667 0.000166666666666667 0.000166666666666667 0.000166666666666667 2.77777777777778e-05 2.77777777777778e-05 2.77777777777778e-05 2.77777777777778e-05 2.77777777777778e-05 0.000166666666666667 0.000166666666666667 0.998527777777778 2.77777777777778e-05 2.77777777777778e-05 2.77777777777778e-05 2.77777777777778e-05 2.77777777777778e-05; % B D=0.3
0.000166666666666667 0.998527777777778 0.000166666666666667 0.000166666666666667 0.000166666666666667 0.000166666666666667 2.77777777777778e-05 2.77777777777778e-05 2.77777777777778e-05 2.77777777777778e-05 2.77777777777778e-05 0.000166666666666667 0.000166666666666667 2.77777777777778e-05 2.77777777777778e-05 2.77777777777778e-05 2.77777777777778e-05 2.77777777777778e-05 2.77777777777778e-05; % D D=0.3
0.000166666666666667 2.77777777777778e-05 0.000166666666666667 0.000166666666666667 0.000166666666666667 0.000166666666666667 2.77777777777778e-05 2.77777777777778e-05 2.77777777777778e-05 2.77777777777778e-05 2.77777777777778e-05 0.000166666666666667 0.000166666666666667 2.77777777777778e-05 2.77777777777778e-05 0.998527777777778 2.77777777777778e-05 2.77777777777778e-05 2.77777777777778e-05; % G D=0.3
0.000166666666666667 2.77777777777778e-05 0.000166666666666667 0.000166666666666667 0.000166666666666667 0.000166666666666667 2.77777777777778e-05 2.77777777777778e-05 2.77777777777778e-05 2.77777777777778e-05 2.77777777777778e-05 0.000166666666666667 0.000166666666666667 2.77777777777778e-05 0.998527777777778 2.77777777777778e-05 2.77777777777778e-05 2.77777777777778e-05 2.77777777777778e-05; % K D=0.3
0.000166666666666667 2.77777777777778e-05 0.000166666666666667 0.000166666666666667 0.000166666666666667 0.000166666666666667 2.77777777777778e-05 2.77777777777778e-05 2.77777777777778e-05 0.998527777777778 2.77777777777778e-05 0.000166666666666667 0.000166666666666667 2.77777777777778e-05 2.77777777777778e-05 2.77777777777778e-05 2.77777777777778e-05 2.77777777777778e-05 2.77777777777778e-05; % L D=0.3
0.2195 0.000166666666666667 0.1445 0.1595 0.001 0.1395 0.000166666666666667 0.000166666666666667 0.000166666666666667 0.000166666666666667 0.000166666666666667 0.1695 0.1645 0.000166666666666667 0.000166666666666667 0.000166666666666667 0.000166666666666667 0.000166666666666667 0.000166666666666667; % P D=0.3
0.2145 0.000166666666666667 0.1595 0.1545 0.1795 0.001 0.000166666666666667 0.000166666666666667 0.000166666666666667 0.000166666666666667 0.000166666666666667 0.1545 0.1345 0.000166666666666667 0.000166666666666667 0.000166666666666667 0.000166666666666667 0.000166666666666667 0.000166666666666667; % T D=0.3
0.2645 0.000166666666666667 0.1345 0.1795 0.1345 0.1495 0.000166666666666667 0.000166666666666667 0.000166666666666667 0.000166666666666667 0.000166666666666667 0.001 0.1345 0.000166666666666667 0.000166666666666667 0.000166666666666667 0.000166666666666667 0.000166666666666667 0.000166666666666667; % V D=0.3
0.000166666666666667 2.77777777777778e-05 0.000166666666666667 0.000166666666666667 0.000166666666666667 0.000166666666666667 2.77777777777778e-05 0.998527777777778 2.77777777777778e-05 2.77777777777778e-05 2.77777777777778e-05 0.000166666666666667 0.000166666666666667 2.77777777777778e-05 2.77777777777778e-05 2.77777777777778e-05 2.77777777777778e-05 2.77777777777778e-05 2.77777777777778e-05; % Z D=0.3
0.000166666666666667 2.77777777777778e-05 0.000166666666666667 0.000166666666666667 0.000166666666666667 0.000166666666666667 2.77777777777778e-05 2.77777777777778e-05 2.77777777777778e-05 2.77777777777778e-05 2.77777777777778e-05 0.000166666666666667 0.000166666666666667 2.77777777777778e-05 2.77777777777778e-05 2.77777777777778e-05 2.77777777777778e-05 2.77777777777778e-05 0.998527777777778; % b D=0.3
0.000166666666666667 2.77777777777778e-05 0.000166666666666667 0.000166666666666667 0.000166666666666667 0.000166666666666667 2.77777777777778e-05 2.77777777777778e-05 0.998527777777778 2.77777777777778e-05 2.77777777777778e-05 0.000166666666666667 0.000166666666666667 2.77777777777778e-05 2.77777777777778e-05 2.77777777777778e-05 2.77777777777778e-05 2.77777777777778e-05 2.77777777777778e-05; % d D=0.3
0.000166666666666667 2.77777777777778e-05 0.000166666666666667 0.000166666666666667 0.000166666666666667 0.000166666666666667 2.77777777777778e-05 2.77777777777778e-05 2.77777777777778e-05 2.77777777777778e-05 2.77777777777778e-05 0.000166666666666667 0.000166666666666667 2.77777777777778e-05 2.77777777777778e-05 2.77777777777778e-05 2.77777777777778e-05 0.998527777777778 2.77777777777778e-05; % g D=0.3
0.000166666666666667 2.77777777777778e-05 0.000166666666666667 0.000166666666666667 0.000166666666666667 0.000166666666666667 2.77777777777778e-05 2.77777777777778e-05 2.77777777777778e-05 2.77777777777778e-05 2.77777777777778e-05 0.000166666666666667 0.000166666666666667 2.77777777777778e-05 2.77777777777778e-05 2.77777777777778e-05 0.998527777777778 2.77777777777778e-05 2.77777777777778e-05; % k D=0.3
0.000166666666666667 2.77777777777778e-05 0.000166666666666667 0.000166666666666667 0.000166666666666667 0.000166666666666667 0.998527777777778 2.77777777777778e-05 2.77777777777778e-05 2.77777777777778e-05 2.77777777777778e-05 0.000166666666666667 0.000166666666666667 2.77777777777778e-05 2.77777777777778e-05 2.77777777777778e-05 2.77777777777778e-05 2.77777777777778e-05 2.77777777777778e-05; % l D=0.3
0.2745 0.000166666666666667 0.1595 0.001 0.1145 0.1395 0.000166666666666667 0.000166666666666667 0.000166666666666667 0.000166666666666667 0.000166666666666667 0.1395 0.1695 0.000166666666666667 0.000166666666666667 0.000166666666666667 0.000166666666666667 0.000166666666666667 0.000166666666666667; % p D=0.3
0.2595 0.000166666666666667 0.001 0.1645 0.1595 0.1045 0.000166666666666667 0.000166666666666667 0.000166666666666667 0.000166666666666667 0.000166666666666667 0.1645 0.1445 0.000166666666666667 0.000166666666666667 0.000166666666666667 0.000166666666666667 0.000166666666666667 0.000166666666666667; % t D=0.3
0.000166666666666667 2.77777777777778e-05 0.000166666666666667 0.000166666666666667 0.000166666666666667 0.000166666666666667 2.77777777777778e-05 2.77777777777778e-05 2.77777777777778e-05 2.77777777777778e-05 0.998527777777778 0.000166666666666667 0.000166666666666667 2.77777777777778e-05 2.77777777777778e-05 2.77777777777778e-05 2.77777777777778e-05 2.77777777777778e-05 2.77777777777778e-05; % v D=0.3
0.2645 0.000166666666666667 0.1295 0.1295 0.1195 0.1795 0.000166666666666667 0.000166666666666667 0.000166666666666667 0.000166666666666667 0.000166666666666667 0.1745 0.001 0.000166666666666667 0.000166666666666667 0.000166666666666667 0.000166666666666667 0.000166666666666667 0.000166666666666667; % z D=0.3
0.000888888888888889 0.000148148148148148 0.179555555555556 0.139555555555556 0.192888888888889 0.189555555555556 0.000148148148148148 0.000148148148148148 0.000148148148148148 0.000148148148148148 0.000148148148148148 0.129555555555556 0.166222222222222 0.000148148148148148 0.000148148148148148 0.000148148148148148 0.000148148148148148 0.000148148148148148 0.000148148148148148; % $ D=0.4
0.000222222222222222 3.7037037037037e-05 0.000222222222222222 0.000222222222222222 0.000222222222222222 0.000222222222222222 3.7037037037037e-05 3.7037037037037e-05 3.7037037037037e-05 3.7037037037037e-05 3.7037037037037e-05 0.000222222222222222 0.000222222222222222 0.998037037037037 3.7037037037037e-05 3.7037037037037e-05 3.7037037037037e-05 3.7037037037037e-05 3.7037037037037e-05; % B D=0.4
0.000222222222222222 0.998037037037037 0.000222222222222222 0.000222222222222222 0.000222222222222222 0.000222222222222222 3.7037037037037e-05 3.7037037037037e-05 3.7037037037037e-05 3.7037037037037e-05 3.7037037037037e-05 0.000222222222222222 0.000222222222222222 3.7037037037037e-05 3.7037037037037e-05 3.7037037037037e-05 3.7037037037037e-05 3.7037037037037e-05 3.7037037037037e-05; % D D=0.4
0.000222222222222222 3.7037037037037e-05 0.000222222222222222 0.000222222222222222 0.000222222222222222 0.000222222222222222 3.7037037037037e-05 3.7037037037037e-05 3.7037037037037e-05 3.7037037037037e-05 3.7037037037037e-05 0.000222222222222222 0.000222222222222222 3.7037037037037e-05 3.7037037037037e-05 0.998037037037037 3.7037037037037e-05 3.7037037037037e-05 3.7037037037037e-05; % G D=0.4
0.000222222222222222 3.7037037037037e-05 0.000222222222222222 0.000222222222222222 0.000222222222222222 0.000222222222222222 3.7037037037037e-05 3.7037037037037e-05 3.7037037037037e-05 3.7037037037037e-05 3.7037037037037e-05 0.000222222222222222 0.000222222222222222 3.7037037037037e-05 0.998037037037037 3.7037037037037e-05 3.7037037037037e-05 3.7037037037037e-05 3.7037037037037e-05; % K D=0.4
0.000222222222222222 3.7037037037037e-05 0.000222222222222222 0.000222222222222222 0.000222222222222222 0.000222222222222222 3.7037037037037e-05 3.7037037037037e-05 3.7037037037037e-05 0.998037037037037 3.7037037037037e-05 0.000222222222222222 0.000222222222222222 3.7037037037037e-05 3.7037037037037e-05 3.7037037037037e-05 3.7037037037037e-05 3.7037037037037e-05 3.7037037037037e-05; % L D=0.4
0.219333333333333 0.000222222222222222 0.144333333333333 0.159333333333333 0.00133333333333333 0.139333333333333 0.000222222222222222 0.000222222222222222 0.000222222222222222 0.000222222222222222 0.000222222222222222 0.169333333333333 0.164333333333333 0.000222222222222222 0.000222222222222222 0.000222222222222222 0.000222222222222222 0.000222222222222222 0.000222222222222222; % P D=0.4
0.214333333333333 0.000222222222222222 0.159333333333333 0.154333333333333 0.179333333333333 0.00133333333333333 0.000222222222222222 0.000222222222222222 0.000222222222222222 0.000222222222222222 0.000222222222222222 0.154333333333333 0.134333333333333 0.000222222222222222 0.000222222222222222 0.000222222222222222 0.000222222222222222 0.000222222222222222 0.000222222222222222; % T D=0.4
0.264333333333333 0.000222222222222222 0.134333333333333 0.179333333333333 0.134333333333333 0.149333333333333 0.000222222222222222 0.000222222222222222 0.000222222222222222 0.000222222222222222 0.000222222222222222 0.00133333333333333 0.134333333333333 0.000222222222222222 0.000222222222222222 0.000222222222222222 0.000222222222222222 0.000222222222222222 0.000222222222222222; % V D=0.4
0.000222222222222222 3.7037037037037e-05 0.000222222222222222 0.000222222222222222 0.000222222222222222 0.000222222222222222 3.7037037037037e-05 0.998037037037037 3.7037037037037e-05 3.7037037037037e-05 3.7037037037037e-05 0.000222222222222222 0.000222222222222222 3.7037037037037e-05 3.7037037037037e-05 3.7037037037037e-05 3.7037037037037e-05 3.7037037037037e-05 3.7037037037037e-05; % Z D=0.4
0.000222222222222222 3.7037037037037e-05 0.000222222222222222 0.000222222222222222 0.000222222222222222 0.000222222222222222 3.7037037037037e-05 3.7037037037037e-05 3.7037037037037e-05 3.7037037037037e-05 3.7037037037037e-05 0.000222222222222222 0.000222222222222222 3.7037037037037e-05 3.7037037037037e-05 3.7037037037037e-05 3.7037037037037e-05 3.7037037037037e-05 0.998037037037037; % b D=0.4
0.000222222222222222 3.7037037037037e-05 0.000222222222222222 0.000222222222222222 0.000222222222222222 0.000222222222222222 3.7037037037037e-05 3.7037037037037e-05 0.998037037037037 3.7037037037037e-05 3.7037037037037e-05 0.000222222222222222 0.000222222222222222 3.7037037037037e-05 3.7037037037037e-05 3.7037037037037e-05 3.7037037037037e-05 3.7037037037037e-05 3.7037037037037e-05; % d D=0.4
0.000222222222222222 3.7037037037037e-05 0.000222222222222222 0.000222222222222222 0.000222222222222222 0.000222222222222222 3.7037037037037e-05 3.7037037037037e-05 3.7037037037037e-05 3.7037037037037e-05 3.7037037037037e-05 0.000222222222222222 0.000222222222222222 3.7037037037037e-05 3.7037037037037e-05 3.7037037037037e-05 3.7037037037037e-05 0.998037037037037 3.7037037037037e-05; % g D=0.4
0.000222222222222222 3.7037037037037e-05 0.000222222222222222 0.000222222222222222 0.000222222222222222 0.000222222222222222 3.7037037037037e-05 3.7037037037037e-05 3.7037037037037e-05 3.7037037037037e-05 3.7037037037037e-05 0.000222222222222222 0.000222222222222222 3.7037037037037e-05 3.7037037037037e-05 3.7037037037037e-05 0.998037037037037 3.7037037037037e-05 3.7037037037037e-05; % k D=0.4
0.000222222222222222 3.7037037037037e-05 0.000222222222222222 0.000222222222222222 0.000222222222222222 0.000222222222222222 0.998037037037037 3.7037037037037e-05 3.7037037037037e-05 3.7037037037037e-05 3.7037037037037e-05 0.000222222222222222 0.000222222222222222 3.7037037037037e-05 3.7037037037037e-05 3.7037037037037e-05 3.7037037037037e-05 3.7037037037037e-05 3.7037037037037e-05; % l D=0.4
0.274333333333333 0.000222222222222222 0.159333333333333 0.00133333333333333 0.114333333333333 0.139333333333333 0.000222222222222222 0.000222222222222222 0.000222222222222222 0.000222222222222222 0.000222222222222222 0.139333333333333 0.169333333333333 0.000222222222222222 0.000222222222222222 0.000222222222222222 0.000222222222222222 0.000222222222222222 0.000222222222222222; % p D=0.4
0.259333333333333 0.000222222222222222 0.00133333333333333 0.164333333333333 0.159333333333333 0.104333333333333 0.000222222222222222 0.000222222222222222 0.000222222222222222 0.000222222222222222 0.000222222222222222 0.164333333333333 0.144333333333333 0.000222222222222222 0.000222222222222222 0.000222222222222222 0.000222222222222222 0.000222222222222222 0.000222222222222222; % t D=0.4
0.000222222222222222 3.7037037037037e-05 0.000222222222222222 0.000222222222222222 0.000222222222222222 0.000222222222222222 3.7037037037037e-05 3.7037037037037e-05 3.7037037037037e-05 3.7037037037037e-05 0.998037037037037 0.000222222222222222 0.000222222222222222 3.7037037037037e-05 3.7037037037037e-05 3.7037037037037e-05 3.7037037037037e-05 3.7037037037037e-05 3.7037037037037e-05; % v D=0.4
0.264333333333333 0.000222222222222222 0.129333333333333 0.129333333333333 0.119333333333333 0.179333333333333 0.000222222222222222 0.000222222222222222 0.000222222222222222 0.000222222222222222 0.000222222222222222 0.174333333333333 0.00133333333333333 0.000222222222222222 0.000222222222222222 0.000222222222222222 0.000222222222222222 0.000222222222222222 0.000222222222222222; % z D=0.4
0.00111111111111111 0.000185185185185185 0.179444444444444 0.139444444444444 0.192777777777778 0.189444444444444 0.000185185185185185 0.000185185185185185 0.000185185185185185 0.000185185185185185 0.000185185185185185 0.129444444444444 0.166111111111111 0.000185185185185185 0.000185185185185185 0.000185185185185185 0.000185185185185185 0.000185185185185185 0.000185185185185185; % $ D=0.5
0.000277777777777778 4.62962962962963e-05 0.000277777777777778 0.000277777777777778 0.000277777777777778 0.000277777777777778 4.62962962962963e-05 4.62962962962963e-05 4.62962962962963e-05 4.62962962962963e-05 4.62962962962963e-05 0.000277777777777778 0.000277777777777778 0.997546296296296 4.62962962962963e-05 4.62962962962963e-05 4.62962962962963e-05 4.62962962962963e-05 4.62962962962963e-05; % B D=0.5
0.000277777777777778 0.997546296296296 0.000277777777777778 0.000277777777777778 0.000277777777777778 0.000277777777777778 4.62962962962963e-05 4.62962962962963e-05 4.62962962962963e-05 4.62962962962963e-05 4.62962962962963e-05 0.000277777777777778 0.000277777777777778 4.62962962962963e-05 4.62962962962963e-05 4.62962962962963e-05 4.62962962962963e-05 4.62962962962963e-05 4.62962962962963e-05; % D D=0.5
0.000277777777777778 4.62962962962963e-05 0.000277777777777778 0.000277777777777778 0.000277777777777778 0.000277777777777778 4.62962962962963e-05 4.62962962962963e-05 4.62962962962963e-05 4.62962962962963e-05 4.62962962962963e-05 0.000277777777777778 0.000277777777777778 4.62962962962963e-05 4.62962962962963e-05 0.997546296296296 4.62962962962963e-05 4.62962962962963e-05 4.62962962962963e-05; % G D=0.5
0.000277777777777778 4.62962962962963e-05 0.000277777777777778 0.000277777777777778 0.000277777777777778 0.000277777777777778 4.62962962962963e-05 4.62962962962963e-05 4.62962962962963e-05 4.62962962962963e-05 4.62962962962963e-05 0.000277777777777778 0.000277777777777778 4.62962962962963e-05 0.997546296296296 4.62962962962963e-05 4.62962962962963e-05 4.62962962962963e-05 4.62962962962963e-05; % K D=0.5
0.000277777777777778 4.62962962962963e-05 0.000277777777777778 0.000277777777777778 0.000277777777777778 0.000277777777777778 4.62962962962963e-05 4.62962962962963e-05 4.62962962962963e-05 0.997546296296296 4.62962962962963e-05 0.000277777777777778 0.000277777777777778 4.62962962962963e-05 4.62962962962963e-05 4.62962962962963e-05 4.62962962962963e-05 4.62962962962963e-05 4.62962962962963e-05; % L D=0.5
0.219166666666667 0.000277777777777778 0.144166666666667 0.159166666666667 0.00166666666666667 0.139166666666667 0.000277777777777778 0.000277777777777778 0.000277777777777778 0.000277777777777778 0.000277777777777778 0.169166666666667 0.164166666666667 0.000277777777777778 0.000277777777777778 0.000277777777777778 0.000277777777777778 0.000277777777777778 0.000277777777777778; % P D=0.5
0.214166666666667 0.000277777777777778 0.159166666666667 0.154166666666667 0.179166666666667 0.00166666666666667 0.000277777777777778 0.000277777777777778 0.000277777777777778 0.000277777777777778 0.000277777777777778 0.154166666666667 0.134166666666667 0.000277777777777778 0.000277777777777778 0.000277777777777778 0.000277777777777778 0.000277777777777778 0.000277777777777778; % T D=0.5
0.264166666666667 0.000277777777777778 0.134166666666667 0.179166666666667 0.134166666666667 0.149166666666667 0.000277777777777778 0.000277777777777778 0.000277777777777778 0.000277777777777778 0.000277777777777778 0.00166666666666667 0.134166666666667 0.000277777777777778 0.000277777777777778 0.000277777777777778 0.000277777777777778 0.000277777777777778 0.000277777777777778; % V D=0.5
0.000277777777777778 4.62962962962963e-05 0.000277777777777778 0.000277777777777778 0.000277777777777778 0.000277777777777778 4.62962962962963e-05 0.997546296296296 4.62962962962963e-05 4.62962962962963e-05 4.62962962962963e-05 0.000277777777777778 0.000277777777777778 4.62962962962963e-05 4.62962962962963e-05 4.62962962962963e-05 4.62962962962963e-05 4.62962962962963e-05 4.62962962962963e-05; % Z D=0.5
0.000277777777777778 4.62962962962963e-05 0.000277777777777778 0.000277777777777778 0.000277777777777778 0.000277777777777778 4.62962962962963e-05 4.62962962962963e-05 4.62962962962963e-05 4.62962962962963e-05 4.62962962962963e-05 0.000277777777777778 0.000277777777777778 4.62962962962963e-05 4.62962962962963e-05 4.62962962962963e-05 4.62962962962963e-05 4.62962962962963e-05 0.997546296296296; % b D=0.5
0.000277777777777778 4.62962962962963e-05 0.000277777777777778 0.000277777777777778 0.000277777777777778 0.000277777777777778 4.62962962962963e-05 4.62962962962963e-05 0.997546296296296 4.62962962962963e-05 4.62962962962963e-05 0.000277777777777778 0.000277777777777778 4.62962962962963e-05 4.62962962962963e-05 4.62962962962963e-05 4.62962962962963e-05 4.62962962962963e-05 4.62962962962963e-05; % d D=0.5
0.000277777777777778 4.62962962962963e-05 0.000277777777777778 0.000277777777777778 0.000277777777777778 0.000277777777777778 4.62962962962963e-05 4.62962962962963e-05 4.62962962962963e-05 4.62962962962963e-05 4.62962962962963e-05 0.000277777777777778 0.000277777777777778 4.62962962962963e-05 4.62962962962963e-05 4.62962962962963e-05 4.62962962962963e-05 0.997546296296296 4.62962962962963e-05; % g D=0.5
0.000277777777777778 4.62962962962963e-05 0.000277777777777778 0.000277777777777778 0.000277777777777778 0.000277777777777778 4.62962962962963e-05 4.62962962962963e-05 4.62962962962963e-05 4.62962962962963e-05 4.62962962962963e-05 0.000277777777777778 0.000277777777777778 4.62962962962963e-05 4.62962962962963e-05 4.62962962962963e-05 0.997546296296296 4.62962962962963e-05 4.62962962962963e-05; % k D=0.5
0.000277777777777778 4.62962962962963e-05 0.000277777777777778 0.000277777777777778 0.000277777777777778 0.000277777777777778 0.997546296296296 4.62962962962963e-05 4.62962962962963e-05 4.62962962962963e-05 4.62962962962963e-05 0.000277777777777778 0.000277777777777778 4.62962962962963e-05 4.62962962962963e-05 4.62962962962963e-05 4.62962962962963e-05 4.62962962962963e-05 4.62962962962963e-05; % l D=0.5
0.274166666666667 0.000277777777777778 0.159166666666667 0.00166666666666667 0.114166666666667 0.139166666666667 0.000277777777777778 0.000277777777777778 0.000277777777777778 0.000277777777777778 0.000277777777777778 0.139166666666667 0.169166666666667 0.000277777777777778 0.000277777777777778 0.000277777777777778 0.000277777777777778 0.000277777777777778 0.000277777777777778; % p D=0.5
0.259166666666667 0.000277777777777778 0.00166666666666667 0.164166666666667 0.159166666666667 0.104166666666667 0.000277777777777778 0.000277777777777778 0.000277777777777778 0.000277777777777778 0.000277777777777778 0.164166666666667 0.144166666666667 0.000277777777777778 0.000277777777777778 0.000277777777777778 0.000277777777777778 0.000277777777777778 0.000277777777777778; % t D=0.5
0.000277777777777778 4.62962962962963e-05 0.000277777777777778 0.000277777777777778 0.000277777777777778 0.000277777777777778 4.62962962962963e-05 4.62962962962963e-05 4.62962962962963e-05 4.62962962962963e-05 0.997546296296296 0.000277777777777778 0.000277777777777778 4.62962962962963e-05 4.62962962962963e-05 4.62962962962963e-05 4.62962962962963e-05 4.62962962962963e-05 4.62962962962963e-05; % v D=0.5
0.264166666666667 0.000277777777777778 0.129166666666667 0.129166666666667 0.119166666666667 0.179166666666667 0.000277777777777778 0.000277777777777778 0.000277777777777778 0.000277777777777778 0.000277777777777778 0.174166666666667 0.00166666666666667 0.000277777777777778 0.000277777777777778 0.000277777777777778 0.000277777777777778 0.000277777777777778 0.000277777777777778; % z D=0.5
0.00133333333333333 0.000222222222222222 0.179333333333333 0.139333333333333 0.192666666666667 0.189333333333333 0.000222222222222222 0.000222222222222222 0.000222222222222222 0.000222222222222222 0.000222222222222222 0.129333333333333 0.166 0.000222222222222222 0.000222222222222222 0.000222222222222222 0.000222222222222222 0.000222222222222222 0.000222222222222222; % $ D=0.6
0.000333333333333333 5.55555555555556e-05 0.000333333333333333 0.000333333333333333 0.000333333333333333 0.000333333333333333 5.55555555555556e-05 5.55555555555556e-05 5.55555555555556e-05 5.55555555555556e-05 5.55555555555556e-05 0.000333333333333333 0.000333333333333333 0.997055555555556 5.55555555555556e-05 5.55555555555556e-05 5.55555555555556e-05 5.55555555555556e-05 5.55555555555556e-05; % B D=0.6
0.000333333333333333 0.997055555555556 0.000333333333333333 0.000333333333333333 0.000333333333333333 0.000333333333333333 5.55555555555556e-05 5.55555555555556e-05 5.55555555555556e-05 5.55555555555556e-05 5.55555555555556e-05 0.000333333333333333 0.000333333333333333 5.55555555555556e-05 5.55555555555556e-05 5.55555555555556e-05 5.55555555555556e-05 5.55555555555556e-05 5.55555555555556e-05; % D D=0.6
0.000333333333333333 5.55555555555556e-05 0.000333333333333333 0.000333333333333333 0.000333333333333333 0.000333333333333333 5.55555555555556e-05 5.55555555555556e-05 5.55555555555556e-05 5.55555555555556e-05 5.55555555555556e-05 0.000333333333333333 0.000333333333333333 5.55555555555556e-05 5.55555555555556e-05 0.997055555555556 5.55555555555556e-05 5.55555555555556e-05 5.55555555555556e-05; % G D=0.6
0.000333333333333333 5.55555555555556e-05 0.000333333333333333 0.000333333333333333 0.000333333333333333 0.000333333333333333 5.55555555555556e-05 5.55555555555556e-05 5.55555555555556e-05 5.55555555555556e-05 5.55555555555556e-05 0.000333333333333333 0.000333333333333333 5.55555555555556e-05 0.997055555555556 5.55555555555556e-05 5.55555555555556e-05 5.55555555555556e-05 5.55555555555556e-05; % K D=0.6
