syllables = '$BDGKLPTVZbdgklptvz';
discounts = [0.1 0.2 0.3 0.4 0.5 0.6 0.7 0.8 0.9 0.95];
kn_probs = [0.00288 0.23888 0.00048 0.1184 0.00048 0.00048 0.00048 0.1584 0.1184 0.00048 0.00048 0.1984 0.00048 0.00048 0.15888 0.00048 0.00048 0.00048 0.00048; % $ D=0.1
0.00075 0.00075 0.000125 0.000625 0.000125 0.993875 0.000125 0.000625 0.000625 0.000125 0.000125 0.000625 0.000125 0.000125 0.00075 0.000125 0.000125 0.000125 0.000125; % B D=0.1
0.174823529411765 0.0571764705882353 0.000705882352941177 0.00352941176470588 0.000705882352941177 0.000705882352941177 0.000705882352941177 0.232941176470588 0.115294117647059 0.000705882352941177 0.000705882352941177 0.232941176470588 0.000705882352941177 0.000705882352941177 0.174823529411765 0.000705882352941177 0.000705882352941177 0.000705882352941177 0.000705882352941177; % D D=0.1
0.000705882352941177 0.000705882352941177 0.000117647058823529 0.000588235294117647 0.000117647058823529 0.000117647058823529 0.000117647058823529 0.000588235294117647 0.000588235294117647 0.000117647058823529 0.000117647058823529 0.000588235294117647 0.000117647058823529 0.000117647058823529 0.000705882352941177 0.000117647058823529 0.000117647058823529 0.994235294117647 0.000117647058823529; % G D=0.1
0.00075 0.00075 0.000125 0.000625 0.000125 0.000125 0.000125 0.000625 0.000625 0.000125 0.993875 0.000625 0.000125 0.000125 0.00075 0.000125 0.000125 0.000125 0.000125; % K D=0.1
0.00075 0.00075 0.000125 0.000625 0.993875 0.000125 0.000125 0.000625 0.000625 0.000125 0.000125 0.000625 0.000125 0.000125 0.00075 0.000125 0.000125 0.000125 0.000125; % L D=0.1
0.409411764705882 0.174117647058824 0.000588235294117647 0.00294117647058824 0.000588235294117647 0.000588235294117647 0.000588235294117647 0.173529411764706 0.00294117647058824 0.000588235294117647 0.000588235294117647 0.173529411764706 0.000588235294117647 0.000588235294117647 0.0564705882352941 0.000588235294117647 0.000588235294117647 0.000588235294117647 0.000588235294117647; % P D=0.1
0.000705882352941177 0.000705882352941177 0.000117647058823529 0.000588235294117647 0.000117647058823529 0.000117647058823529 0.000117647058823529 0.000588235294117647 0.000588235294117647 0.994235294117647 0.000117647058823529 0.000588235294117647 0.000117647058823529 0.000117647058823529 0.000705882352941177 0.000117647058823529 0.000117647058823529 0.000117647058823529 0.000117647058823529; % T D=0.1
0.000705882352941177 0.000705882352941177 0.000117647058823529 0.000588235294117647 0.000117647058823529 0.000117647058823529 0.000117647058823529 0.000588235294117647 0.000588235294117647 0.000117647058823529 0.000117647058823529 0.000588235294117647 0.000117647058823529 0.000117647058823529 0.000705882352941177 0.000117647058823529 0.994235294117647 0.000117647058823529 0.000117647058823529; % V D=0.1
0.174823529411765 0.116 0.000705882352941177 0.291764705882353 0.000705882352941177 0.000705882352941177 0.000705882352941177 0.00352941176470588 0.174117647058824 0.000705882352941177 0.000705882352941177 0.115294117647059 0.000705882352941177 0.000705882352941177 0.116 0.000705882352941177 0.000705882352941177 0.000705882352941177 0.000705882352941177; % Z D=0.1
0.37175 0.003 0.0005 0.12125 0.0005 0.0005 0.0005 0.24625 0.0025 0.0005 0.0005 0.0025 0.0005 0.0005 0.24675 0.0005 0.0005 0.0005 0.0005; % b D=0.1
0.00075 0.00075 0.000125 0.000625 0.000125 0.000125 0.000125 0.000625 0.000625 0.000125 0.000125 0.000625 0.993875 0.000125 0.00075 0.000125 0.000125 0.000125 0.000125; % d D=0.1
0.06075 0.12325 0.00075 0.2475 0.00075 0.00075 0.00075 0.1225 0.2475 0.00075 0.00075 0.00375 0.00075 0.00075 0.18575 0.00075 0.00075 0.00075 0.00075; % g D=0.1
0.000705882352941177 0.000705882352941177 0.000117647058823529 0.000588235294117647 0.000117647058823529 0.000117647058823529 0.994235294117647 0.000588235294117647 0.000588235294117647 0.000117647058823529 0.000117647058823529 0.000588235294117647 0.000117647058823529 0.000117647058823529 0.000705882352941177 0.000117647058823529 0.000117647058823529 0.000117647058823529 0.000117647058823529; % k D=0.1
0.000705882352941177 0.000705882352941177 0.000117647058823529 0.000588235294117647 0.000117647058823529 0.000117647058823529 0.000117647058823529 0.000588235294117647 0.000588235294117647 0.000117647058823529 0.000117647058823529 0.000588235294117647 0.000117647058823529 0.000117647058823529 0.000705882352941177 0.994235294117647 0.000117647058823529 0.000117647058823529 0.000117647058823529; % l D=0.1
0.000705882352941177 0.000705882352941177 0.000117647058823529 0.000588235294117647 0.000117647058823529 0.000117647058823529 0.000117647058823529 0.000588235294117647 0.000588235294117647 0.000117647058823529 0.000117647058823529 0.000588235294117647 0.000117647058823529 0.000117647058823529 0.000705882352941177 0.000117647058823529 0.000117647058823529 0.000117647058823529 0.994235294117647; % p D=0.1
0.000705882352941177 0.000705882352941177 0.000117647058823529 0.000588235294117647 0.000117647058823529 0.000117647058823529 0.000117647058823529 0.000588235294117647 0.000588235294117647 0.000117647058823529 0.000117647058823529 0.000588235294117647 0.000117647058823529 0.994235294117647 0.000705882352941177 0.000117647058823529 0.000117647058823529 0.000117647058823529 0.000117647058823529; % t D=0.1
0.000705882352941177 0.000705882352941177 0.994235294117647 0.000588235294117647 0.000117647058823529 0.000117647058823529 0.000117647058823529 0.000588235294117647 0.000588235294117647 0.000117647058823529 0.000117647058823529 0.000588235294117647 0.000117647058823529 0.000117647058823529 0.000705882352941177 0.000117647058823529 0.000117647058823529 0.000117647058823529 0.000117647058823529; % v D=0.1
0.291764705882353 0.115294117647059 0.000588235294117647 0.173529411764706 0.000588235294117647 0.000588235294117647 0.000588235294117647 0.00294117647058824 0.291176470588235 0.000588235294117647 0.000588235294117647 0.114705882352941 0.000588235294117647 0.000588235294117647 0.00352941176470588 0.000588235294117647 0.000588235294117647 0.000588235294117647 0.000588235294117647; % z D=0.1
0.00576 0.23776 0.00096 0.1168 0.00096 0.00096 0.00096 0.1568 0.1168 0.00096 0.00096 0.1968 0.00096 0.00096 0.15776 0.00096 0.00096 0.00096 0.00096; % $ D=0.2
0.0015 0.0015 0.00025 0.00125 0.00025 0.98775 0.00025 0.00125 0.00125 0.00025 0.00025 0.00125 0.00025 0.00025 0.0015 0.00025 0.00025 0.00025 0.00025; % B D=0.2
0.173176470588235 0.0555294117647059 0.00141176470588235 0.00705882352941177 0.00141176470588235 0.00141176470588235 0.00141176470588235 0.230588235294118 0.112941176470588 0.00141176470588235 0.00141176470588235 0.230588235294118 0.00141176470588235 0.00141176470588235 0.173176470588235 0.00141176470588235 0.00141176470588235 0.00141176470588235 0.00141176470588235; % D D=0.2
0.00141176470588235 0.00141176470588235 0.000235294117647059 0.00117647058823529 0.000235294117647059 0.000235294117647059 0.000235294117647059 0.00117647058823529 0.00117647058823529 0.000235294117647059 0.000235294117647059 0.00117647058823529 0.000235294117647059 0.000235294117647059 0.00141176470588235 0.000235294117647059 0.000235294117647059 0.988470588235294 0.000235294117647059; % G D=0.2
0.0015 0.0015 0.00025 0.00125 0.00025 0.00025 0.00025 0.00125 0.00125 0.00025 0.98775 0.00125 0.00025 0.00025 0.0015 0.00025 0.00025 0.00025 0.00025; % K D=0.2
0.0015 0.0015 0.00025 0.00125 0.98775 0.00025 0.00025 0.00125 0.00125 0.00025 0.00025 0.00125 0.00025 0.00025 0.0015 0.00025 0.00025 0.00025 0.00025; % L D=0.2
0.407058823529412 0.171764705882353 0.00117647058823529 0.00588235294117647 0.00117647058823529 0.00117647058823529 0.00117647058823529 0.170588235294118 0.00588235294117647 0.00117647058823529 0.00117647058823529 0.170588235294118 0.00117647058823529 0.00117647058823529 0.0541176470588235 0.00117647058823529 0.00117647058823529 0.00117647058823529 0.00117647058823529; % P D=0.2
