syllables = '$BDGKLPTVZbdgklptvz';
discounts = [0.1 0.2 0.3 0.4 0.5 0.6 0.7 0.8 0.9 0.95];
kn_probs = [0.00568181818181818 0.246401515151515 0.000946969696969697 0.163068181818182 0.163068181818182 0.000946969696969697 0.000946969696969697 0.000946969696969697 0.000946969696969697 0.000946969696969697 0.000946969696969697 0.000946969696969697 0.00284090909090909 0.000946969696969697 0.000946969696969697 0.000946969696969697 0.000946969696969697 0.0787878787878788 0.328787878787879; % $ D=0.1
0.00170454545454545 0.00142045454545455 0.000284090909090909 0.00142045454545455 0.00142045454545455 0.000284090909090909 0.000284090909090909 0.000284090909090909 0.000284090909090909 0.000284090909090909 0.000284090909090909 0.000284090909090909 0.000852272727272727 0.000284090909090909 0.000284090909090909 0.000284090909090909 0.987784090909091 0.00113636363636364 0.00113636363636364; % B D=0.1
0.121022727272727 0.00710227272727273 0.00142045454545455 0.119602272727273 0.244602272727273 0.00142045454545455 0.00142045454545455 0.00142045454545455 0.00142045454545455 0.00142045454545455 0.00142045454545455 0.00142045454545455 0.00426136363636364 0.00142045454545455 0.00142045454545455 0.00142045454545455 0.00142045454545455 0.243181818181818 0.243181818181818; % D D=0.1
0.00170454545454545 0.00142045454545455 0.000284090909090909 0.00142045454545455 0.00142045454545455 0.987784090909091 0.000284090909090909 0.000284090909090909 0.000284090909090909 0.000284090909090909 0.000284090909090909 0.000284090909090909 0.000852272727272727 0.000284090909090909 0.000284090909090909 0.000284090909090909 0.000284090909090909 0.00113636363636364 0.00113636363636364; % G D=0.1
0.00170454545454545 0.00142045454545455 0.000284090909090909 0.00142045454545455 0.00142045454545455 0.000284090909090909 0.000284090909090909 0.987784090909091 0.000284090909090909 0.000284090909090909 0.000284090909090909 0.000284090909090909 0.000852272727272727 0.000284090909090909 0.000284090909090909 0.000284090909090909 0.000284090909090909 0.00113636363636364 0.00113636363636364; % K D=0.1
0.244318181818182 0.243181818181818 0.00113636363636364 0.00568181818181818 0.243181818181818 0.00113636363636364 0.00113636363636364 0.00113636363636364 0.00113636363636364 0.00113636363636364 0.00113636363636364 0.00113636363636364 0.240909090909091 0.00113636363636364 0.00113636363636364 0.00113636363636364 0.00113636363636364 0.00454545454545455 0.00454545454545455; % L D=0.1
0.242613636363636 0.00426136363636364 0.000852272727272727 0.241761363636364 0.00426136363636364 0.000852272727272727 0.000852272727272727 0.000852272727272727 0.000852272727272727 0.000852272727272727 0.000852272727272727 0.000852272727272727 0.00255681818181818 0.000852272727272727 0.000852272727272727 0.000852272727272727 0.000852272727272727 0.490909090909091 0.00340909090909091; % P D=0.1
0.00170454545454545 0.00142045454545455 0.000284090909090909 0.00142045454545455 0.00142045454545455 0.000284090909090909 0.000284090909090909 0.000284090909090909 0.000284090909090909 0.987784090909091 0.000284090909090909 0.000284090909090909 0.000852272727272727 0.000284090909090909 0.000284090909090909 0.000284090909090909 0.000284090909090909 0.00113636363636364 0.00113636363636364; % T D=0.1
0.244318181818182 0.118181818181818 0.00113636363636364 0.00568181818181818 0.118181818181818 0.00113636363636364 0.00113636363636364 0.00113636363636364 0.00113636363636364 0.00113636363636364 0.00113636363636364 0.00113636363636364 0.490909090909091 0.00113636363636364 0.00113636363636364 0.00113636363636364 0.00113636363636364 0.00454545454545455 0.00454545454545455; % V D=0.1
0.247727272727273 0.121022727272727 0.00170454545454545 0.121022727272727 0.00852272727272727 0.00170454545454545 0.00170454545454545 0.00170454545454545 0.00170454545454545 0.00170454545454545 0.00170454545454545 0.00170454545454545 0.242613636363636 0.00170454545454545 0.00170454545454545 0.00170454545454545 0.00170454545454545 0.119318181818182 0.119318181818182; % Z D=0.1
0.00170454545454545 0.00142045454545455 0.000284090909090909 0.00142045454545455 0.00142045454545455 0.000284090909090909 0.000284090909090909 0.000284090909090909 0.000284090909090909 0.000284090909090909 0.000284090909090909 0.000284090909090909 0.000852272727272727 0.000284090909090909 0.000284090909090909 0.987784090909091 0.000284090909090909 0.00113636363636364 0.00113636363636364; % b D=0.1
0.371022727272727 0.119602272727273 0.00142045454545455 0.244602272727273 0.119602272727273 0.00142045454545455 0.00142045454545455 0.00142045454545455 0.00142045454545455 0.00142045454545455 0.00142045454545455 0.00142045454545455 0.00426136363636364 0.00142045454545455 0.00142045454545455 0.00142045454545455 0.00142045454545455 0.00568181818181818 0.118181818181818; % d D=0.1
0.00170454545454545 0.00142045454545455 0.000284090909090909 0.00142045454545455 0.00142045454545455 0.000284090909090909 0.000284090909090909 0.000284090909090909 0.000284090909090909 0.000284090909090909 0.000284090909090909 0.987784090909091 0.000852272727272727 0.000284090909090909 0.000284090909090909 0.000284090909090909 0.000284090909090909 0.00113636363636364 0.00113636363636364; % g D=0.1
0.00170454545454545 0.00142045454545455 0.000284090909090909 0.00142045454545455 0.00142045454545455 0.000284090909090909 0.000284090909090909 0.000284090909090909 0.987784090909091 0.000284090909090909 0.000284090909090909 0.000284090909090909 0.000852272727272727 0.000284090909090909 0.000284090909090909 0.000284090909090909 0.000284090909090909 0.00113636363636364 0.00113636363636364; % k D=0.1
0.00170454545454545 0.00142045454545455 0.987784090909091 0.00142045454545455 0.00142045454545455 0.000284090909090909 0.000284090909090909 0.000284090909090909 0.000284090909090909 0.000284090909090909 0.000284090909090909 0.000284090909090909 0.000852272727272727 0.000284090909090909 0.000284090909090909 0.000284090909090909 0.000284090909090909 0.00113636363636364 0.00113636363636364; % l D=0.1
0.00170454545454545 0.00142045454545455 0.000284090909090909 0.00142045454545455 0.00142045454545455 0.000284090909090909 0.987784090909091 0.000284090909090909 0.000284090909090909 0.000284090909090909 0.000284090909090909 0.000284090909090909 0.000852272727272727 0.000284090909090909 0.000284090909090909 0.000284090909090909 0.000284090909090909 0.00113636363636364 0.00113636363636364; % p D=0.1
0.00170454545454545 0.00142045454545455 0.000284090909090909 0.00142045454545455 0.00142045454545455 0.000284090909090909 0.000284090909090909 0.000284090909090909 0.000284090909090909 0.000284090909090909 0.000284090909090909 0.000284090909090909 0.000852272727272727 0.000284090909090909 0.987784090909091 0.000284090909090909 0.000284090909090909 0.00113636363636364 0.00113636363636364; % t D=0.1
0.00170454545454545 0.00142045454545455 0.000284090909090909 0.00142045454545455 0.00142045454545455 0.000284090909090909 0.000284090909090909 0.000284090909090909 0.000284090909090909 0.000284090909090909 0.000284090909090909 0.000284090909090909 0.000852272727272727 0.987784090909091 0.000284090909090909 0.000284090909090909 0.000284090909090909 0.00113636363636364 0.00113636363636364; % v D=0.1
0.00170454545454545 0.00142045454545455 0.000284090909090909 0.00142045454545455 0.00142045454545455 0.000284090909090909 0.000284090909090909 0.000284090909090909 0.000284090909090909 0.000284090909090909 0.987784090909091 0.000284090909090909 0.000852272727272727 0.000284090909090909 0.000284090909090909 0.000284090909090909 0.000284090909090909 0.00113636363636364 0.00113636363636364; % z D=0.1
0.0113636363636364 0.24280303030303 0.00189393939393939 0.159469696969697 0.159469696969697 0.00189393939393939 0.00189393939393939 0.00189393939393939 0.00189393939393939 0.00189393939393939 0.00189393939393939 0.00189393939393939 0.00568181818181818 0.00189393939393939 0.00189393939393939 0.00189393939393939 0.00189393939393939 0.0742424242424242 0.324242424242424; % $ D=0.2
0.00340909090909091 0.00284090909090909 0.000568181818181818 0.00284090909090909 0.00284090909090909 0.000568181818181818 0.000568181818181818 0.000568181818181818 0.000568181818181818 0.000568181818181818 0.000568181818181818 0.000568181818181818 0.00170454545454545 0.000568181818181818 0.000568181818181818 0.000568181818181818 0.975568181818182 0.00227272727272727 0.00227272727272727; % B D=0.2
0.117045454545455 0.0142045454545455 0.00284090909090909 0.114204545454545 0.239204545454545 0.00284090909090909 0.00284090909090909 0.00284090909090909 0.00284090909090909 0.00284090909090909 0.00284090909090909 0.00284090909090909 0.00852272727272727 0.00284090909090909 0.00284090909090909 0.00284090909090909 0.00284090909090909 0.236363636363636 0.236363636363636; % D D=0.2
0.00340909090909091 0.00284090909090909 0.000568181818181818 0.00284090909090909 0.00284090909090909 0.975568181818182 0.000568181818181818 0.000568181818181818 0.000568181818181818 0.000568181818181818 0.000568181818181818 0.000568181818181818 0.00170454545454545 0.000568181818181818 0.000568181818181818 0.000568181818181818 0.000568181818181818 0.00227272727272727 0.00227272727272727; % G D=0.2
0.00340909090909091 0.00284090909090909 0.000568181818181818 0.00284090909090909 0.00284090909090909 0.000568181818181818 0.000568181818181818 0.975568181818182 0.000568181818181818 0.000568181818181818 0.000568181818181818 0.000568181818181818 0.00170454545454545 0.000568181818181818 0.000568181818181818 0.000568181818181818 0.000568181818181818 0.00227272727272727 0.00227272727272727; % K D=0.2
0.238636363636364 0.236363636363636 0.00227272727272727 0.0113636363636364 0.236363636363636 0.00227272727272727 0.00227272727272727 0.00227272727272727 0.00227272727272727 0.00227272727272727 0.00227272727272727 0.00227272727272727 0.231818181818182 0.00227272727272727 0.00227272727272727 0.00227272727272727 0.00227272727272727 0.00909090909090909 0.00909090909090909; % L D=0.2
0.235227272727273 0.00852272727272727 0.00170454545454545 0.233522727272727 0.00852272727272727 0.00170454545454545 0.00170454545454545 0.00170454545454545 0.00170454545454545 0.00170454545454545 0.00170454545454545 0.00170454545454545 0.00511363636363636 0.00170454545454545 0.00170454545454545 0.00170454545454545 0.00170454545454545 0.481818181818182 0.00681818181818182; % P D=0.2
0.00340909090909091 0.00284090909090909 0.000568181818181818 0.00284090909090909 0.00284090909090909 0.000568181818181818 0.000568181818181818 0.000568181818181818 0.000568181818181818 0.975568181818182 0.000568181818181818 0.000568181818181818 0.00170454545454545 0.000568181818181818 0.000568181818181818 0.000568181818181818 0.000568181818181818 0.00227272727272727 0.00227272727272727; % T D=0.2
0.238636363636364 0.111363636363636 0.00227272727272727 0.0113636363636364 0.111363636363636 0.00227272727272727 0.00227272727272727 0.00227272727272727 0.00227272727272727 0.00227272727272727 0.00227272727272727 0.00227272727272727 0.481818181818182 0.00227272727272727 0.00227272727272727 0.00227272727272727 0.00227272727272727 0.00909090909090909 0.00909090909090909; % V D=0.2
0.245454545454545 0.117045454545455 0.00340909090909091 0.117045454545455 0.0170454545454545 0.00340909090909091 0.00340909090909091 0.00340909090909091 0.00340909090909091 0.00340909090909091 0.00340909090909091 0.00340909090909091 0.235227272727273 0.00340909090909091 0.00340909090909091 0.00340909090909091 0.00340909090909091 0.113636363636364 0.113636363636364; % Z D=0.2
0.00340909090909091 0.00284090909090909 0.000568181818181818 0.00284090909090909 0.00284090909090909 0.000568181818181818 0.000568181818181818 0.000568181818181818 0.000568181818181818 0.000568181818181818 0.000568181818181818 0.000568181818181818 0.00170454545454545 0.000568181818181818 0.000568181818181818 0.975568181818182 0.000568181818181818 0.00227272727272727 0.00227272727272727; % b D=0.2
0.367045454545455 0.114204545454545 0.00284090909090909 0.239204545454545 0.114204545454545 0.00284090909090909 0.00284090909090909 0.00284090909090909 0.00284090909090909 0.00284090909090909 0.00284090909090909 0.00284090909090909 0.00852272727272727 0.00284090909090909 0.00284090909090909 0.00284090909090909 0.00284090909090909 0.0113636363636364 0.111363636363636; % d D=0.2
0.00340909090909091 0.00284090909090909 0.000568181818181818 0.00284090909090909 0.00284090909090909 0.000568181818181818 0.000568181818181818 0.000568181818181818 0.000568181818181818 0.000568181818181818 0.000568181818181818 0.975568181818182 0.00170454545454545 0.000568181818181818 0.000568181818181818 0.000568181818181818 0.000568181818181818 0.00227272727272727 0.00227272727272727; % g D=0.2
0.00340909090909091 0.00284090909090909 0.000568181818181818 0.00284090909090909 0.00284090909090909 0.000568181818181818 0.000568181818181818 0.000568181818181818 0.975568181818182 0.000568181818181818 0.000568181818181818 0.000568181818181818 0.00170454545454545 0.000568181818181818 0.000568181818181818 0.000568181818181818 0.000568181818181818 0.00227272727272727 0.00227272727272727; % k D=0.2
0.00340909090909091 0.00284090909090909 0.975568181818182 0.00284090909090909 0.00284090909090909 0.000568181818181818 0.000568181818181818 0.000568181818181818 0.000568181818181818 0.000568181818181818 0.000568181818181818 0.000568181818181818 0.00170454545454545 0.000568181818181818 0.000568181818181818 0.000568181818181818 0.000568181818181818 0.00227272727272727 0.00227272727272727; % l D=0.2
0.00340909090909091 0.00284090909090909 0.000568181818181818 0.00284090909090909 0.00284090909090909 0.000568181818181818 0.975568181818182 0.000568181818181818 0.000568181818181818 0.000568181818181818 0.000568181818181818 0.000568181818181818 0.00170454545454545 0.000568181818181818 0.000568181818181818 0.000568181818181818 0.000568181818181818 0.00227272727272727 0.00227272727272727; % p D=0.2
0.00340909090909091 0.00284090909090909 0.000568181818181818 0.00284090909090909 0.00284090909090909 0.000568181818181818 0.000568181818181818 0.000568181818181818 0.000568181818181818 0.000568181818181818 0.000568181818181818 0.000568181818181818 0.00170454545454545 0.000568181818181818 0.975568181818182 0.000568181818181818 0.000568181818181818 0.00227272727272727 0.00227272727272727; % t D=0.2
0.00340909090909091 0.00284090909090909 0.000568181818181818 0.00284090909090909 0.00284090909090909 0.000568181818181818 0.000568181818181818 0.000568181818181818 0.000568181818181818 0.000568181818181818 0.000568181818181818 0.000568181818181818 0.00170454545454545 0.975568181818182 0.000568181818181818 0.000568181818181818 0.000568181818181818 0.00227272727272727 0.00227272727272727; % v D=0.2
0.00340909090909091 0.00284090909090909 0.000568181818181818 0.00284090909090909 0.00284090909090909 0.000568181818181818 0.000568181818181818 0.000568181818181818 0.000568181818181818 0.000568181818181818 0.975568181818182 0.000568181818181818 0.00170454545454545 0.000568181818181818 0.000568181818181818 0.000568181818181818 0.000568181818181818 0.00227272727272727 0.00227272727272727; % z D=0.2
0.0170454545454545 0.239204545454545 0.00284090909090909 0.155871212121212 0.155871212121212 0.00284090909090909 0.00284090909090909 0.00284090909090909 0.00284090909090909 0.00284090909090909 0.00284090909090909 0.00284090909090909 0.00852272727272727 0.00284090909090909 0.00284090909090909 0.00284090909090909 0.00284090909090909 0.0696969696969697 0.31969696969697; % $ D=0.3
0.00511363636363636 0.00426136363636364 0.000852272727272727 0.00426136363636364 0.00426136363636364 0.000852272727272727 0.000852272727272727 0.000852272727272727 0.000852272727272727 0.000852272727272727 0.000852272727272727 0.000852272727272727 0.00255681818181818 0.000852272727272727 0.000852272727272727 0.000852272727272727 0.963352272727273 0.00340909090909091 0.00340909090909091; % B D=0.3
0.113068181818182 0.0213068181818182 0.00426136363636364 0.108806818181818 0.233806818181818 0.00426136363636364 0.00426136363636364 0.00426136363636364 0.00426136363636364 0.00426136363636364 0.00426136363636364 0.00426136363636364 0.0127840909090909 0.00426136363636364 0.00426136363636364 0.00426136363636364 0.00426136363636364 0.229545454545455 0.229545454545455; % D D=0.3
0.00511363636363636 0.00426136363636364 0.000852272727272727 0.00426136363636364 0.00426136363636364 0.963352272727273 0.000852272727272727 0.000852272727272727 0.000852272727272727 0.000852272727272727 0.000852272727272727 0.000852272727272727 0.00255681818181818 0.000852272727272727 0.000852272727272727 0.000852272727272727 0.000852272727272727 0.00340909090909091 0.00340909090909091; % G D=0.3
0.00511363636363636 0.00426136363636364 0.000852272727272727 0.00426136363636364 0.00426136363636364 0.000852272727272727 0.000852272727272727 0.963352272727273 0.000852272727272727 0.000852272727272727 0.000852272727272727 0.000852272727272727 0.00255681818181818 0.000852272727272727 0.000852272727272727 0.000852272727272727 0.000852272727272727 0.00340909090909091 0.00340909090909091; % K D=0.3
0.232954545454545 0.229545454545455 0.00340909090909091 0.0170454545454545 0.229545454545455 0.00340909090909091 0.00340909090909091 0.00340909090909091 0.00340909090909091 0.00340909090909091 0.00340909090909091 0.00340909090909091 0.222727272727273 0.00340909090909091 0.00340909090909091 0.00340909090909091 0.00340909090909091 0.0136363636363636 0.0136363636363636; % L D=0.3
0.227840909090909 0.0127840909090909 0.00255681818181818 0.225284090909091 0.0127840909090909 0.00255681818181818 0.00255681818181818 0.00255681818181818 0.00255681818181818 0.00255681818181818 0.00255681818181818 0.00255681818181818 0.00767045454545454 0.00255681818181818 0.00255681818181818 0.00255681818181818 0.00255681818181818 0.472727272727273 0.0102272727272727; % P D=0.3
0.00511363636363636 0.00426136363636364 0.000852272727272727 0.00426136363636364 0.00426136363636364 0.000852272727272727 0.000852272727272727 0.000852272727272727 0.000852272727272727 0.963352272727273 0.000852272727272727 0.000852272727272727 0.00255681818181818 0.000852272727272727 0.000852272727272727 0.000852272727272727 0.000852272727272727 0.00340909090909091 0.00340909090909091; % T D=0.3
0.232954545454545 0.104545454545455 0.00340909090909091 0.0170454545454545 0.104545454545455 0.00340909090909091 0.00340909090909091 0.00340909090909091 0.00340909090909091 0.00340909090909091 0.00340909090909091 0.00340909090909091 0.472727272727273 0.00340909090909091 0.00340909090909091 0.00340909090909091 0.00340909090909091 0.0136363636363636 0.0136363636363636; % V D=0.3
0.243181818181818 0.113068181818182 0.00511363636363636 0.113068181818182 0.0255681818181818 0.00511363636363636 0.00511363636363636 0.00511363636363636 0.00511363636363636 0.00511363636363636 0.00511363636363636 0.00511363636363636 0.227840909090909 0.00511363636363636 0.00511363636363636 0.00511363636363636 0.00511363636363636 0.107954545454545 0.107954545454545; % Z D=0.3
0.00511363636363636 0.00426136363636364 0.000852272727272727 0.00426136363636364 0.00426136363636364 0.000852272727272727 0.000852272727272727 0.000852272727272727 0.000852272727272727 0.000852272727272727 0.000852272727272727 0.000852272727272727 0.00255681818181818 0.000852272727272727 0.000852272727272727 0.963352272727273 0.000852272727272727 0.00340909090909091 0.00340909090909091; % b D=0.3
0.363068181818182 0.108806818181818 0.00426136363636364 0.233806818181818 0.108806818181818 0.00426136363636364 0.00426136363636364 0.00426136363636364 0.00426136363636364 0.00426136363636364 0.00426136363636364 0.00426136363636364 0.0127840909090909 0.00426136363636364 0.00426136363636364 0.00426136363636364 0.00426136363636364 0.0170454545454545 0.104545454545455; % d D=0.3
0.00511363636363636 0.00426136363636364 0.000852272727272727 0.00426136363636364 0.00426136363636364 0.000852272727272727 0.000852272727272727 0.000852272727272727 0.000852272727272727 0.000852272727272727 0.000852272727272727 0.963352272727273 0.00255681818181818 0.000852272727272727 0.000852272727272727 0.000852272727272727 0.000852272727272727 0.00340909090909091 0.00340909090909091; % g D=0.3
0.00511363636363636 0.00426136363636364 0.000852272727272727 0.00426136363636364 0.00426136363636364 0.000852272727272727 0.000852272727272727 0.000852272727272727 0.963352272727273 0.000852272727272727 0.000852272727272727 0.000852272727272727 0.00255681818181818 0.000852272727272727 0.000852272727272727 0.000852272727272727 0.000852272727272727 0.00340909090909091 0.00340909090909091; % k D=0.3
0.00511363636363636 0.00426136363636364 0.963352272727273 0.00426136363636364 0.00426136363636364 0.000852272727272727 0.000852272727272727 0.000852272727272727 0.000852272727272727 0.000852272727272727 0.000852272727272727 0.000852272727272727 0.00255681818181818 0.000852272727272727 0.000852272727272727 0.000852272727272727 0.000852272727272727 0.00340909090909091 0.00340909090909091; % l D=0.3
0.00511363636363636 0.00426136363636364 0.000852272727272727 0.00426136363636364 0.00426136363636364 0.000852272727272727 0.963352272727273 0.000852272727272727 0.000852272727272727 0.000852272727272727 0.000852272727272727 0.000852272727272727 0.00255681818181818 0.000852272727272727 0.000852272727272727 0.000852272727272727 0.000852272727272727 0.00340909090909091 0.00340909090909091; % p D=0.3
0.00511363636363636 0.00426136363636364 0.000852272727272727 0.00426136363636364 0.00426136363636364 0.000852272727272727 0.000852272727272727 0.000852272727272727 0.000852272727272727 0.000852272727272727 0.000852272727272727 0.000852272727272727 0.00255681818181818 0.000852272727272727 0.963352272727273 0.000852272727272727 0.000852272727272727 0.00340909090909091 0.00340909090909091; % t D=0.3
0.00511363636363636 0.00426136363636364 0.000852272727272727 0.00426136363636364 0.00426136363636364 0.000852272727272727 0.000852272727272727 0.000852272727272727 0.000852272727272727 0.000852272727272727 0.000852272727272727 0.000852272727272727 0.00255681818181818 0.963352272727273 0.000852272727272727 0.000852272727272727 0.000852272727272727 0.00340909090909091 0.00340909090909091; % v D=0.3
0.00511363636363636 0.00426136363636364 0.000852272727272727 0.00426136363636364 0.00426136363636364 0.000852272727272727 0.000852272727272727 0.000852272727272727 0.000852272727272727 0.000852272727272727 0.963352272727273 0.000852272727272727 0.00255681818181818 0.000852272727272727 0.000852272727272727 0.000852272727272727 0.000852272727272727 0.00340909090909091 0.00340909090909091; % z D=0.3
0.0227272727272727 0.235606060606061 0.00378787878787879 0.152272727272727 0.152272727272727 0.00378787878787879 0.00378787878787879 0.00378787878787879 0.00378787878787879 0.00378787878787879 0.00378787878787879 0.00378787878787879 0.0113636363636364 0.00378787878787879 0.00378787878787879 0.00378787878787879 0.00378787878787879 0.0651515151515152 0.315151515151515; % $ D=0.4
0.00681818181818182 0.00568181818181818 0.00113636363636364 0.00568181818181818 0.00568181818181818 0.00113636363636364 0.00113636363636364 0.00113636363636364 0.00113636363636364 0.00113636363636364 0.00113636363636364 0.00113636363636364 0.00340909090909091 0.00113636363636364 0.00113636363636364 0.00113636363636364 0.951136363636364 0.00454545454545455 0.00454545454545455; % B D=0.4
0.109090909090909 0.0284090909090909 0.00568181818181818 0.103409090909091 0.228409090909091 0.00568181818181818 0.00568181818181818 0.00568181818181818 0.00568181818181818 0.00568181818181818 0.00568181818181818 0.00568181818181818 0.0170454545454545 0.00568181818181818 0.00568181818181818 0.00568181818181818 0.00568181818181818 0.222727272727273 0.222727272727273; % D D=0.4
0.00681818181818182 0.00568181818181818 0.00113636363636364 0.00568181818181818 0.00568181818181818 0.951136363636364 0.00113636363636364 0.00113636363636364 0.00113636363636364 0.00113636363636364 0.00113636363636364 0.00113636363636364 0.00340909090909091 0.00113636363636364 0.00113636363636364 0.00113636363636364 0.00113636363636364 0.00454545454545455 0.00454545454545455; % G D=0.4
0.00681818181818182 0.00568181818181818 0.00113636363636364 0.00568181818181818 0.00568181818181818 0.00113636363636364 0.00113636363636364 0.951136363636364 0.00113636363636364 0.00113636363636364 0.00113636363636364 0.00113636363636364 0.00340909090909091 0.00113636363636364 0.00113636363636364 0.00113636363636364 0.00113636363636364 0.00454545454545455 0.00454545454545455; % K D=0.4
0.227272727272727 0.222727272727273 0.00454545454545455 0.0227272727272727 0.222727272727273 0.00454545454545455 0.00454545454545455 0.00454545454545455 0.00454545454545455 0.00454545454545455 0.00454545454545455 0.00454545454545455 0.213636363636364 0.00454545454545455 0.00454545454545455 0.00454545454545455 0.00454545454545455 0.0181818181818182 0.0181818181818182; % L D=0.4
0.220454545454545 0.0170454545454545 0.00340909090909091 0.217045454545455 0.0170454545454545 0.00340909090909091 0.00340909090909091 0.00340909090909091 0.00340909090909091 0.00340909090909091 0.00340909090909091 0.00340909090909091 0.0102272727272727 0.00340909090909091 0.00340909090909091 0.00340909090909091 0.00340909090909091 0.463636363636364 0.0136363636363636; % P D=0.4
0.00681818181818182 0.00568181818181818 0.00113636363636364 0.00568181818181818 0.00568181818181818 0.00113636363636364 0.00113636363636364 0.00113636363636364 0.00113636363636364 0.951136363636364 0.00113636363636364 0.00113636363636364 0.00340909090909091 0.00113636363636364 0.00113636363636364 0.00113636363636364 0.00113636363636364 0.00454545454545455 0.00454545454545455; % T D=0.4
0.227272727272727 0.0977272727272727 0.00454545454545455 0.0227272727272727 0.0977272727272727 0.00454545454545455 0.00454545454545455 0.00454545454545455 0.00454545454545455 0.00454545454545455 0.00454545454545455 0.00454545454545455 0.463636363636364 0.00454545454545455 0.00454545454545455 0.00454545454545455 0.00454545454545455 0.0181818181818182 0.0181818181818182; % V D=0.4
0.240909090909091 0.109090909090909 0.00681818181818182 0.109090909090909 0.0340909090909091 0.00681818181818182 0.00681818181818182 0.00681818181818182 0.00681818181818182 0.00681818181818182 0.00681818181818182 0.00681818181818182 0.220454545454545 0.00681818181818182 0.00681818181818182 0.00681818181818182 0.00681818181818182 0.102272727272727 0.102272727272727; % Z D=0.4
0.00681818181818182 0.00568181818181818 0.00113636363636364 0.00568181818181818 0.00568181818181818 0.00113636363636364 0.00113636363636364 0.00113636363636364 0.00113636363636364 0.00113636363636364 0.00113636363636364 0.00113636363636364 0.00340909090909091 0.00113636363636364 0.00113636363636364 0.951136363636364 0.00113636363636364 0.00454545454545455 0.00454545454545455; % b D=0.4
0.359090909090909 0.103409090909091 0.00568181818181818 0.228409090909091 0.103409090909091 0.00568181818181818 0.00568181818181818 0.00568181818181818 0.00568181818181818 0.00568181818181818 0.00568181818181818 0.00568181818181818 0.0170454545454545 0.00568181818181818 0.00568181818181818 0.00568181818181818 0.00568181818181818 0.0227272727272727 0.0977272727272727; % d D=0.4
0.00681818181818182 0.00568181818181818 0.00113636363636364 0.00568181818181818 0.00568181818181818 0.00113636363636364 0.00113636363636364 0.00113636363636364 0.00113636363636364 0.00113636363636364 0.00113636363636364 0.951136363636364 0.00340909090909091 0.00113636363636364 0.00113636363636364 0.00113636363636364 0.00113636363636364 0.00454545454545455 0.00454545454545455; % g D=0.4
0.00681818181818182 0.00568181818181818 0.00113636363636364 0.00568181818181818 0.00568181818181818 0.00113636363636364 0.00113636363636364 0.00113636363636364 0.951136363636364 0.00113636363636364 0.00113636363636364 0.00113636363636364 0.00340909090909091 0.00113636363636364 0.00113636363636364 0.00113636363636364 0.00113636363636364 0.00454545454545455 0.00454545454545455; % k D=0.4
0.00681818181818182 0.00568181818181818 0.951136363636364 0.00568181818181818 0.00568181818181818 0.00113636363636364 0.00113636363636364 0.00113636363636364 0.00113636363636364 0.00113636363636364 0.00113636363636364 0.00113636363636364 0.00340909090909091 0.00113636363636364 0.00113636363636364 0.00113636363636364 0.00113636363636364 0.00454545454545455 0.00454545454545455; % l D=0.4
0.00681818181818182 0.00568181818181818 0.00113636363636364 0.00568181818181818 0.00568181818181818 0.00113636363636364 0.951136363636364 0.00113636363636364 0.00113636363636364 0.00113636363636364 0.00113636363636364 0.00113636363636364 0.00340909090909091 0.00113636363636364 0.00113636363636364 0.00113636363636364 0.00113636363636364 0.00454545454545455 0.00454545454545455; % p D=0.4
0.00681818181818182 0.00568181818181818 0.00113636363636364 0.00568181818181818 0.00568181818181818 0.00113636363636364 0.00113636363636364 0.00113636363636364 0.00113636363636364 0.00113636363636364 0.00113636363636364 0.00113636363636364 0.00340909090909091 0.00113636363636364 0.951136363636364 0.00113636363636364 0.00113636363636364 0.00454545454545455 0.00454545454545455; % t D=0.4
0.00681818181818182 0.00568181818181818 0.00113636363636364 0.00568181818181818 0.00568181818181818 0.00113636363636364 0.00113636363636364 0.00113636363636364 0.00113636363636364 0.00113636363636364 0.00113636363636364 0.00113636363636364 0.00340909090909091 0.951136363636364 0.00113636363636364 0.00113636363636364 0.00113636363636364 0.00454545454545455 0.00454545454545455; % v D=0.4
0.00681818181818182 0.00568181818181818 0.00113636363636364 0.00568181818181818 0.00568181818181818 0.00113636363636364 0.00113636363636364 0.00113636363636364 0.00113636363636364 0.00113636363636364 0.951136363636364 0.00113636363636364 0.00340909090909091 0.00113636363636364 0.00113636363636364 0.00113636363636364 0.00113636363636364 0.00454545454545455 0.00454545454545455; % z D=0.4
0.0284090909090909 0.232007575757576 0.00473484848484848 0.148674242424242 0.148674242424242 0.00473484848484848 0.00473484848484848 0.00473484848484848 0.00473484848484848 0.00473484848484848 0.00473484848484848 0.00473484848484848 0.0142045454545455 0.00473484848484848 0.00473484848484848 0.00473484848484848 0.00473484848484848 0.0606060606060606 0.310606060606061; % $ D=0.5
0.00852272727272727 0.00710227272727273 0.00142045454545455 0.00710227272727273 0.00710227272727273 0.00142045454545455 0.00142045454545455 0.00142045454545455 0.00142045454545455 0.00142045454545455 0.00142045454545455 0.00142045454545455 0.00426136363636364 0.00142045454545455 0.00142045454545455 0.00142045454545455 0.938920454545455 0.00568181818181818 0.00568181818181818; % B D=0.5
0.105113636363636 0.0355113636363636 0.00710227272727273 0.0980113636363636 0.223011363636364 0.00710227272727273 0.00710227272727273 0.00710227272727273 0.00710227272727273 0.00710227272727273 0.00710227272727273 0.00710227272727273 0.0213068181818182 0.00710227272727273 0.00710227272727273 0.00710227272727273 0.00710227272727273 0.215909090909091 0.215909090909091; % D D=0.5
0.00852272727272727 0.00710227272727273 0.00142045454545455 0.00710227272727273 0.00710227272727273 0.938920454545455 0.00142045454545455 0.00142045454545455 0.00142045454545455 0.00142045454545455 0.00142045454545455 0.00142045454545455 0.00426136363636364 0.00142045454545455 0.00142045454545455 0.00142045454545455 0.00142045454545455 0.00568181818181818 0.00568181818181818; % G D=0.5
0.00852272727272727 0.00710227272727273 0.00142045454545455 0.00710227272727273 0.00710227272727273 0.00142045454545455 0.00142045454545455 0.938920454545455 0.00142045454545455 0.00142045454545455 0.00142045454545455 0.00142045454545455 0.00426136363636364 0.00142045454545455 0.00142045454545455 0.00142045454545455 0.00142045454545455 0.00568181818181818 0.00568181818181818; % K D=0.5
0.221590909090909 0.215909090909091 0.00568181818181818 0.0284090909090909 0.215909090909091 0.00568181818181818 0.00568181818181818 0.00568181818181818 0.00568181818181818 0.00568181818181818 0.00568181818181818 0.00568181818181818 0.204545454545455 0.00568181818181818 0.00568181818181818 0.00568181818181818 0.00568181818181818 0.0227272727272727 0.0227272727272727; % L D=0.5
0.213068181818182 0.0213068181818182 0.00426136363636364 0.208806818181818 0.0213068181818182 0.00426136363636364 0.00426136363636364 0.00426136363636364 0.00426136363636364 0.00426136363636364 0.00426136363636364 0.00426136363636364 0.0127840909090909 0.00426136363636364 0.00426136363636364 0.00426136363636364 0.00426136363636364 0.454545454545455 0.0170454545454545; % P D=0.5
0.00852272727272727 0.00710227272727273 0.00142045454545455 0.00710227272727273 0.00710227272727273 0.00142045454545455 0.00142045454545455 0.00142045454545455 0.00142045454545455 0.938920454545455 0.00142045454545455 0.00142045454545455 0.00426136363636364 0.00142045454545455 0.00142045454545455 0.00142045454545455 0.00142045454545455 0.00568181818181818 0.00568181818181818; % T D=0.5
0.221590909090909 0.0909090909090909 0.00568181818181818 0.0284090909090909 0.0909090909090909 0.00568181818181818 0.00568181818181818 0.00568181818181818 0.00568181818181818 0.00568181818181818 0.00568181818181818 0.00568181818181818 0.454545454545455 0.00568181818181818 0.00568181818181818 0.00568181818181818 0.00568181818181818 0.0227272727272727 0.0227272727272727; % V D=0.5
0.238636363636364 0.105113636363636 0.00852272727272727 0.105113636363636 0.0426136363636364 0.00852272727272727 0.00852272727272727 0.00852272727272727 0.00852272727272727 0.00852272727272727 0.00852272727272727 0.00852272727272727 0.213068181818182 0.00852272727272727 0.00852272727272727 0.00852272727272727 0.00852272727272727 0.0965909090909091 0.0965909090909091; % Z D=0.5
0.00852272727272727 0.00710227272727273 0.00142045454545455 0.00710227272727273 0.00710227272727273 0.00142045454545455 0.00142045454545455 0.00142045454545455 0.00142045454545455 0.00142045454545455 0.00142045454545455 0.00142045454545455 0.00426136363636364 0.00142045454545455 0.00142045454545455 0.938920454545455 0.00142045454545455 0.00568181818181818 0.00568181818181818; % b D=0.5
0.355113636363636 0.0980113636363636 0.00710227272727273 0.223011363636364 0.0980113636363636 0.00710227272727273 0.00710227272727273 0.00710227272727273 0.00710227272727273 0.00710227272727273 0.00710227272727273 0.00710227272727273 0.0213068181818182 0.00710227272727273 0.00710227272727273 0.00710227272727273 0.00710227272727273 0.0284090909090909 0.0909090909090909; % d D=0.5
0.00852272727272727 0.00710227272727273 0.00142045454545455 0.00710227272727273 0.00710227272727273 0.00142045454545455 0.00142045454545455 0.00142045454545455 0.00142045454545455 0.00142045454545455 0.00142045454545455 0.938920454545455 0.00426136363636364 0.00142045454545455 0.00142045454545455 0.00142045454545455 0.00142045454545455 0.00568181818181818 0.00568181818181818; % g D=0.5
0.00852272727272727 0.00710227272727273 0.00142045454545455 0.00710227272727273 0.00710227272727273 0.00142045454545455 0.00142045454545455 0.00142045454545455 0.938920454545455 0.00142045454545455 0.00142045454545455 0.00142045454545455 0.00426136363636364 0.00142045454545455 0.00142045454545455 0.00142045454545455 0.00142045454545455 0.00568181818181818 0.00568181818181818; % k D=0.5
0.00852272727272727 0.00710227272727273 0.938920454545455 0.00710227272727273 0.00710227272727273 0.00142045454545455 0.00142045454545455 0.00142045454545455 0.00142045454545455 0.00142045454545455 0.00142045454545455 0.00142045454545455 0.00426136363636364 0.00142045454545455 0.00142045454545455 0.00142045454545455 0.00142045454545455 0.00568181818181818 0.00568181818181818; % l D=0.5
0.00852272727272727 0.00710227272727273 0.00142045454545455 0.00710227272727273 0.00710227272727273 0.00142045454545455 0.938920454545455 0.00142045454545455 0.00142045454545455 0.00142045454545455 0.00142045454545455 0.00142045454545455 0.00426136363636364 0.00142045454545455 0.00142045454545455 0.00142045454545455 0.00142045454545455 0.00568181818181818 0.00568181818181818; % p D=0.5
0.00852272727272727 0.00710227272727273 0.00142045454545455 0.00710227272727273 0.00710227272727273 0.00142045454545455 0.00142045454545455 0.00142045454545455 0.00142045454545455 0.00142045454545455 0.00142045454545455 0.00142045454545455 0.00426136363636364 0.00142045454545455 0.938920454545455 0.00142045454545455 0.00142045454545455 0.00568181818181818 0.00568181818181818; % t D=0.5
0.00852272727272727 0.00710227272727273 0.00142045454545455 0.00710227272727273 0.00710227272727273 0.00142045454545455 0.00142045454545455 0.00142045454545455 0.00142045454545455 0.00142045454545455 0.00142045454545455 0.00142045454545455 0.00426136363636364 0.938920454545455 0.00142045454545455 0.00142045454545455 0.00142045454545455 0.00568181818181818 0.00568181818181818; % v D=0.5
0.00852272727272727 0.00710227272727273 0.00142045454545455 0.00710227272727273 0.00710227272727273 0.00142045454545455 0.00142045454545455 0.00142045454545455 0.00142045454545455 0.00142045454545455 0.938920454545455 0.00142045454545455 0.00426136363636364 0.00142045454545455 0.00142045454545455 0.00142045454545455 0.00142045454545455 0.00568181818181818 0.00568181818181818; % z D=0.5
0.0340909090909091 0.228409090909091 0.00568181818181818 0.145075757575758 0.145075757575758 0.00568181818181818 0.00568181818181818 0.00568181818181818 0.00568181818181818 0.00568181818181818 0.00568181818181818 0.00568181818181818 0.0170454545454545 0.00568181818181818 0.00568181818181818 0.00568181818181818 0.00568181818181818 0.0560606060606061 0.306060606060606; % $ D=0.6
0.0102272727272727 0.00852272727272727 0.00170454545454545 0.00852272727272727 0.00852272727272727 0.00170454545454545 0.00170454545454545 0.00170454545454545 0.00170454545454545 0.00170454545454545 0.00170454545454545 0.00170454545454545 0.00511363636363636 0.00170454545454545 0.00170454545454545 0.00170454545454545 0.926704545454546 0.00681818181818182 0.00681818181818182; % B D=0.6
0.101136363636364 0.0426136363636364 0.00852272727272727 0.0926136363636364 0.217613636363636 0.00852272727272727 0.00852272727272727 0.00852272727272727 0.00852272727272727 0.00852272727272727 0.00852272727272727 0.00852272727272727 0.0255681818181818 0.00852272727272727 0.00852272727272727 0.00852272727272727 0.00852272727272727 0.209090909090909 0.209090909090909; % D D=0.6
0.0102272727272727 0.00852272727272727 0.00170454545454545 0.00852272727272727 0.00852272727272727 0.926704545454546 0.00170454545454545 0.00170454545454545 0.00170454545454545 0.00170454545454545 0.00170454545454545 0.00170454545454545 0.00511363636363636 0.00170454545454545 0.00170454545454545 0.00170454545454545 0.00170454545454545 0.00681818181818182 0.00681818181818182; % G D=0.6
0.0102272727272727 0.00852272727272727 0.00170454545454545 0.00852272727272727 0.00852272727272727 0.00170454545454545 0.00170454545454545 0.926704545454546 0.00170454545454545 0.00170454545454545 0.00170454545454545 0.00170454545454545 0.00511363636363636 0.00170454545454545 0.00170454545454545 0.00170454545454545 0.00170454545454545 0.00681818181818182 0.00681818181818182; % K D=0.6
0.215909090909091 0.209090909090909 0.00681818181818182 0.0340909090909091 0.209090909090909 0.00681818181818182 0.00681818181818182 0.00681818181818182 0.00681818181818182 0.00681818181818182 0.00681818181818182 0.00681818181818182 0.195454545454545 0.00681818181818182 0.00681818181818182 0.00681818181818182 0.00681818181818182 0.0272727272727273 0.0272727272727273; % L D=0.6
0.205681818181818 0.0255681818181818 0.00511363636363636 0.200568181818182 0.0255681818181818 0.00511363636363636 0.00511363636363636 0.00511363636363636 0.00511363636363636 0.00511363636363636 0.00511363636363636 0.00511363636363636 0.0153409090909091 0.00511363636363636 0.00511363636363636 0.00511363636363636 0.00511363636363636 0.445454545454545 0.0204545454545455; % P D=0.6
