syllables = '$BDGKLPTVZbdgklptvz';
discounts = [0.1 0.2 0.3 0.4 0.5 0.6 0.7 0.8 0.9 0.95];
kn_probs = [0.000290909090909091 4.84848484848485e-05 4.84848484848485e-05 0.173179797979798 0.15540202020202 0.182068686868687 4.84848484848485e-05 4.84848484848485e-05 4.84848484848485e-05 4.84848484848485e-05 4.84848484848485e-05 4.84848484848485e-05 0.204339393939394 4.84848484848485e-05 4.84848484848485e-05 0.146513131313131 0.137624242424242 4.84848484848485e-05 4.84848484848485e-05; % $ D=0.1
0.33310303030303 7.27272727272727e-05 7.27272727272727e-05 0.079769696969697 0.179769696969697 0.146436363636364 7.27272727272727e-05 7.27272727272727e-05 7.27272727272727e-05 7.27272727272727e-05 7.27272727272727e-05 7.27272727272727e-05 0.119842424242424 7.27272727272727e-05 7.27272727272727e-05 0.139769696969697 0.000436363636363636 7.27272727272727e-05 7.27272727272727e-05; % B D=0.1
0.23310303030303 7.27272727272727e-05 7.27272727272727e-05 0.17310303030303 0.000436363636363636 0.159769696969697 7.27272727272727e-05 7.27272727272727e-05 7.27272727272727e-05 7.27272727272727e-05 7.27272727272727e-05 7.27272727272727e-05 0.153175757575758 7.27272727272727e-05 7.27272727272727e-05 0.106436363636364 0.17310303030303 7.27272727272727e-05 7.27272727272727e-05; % D D=0.1
7.27272727272727e-05 1.21212121212121e-05 1.21212121212121e-05 7.27272727272727e-05 7.27272727272727e-05 7.27272727272727e-05 1.21212121212121e-05 1.21212121212121e-05 1.21212121212121e-05 1.21212121212121e-05 1.21212121212121e-05 1.21212121212121e-05 8.48484848484849e-05 0.999345454545455 1.21212121212121e-05 7.27272727272727e-05 7.27272727272727e-05 1.21212121212121e-05 1.21212121212121e-05; % G D=0.1
7.27272727272727e-05 1.21212121212121e-05 1.21212121212121e-05 7.27272727272727e-05 7.27272727272727e-05 7.27272727272727e-05 1.21212121212121e-05 1.21212121212121e-05 1.21212121212121e-05 1.21212121212121e-05 1.21212121212121e-05 1.21212121212121e-05 8.48484848484849e-05 1.21212121212121e-05 0.999345454545455 7.27272727272727e-05 7.27272727272727e-05 1.21212121212121e-05 1.21212121212121e-05; % K D=0.1
7.27272727272727e-05 1.21212121212121e-05 1.21212121212121e-05 7.27272727272727e-05 7.27272727272727e-05 7.27272727272727e-05 0.999345454545455 1.21212121212121e-05 1.21212121212121e-05 1.21212121212121e-05 1.21212121212121e-05 1.21212121212121e-05 8.48484848484849e-05 1.21212121212121e-05 1.21212121212121e-05 7.27272727272727e-05 7.27272727272727e-05 1.21212121212121e-05 1.21212121212121e-05; % L D=0.1
7.27272727272727e-05 1.21212121212121e-05 1.21212121212121e-05 7.27272727272727e-05 7.27272727272727e-05 7.27272727272727e-05 1.21212121212121e-05 1.21212121212121e-05 1.21212121212121e-05 1.21212121212121e-05 1.21212121212121e-05 0.999345454545455 8.48484848484849e-05 1.21212121212121e-05 1.21212121212121e-05 7.27272727272727e-05 7.27272727272727e-05 1.21212121212121e-05 1.21212121212121e-05; % P D=0.1
7.27272727272727e-05 1.21212121212121e-05 1.21212121212121e-05 7.27272727272727e-05 7.27272727272727e-05 7.27272727272727e-05 1.21212121212121e-05 1.21212121212121e-05 1.21212121212121e-05 1.21212121212121e-05 0.999345454545455 1.21212121212121e-05 8.48484848484849e-05 1.21212121212121e-05 1.21212121212121e-05 7.27272727272727e-05 7.27272727272727e-05 1.21212121212121e-05 1.21212121212121e-05; % T D=0.1
0.153175757575758 8.48484848484849e-05 8.48484848484849e-05 0.159842424242424 0.159842424242424 0.186509090909091 8.48484848484849e-05 8.48484848484849e-05 8.48484848484849e-05 8.48484848484849e-05 8.48484848484849e-05 8.48484848484849e-05 0.0132606060606061 8.48484848484849e-05 8.48484848484849e-05 0.186509090909091 0.139842424242424 8.48484848484849e-05 8.48484848484849e-05; % V D=0.1
0.246436363636364 7.27272727272727e-05 7.27272727272727e-05 0.166436363636364 0.179769696969697 0.11310303030303 7.27272727272727e-05 7.27272727272727e-05 7.27272727272727e-05 7.27272727272727e-05 7.27272727272727e-05 7.27272727272727e-05 0.193175757575758 7.27272727272727e-05 7.27272727272727e-05 0.000436363636363636 0.099769696969697 7.27272727272727e-05 7.27272727272727e-05; % Z D=0.1
7.27272727272727e-05 1.21212121212121e-05 1.21212121212121e-05 7.27272727272727e-05 7.27272727272727e-05 7.27272727272727e-05 1.21212121212121e-05 1.21212121212121e-05 1.21212121212121e-05 0.999345454545455 1.21212121212121e-05 1.21212121212121e-05 8.48484848484849e-05 1.21212121212121e-05 1.21212121212121e-05 7.27272727272727e-05 7.27272727272727e-05 1.21212121212121e-05 1.21212121212121e-05; % b D=0.1
0.239769696969697 7.27272727272727e-05 7.27272727272727e-05 0.159769696969697 0.106436363636364 0.000436363636363636 7.27272727272727e-05 7.27272727272727e-05 7.27272727272727e-05 7.27272727272727e-05 7.27272727272727e-05 7.27272727272727e-05 0.119842424242424 7.27272727272727e-05 7.27272727272727e-05 0.19310303030303 0.179769696969697 7.27272727272727e-05 7.27272727272727e-05; % d D=0.1
7.27272727272727e-05 1.21212121212121e-05 1.21212121212121e-05 7.27272727272727e-05 7.27272727272727e-05 7.27272727272727e-05 1.21212121212121e-05 1.21212121212121e-05 0.999345454545455 1.21212121212121e-05 1.21212121212121e-05 1.21212121212121e-05 8.48484848484849e-05 1.21212121212121e-05 1.21212121212121e-05 7.27272727272727e-05 7.27272727272727e-05 1.21212121212121e-05 1.21212121212121e-05; % g D=0.1
0.29310303030303 7.27272727272727e-05 7.27272727272727e-05 0.000436363636363636 0.139769696969697 0.119769696969697 7.27272727272727e-05 7.27272727272727e-05 7.27272727272727e-05 7.27272727272727e-05 7.27272727272727e-05 7.27272727272727e-05 0.0931757575757576 7.27272727272727e-05 7.27272727272727e-05 0.15310303030303 0.199769696969697 7.27272727272727e-05 7.27272727272727e-05; % k D=0.1
7.27272727272727e-05 1.21212121212121e-05 1.21212121212121e-05 7.27272727272727e-05 7.27272727272727e-05 7.27272727272727e-05 1.21212121212121e-05 1.21212121212121e-05 1.21212121212121e-05 1.21212121212121e-05 1.21212121212121e-05 1.21212121212121e-05 8.48484848484849e-05 1.21212121212121e-05 1.21212121212121e-05 7.27272727272727e-05 7.27272727272727e-05 1.21212121212121e-05 0.999345454545455; % l D=0.1
7.27272727272727e-05 1.21212121212121e-05 1.21212121212121e-05 7.27272727272727e-05 7.27272727272727e-05 7.27272727272727e-05 1.21212121212121e-05 0.999345454545455 1.21212121212121e-05 1.21212121212121e-05 1.21212121212121e-05 1.21212121212121e-05 8.48484848484849e-05 1.21212121212121e-05 1.21212121212121e-05 7.27272727272727e-05 7.27272727272727e-05 1.21212121212121e-05 1.21212121212121e-05; % p D=0.1
7.27272727272727e-05 1.21212121212121e-05 1.21212121212121e-05 7.27272727272727e-05 7.27272727272727e-05 7.27272727272727e-05 1.21212121212121e-05 1.21212121212121e-05 1.21212121212121e-05 1.21212121212121e-05 1.21212121212121e-05 1.21212121212121e-05 8.48484848484849e-05 1.21212121212121e-05 1.21212121212121e-05 7.27272727272727e-05 7.27272727272727e-05 0.999345454545455 1.21212121212121e-05; % t D=0.1
7.27272727272727e-05 0.999345454545455 1.21212121212121e-05 7.27272727272727e-05 7.27272727272727e-05 7.27272727272727e-05 1.21212121212121e-05 1.21212121212121e-05 1.21212121212121e-05 1.21212121212121e-05 1.21212121212121e-05 1.21212121212121e-05 8.48484848484849e-05 1.21212121212121e-05 1.21212121212121e-05 7.27272727272727e-05 7.27272727272727e-05 1.21212121212121e-05 1.21212121212121e-05; % v D=0.1
7.27272727272727e-05 1.21212121212121e-05 0.999345454545455 7.27272727272727e-05 7.27272727272727e-05 7.27272727272727e-05 1.21212121212121e-05 1.21212121212121e-05 1.21212121212121e-05 1.21212121212121e-05 1.21212121212121e-05 1.21212121212121e-05 8.48484848484849e-05 1.21212121212121e-05 1.21212121212121e-05 7.27272727272727e-05 7.27272727272727e-05 1.21212121212121e-05 1.21212121212121e-05; % z D=0.1
