syllables = '$BDGKLPTVZbdgklptvz';
discounts = [0.1 0.2 0.3 0.4 0.5 0.6 0.7 0.8 0.9 0.95];
kn_probs = [0.00496031746031746 0.00297619047619048 0.000992063492063492 0.000992063492063492 0.245634920634921 0.000992063492063492 0.162301587301587 0.000992063492063492 0.000992063492063492 0.000992063492063492 0.000992063492063492 0.164285714285714 0.000992063492063492 0.000992063492063492 0.163293650793651 0.000992063492063492 0.244642857142857 0.000992063492063492 0.000992063492063492; % $ D=0.1
0.00148809523809524 0.000892857142857143 0.000297619047619048 0.000297619047619048 0.00119047619047619 0.000297619047619048 0.00119047619047619 0.000297619047619048 0.000297619047619048 0.000297619047619048 0.000297619047619048 0.00178571428571429 0.987797619047619 0.000297619047619048 0.00148809523809524 0.000297619047619048 0.000892857142857143 0.000297619047619048 0.000297619047619048; % B D=0.1
0.118452380952381 0.366071428571429 0.00119047619047619 0.00119047619047619 0.242261904761905 0.00119047619047619 0.00476190476190476 0.00119047619047619 0.00119047619047619 0.00119047619047619 0.00119047619047619 0.244642857142857 0.00119047619047619 0.00119047619047619 0.00595238095238095 0.00119047619047619 0.00357142857142857 0.00119047619047619 0.00119047619047619; % D D=0.1
0.00148809523809524 0.000892857142857143 0.987797619047619 0.000297619047619048 0.00119047619047619 0.000297619047619048 0.00119047619047619 0.000297619047619048 0.000297619047619048 0.000297619047619048 0.000297619047619048 0.00178571428571429 0.000297619047619048 0.000297619047619048 0.00148809523809524 0.000297619047619048 0.000892857142857143 0.000297619047619048 0.000297619047619048; % G D=0.1
0.00148809523809524 0.000892857142857143 0.000297619047619048 0.000297619047619048 0.00119047619047619 0.000297619047619048 0.00119047619047619 0.000297619047619048 0.000297619047619048 0.000297619047619048 0.000297619047619048 0.00178571428571429 0.000297619047619048 0.000297619047619048 0.00148809523809524 0.987797619047619 0.000892857142857143 0.000297619047619048 0.000297619047619048; % K D=0.1
0.00148809523809524 0.000892857142857143 0.000297619047619048 0.000297619047619048 0.00119047619047619 0.000297619047619048 0.00119047619047619 0.987797619047619 0.000297619047619048 0.000297619047619048 0.000297619047619048 0.00178571428571429 0.000297619047619048 0.000297619047619048 0.00148809523809524 0.000297619047619048 0.000892857142857143 0.000297619047619048 0.000297619047619048; % L D=0.1
0.00148809523809524 0.000892857142857143 0.000297619047619048 0.000297619047619048 0.00119047619047619 0.000297619047619048 0.00119047619047619 0.000297619047619048 0.000297619047619048 0.987797619047619 0.000297619047619048 0.00178571428571429 0.000297619047619048 0.000297619047619048 0.00148809523809524 0.000297619047619048 0.000892857142857143 0.000297619047619048 0.000297619047619048; % P D=0.1
0.368452380952381 0.00357142857142857 0.00119047619047619 0.00119047619047619 0.00476190476190476 0.00119047619047619 0.242261904761905 0.00119047619047619 0.00119047619047619 0.00119047619047619 0.00119047619047619 0.119642857142857 0.00119047619047619 0.00119047619047619 0.243452380952381 0.00119047619047619 0.00357142857142857 0.00119047619047619 0.00119047619047619; % T D=0.1
0.00595238095238095 0.241071428571429 0.00119047619047619 0.00119047619047619 0.117261904761905 0.00119047619047619 0.00476190476190476 0.00119047619047619 0.00119047619047619 0.00119047619047619 0.00119047619047619 0.00714285714285714 0.00119047619047619 0.00119047619047619 0.243452380952381 0.00119047619047619 0.366071428571429 0.00119047619047619 0.00119047619047619; % V D=0.1
0.493452380952381 0.00357142857142857 0.00119047619047619 0.00119047619047619 0.00476190476190476 0.00119047619047619 0.00476190476190476 0.00119047619047619 0.00119047619047619 0.00119047619047619 0.00119047619047619 0.119642857142857 0.00119047619047619 0.00119047619047619 0.118452380952381 0.00119047619047619 0.241071428571429 0.00119047619047619 0.00119047619047619; % Z D=0.1
0.00148809523809524 0.000892857142857143 0.000297619047619048 0.000297619047619048 0.00119047619047619 0.000297619047619048 0.00119047619047619 0.000297619047619048 0.987797619047619 0.000297619047619048 0.000297619047619048 0.00178571428571429 0.000297619047619048 0.000297619047619048 0.00148809523809524 0.000297619047619048 0.000892857142857143 0.000297619047619048 0.000297619047619048; % b D=0.1
0.00148809523809524 0.000892857142857143 0.000297619047619048 0.000297619047619048 0.00119047619047619 0.000297619047619048 0.00119047619047619 0.000297619047619048 0.000297619047619048 0.000297619047619048 0.987797619047619 0.00178571428571429 0.000297619047619048 0.000297619047619048 0.00148809523809524 0.000297619047619048 0.000892857142857143 0.000297619047619048 0.000297619047619048; % d D=0.1
0.00148809523809524 0.000892857142857143 0.000297619047619048 0.000297619047619048 0.00119047619047619 0.000297619047619048 0.00119047619047619 0.000297619047619048 0.000297619047619048 0.000297619047619048 0.000297619047619048 0.00178571428571429 0.000297619047619048 0.000297619047619048 0.00148809523809524 0.000297619047619048 0.000892857142857143 0.000297619047619048 0.987797619047619; % g D=0.1
0.00148809523809524 0.000892857142857143 0.000297619047619048 0.987797619047619 0.00119047619047619 0.000297619047619048 0.00119047619047619 0.000297619047619048 0.000297619047619048 0.000297619047619048 0.000297619047619048 0.00178571428571429 0.000297619047619048 0.000297619047619048 0.00148809523809524 0.000297619047619048 0.000892857142857143 0.000297619047619048 0.000297619047619048; % k D=0.1
0.00148809523809524 0.000892857142857143 0.000297619047619048 0.000297619047619048 0.00119047619047619 0.000297619047619048 0.00119047619047619 0.000297619047619048 0.000297619047619048 0.000297619047619048 0.000297619047619048 0.00178571428571429 0.000297619047619048 0.000297619047619048 0.00148809523809524 0.000297619047619048 0.000892857142857143 0.987797619047619 0.000297619047619048; % l D=0.1
0.00148809523809524 0.000892857142857143 0.000297619047619048 0.000297619047619048 0.00119047619047619 0.987797619047619 0.00119047619047619 0.000297619047619048 0.000297619047619048 0.000297619047619048 0.000297619047619048 0.00178571428571429 0.000297619047619048 0.000297619047619048 0.00148809523809524 0.000297619047619048 0.000892857142857143 0.000297619047619048 0.000297619047619048; % p D=0.1
0.00148809523809524 0.000892857142857143 0.000297619047619048 0.000297619047619048 0.00119047619047619 0.000297619047619048 0.00119047619047619 0.000297619047619048 0.000297619047619048 0.000297619047619048 0.000297619047619048 0.00178571428571429 0.000297619047619048 0.987797619047619 0.00148809523809524 0.000297619047619048 0.000892857142857143 0.000297619047619048 0.000297619047619048; % t D=0.1
0.118452380952381 0.366071428571429 0.00119047619047619 0.00119047619047619 0.00476190476190476 0.00119047619047619 0.367261904761905 0.00119047619047619 0.00119047619047619 0.00119047619047619 0.00119047619047619 0.119642857142857 0.00119047619047619 0.00119047619047619 0.00595238095238095 0.00119047619047619 0.00357142857142857 0.00119047619047619 0.00119047619047619; % v D=0.1
0.369940476190476 0.00446428571428571 0.00148809523809524 0.00148809523809524 0.243452380952381 0.00148809523809524 0.118452380952381 0.00148809523809524 0.00148809523809524 0.00148809523809524 0.00148809523809524 0.121428571428571 0.00148809523809524 0.00148809523809524 0.119940476190476 0.00148809523809524 0.00446428571428571 0.00148809523809524 0.00148809523809524; % z D=0.1
0.00992063492063492 0.00595238095238095 0.00198412698412698 0.00198412698412698 0.241269841269841 0.00198412698412698 0.157936507936508 0.00198412698412698 0.00198412698412698 0.00198412698412698 0.00198412698412698 0.161904761904762 0.00198412698412698 0.00198412698412698 0.159920634920635 0.00198412698412698 0.239285714285714 0.00198412698412698 0.00198412698412698; % $ D=0.2
0.00297619047619048 0.00178571428571429 0.000595238095238095 0.000595238095238095 0.00238095238095238 0.000595238095238095 0.00238095238095238 0.000595238095238095 0.000595238095238095 0.000595238095238095 0.000595238095238095 0.00357142857142857 0.975595238095238 0.000595238095238095 0.00297619047619048 0.000595238095238095 0.00178571428571429 0.000595238095238095 0.000595238095238095; % B D=0.2
0.111904761904762 0.357142857142857 0.00238095238095238 0.00238095238095238 0.23452380952381 0.00238095238095238 0.00952380952380952 0.00238095238095238 0.00238095238095238 0.00238095238095238 0.00238095238095238 0.239285714285714 0.00238095238095238 0.00238095238095238 0.0119047619047619 0.00238095238095238 0.00714285714285714 0.00238095238095238 0.00238095238095238; % D D=0.2
0.00297619047619048 0.00178571428571429 0.975595238095238 0.000595238095238095 0.00238095238095238 0.000595238095238095 0.00238095238095238 0.000595238095238095 0.000595238095238095 0.000595238095238095 0.000595238095238095 0.00357142857142857 0.000595238095238095 0.000595238095238095 0.00297619047619048 0.000595238095238095 0.00178571428571429 0.000595238095238095 0.000595238095238095; % G D=0.2
0.00297619047619048 0.00178571428571429 0.000595238095238095 0.000595238095238095 0.00238095238095238 0.000595238095238095 0.00238095238095238 0.000595238095238095 0.000595238095238095 0.000595238095238095 0.000595238095238095 0.00357142857142857 0.000595238095238095 0.000595238095238095 0.00297619047619048 0.975595238095238 0.00178571428571429 0.000595238095238095 0.000595238095238095; % K D=0.2
0.00297619047619048 0.00178571428571429 0.000595238095238095 0.000595238095238095 0.00238095238095238 0.000595238095238095 0.00238095238095238 0.975595238095238 0.000595238095238095 0.000595238095238095 0.000595238095238095 0.00357142857142857 0.000595238095238095 0.000595238095238095 0.00297619047619048 0.000595238095238095 0.00178571428571429 0.000595238095238095 0.000595238095238095; % L D=0.2
0.00297619047619048 0.00178571428571429 0.000595238095238095 0.000595238095238095 0.00238095238095238 0.000595238095238095 0.00238095238095238 0.000595238095238095 0.000595238095238095 0.975595238095238 0.000595238095238095 0.00357142857142857 0.000595238095238095 0.000595238095238095 0.00297619047619048 0.000595238095238095 0.00178571428571429 0.000595238095238095 0.000595238095238095; % P D=0.2
0.361904761904762 0.00714285714285714 0.00238095238095238 0.00238095238095238 0.00952380952380952 0.00238095238095238 0.23452380952381 0.00238095238095238 0.00238095238095238 0.00238095238095238 0.00238095238095238 0.114285714285714 0.00238095238095238 0.00238095238095238 0.236904761904762 0.00238095238095238 0.00714285714285714 0.00238095238095238 0.00238095238095238; % T D=0.2
0.0119047619047619 0.232142857142857 0.00238095238095238 0.00238095238095238 0.10952380952381 0.00238095238095238 0.00952380952380952 0.00238095238095238 0.00238095238095238 0.00238095238095238 0.00238095238095238 0.0142857142857143 0.00238095238095238 0.00238095238095238 0.236904761904762 0.00238095238095238 0.357142857142857 0.00238095238095238 0.00238095238095238; % V D=0.2
0.486904761904762 0.00714285714285714 0.00238095238095238 0.00238095238095238 0.00952380952380952 0.00238095238095238 0.00952380952380952 0.00238095238095238 0.00238095238095238 0.00238095238095238 0.00238095238095238 0.114285714285714 0.00238095238095238 0.00238095238095238 0.111904761904762 0.00238095238095238 0.232142857142857 0.00238095238095238 0.00238095238095238; % Z D=0.2
0.00297619047619048 0.00178571428571429 0.000595238095238095 0.000595238095238095 0.00238095238095238 0.000595238095238095 0.00238095238095238 0.000595238095238095 0.975595238095238 0.000595238095238095 0.000595238095238095 0.00357142857142857 0.000595238095238095 0.000595238095238095 0.00297619047619048 0.000595238095238095 0.00178571428571429 0.000595238095238095 0.000595238095238095; % b D=0.2
0.00297619047619048 0.00178571428571429 0.000595238095238095 0.000595238095238095 0.00238095238095238 0.000595238095238095 0.00238095238095238 0.000595238095238095 0.000595238095238095 0.000595238095238095 0.975595238095238 0.00357142857142857 0.000595238095238095 0.000595238095238095 0.00297619047619048 0.000595238095238095 0.00178571428571429 0.000595238095238095 0.000595238095238095; % d D=0.2
0.00297619047619048 0.00178571428571429 0.000595238095238095 0.000595238095238095 0.00238095238095238 0.000595238095238095 0.00238095238095238 0.000595238095238095 0.000595238095238095 0.000595238095238095 0.000595238095238095 0.00357142857142857 0.000595238095238095 0.000595238095238095 0.00297619047619048 0.000595238095238095 0.00178571428571429 0.000595238095238095 0.975595238095238; % g D=0.2
0.00297619047619048 0.00178571428571429 0.000595238095238095 0.975595238095238 0.00238095238095238 0.000595238095238095 0.00238095238095238 0.000595238095238095 0.000595238095238095 0.000595238095238095 0.000595238095238095 0.00357142857142857 0.000595238095238095 0.000595238095238095 0.00297619047619048 0.000595238095238095 0.00178571428571429 0.000595238095238095 0.000595238095238095; % k D=0.2
0.00297619047619048 0.00178571428571429 0.000595238095238095 0.000595238095238095 0.00238095238095238 0.000595238095238095 0.00238095238095238 0.000595238095238095 0.000595238095238095 0.000595238095238095 0.000595238095238095 0.00357142857142857 0.000595238095238095 0.000595238095238095 0.00297619047619048 0.000595238095238095 0.00178571428571429 0.975595238095238 0.000595238095238095; % l D=0.2
0.00297619047619048 0.00178571428571429 0.000595238095238095 0.000595238095238095 0.00238095238095238 0.975595238095238 0.00238095238095238 0.000595238095238095 0.000595238095238095 0.000595238095238095 0.000595238095238095 0.00357142857142857 0.000595238095238095 0.000595238095238095 0.00297619047619048 0.000595238095238095 0.00178571428571429 0.000595238095238095 0.000595238095238095; % p D=0.2
0.00297619047619048 0.00178571428571429 0.000595238095238095 0.000595238095238095 0.00238095238095238 0.000595238095238095 0.00238095238095238 0.000595238095238095 0.000595238095238095 0.000595238095238095 0.000595238095238095 0.00357142857142857 0.000595238095238095 0.975595238095238 0.00297619047619048 0.000595238095238095 0.00178571428571429 0.000595238095238095 0.000595238095238095; % t D=0.2
0.111904761904762 0.357142857142857 0.00238095238095238 0.00238095238095238 0.00952380952380952 0.00238095238095238 0.35952380952381 0.00238095238095238 0.00238095238095238 0.00238095238095238 0.00238095238095238 0.114285714285714 0.00238095238095238 0.00238095238095238 0.0119047619047619 0.00238095238095238 0.00714285714285714 0.00238095238095238 0.00238095238095238; % v D=0.2
0.364880952380952 0.00892857142857143 0.00297619047619048 0.00297619047619048 0.236904761904762 0.00297619047619048 0.111904761904762 0.00297619047619048 0.00297619047619048 0.00297619047619048 0.00297619047619048 0.117857142857143 0.00297619047619048 0.00297619047619048 0.114880952380952 0.00297619047619048 0.00892857142857143 0.00297619047619048 0.00297619047619048; % z D=0.2
0.0148809523809524 0.00892857142857143 0.00297619047619048 0.00297619047619048 0.236904761904762 0.00297619047619048 0.153571428571429 0.00297619047619048 0.00297619047619048 0.00297619047619048 0.00297619047619048 0.15952380952381 0.00297619047619048 0.00297619047619048 0.156547619047619 0.00297619047619048 0.233928571428571 0.00297619047619048 0.00297619047619048; % $ D=0.3
0.00446428571428571 0.00267857142857143 0.000892857142857143 0.000892857142857143 0.00357142857142857 0.000892857142857143 0.00357142857142857 0.000892857142857143 0.000892857142857143 0.000892857142857143 0.000892857142857143 0.00535714285714286 0.963392857142857 0.000892857142857143 0.00446428571428571 0.000892857142857143 0.00267857142857143 0.000892857142857143 0.000892857142857143; % B D=0.3
0.105357142857143 0.348214285714286 0.00357142857142857 0.00357142857142857 0.226785714285714 0.00357142857142857 0.0142857142857143 0.00357142857142857 0.00357142857142857 0.00357142857142857 0.00357142857142857 0.233928571428571 0.00357142857142857 0.00357142857142857 0.0178571428571429 0.00357142857142857 0.0107142857142857 0.00357142857142857 0.00357142857142857; % D D=0.3
0.00446428571428571 0.00267857142857143 0.963392857142857 0.000892857142857143 0.00357142857142857 0.000892857142857143 0.00357142857142857 0.000892857142857143 0.000892857142857143 0.000892857142857143 0.000892857142857143 0.00535714285714286 0.000892857142857143 0.000892857142857143 0.00446428571428571 0.000892857142857143 0.00267857142857143 0.000892857142857143 0.000892857142857143; % G D=0.3
0.00446428571428571 0.00267857142857143 0.000892857142857143 0.000892857142857143 0.00357142857142857 0.000892857142857143 0.00357142857142857 0.000892857142857143 0.000892857142857143 0.000892857142857143 0.000892857142857143 0.00535714285714286 0.000892857142857143 0.000892857142857143 0.00446428571428571 0.963392857142857 0.00267857142857143 0.000892857142857143 0.000892857142857143; % K D=0.3
0.00446428571428571 0.00267857142857143 0.000892857142857143 0.000892857142857143 0.00357142857142857 0.000892857142857143 0.00357142857142857 0.963392857142857 0.000892857142857143 0.000892857142857143 0.000892857142857143 0.00535714285714286 0.000892857142857143 0.000892857142857143 0.00446428571428571 0.000892857142857143 0.00267857142857143 0.000892857142857143 0.000892857142857143; % L D=0.3
0.00446428571428571 0.00267857142857143 0.000892857142857143 0.000892857142857143 0.00357142857142857 0.000892857142857143 0.00357142857142857 0.000892857142857143 0.000892857142857143 0.963392857142857 0.000892857142857143 0.00535714285714286 0.000892857142857143 0.000892857142857143 0.00446428571428571 0.000892857142857143 0.00267857142857143 0.000892857142857143 0.000892857142857143; % P D=0.3
0.355357142857143 0.0107142857142857 0.00357142857142857 0.00357142857142857 0.0142857142857143 0.00357142857142857 0.226785714285714 0.00357142857142857 0.00357142857142857 0.00357142857142857 0.00357142857142857 0.108928571428571 0.00357142857142857 0.00357142857142857 0.230357142857143 0.00357142857142857 0.0107142857142857 0.00357142857142857 0.00357142857142857; % T D=0.3
0.0178571428571429 0.223214285714286 0.00357142857142857 0.00357142857142857 0.101785714285714 0.00357142857142857 0.0142857142857143 0.00357142857142857 0.00357142857142857 0.00357142857142857 0.00357142857142857 0.0214285714285714 0.00357142857142857 0.00357142857142857 0.230357142857143 0.00357142857142857 0.348214285714286 0.00357142857142857 0.00357142857142857; % V D=0.3
0.480357142857143 0.0107142857142857 0.00357142857142857 0.00357142857142857 0.0142857142857143 0.00357142857142857 0.0142857142857143 0.00357142857142857 0.00357142857142857 0.00357142857142857 0.00357142857142857 0.108928571428571 0.00357142857142857 0.00357142857142857 0.105357142857143 0.00357142857142857 0.223214285714286 0.00357142857142857 0.00357142857142857; % Z D=0.3
0.00446428571428571 0.00267857142857143 0.000892857142857143 0.000892857142857143 0.00357142857142857 0.000892857142857143 0.00357142857142857 0.000892857142857143 0.963392857142857 0.000892857142857143 0.000892857142857143 0.00535714285714286 0.000892857142857143 0.000892857142857143 0.00446428571428571 0.000892857142857143 0.00267857142857143 0.000892857142857143 0.000892857142857143; % b D=0.3
0.00446428571428571 0.00267857142857143 0.000892857142857143 0.000892857142857143 0.00357142857142857 0.000892857142857143 0.00357142857142857 0.000892857142857143 0.000892857142857143 0.000892857142857143 0.963392857142857 0.00535714285714286 0.000892857142857143 0.000892857142857143 0.00446428571428571 0.000892857142857143 0.00267857142857143 0.000892857142857143 0.000892857142857143; % d D=0.3
0.00446428571428571 0.00267857142857143 0.000892857142857143 0.000892857142857143 0.00357142857142857 0.000892857142857143 0.00357142857142857 0.000892857142857143 0.000892857142857143 0.000892857142857143 0.000892857142857143 0.00535714285714286 0.000892857142857143 0.000892857142857143 0.00446428571428571 0.000892857142857143 0.00267857142857143 0.000892857142857143 0.963392857142857; % g D=0.3
0.00446428571428571 0.00267857142857143 0.000892857142857143 0.963392857142857 0.00357142857142857 0.000892857142857143 0.00357142857142857 0.000892857142857143 0.000892857142857143 0.000892857142857143 0.000892857142857143 0.00535714285714286 0.000892857142857143 0.000892857142857143 0.00446428571428571 0.000892857142857143 0.00267857142857143 0.000892857142857143 0.000892857142857143; % k D=0.3
0.00446428571428571 0.00267857142857143 0.000892857142857143 0.000892857142857143 0.00357142857142857 0.000892857142857143 0.00357142857142857 0.000892857142857143 0.000892857142857143 0.000892857142857143 0.000892857142857143 0.00535714285714286 0.000892857142857143 0.000892857142857143 0.00446428571428571 0.000892857142857143 0.00267857142857143 0.963392857142857 0.000892857142857143; % l D=0.3
0.00446428571428571 0.00267857142857143 0.000892857142857143 0.000892857142857143 0.00357142857142857 0.963392857142857 0.00357142857142857 0.000892857142857143 0.000892857142857143 0.000892857142857143 0.000892857142857143 0.00535714285714286 0.000892857142857143 0.000892857142857143 0.00446428571428571 0.000892857142857143 0.00267857142857143 0.000892857142857143 0.000892857142857143; % p D=0.3
0.00446428571428571 0.00267857142857143 0.000892857142857143 0.000892857142857143 0.00357142857142857 0.000892857142857143 0.00357142857142857 0.000892857142857143 0.000892857142857143 0.000892857142857143 0.000892857142857143 0.00535714285714286 0.000892857142857143 0.963392857142857 0.00446428571428571 0.000892857142857143 0.00267857142857143 0.000892857142857143 0.000892857142857143; % t D=0.3
0.105357142857143 0.348214285714286 0.00357142857142857 0.00357142857142857 0.0142857142857143 0.00357142857142857 0.351785714285714 0.00357142857142857 0.00357142857142857 0.00357142857142857 0.00357142857142857 0.108928571428571 0.00357142857142857 0.00357142857142857 0.0178571428571429 0.00357142857142857 0.0107142857142857 0.00357142857142857 0.00357142857142857; % v D=0.3
0.359821428571429 0.0133928571428571 0.00446428571428571 0.00446428571428571 0.230357142857143 0.00446428571428571 0.105357142857143 0.00446428571428571 0.00446428571428571 0.00446428571428571 0.00446428571428571 0.114285714285714 0.00446428571428571 0.00446428571428571 0.109821428571429 0.00446428571428571 0.0133928571428571 0.00446428571428571 0.00446428571428571; % z D=0.3
0.0198412698412698 0.0119047619047619 0.00396825396825397 0.00396825396825397 0.232539682539683 0.00396825396825397 0.149206349206349 0.00396825396825397 0.00396825396825397 0.00396825396825397 0.00396825396825397 0.157142857142857 0.00396825396825397 0.00396825396825397 0.153174603174603 0.00396825396825397 0.228571428571429 0.00396825396825397 0.00396825396825397; % $ D=0.4
0.00595238095238095 0.00357142857142857 0.00119047619047619 0.00119047619047619 0.00476190476190476 0.00119047619047619 0.00476190476190476 0.00119047619047619 0.00119047619047619 0.00119047619047619 0.00119047619047619 0.00714285714285714 0.951190476190476 0.00119047619047619 0.00595238095238095 0.00119047619047619 0.00357142857142857 0.00119047619047619 0.00119047619047619; % B D=0.4
0.0988095238095238 0.339285714285714 0.00476190476190476 0.00476190476190476 0.219047619047619 0.00476190476190476 0.019047619047619 0.00476190476190476 0.00476190476190476 0.00476190476190476 0.00476190476190476 0.228571428571429 0.00476190476190476 0.00476190476190476 0.0238095238095238 0.00476190476190476 0.0142857142857143 0.00476190476190476 0.00476190476190476; % D D=0.4
0.00595238095238095 0.00357142857142857 0.951190476190476 0.00119047619047619 0.00476190476190476 0.00119047619047619 0.00476190476190476 0.00119047619047619 0.00119047619047619 0.00119047619047619 0.00119047619047619 0.00714285714285714 0.00119047619047619 0.00119047619047619 0.00595238095238095 0.00119047619047619 0.00357142857142857 0.00119047619047619 0.00119047619047619; % G D=0.4
0.00595238095238095 0.00357142857142857 0.00119047619047619 0.00119047619047619 0.00476190476190476 0.00119047619047619 0.00476190476190476 0.00119047619047619 0.00119047619047619 0.00119047619047619 0.00119047619047619 0.00714285714285714 0.00119047619047619 0.00119047619047619 0.00595238095238095 0.951190476190476 0.00357142857142857 0.00119047619047619 0.00119047619047619; % K D=0.4
0.00595238095238095 0.00357142857142857 0.00119047619047619 0.00119047619047619 0.00476190476190476 0.00119047619047619 0.00476190476190476 0.951190476190476 0.00119047619047619 0.00119047619047619 0.00119047619047619 0.00714285714285714 0.00119047619047619 0.00119047619047619 0.00595238095238095 0.00119047619047619 0.00357142857142857 0.00119047619047619 0.00119047619047619; % L D=0.4
0.00595238095238095 0.00357142857142857 0.00119047619047619 0.00119047619047619 0.00476190476190476 0.00119047619047619 0.00476190476190476 0.00119047619047619 0.00119047619047619 0.951190476190476 0.00119047619047619 0.00714285714285714 0.00119047619047619 0.00119047619047619 0.00595238095238095 0.00119047619047619 0.00357142857142857 0.00119047619047619 0.00119047619047619; % P D=0.4
0.348809523809524 0.0142857142857143 0.00476190476190476 0.00476190476190476 0.019047619047619 0.00476190476190476 0.219047619047619 0.00476190476190476 0.00476190476190476 0.00476190476190476 0.00476190476190476 0.103571428571429 0.00476190476190476 0.00476190476190476 0.223809523809524 0.00476190476190476 0.0142857142857143 0.00476190476190476 0.00476190476190476; % T D=0.4
0.0238095238095238 0.214285714285714 0.00476190476190476 0.00476190476190476 0.094047619047619 0.00476190476190476 0.019047619047619 0.00476190476190476 0.00476190476190476 0.00476190476190476 0.00476190476190476 0.0285714285714286 0.00476190476190476 0.00476190476190476 0.223809523809524 0.00476190476190476 0.339285714285714 0.00476190476190476 0.00476190476190476; % V D=0.4
0.473809523809524 0.0142857142857143 0.00476190476190476 0.00476190476190476 0.019047619047619 0.00476190476190476 0.019047619047619 0.00476190476190476 0.00476190476190476 0.00476190476190476 0.00476190476190476 0.103571428571429 0.00476190476190476 0.00476190476190476 0.0988095238095238 0.00476190476190476 0.214285714285714 0.00476190476190476 0.00476190476190476; % Z D=0.4
0.00595238095238095 0.00357142857142857 0.00119047619047619 0.00119047619047619 0.00476190476190476 0.00119047619047619 0.00476190476190476 0.00119047619047619 0.951190476190476 0.00119047619047619 0.00119047619047619 0.00714285714285714 0.00119047619047619 0.00119047619047619 0.00595238095238095 0.00119047619047619 0.00357142857142857 0.00119047619047619 0.00119047619047619; % b D=0.4
0.00595238095238095 0.00357142857142857 0.00119047619047619 0.00119047619047619 0.00476190476190476 0.00119047619047619 0.00476190476190476 0.00119047619047619 0.00119047619047619 0.00119047619047619 0.951190476190476 0.00714285714285714 0.00119047619047619 0.00119047619047619 0.00595238095238095 0.00119047619047619 0.00357142857142857 0.00119047619047619 0.00119047619047619; % d D=0.4
0.00595238095238095 0.00357142857142857 0.00119047619047619 0.00119047619047619 0.00476190476190476 0.00119047619047619 0.00476190476190476 0.00119047619047619 0.00119047619047619 0.00119047619047619 0.00119047619047619 0.00714285714285714 0.00119047619047619 0.00119047619047619 0.00595238095238095 0.00119047619047619 0.00357142857142857 0.00119047619047619 0.951190476190476; % g D=0.4
0.00595238095238095 0.00357142857142857 0.00119047619047619 0.951190476190476 0.00476190476190476 0.00119047619047619 0.00476190476190476 0.00119047619047619 0.00119047619047619 0.00119047619047619 0.00119047619047619 0.00714285714285714 0.00119047619047619 0.00119047619047619 0.00595238095238095 0.00119047619047619 0.00357142857142857 0.00119047619047619 0.00119047619047619; % k D=0.4
0.00595238095238095 0.00357142857142857 0.00119047619047619 0.00119047619047619 0.00476190476190476 0.00119047619047619 0.00476190476190476 0.00119047619047619 0.00119047619047619 0.00119047619047619 0.00119047619047619 0.00714285714285714 0.00119047619047619 0.00119047619047619 0.00595238095238095 0.00119047619047619 0.00357142857142857 0.951190476190476 0.00119047619047619; % l D=0.4
0.00595238095238095 0.00357142857142857 0.00119047619047619 0.00119047619047619 0.00476190476190476 0.951190476190476 0.00476190476190476 0.00119047619047619 0.00119047619047619 0.00119047619047619 0.00119047619047619 0.00714285714285714 0.00119047619047619 0.00119047619047619 0.00595238095238095 0.00119047619047619 0.00357142857142857 0.00119047619047619 0.00119047619047619; % p D=0.4
0.00595238095238095 0.00357142857142857 0.00119047619047619 0.00119047619047619 0.00476190476190476 0.00119047619047619 0.00476190476190476 0.00119047619047619 0.00119047619047619 0.00119047619047619 0.00119047619047619 0.00714285714285714 0.00119047619047619 0.951190476190476 0.00595238095238095 0.00119047619047619 0.00357142857142857 0.00119047619047619 0.00119047619047619; % t D=0.4
0.0988095238095238 0.339285714285714 0.00476190476190476 0.00476190476190476 0.019047619047619 0.00476190476190476 0.344047619047619 0.00476190476190476 0.00476190476190476 0.00476190476190476 0.00476190476190476 0.103571428571429 0.00476190476190476 0.00476190476190476 0.0238095238095238 0.00476190476190476 0.0142857142857143 0.00476190476190476 0.00476190476190476; % v D=0.4
0.354761904761905 0.0178571428571429 0.00595238095238095 0.00595238095238095 0.223809523809524 0.00595238095238095 0.0988095238095238 0.00595238095238095 0.00595238095238095 0.00595238095238095 0.00595238095238095 0.110714285714286 0.00595238095238095 0.00595238095238095 0.104761904761905 0.00595238095238095 0.0178571428571429 0.00595238095238095 0.00595238095238095; % z D=0.4
0.0248015873015873 0.0148809523809524 0.00496031746031746 0.00496031746031746 0.228174603174603 0.00496031746031746 0.14484126984127 0.00496031746031746 0.00496031746031746 0.00496031746031746 0.00496031746031746 0.154761904761905 0.00496031746031746 0.00496031746031746 0.149801587301587 0.00496031746031746 0.223214285714286 0.00496031746031746 0.00496031746031746; % $ D=0.5
0.00744047619047619 0.00446428571428571 0.00148809523809524 0.00148809523809524 0.00595238095238095 0.00148809523809524 0.00595238095238095 0.00148809523809524 0.00148809523809524 0.00148809523809524 0.00148809523809524 0.00892857142857143 0.938988095238095 0.00148809523809524 0.00744047619047619 0.00148809523809524 0.00446428571428571 0.00148809523809524 0.00148809523809524; % B D=0.5
0.0922619047619048 0.330357142857143 0.00595238095238095 0.00595238095238095 0.211309523809524 0.00595238095238095 0.0238095238095238 0.00595238095238095 0.00595238095238095 0.00595238095238095 0.00595238095238095 0.223214285714286 0.00595238095238095 0.00595238095238095 0.0297619047619048 0.00595238095238095 0.0178571428571429 0.00595238095238095 0.00595238095238095; % D D=0.5
0.00744047619047619 0.00446428571428571 0.938988095238095 0.00148809523809524 0.00595238095238095 0.00148809523809524 0.00595238095238095 0.00148809523809524 0.00148809523809524 0.00148809523809524 0.00148809523809524 0.00892857142857143 0.00148809523809524 0.00148809523809524 0.00744047619047619 0.00148809523809524 0.00446428571428571 0.00148809523809524 0.00148809523809524; % G D=0.5
0.00744047619047619 0.00446428571428571 0.00148809523809524 0.00148809523809524 0.00595238095238095 0.00148809523809524 0.00595238095238095 0.00148809523809524 0.00148809523809524 0.00148809523809524 0.00148809523809524 0.00892857142857143 0.00148809523809524 0.00148809523809524 0.00744047619047619 0.938988095238095 0.00446428571428571 0.00148809523809524 0.00148809523809524; % K D=0.5
0.00744047619047619 0.00446428571428571 0.00148809523809524 0.00148809523809524 0.00595238095238095 0.00148809523809524 0.00595238095238095 0.938988095238095 0.00148809523809524 0.00148809523809524 0.00148809523809524 0.00892857142857143 0.00148809523809524 0.00148809523809524 0.00744047619047619 0.00148809523809524 0.00446428571428571 0.00148809523809524 0.00148809523809524; % L D=0.5
0.00744047619047619 0.00446428571428571 0.00148809523809524 0.00148809523809524 0.00595238095238095 0.00148809523809524 0.00595238095238095 0.00148809523809524 0.00148809523809524 0.938988095238095 0.00148809523809524 0.00892857142857143 0.00148809523809524 0.00148809523809524 0.00744047619047619 0.00148809523809524 0.00446428571428571 0.00148809523809524 0.00148809523809524; % P D=0.5
0.342261904761905 0.0178571428571429 0.00595238095238095 0.00595238095238095 0.0238095238095238 0.00595238095238095 0.211309523809524 0.00595238095238095 0.00595238095238095 0.00595238095238095 0.00595238095238095 0.0982142857142857 0.00595238095238095 0.00595238095238095 0.217261904761905 0.00595238095238095 0.0178571428571429 0.00595238095238095 0.00595238095238095; % T D=0.5
0.0297619047619048 0.205357142857143 0.00595238095238095 0.00595238095238095 0.0863095238095238 0.00595238095238095 0.0238095238095238 0.00595238095238095 0.00595238095238095 0.00595238095238095 0.00595238095238095 0.0357142857142857 0.00595238095238095 0.00595238095238095 0.217261904761905 0.00595238095238095 0.330357142857143 0.00595238095238095 0.00595238095238095; % V D=0.5
0.467261904761905 0.0178571428571429 0.00595238095238095 0.00595238095238095 0.0238095238095238 0.00595238095238095 0.0238095238095238 0.00595238095238095 0.00595238095238095 0.00595238095238095 0.00595238095238095 0.0982142857142857 0.00595238095238095 0.00595238095238095 0.0922619047619048 0.00595238095238095 0.205357142857143 0.00595238095238095 0.00595238095238095; % Z D=0.5
0.00744047619047619 0.00446428571428571 0.00148809523809524 0.00148809523809524 0.00595238095238095 0.00148809523809524 0.00595238095238095 0.00148809523809524 0.938988095238095 0.00148809523809524 0.00148809523809524 0.00892857142857143 0.00148809523809524 0.00148809523809524 0.00744047619047619 0.00148809523809524 0.00446428571428571 0.00148809523809524 0.00148809523809524; % b D=0.5
0.00744047619047619 0.00446428571428571 0.00148809523809524 0.00148809523809524 0.00595238095238095 0.00148809523809524 0.00595238095238095 0.00148809523809524 0.00148809523809524 0.00148809523809524 0.938988095238095 0.00892857142857143 0.00148809523809524 0.00148809523809524 0.00744047619047619 0.00148809523809524 0.00446428571428571 0.00148809523809524 0.00148809523809524; % d D=0.5
0.00744047619047619 0.00446428571428571 0.00148809523809524 0.00148809523809524 0.00595238095238095 0.00148809523809524 0.00595238095238095 0.00148809523809524 0.00148809523809524 0.00148809523809524 0.00148809523809524 0.00892857142857143 0.00148809523809524 0.00148809523809524 0.00744047619047619 0.00148809523809524 0.00446428571428571 0.00148809523809524 0.938988095238095; % g D=0.5
0.00744047619047619 0.00446428571428571 0.00148809523809524 0.938988095238095 0.00595238095238095 0.00148809523809524 0.00595238095238095 0.00148809523809524 0.00148809523809524 0.00148809523809524 0.00148809523809524 0.00892857142857143 0.00148809523809524 0.00148809523809524 0.00744047619047619 0.00148809523809524 0.00446428571428571 0.00148809523809524 0.00148809523809524; % k D=0.5
0.00744047619047619 0.00446428571428571 0.00148809523809524 0.00148809523809524 0.00595238095238095 0.00148809523809524 0.00595238095238095 0.00148809523809524 0.00148809523809524 0.00148809523809524 0.00148809523809524 0.00892857142857143 0.00148809523809524 0.00148809523809524 0.00744047619047619 0.00148809523809524 0.00446428571428571 0.938988095238095 0.00148809523809524; % l D=0.5
0.00744047619047619 0.00446428571428571 0.00148809523809524 0.00148809523809524 0.00595238095238095 0.938988095238095 0.00595238095238095 0.00148809523809524 0.00148809523809524 0.00148809523809524 0.00148809523809524 0.00892857142857143 0.00148809523809524 0.00148809523809524 0.00744047619047619 0.00148809523809524 0.00446428571428571 0.00148809523809524 0.00148809523809524; % p D=0.5
0.00744047619047619 0.00446428571428571 0.00148809523809524 0.00148809523809524 0.00595238095238095 0.00148809523809524 0.00595238095238095 0.00148809523809524 0.00148809523809524 0.00148809523809524 0.00148809523809524 0.00892857142857143 0.00148809523809524 0.938988095238095 0.00744047619047619 0.00148809523809524 0.00446428571428571 0.00148809523809524 0.00148809523809524; % t D=0.5
0.0922619047619048 0.330357142857143 0.00595238095238095 0.00595238095238095 0.0238095238095238 0.00595238095238095 0.336309523809524 0.00595238095238095 0.00595238095238095 0.00595238095238095 0.00595238095238095 0.0982142857142857 0.00595238095238095 0.00595238095238095 0.0297619047619048 0.00595238095238095 0.0178571428571429 0.00595238095238095 0.00595238095238095; % v D=0.5
0.349702380952381 0.0223214285714286 0.00744047619047619 0.00744047619047619 0.217261904761905 0.00744047619047619 0.0922619047619048 0.00744047619047619 0.00744047619047619 0.00744047619047619 0.00744047619047619 0.107142857142857 0.00744047619047619 0.00744047619047619 0.099702380952381 0.00744047619047619 0.0223214285714286 0.00744047619047619 0.00744047619047619; % z D=0.5
0.0297619047619048 0.0178571428571429 0.00595238095238095 0.00595238095238095 0.223809523809524 0.00595238095238095 0.14047619047619 0.00595238095238095 0.00595238095238095 0.00595238095238095 0.00595238095238095 0.152380952380952 0.00595238095238095 0.00595238095238095 0.146428571428571 0.00595238095238095 0.217857142857143 0.00595238095238095 0.00595238095238095; % $ D=0.6
0.00892857142857143 0.00535714285714286 0.00178571428571429 0.00178571428571429 0.00714285714285714 0.00178571428571429 0.00714285714285714 0.00178571428571429 0.00178571428571429 0.00178571428571429 0.00178571428571429 0.0107142857142857 0.926785714285714 0.00178571428571429 0.00892857142857143 0.00178571428571429 0.00535714285714286 0.00178571428571429 0.00178571428571429; % B D=0.6
0.0857142857142857 0.321428571428571 0.00714285714285714 0.00714285714285714 0.203571428571429 0.00714285714285714 0.0285714285714286 0.00714285714285714 0.00714285714285714 0.00714285714285714 0.00714285714285714 0.217857142857143 0.00714285714285714 0.00714285714285714 0.0357142857142857 0.00714285714285714 0.0214285714285714 0.00714285714285714 0.00714285714285714; % D D=0.6
0.00892857142857143 0.00535714285714286 0.926785714285714 0.00178571428571429 0.00714285714285714 0.00178571428571429 0.00714285714285714 0.00178571428571429 0.00178571428571429 0.00178571428571429 0.00178571428571429 0.0107142857142857 0.00178571428571429 0.00178571428571429 0.00892857142857143 0.00178571428571429 0.00535714285714286 0.00178571428571429 0.00178571428571429; % G D=0.6
0.00892857142857143 0.00535714285714286 0.00178571428571429 0.00178571428571429 0.00714285714285714 0.00178571428571429 0.00714285714285714 0.00178571428571429 0.00178571428571429 0.00178571428571429 0.00178571428571429 0.0107142857142857 0.00178571428571429 0.00178571428571429 0.00892857142857143 0.926785714285714 0.00535714285714286 0.00178571428571429 0.00178571428571429; % K D=0.6
0.00892857142857143 0.00535714285714286 0.00178571428571429 0.00178571428571429 0.00714285714285714 0.00178571428571429 0.00714285714285714 0.926785714285714 0.00178571428571429 0.00178571428571429 0.00178571428571429 0.0107142857142857 0.00178571428571429 0.00178571428571429 0.00892857142857143 0.00178571428571429 0.00535714285714286 0.00178571428571429 0.00178571428571429; % L D=0.6
0.00892857142857143 0.00535714285714286 0.00178571428571429 0.00178571428571429 0.00714285714285714 0.00178571428571429 0.00714285714285714 0.00178571428571429 0.00178571428571429 0.926785714285714 0.00178571428571429 0.0107142857142857 0.00178571428571429 0.00178571428571429 0.00892857142857143 0.00178571428571429 0.00535714285714286 0.00178571428571429 0.00178571428571429; % P D=0.6
