syllables = '$BDGKLPTVZbdgklptvz';
discounts = [0.1 0.2 0.3 0.4 0.5 0.6 0.7 0.8 0.9 0.95];
kn_probs = [0.00271698113207547 0.000452830188679245 0.000452830188679245 0.000452830188679245 0.000452830188679245 0.0787169811320755 0.238264150943396 0.000452830188679245 0.000452830188679245 0.118716981132075 0.118716981132075 0.000452830188679245 0.000452830188679245 0.118716981132075 0.318716981132075 0.000452830188679245 0.000452830188679245 0.000452830188679245 0.000452830188679245; % $ D=0.1
0.185495283018868 0.000707547169811321 0.000707547169811321 0.000707547169811321 0.000707547169811321 0.122995283018868 0.247287735849057 0.000707547169811321 0.000707547169811321 0.122995283018868 0.122995283018868 0.000707547169811321 0.000707547169811321 0.00424528301886793 0.185495283018868 0.000707547169811321 0.000707547169811321 0.000707547169811321 0.000707547169811321; % B D=0.1
0.000665926748057714 0.000110987791342952 0.000110987791342952 0.000110987791342952 0.000110987791342952 0.000665926748057714 0.000554938956714761 0.000110987791342952 0.994228634850166 0.000665926748057714 0.000665926748057714 0.000110987791342952 0.000110987791342952 0.000665926748057714 0.000665926748057714 0.000110987791342952 0.000110987791342952 0.000110987791342952 0.000110987791342952; % D D=0.1
0.000665926748057714 0.000110987791342952 0.000110987791342952 0.000110987791342952 0.000110987791342952 0.000665926748057714 0.000554938956714761 0.000110987791342952 0.000110987791342952 0.000665926748057714 0.000665926748057714 0.000110987791342952 0.000110987791342952 0.000665926748057714 0.000665926748057714 0.000110987791342952 0.000110987791342952 0.994228634850166 0.000110987791342952; % G D=0.1
0.115760266370699 0.000665926748057714 0.000665926748057714 0.000665926748057714 0.000665926748057714 0.115760266370699 0.0562708102108768 0.000665926748057714 0.000665926748057714 0.351054384017758 0.00399556048834628 0.000665926748057714 0.000665926748057714 0.233407325194229 0.115760266370699 0.000665926748057714 0.000665926748057714 0.000665926748057714 0.000665926748057714; % K D=0.1
0.000707547169811321 0.000117924528301887 0.000117924528301887 0.000117924528301887 0.000117924528301887 0.000707547169811321 0.000589622641509434 0.000117924528301887 0.000117924528301887 0.000707547169811321 0.000707547169811321 0.993867924528302 0.000117924528301887 0.000707547169811321 0.000707547169811321 0.000117924528301887 0.000117924528301887 0.000117924528301887 0.000117924528301887; % L D=0.1
0.000665926748057714 0.000110987791342952 0.000110987791342952 0.000110987791342952 0.000110987791342952 0.000665926748057714 0.000554938956714761 0.000110987791342952 0.000110987791342952 0.000665926748057714 0.000665926748057714 0.000110987791342952 0.000110987791342952 0.000665926748057714 0.000665926748057714 0.000110987791342952 0.000110987791342952 0.000110987791342952 0.994228634850166; % P D=0.1
0.000707547169811321 0.000117924528301887 0.000117924528301887 0.000117924528301887 0.000117924528301887 0.000707547169811321 0.000589622641509434 0.000117924528301887 0.000117924528301887 0.000707547169811321 0.000707547169811321 0.000117924528301887 0.993867924528302 0.000707547169811321 0.000707547169811321 0.000117924528301887 0.000117924528301887 0.000117924528301887 0.000117924528301887; % T D=0.1
0.351054384017758 0.000665926748057714 0.000665926748057714 0.000665926748057714 0.000665926748057714 0.233407325194229 0.00332963374028857 0.000665926748057714 0.000665926748057714 0.0569367369589345 0.115760266370699 0.000665926748057714 0.000665926748057714 0.115760266370699 0.115760266370699 0.000665926748057714 0.000665926748057714 0.000665926748057714 0.000665926748057714; % V D=0.1
0.000665926748057714 0.000110987791342952 0.000110987791342952 0.994228634850166 0.000110987791342952 0.000665926748057714 0.000554938956714761 0.000110987791342952 0.000110987791342952 0.000665926748057714 0.000665926748057714 0.000110987791342952 0.000110987791342952 0.000665926748057714 0.000665926748057714 0.000110987791342952 0.000110987791342952 0.000110987791342952 0.000110987791342952; % Z D=0.1
0.000665926748057714 0.000110987791342952 0.000110987791342952 0.000110987791342952 0.000110987791342952 0.000665926748057714 0.000554938956714761 0.000110987791342952 0.000110987791342952 0.000665926748057714 0.000665926748057714 0.000110987791342952 0.000110987791342952 0.000665926748057714 0.000665926748057714 0.000110987791342952 0.994228634850166 0.000110987791342952 0.000110987791342952; % b D=0.1
0.000707547169811321 0.000117924528301887 0.000117924528301887 0.000117924528301887 0.000117924528301887 0.000707547169811321 0.000589622641509434 0.993867924528302 0.000117924528301887 0.000707547169811321 0.000707547169811321 0.000117924528301887 0.000117924528301887 0.000707547169811321 0.000707547169811321 0.000117924528301887 0.000117924528301887 0.000117924528301887 0.000117924528301887; % d D=0.1
0.372287735849057 0.000589622641509434 0.000589622641509434 0.000589622641509434 0.000589622641509434 0.0035377358490566 0.00294811320754717 0.000589622641509434 0.000589622641509434 0.184787735849057 0.122287735849057 0.000589622641509434 0.000589622641509434 0.247287735849057 0.0597877358490566 0.000589622641509434 0.000589622641509434 0.000589622641509434 0.000589622641509434; % g D=0.1
0.000707547169811321 0.993867924528302 0.000117924528301887 0.000117924528301887 0.000117924528301887 0.000707547169811321 0.000589622641509434 0.000117924528301887 0.000117924528301887 0.000707547169811321 0.000707547169811321 0.000117924528301887 0.000117924528301887 0.000707547169811321 0.000707547169811321 0.000117924528301887 0.000117924528301887 0.000117924528301887 0.000117924528301887; % k D=0.1
0.000665926748057714 0.000110987791342952 0.000110987791342952 0.000110987791342952 0.000110987791342952 0.000665926748057714 0.000554938956714761 0.000110987791342952 0.000110987791342952 0.000665926748057714 0.000665926748057714 0.000110987791342952 0.000110987791342952 0.000665926748057714 0.000665926748057714 0.994228634850166 0.000110987791342952 0.000110987791342952 0.000110987791342952; % l D=0.1
0.233407325194229 0.000665926748057714 0.000665926748057714 0.000665926748057714 0.000665926748057714 0.115760266370699 0.173917869034406 0.000665926748057714 0.000665926748057714 0.115760266370699 0.233407325194229 0.000665926748057714 0.000665926748057714 0.115760266370699 0.00399556048834628 0.000665926748057714 0.000665926748057714 0.000665926748057714 0.000665926748057714; % p D=0.1
0.000665926748057714 0.000110987791342952 0.000110987791342952 0.000110987791342952 0.994228634850166 0.000665926748057714 0.000554938956714761 0.000110987791342952 0.000110987791342952 0.000665926748057714 0.000665926748057714 0.000110987791342952 0.000110987791342952 0.000665926748057714 0.000665926748057714 0.000110987791342952 0.000110987791342952 0.000110987791342952 0.000110987791342952; % t D=0.1
0.233407325194229 0.000665926748057714 0.000665926748057714 0.000665926748057714 0.000665926748057714 0.233407325194229 0.173917869034406 0.000665926748057714 0.000665926748057714 0.00399556048834628 0.233407325194229 0.000665926748057714 0.000665926748057714 0.0569367369589345 0.0569367369589345 0.000665926748057714 0.000665926748057714 0.000665926748057714 0.000665926748057714; % v D=0.1
0.000665926748057714 0.000110987791342952 0.994228634850166 0.000110987791342952 0.000110987791342952 0.000665926748057714 0.000554938956714761 0.000110987791342952 0.000110987791342952 0.000665926748057714 0.000665926748057714 0.000110987791342952 0.000110987791342952 0.000665926748057714 0.000665926748057714 0.000110987791342952 0.000110987791342952 0.000110987791342952 0.000110987791342952; % z D=0.1
