syllables = '$BDGKLPTVZbdgklptvz';
discounts = [0.1 0.2 0.3 0.4 0.5 0.6 0.7 0.8 0.9 0.95];
kn_probs = [0.00276923076923077 0.158769230769231 0.000461538461538462 0.000461538461538462 0.000461538461538462 0.000461538461538462 0.000461538461538462 0.198307692307692 0.000461538461538462 0.198307692307692 0.000461538461538462 0.000461538461538462 0.0787692307692308 0.000461538461538462 0.158769230769231 0.000461538461538462 0.198769230769231 0.000461538461538462 0.000461538461538462; % $ D=0.1
0.000678733031674208 0.000678733031674208 0.000113122171945701 0.000113122171945701 0.000113122171945701 0.000113122171945701 0.000113122171945701 0.000565610859728507 0.000113122171945701 0.000565610859728507 0.000113122171945701 0.000113122171945701 0.000678733031674208 0.000113122171945701 0.000678733031674208 0.000113122171945701 0.000678733031674208 0.000113122171945701 0.994230769230769; % B D=0.1
0.000721153846153846 0.000721153846153846 0.000120192307692308 0.000120192307692308 0.000120192307692308 0.000120192307692308 0.993870192307692 0.000600961538461538 0.000120192307692308 0.000600961538461538 0.000120192307692308 0.000120192307692308 0.000721153846153846 0.000120192307692308 0.000721153846153846 0.000120192307692308 0.000721153846153846 0.000120192307692308 0.000120192307692308; % D D=0.1
0.000678733031674208 0.000678733031674208 0.000113122171945701 0.000113122171945701 0.000113122171945701 0.994230769230769 0.000113122171945701 0.000565610859728507 0.000113122171945701 0.000565610859728507 0.000113122171945701 0.000113122171945701 0.000678733031674208 0.000113122171945701 0.000678733031674208 0.000113122171945701 0.000678733031674208 0.000113122171945701 0.000113122171945701; % G D=0.1
0.184855769230769 0.122355769230769 0.000600961538461538 0.000600961538461538 0.000600961538461538 0.000600961538461538 0.000600961538461538 0.00300480769230769 0.000600961538461538 0.00300480769230769 0.000600961538461538 0.000600961538461538 0.184855769230769 0.000600961538461538 0.247355769230769 0.000600961538461538 0.247355769230769 0.000600961538461538 0.000600961538461538; % K D=0.1
0.000678733031674208 0.000678733031674208 0.000113122171945701 0.000113122171945701 0.000113122171945701 0.000113122171945701 0.000113122171945701 0.000565610859728507 0.000113122171945701 0.000565610859728507 0.000113122171945701 0.000113122171945701 0.000678733031674208 0.000113122171945701 0.000678733031674208 0.994230769230769 0.000678733031674208 0.000113122171945701 0.000113122171945701; % L D=0.1
0.000721153846153846 0.000721153846153846 0.000120192307692308 0.000120192307692308 0.000120192307692308 0.000120192307692308 0.000120192307692308 0.000600961538461538 0.000120192307692308 0.000600961538461538 0.000120192307692308 0.000120192307692308 0.000721153846153846 0.000120192307692308 0.000721153846153846 0.000120192307692308 0.000721153846153846 0.993870192307692 0.000120192307692308; % P D=0.1
0.000678733031674208 0.000678733031674208 0.000113122171945701 0.994230769230769 0.000113122171945701 0.000113122171945701 0.000113122171945701 0.000565610859728507 0.000113122171945701 0.000565610859728507 0.000113122171945701 0.000113122171945701 0.000678733031674208 0.000113122171945701 0.000678733031674208 0.000113122171945701 0.000678733031674208 0.000113122171945701 0.000113122171945701; % T D=0.1
0.409954751131222 0.233484162895928 0.000678733031674208 0.000678733031674208 0.000678733031674208 0.000678733031674208 0.000678733031674208 0.173981900452489 0.000678733031674208 0.0563348416289593 0.000678733031674208 0.000678733031674208 0.0570135746606335 0.000678733031674208 0.00407239819004525 0.000678733031674208 0.0570135746606335 0.000678733031674208 0.000678733031674208; % V D=0.1
0.000721153846153846 0.000721153846153846 0.000120192307692308 0.000120192307692308 0.993870192307692 0.000120192307692308 0.000120192307692308 0.000600961538461538 0.000120192307692308 0.000600961538461538 0.000120192307692308 0.000120192307692308 0.000721153846153846 0.000120192307692308 0.000721153846153846 0.000120192307692308 0.000721153846153846 0.000120192307692308 0.000120192307692308; % Z D=0.1
0.000678733031674208 0.000678733031674208 0.000113122171945701 0.000113122171945701 0.000113122171945701 0.000113122171945701 0.000113122171945701 0.000565610859728507 0.000113122171945701 0.000565610859728507 0.000113122171945701 0.994230769230769 0.000678733031674208 0.000113122171945701 0.000678733031674208 0.000113122171945701 0.000678733031674208 0.000113122171945701 0.000113122171945701; % b D=0.1
0.233484162895928 0.233484162895928 0.000678733031674208 0.000678733031674208 0.000678733031674208 0.000678733031674208 0.000678733031674208 0.173981900452489 0.000678733031674208 0.115158371040724 0.000678733031674208 0.000678733031674208 0.00407239819004525 0.000678733031674208 0.115837104072398 0.000678733031674208 0.115837104072398 0.000678733031674208 0.000678733031674208; % d D=0.1
0.000678733031674208 0.000678733031674208 0.000113122171945701 0.000113122171945701 0.000113122171945701 0.000113122171945701 0.000113122171945701 0.000565610859728507 0.000113122171945701 0.000565610859728507 0.994230769230769 0.000113122171945701 0.000678733031674208 0.000113122171945701 0.000678733031674208 0.000113122171945701 0.000678733031674208 0.000113122171945701 0.000113122171945701; % g D=0.1
0.174660633484163 0.00407239819004525 0.000678733031674208 0.000678733031674208 0.000678733031674208 0.000678733031674208 0.000678733031674208 0.0563348416289593 0.000678733031674208 0.115158371040724 0.000678733031674208 0.000678733031674208 0.409954751131222 0.000678733031674208 0.115837104072398 0.000678733031674208 0.115837104072398 0.000678733031674208 0.000678733031674208; % k D=0.1
0.000678733031674208 0.000678733031674208 0.000113122171945701 0.000113122171945701 0.000113122171945701 0.000113122171945701 0.000113122171945701 0.000565610859728507 0.994230769230769 0.000565610859728507 0.000113122171945701 0.000113122171945701 0.000678733031674208 0.000113122171945701 0.000678733031674208 0.000113122171945701 0.000678733031674208 0.000113122171945701 0.000113122171945701; % l D=0.1
0.292307692307692 0.0570135746606335 0.000678733031674208 0.000678733031674208 0.000678733031674208 0.000678733031674208 0.000678733031674208 0.00339366515837104 0.000678733031674208 0.350452488687783 0.000678733031674208 0.000678733031674208 0.115837104072398 0.000678733031674208 0.0570135746606335 0.000678733031674208 0.115837104072398 0.000678733031674208 0.000678733031674208; % p D=0.1
0.000721153846153846 0.000721153846153846 0.993870192307692 0.000120192307692308 0.000120192307692308 0.000120192307692308 0.000120192307692308 0.000600961538461538 0.000120192307692308 0.000600961538461538 0.000120192307692308 0.000120192307692308 0.000721153846153846 0.000120192307692308 0.000721153846153846 0.000120192307692308 0.000721153846153846 0.000120192307692308 0.000120192307692308; % t D=0.1
0.184855769230769 0.122355769230769 0.000600961538461538 0.000600961538461538 0.000600961538461538 0.000600961538461538 0.000600961538461538 0.309254807692308 0.000600961538461538 0.00300480769230769 0.000600961538461538 0.000600961538461538 0.122355769230769 0.000600961538461538 0.247355769230769 0.000600961538461538 0.00360576923076923 0.000600961538461538 0.000600961538461538; % v D=0.1
0.000678733031674208 0.000678733031674208 0.000113122171945701 0.000113122171945701 0.000113122171945701 0.000113122171945701 0.000113122171945701 0.000565610859728507 0.000113122171945701 0.000565610859728507 0.000113122171945701 0.000113122171945701 0.000678733031674208 0.994230769230769 0.000678733031674208 0.000113122171945701 0.000678733031674208 0.000113122171945701 0.000113122171945701; % z D=0.1
0.00553846153846154 0.157538461538462 0.000923076923076923 0.000923076923076923 0.000923076923076923 0.000923076923076923 0.000923076923076923 0.196615384615385 0.000923076923076923 0.196615384615385 0.000923076923076923 0.000923076923076923 0.0775384615384615 0.000923076923076923 0.157538461538462 0.000923076923076923 0.197538461538462 0.000923076923076923 0.000923076923076923; % $ D=0.2
0.00135746606334842 0.00135746606334842 0.000226244343891403 0.000226244343891403 0.000226244343891403 0.000226244343891403 0.000226244343891403 0.00113122171945701 0.000226244343891403 0.00113122171945701 0.000226244343891403 0.000226244343891403 0.00135746606334842 0.000226244343891403 0.00135746606334842 0.000226244343891403 0.00135746606334842 0.000226244343891403 0.988461538461539; % B D=0.2
0.00144230769230769 0.00144230769230769 0.000240384615384615 0.000240384615384615 0.000240384615384615 0.000240384615384615 0.987740384615385 0.00120192307692308 0.000240384615384615 0.00120192307692308 0.000240384615384615 0.000240384615384615 0.00144230769230769 0.000240384615384615 0.00144230769230769 0.000240384615384615 0.00144230769230769 0.000240384615384615 0.000240384615384615; % D D=0.2
0.00135746606334842 0.00135746606334842 0.000226244343891403 0.000226244343891403 0.000226244343891403 0.988461538461539 0.000226244343891403 0.00113122171945701 0.000226244343891403 0.00113122171945701 0.000226244343891403 0.000226244343891403 0.00135746606334842 0.000226244343891403 0.00135746606334842 0.000226244343891403 0.00135746606334842 0.000226244343891403 0.000226244343891403; % G D=0.2
0.182211538461538 0.119711538461538 0.00120192307692308 0.00120192307692308 0.00120192307692308 0.00120192307692308 0.00120192307692308 0.00600961538461538 0.00120192307692308 0.00600961538461538 0.00120192307692308 0.00120192307692308 0.182211538461538 0.00120192307692308 0.244711538461538 0.00120192307692308 0.244711538461538 0.00120192307692308 0.00120192307692308; % K D=0.2
0.00135746606334842 0.00135746606334842 0.000226244343891403 0.000226244343891403 0.000226244343891403 0.000226244343891403 0.000226244343891403 0.00113122171945701 0.000226244343891403 0.00113122171945701 0.000226244343891403 0.000226244343891403 0.00135746606334842 0.000226244343891403 0.00135746606334842 0.988461538461539 0.00135746606334842 0.000226244343891403 0.000226244343891403; % L D=0.2
0.00144230769230769 0.00144230769230769 0.000240384615384615 0.000240384615384615 0.000240384615384615 0.000240384615384615 0.000240384615384615 0.00120192307692308 0.000240384615384615 0.00120192307692308 0.000240384615384615 0.000240384615384615 0.00144230769230769 0.000240384615384615 0.00144230769230769 0.000240384615384615 0.00144230769230769 0.987740384615385 0.000240384615384615; % P D=0.2
0.00135746606334842 0.00135746606334842 0.000226244343891403 0.988461538461539 0.000226244343891403 0.000226244343891403 0.000226244343891403 0.00113122171945701 0.000226244343891403 0.00113122171945701 0.000226244343891403 0.000226244343891403 0.00135746606334842 0.000226244343891403 0.00135746606334842 0.000226244343891403 0.00135746606334842 0.000226244343891403 0.000226244343891403; % T D=0.2
0.40814479638009 0.231674208144796 0.00135746606334842 0.00135746606334842 0.00135746606334842 0.00135746606334842 0.00135746606334842 0.171493212669683 0.00135746606334842 0.0538461538461538 0.00135746606334842 0.00135746606334842 0.0552036199095023 0.00135746606334842 0.0081447963800905 0.00135746606334842 0.0552036199095023 0.00135746606334842 0.00135746606334842; % V D=0.2
0.00144230769230769 0.00144230769230769 0.000240384615384615 0.000240384615384615 0.987740384615385 0.000240384615384615 0.000240384615384615 0.00120192307692308 0.000240384615384615 0.00120192307692308 0.000240384615384615 0.000240384615384615 0.00144230769230769 0.000240384615384615 0.00144230769230769 0.000240384615384615 0.00144230769230769 0.000240384615384615 0.000240384615384615; % Z D=0.2
0.00135746606334842 0.00135746606334842 0.000226244343891403 0.000226244343891403 0.000226244343891403 0.000226244343891403 0.000226244343891403 0.00113122171945701 0.000226244343891403 0.00113122171945701 0.000226244343891403 0.988461538461539 0.00135746606334842 0.000226244343891403 0.00135746606334842 0.000226244343891403 0.00135746606334842 0.000226244343891403 0.000226244343891403; % b D=0.2
0.231674208144796 0.231674208144796 0.00135746606334842 0.00135746606334842 0.00135746606334842 0.00135746606334842 0.00135746606334842 0.171493212669683 0.00135746606334842 0.112669683257919 0.00135746606334842 0.00135746606334842 0.0081447963800905 0.00135746606334842 0.114027149321267 0.00135746606334842 0.114027149321267 0.00135746606334842 0.00135746606334842; % d D=0.2
0.00135746606334842 0.00135746606334842 0.000226244343891403 0.000226244343891403 0.000226244343891403 0.000226244343891403 0.000226244343891403 0.00113122171945701 0.000226244343891403 0.00113122171945701 0.988461538461539 0.000226244343891403 0.00135746606334842 0.000226244343891403 0.00135746606334842 0.000226244343891403 0.00135746606334842 0.000226244343891403 0.000226244343891403; % g D=0.2
0.172850678733032 0.0081447963800905 0.00135746606334842 0.00135746606334842 0.00135746606334842 0.00135746606334842 0.00135746606334842 0.0538461538461538 0.00135746606334842 0.112669683257919 0.00135746606334842 0.00135746606334842 0.40814479638009 0.00135746606334842 0.114027149321267 0.00135746606334842 0.114027149321267 0.00135746606334842 0.00135746606334842; % k D=0.2
0.00135746606334842 0.00135746606334842 0.000226244343891403 0.000226244343891403 0.000226244343891403 0.000226244343891403 0.000226244343891403 0.00113122171945701 0.988461538461539 0.00113122171945701 0.000226244343891403 0.000226244343891403 0.00135746606334842 0.000226244343891403 0.00135746606334842 0.000226244343891403 0.00135746606334842 0.000226244343891403 0.000226244343891403; % l D=0.2
0.290497737556561 0.0552036199095023 0.00135746606334842 0.00135746606334842 0.00135746606334842 0.00135746606334842 0.00135746606334842 0.00678733031674208 0.00135746606334842 0.347963800904977 0.00135746606334842 0.00135746606334842 0.114027149321267 0.00135746606334842 0.0552036199095023 0.00135746606334842 0.114027149321267 0.00135746606334842 0.00135746606334842; % p D=0.2
0.00144230769230769 0.00144230769230769 0.987740384615385 0.000240384615384615 0.000240384615384615 0.000240384615384615 0.000240384615384615 0.00120192307692308 0.000240384615384615 0.00120192307692308 0.000240384615384615 0.000240384615384615 0.00144230769230769 0.000240384615384615 0.00144230769230769 0.000240384615384615 0.00144230769230769 0.000240384615384615 0.000240384615384615; % t D=0.2
0.182211538461538 0.119711538461538 0.00120192307692308 0.00120192307692308 0.00120192307692308 0.00120192307692308 0.00120192307692308 0.306009615384615 0.00120192307692308 0.00600961538461538 0.00120192307692308 0.00120192307692308 0.119711538461538 0.00120192307692308 0.244711538461538 0.00120192307692308 0.00721153846153846 0.00120192307692308 0.00120192307692308; % v D=0.2
0.00135746606334842 0.00135746606334842 0.000226244343891403 0.000226244343891403 0.000226244343891403 0.000226244343891403 0.000226244343891403 0.00113122171945701 0.000226244343891403 0.00113122171945701 0.000226244343891403 0.000226244343891403 0.00135746606334842 0.988461538461539 0.00135746606334842 0.000226244343891403 0.00135746606334842 0.000226244343891403 0.000226244343891403; % z D=0.2
0.00830769230769231 0.156307692307692 0.00138461538461538 0.00138461538461538 0.00138461538461538 0.00138461538461538 0.00138461538461538 0.194923076923077 0.00138461538461538 0.194923076923077 0.00138461538461538 0.00138461538461538 0.0763076923076923 0.00138461538461538 0.156307692307692 0.00138461538461538 0.196307692307692 0.00138461538461538 0.00138461538461538; % $ D=0.3
0.00203619909502262 0.00203619909502262 0.000339366515837104 0.000339366515837104 0.000339366515837104 0.000339366515837104 0.000339366515837104 0.00169683257918552 0.000339366515837104 0.00169683257918552 0.000339366515837104 0.000339366515837104 0.00203619909502262 0.000339366515837104 0.00203619909502262 0.000339366515837104 0.00203619909502262 0.000339366515837104 0.982692307692308; % B D=0.3
0.00216346153846154 0.00216346153846154 0.000360576923076923 0.000360576923076923 0.000360576923076923 0.000360576923076923 0.981610576923077 0.00180288461538462 0.000360576923076923 0.00180288461538462 0.000360576923076923 0.000360576923076923 0.00216346153846154 0.000360576923076923 0.00216346153846154 0.000360576923076923 0.00216346153846154 0.000360576923076923 0.000360576923076923; % D D=0.3
0.00203619909502262 0.00203619909502262 0.000339366515837104 0.000339366515837104 0.000339366515837104 0.982692307692308 0.000339366515837104 0.00169683257918552 0.000339366515837104 0.00169683257918552 0.000339366515837104 0.000339366515837104 0.00203619909502262 0.000339366515837104 0.00203619909502262 0.000339366515837104 0.00203619909502262 0.000339366515837104 0.000339366515837104; % G D=0.3
0.179567307692308 0.117067307692308 0.00180288461538462 0.00180288461538462 0.00180288461538462 0.00180288461538462 0.00180288461538462 0.00901442307692308 0.00180288461538462 0.00901442307692308 0.00180288461538462 0.00180288461538462 0.179567307692308 0.00180288461538462 0.242067307692308 0.00180288461538462 0.242067307692308 0.00180288461538462 0.00180288461538462; % K D=0.3
0.00203619909502262 0.00203619909502262 0.000339366515837104 0.000339366515837104 0.000339366515837104 0.000339366515837104 0.000339366515837104 0.00169683257918552 0.000339366515837104 0.00169683257918552 0.000339366515837104 0.000339366515837104 0.00203619909502262 0.000339366515837104 0.00203619909502262 0.982692307692308 0.00203619909502262 0.000339366515837104 0.000339366515837104; % L D=0.3
0.00216346153846154 0.00216346153846154 0.000360576923076923 0.000360576923076923 0.000360576923076923 0.000360576923076923 0.000360576923076923 0.00180288461538462 0.000360576923076923 0.00180288461538462 0.000360576923076923 0.000360576923076923 0.00216346153846154 0.000360576923076923 0.00216346153846154 0.000360576923076923 0.00216346153846154 0.981610576923077 0.000360576923076923; % P D=0.3
0.00203619909502262 0.00203619909502262 0.000339366515837104 0.982692307692308 0.000339366515837104 0.000339366515837104 0.000339366515837104 0.00169683257918552 0.000339366515837104 0.00169683257918552 0.000339366515837104 0.000339366515837104 0.00203619909502262 0.000339366515837104 0.00203619909502262 0.000339366515837104 0.00203619909502262 0.000339366515837104 0.000339366515837104; % T D=0.3
0.406334841628959 0.229864253393665 0.00203619909502262 0.00203619909502262 0.00203619909502262 0.00203619909502262 0.00203619909502262 0.169004524886878 0.00203619909502262 0.0513574660633484 0.00203619909502262 0.00203619909502262 0.053393665158371 0.00203619909502262 0.0122171945701357 0.00203619909502262 0.053393665158371 0.00203619909502262 0.00203619909502262; % V D=0.3
0.00216346153846154 0.00216346153846154 0.000360576923076923 0.000360576923076923 0.981610576923077 0.000360576923076923 0.000360576923076923 0.00180288461538462 0.000360576923076923 0.00180288461538462 0.000360576923076923 0.000360576923076923 0.00216346153846154 0.000360576923076923 0.00216346153846154 0.000360576923076923 0.00216346153846154 0.000360576923076923 0.000360576923076923; % Z D=0.3
0.00203619909502262 0.00203619909502262 0.000339366515837104 0.000339366515837104 0.000339366515837104 0.000339366515837104 0.000339366515837104 0.00169683257918552 0.000339366515837104 0.00169683257918552 0.000339366515837104 0.982692307692308 0.00203619909502262 0.000339366515837104 0.00203619909502262 0.000339366515837104 0.00203619909502262 0.000339366515837104 0.000339366515837104; % b D=0.3
0.229864253393665 0.229864253393665 0.00203619909502262 0.00203619909502262 0.00203619909502262 0.00203619909502262 0.00203619909502262 0.169004524886878 0.00203619909502262 0.110180995475113 0.00203619909502262 0.00203619909502262 0.0122171945701357 0.00203619909502262 0.112217194570136 0.00203619909502262 0.112217194570136 0.00203619909502262 0.00203619909502262; % d D=0.3
0.00203619909502262 0.00203619909502262 0.000339366515837104 0.000339366515837104 0.000339366515837104 0.000339366515837104 0.000339366515837104 0.00169683257918552 0.000339366515837104 0.00169683257918552 0.982692307692308 0.000339366515837104 0.00203619909502262 0.000339366515837104 0.00203619909502262 0.000339366515837104 0.00203619909502262 0.000339366515837104 0.000339366515837104; % g D=0.3
0.1710407239819 0.0122171945701357 0.00203619909502262 0.00203619909502262 0.00203619909502262 0.00203619909502262 0.00203619909502262 0.0513574660633484 0.00203619909502262 0.110180995475113 0.00203619909502262 0.00203619909502262 0.406334841628959 0.00203619909502262 0.112217194570136 0.00203619909502262 0.112217194570136 0.00203619909502262 0.00203619909502262; % k D=0.3
0.00203619909502262 0.00203619909502262 0.000339366515837104 0.000339366515837104 0.000339366515837104 0.000339366515837104 0.000339366515837104 0.00169683257918552 0.982692307692308 0.00169683257918552 0.000339366515837104 0.000339366515837104 0.00203619909502262 0.000339366515837104 0.00203619909502262 0.000339366515837104 0.00203619909502262 0.000339366515837104 0.000339366515837104; % l D=0.3
0.28868778280543 0.053393665158371 0.00203619909502262 0.00203619909502262 0.00203619909502262 0.00203619909502262 0.00203619909502262 0.0101809954751131 0.00203619909502262 0.345475113122172 0.00203619909502262 0.00203619909502262 0.112217194570136 0.00203619909502262 0.053393665158371 0.00203619909502262 0.112217194570136 0.00203619909502262 0.00203619909502262; % p D=0.3
0.00216346153846154 0.00216346153846154 0.981610576923077 0.000360576923076923 0.000360576923076923 0.000360576923076923 0.000360576923076923 0.00180288461538462 0.000360576923076923 0.00180288461538462 0.000360576923076923 0.000360576923076923 0.00216346153846154 0.000360576923076923 0.00216346153846154 0.000360576923076923 0.00216346153846154 0.000360576923076923 0.000360576923076923; % t D=0.3
0.179567307692308 0.117067307692308 0.00180288461538462 0.00180288461538462 0.00180288461538462 0.00180288461538462 0.00180288461538462 0.302764423076923 0.00180288461538462 0.00901442307692308 0.00180288461538462 0.00180288461538462 0.117067307692308 0.00180288461538462 0.242067307692308 0.00180288461538462 0.0108173076923077 0.00180288461538462 0.00180288461538462; % v D=0.3
0.00203619909502262 0.00203619909502262 0.000339366515837104 0.000339366515837104 0.000339366515837104 0.000339366515837104 0.000339366515837104 0.00169683257918552 0.000339366515837104 0.00169683257918552 0.000339366515837104 0.000339366515837104 0.00203619909502262 0.982692307692308 0.00203619909502262 0.000339366515837104 0.00203619909502262 0.000339366515837104 0.000339366515837104; % z D=0.3
0.0110769230769231 0.155076923076923 0.00184615384615385 0.00184615384615385 0.00184615384615385 0.00184615384615385 0.00184615384615385 0.193230769230769 0.00184615384615385 0.193230769230769 0.00184615384615385 0.00184615384615385 0.0750769230769231 0.00184615384615385 0.155076923076923 0.00184615384615385 0.195076923076923 0.00184615384615385 0.00184615384615385; % $ D=0.4
0.00271493212669683 0.00271493212669683 0.000452488687782805 0.000452488687782805 0.000452488687782805 0.000452488687782805 0.000452488687782805 0.00226244343891403 0.000452488687782805 0.00226244343891403 0.000452488687782805 0.000452488687782805 0.00271493212669683 0.000452488687782805 0.00271493212669683 0.000452488687782805 0.00271493212669683 0.000452488687782805 0.976923076923077; % B D=0.4
0.00288461538461539 0.00288461538461539 0.000480769230769231 0.000480769230769231 0.000480769230769231 0.000480769230769231 0.975480769230769 0.00240384615384615 0.000480769230769231 0.00240384615384615 0.000480769230769231 0.000480769230769231 0.00288461538461539 0.000480769230769231 0.00288461538461539 0.000480769230769231 0.00288461538461539 0.000480769230769231 0.000480769230769231; % D D=0.4
0.00271493212669683 0.00271493212669683 0.000452488687782805 0.000452488687782805 0.000452488687782805 0.976923076923077 0.000452488687782805 0.00226244343891403 0.000452488687782805 0.00226244343891403 0.000452488687782805 0.000452488687782805 0.00271493212669683 0.000452488687782805 0.00271493212669683 0.000452488687782805 0.00271493212669683 0.000452488687782805 0.000452488687782805; % G D=0.4
0.176923076923077 0.114423076923077 0.00240384615384615 0.00240384615384615 0.00240384615384615 0.00240384615384615 0.00240384615384615 0.0120192307692308 0.00240384615384615 0.0120192307692308 0.00240384615384615 0.00240384615384615 0.176923076923077 0.00240384615384615 0.239423076923077 0.00240384615384615 0.239423076923077 0.00240384615384615 0.00240384615384615; % K D=0.4
0.00271493212669683 0.00271493212669683 0.000452488687782805 0.000452488687782805 0.000452488687782805 0.000452488687782805 0.000452488687782805 0.00226244343891403 0.000452488687782805 0.00226244343891403 0.000452488687782805 0.000452488687782805 0.00271493212669683 0.000452488687782805 0.00271493212669683 0.976923076923077 0.00271493212669683 0.000452488687782805 0.000452488687782805; % L D=0.4
0.00288461538461539 0.00288461538461539 0.000480769230769231 0.000480769230769231 0.000480769230769231 0.000480769230769231 0.000480769230769231 0.00240384615384615 0.000480769230769231 0.00240384615384615 0.000480769230769231 0.000480769230769231 0.00288461538461539 0.000480769230769231 0.00288461538461539 0.000480769230769231 0.00288461538461539 0.975480769230769 0.000480769230769231; % P D=0.4
0.00271493212669683 0.00271493212669683 0.000452488687782805 0.976923076923077 0.000452488687782805 0.000452488687782805 0.000452488687782805 0.00226244343891403 0.000452488687782805 0.00226244343891403 0.000452488687782805 0.000452488687782805 0.00271493212669683 0.000452488687782805 0.00271493212669683 0.000452488687782805 0.00271493212669683 0.000452488687782805 0.000452488687782805; % T D=0.4
0.404524886877828 0.228054298642534 0.00271493212669683 0.00271493212669683 0.00271493212669683 0.00271493212669683 0.00271493212669683 0.166515837104072 0.00271493212669683 0.048868778280543 0.00271493212669683 0.00271493212669683 0.0515837104072398 0.00271493212669683 0.016289592760181 0.00271493212669683 0.0515837104072398 0.00271493212669683 0.00271493212669683; % V D=0.4
0.00288461538461539 0.00288461538461539 0.000480769230769231 0.000480769230769231 0.975480769230769 0.000480769230769231 0.000480769230769231 0.00240384615384615 0.000480769230769231 0.00240384615384615 0.000480769230769231 0.000480769230769231 0.00288461538461539 0.000480769230769231 0.00288461538461539 0.000480769230769231 0.00288461538461539 0.000480769230769231 0.000480769230769231; % Z D=0.4
0.00271493212669683 0.00271493212669683 0.000452488687782805 0.000452488687782805 0.000452488687782805 0.000452488687782805 0.000452488687782805 0.00226244343891403 0.000452488687782805 0.00226244343891403 0.000452488687782805 0.976923076923077 0.00271493212669683 0.000452488687782805 0.00271493212669683 0.000452488687782805 0.00271493212669683 0.000452488687782805 0.000452488687782805; % b D=0.4
0.228054298642534 0.228054298642534 0.00271493212669683 0.00271493212669683 0.00271493212669683 0.00271493212669683 0.00271493212669683 0.166515837104072 0.00271493212669683 0.107692307692308 0.00271493212669683 0.00271493212669683 0.016289592760181 0.00271493212669683 0.110407239819005 0.00271493212669683 0.110407239819005 0.00271493212669683 0.00271493212669683; % d D=0.4
0.00271493212669683 0.00271493212669683 0.000452488687782805 0.000452488687782805 0.000452488687782805 0.000452488687782805 0.000452488687782805 0.00226244343891403 0.000452488687782805 0.00226244343891403 0.976923076923077 0.000452488687782805 0.00271493212669683 0.000452488687782805 0.00271493212669683 0.000452488687782805 0.00271493212669683 0.000452488687782805 0.000452488687782805; % g D=0.4
0.169230769230769 0.016289592760181 0.00271493212669683 0.00271493212669683 0.00271493212669683 0.00271493212669683 0.00271493212669683 0.048868778280543 0.00271493212669683 0.107692307692308 0.00271493212669683 0.00271493212669683 0.404524886877828 0.00271493212669683 0.110407239819005 0.00271493212669683 0.110407239819005 0.00271493212669683 0.00271493212669683; % k D=0.4
0.00271493212669683 0.00271493212669683 0.000452488687782805 0.000452488687782805 0.000452488687782805 0.000452488687782805 0.000452488687782805 0.00226244343891403 0.976923076923077 0.00226244343891403 0.000452488687782805 0.000452488687782805 0.00271493212669683 0.000452488687782805 0.00271493212669683 0.000452488687782805 0.00271493212669683 0.000452488687782805 0.000452488687782805; % l D=0.4
0.286877828054299 0.0515837104072398 0.00271493212669683 0.00271493212669683 0.00271493212669683 0.00271493212669683 0.00271493212669683 0.0135746606334842 0.00271493212669683 0.342986425339367 0.00271493212669683 0.00271493212669683 0.110407239819005 0.00271493212669683 0.0515837104072398 0.00271493212669683 0.110407239819005 0.00271493212669683 0.00271493212669683; % p D=0.4
0.00288461538461539 0.00288461538461539 0.975480769230769 0.000480769230769231 0.000480769230769231 0.000480769230769231 0.000480769230769231 0.00240384615384615 0.000480769230769231 0.00240384615384615 0.000480769230769231 0.000480769230769231 0.00288461538461539 0.000480769230769231 0.00288461538461539 0.000480769230769231 0.00288461538461539 0.000480769230769231 0.000480769230769231; % t D=0.4
0.176923076923077 0.114423076923077 0.00240384615384615 0.00240384615384615 0.00240384615384615 0.00240384615384615 0.00240384615384615 0.299519230769231 0.00240384615384615 0.0120192307692308 0.00240384615384615 0.00240384615384615 0.114423076923077 0.00240384615384615 0.239423076923077 0.00240384615384615 0.0144230769230769 0.00240384615384615 0.00240384615384615; % v D=0.4
0.00271493212669683 0.00271493212669683 0.000452488687782805 0.000452488687782805 0.000452488687782805 0.000452488687782805 0.000452488687782805 0.00226244343891403 0.000452488687782805 0.00226244343891403 0.000452488687782805 0.000452488687782805 0.00271493212669683 0.976923076923077 0.00271493212669683 0.000452488687782805 0.00271493212669683 0.000452488687782805 0.000452488687782805; % z D=0.4
0.0138461538461538 0.153846153846154 0.00230769230769231 0.00230769230769231 0.00230769230769231 0.00230769230769231 0.00230769230769231 0.191538461538462 0.00230769230769231 0.191538461538462 0.00230769230769231 0.00230769230769231 0.0738461538461538 0.00230769230769231 0.153846153846154 0.00230769230769231 0.193846153846154 0.00230769230769231 0.00230769230769231; % $ D=0.5
0.00339366515837104 0.00339366515837104 0.000565610859728507 0.000565610859728507 0.000565610859728507 0.000565610859728507 0.000565610859728507 0.00282805429864253 0.000565610859728507 0.00282805429864253 0.000565610859728507 0.000565610859728507 0.00339366515837104 0.000565610859728507 0.00339366515837104 0.000565610859728507 0.00339366515837104 0.000565610859728507 0.971153846153846; % B D=0.5
0.00360576923076923 0.00360576923076923 0.000600961538461538 0.000600961538461538 0.000600961538461538 0.000600961538461538 0.969350961538462 0.00300480769230769 0.000600961538461538 0.00300480769230769 0.000600961538461538 0.000600961538461538 0.00360576923076923 0.000600961538461538 0.00360576923076923 0.000600961538461538 0.00360576923076923 0.000600961538461538 0.000600961538461538; % D D=0.5
0.00339366515837104 0.00339366515837104 0.000565610859728507 0.000565610859728507 0.000565610859728507 0.971153846153846 0.000565610859728507 0.00282805429864253 0.000565610859728507 0.00282805429864253 0.000565610859728507 0.000565610859728507 0.00339366515837104 0.000565610859728507 0.00339366515837104 0.000565610859728507 0.00339366515837104 0.000565610859728507 0.000565610859728507; % G D=0.5
0.174278846153846 0.111778846153846 0.00300480769230769 0.00300480769230769 0.00300480769230769 0.00300480769230769 0.00300480769230769 0.0150240384615385 0.00300480769230769 0.0150240384615385 0.00300480769230769 0.00300480769230769 0.174278846153846 0.00300480769230769 0.236778846153846 0.00300480769230769 0.236778846153846 0.00300480769230769 0.00300480769230769; % K D=0.5
0.00339366515837104 0.00339366515837104 0.000565610859728507 0.000565610859728507 0.000565610859728507 0.000565610859728507 0.000565610859728507 0.00282805429864253 0.000565610859728507 0.00282805429864253 0.000565610859728507 0.000565610859728507 0.00339366515837104 0.000565610859728507 0.00339366515837104 0.971153846153846 0.00339366515837104 0.000565610859728507 0.000565610859728507; % L D=0.5
0.00360576923076923 0.00360576923076923 0.000600961538461538 0.000600961538461538 0.000600961538461538 0.000600961538461538 0.000600961538461538 0.00300480769230769 0.000600961538461538 0.00300480769230769 0.000600961538461538 0.000600961538461538 0.00360576923076923 0.000600961538461538 0.00360576923076923 0.000600961538461538 0.00360576923076923 0.969350961538462 0.000600961538461538; % P D=0.5
0.00339366515837104 0.00339366515837104 0.000565610859728507 0.971153846153846 0.000565610859728507 0.000565610859728507 0.000565610859728507 0.00282805429864253 0.000565610859728507 0.00282805429864253 0.000565610859728507 0.000565610859728507 0.00339366515837104 0.000565610859728507 0.00339366515837104 0.000565610859728507 0.00339366515837104 0.000565610859728507 0.000565610859728507; % T D=0.5
0.402714932126697 0.226244343891403 0.00339366515837104 0.00339366515837104 0.00339366515837104 0.00339366515837104 0.00339366515837104 0.164027149321267 0.00339366515837104 0.0463800904977376 0.00339366515837104 0.00339366515837104 0.0497737556561086 0.00339366515837104 0.0203619909502262 0.00339366515837104 0.0497737556561086 0.00339366515837104 0.00339366515837104; % V D=0.5
0.00360576923076923 0.00360576923076923 0.000600961538461538 0.000600961538461538 0.969350961538462 0.000600961538461538 0.000600961538461538 0.00300480769230769 0.000600961538461538 0.00300480769230769 0.000600961538461538 0.000600961538461538 0.00360576923076923 0.000600961538461538 0.00360576923076923 0.000600961538461538 0.00360576923076923 0.000600961538461538 0.000600961538461538; % Z D=0.5
0.00339366515837104 0.00339366515837104 0.000565610859728507 0.000565610859728507 0.000565610859728507 0.000565610859728507 0.000565610859728507 0.00282805429864253 0.000565610859728507 0.00282805429864253 0.000565610859728507 0.971153846153846 0.00339366515837104 0.000565610859728507 0.00339366515837104 0.000565610859728507 0.00339366515837104 0.000565610859728507 0.000565610859728507; % b D=0.5
0.226244343891403 0.226244343891403 0.00339366515837104 0.00339366515837104 0.00339366515837104 0.00339366515837104 0.00339366515837104 0.164027149321267 0.00339366515837104 0.105203619909502 0.00339366515837104 0.00339366515837104 0.0203619909502262 0.00339366515837104 0.108597285067873 0.00339366515837104 0.108597285067873 0.00339366515837104 0.00339366515837104; % d D=0.5
0.00339366515837104 0.00339366515837104 0.000565610859728507 0.000565610859728507 0.000565610859728507 0.000565610859728507 0.000565610859728507 0.00282805429864253 0.000565610859728507 0.00282805429864253 0.971153846153846 0.000565610859728507 0.00339366515837104 0.000565610859728507 0.00339366515837104 0.000565610859728507 0.00339366515837104 0.000565610859728507 0.000565610859728507; % g D=0.5
0.167420814479638 0.0203619909502262 0.00339366515837104 0.00339366515837104 0.00339366515837104 0.00339366515837104 0.00339366515837104 0.0463800904977376 0.00339366515837104 0.105203619909502 0.00339366515837104 0.00339366515837104 0.402714932126697 0.00339366515837104 0.108597285067873 0.00339366515837104 0.108597285067873 0.00339366515837104 0.00339366515837104; % k D=0.5
0.00339366515837104 0.00339366515837104 0.000565610859728507 0.000565610859728507 0.000565610859728507 0.000565610859728507 0.000565610859728507 0.00282805429864253 0.971153846153846 0.00282805429864253 0.000565610859728507 0.000565610859728507 0.00339366515837104 0.000565610859728507 0.00339366515837104 0.000565610859728507 0.00339366515837104 0.000565610859728507 0.000565610859728507; % l D=0.5
0.285067873303167 0.0497737556561086 0.00339366515837104 0.00339366515837104 0.00339366515837104 0.00339366515837104 0.00339366515837104 0.0169683257918552 0.00339366515837104 0.340497737556561 0.00339366515837104 0.00339366515837104 0.108597285067873 0.00339366515837104 0.0497737556561086 0.00339366515837104 0.108597285067873 0.00339366515837104 0.00339366515837104; % p D=0.5
0.00360576923076923 0.00360576923076923 0.969350961538462 0.000600961538461538 0.000600961538461538 0.000600961538461538 0.000600961538461538 0.00300480769230769 0.000600961538461538 0.00300480769230769 0.000600961538461538 0.000600961538461538 0.00360576923076923 0.000600961538461538 0.00360576923076923 0.000600961538461538 0.00360576923076923 0.000600961538461538 0.000600961538461538; % t D=0.5
0.174278846153846 0.111778846153846 0.00300480769230769 0.00300480769230769 0.00300480769230769 0.00300480769230769 0.00300480769230769 0.296274038461538 0.00300480769230769 0.0150240384615385 0.00300480769230769 0.00300480769230769 0.111778846153846 0.00300480769230769 0.236778846153846 0.00300480769230769 0.0180288461538462 0.00300480769230769 0.00300480769230769; % v D=0.5
0.00339366515837104 0.00339366515837104 0.000565610859728507 0.000565610859728507 0.000565610859728507 0.000565610859728507 0.000565610859728507 0.00282805429864253 0.000565610859728507 0.00282805429864253 0.000565610859728507 0.000565610859728507 0.00339366515837104 0.971153846153846 0.00339366515837104 0.000565610859728507 0.00339366515837104 0.000565610859728507 0.000565610859728507; % z D=0.5
0.0166153846153846 0.152615384615385 0.00276923076923077 0.00276923076923077 0.00276923076923077 0.00276923076923077 0.00276923076923077 0.189846153846154 0.00276923076923077 0.189846153846154 0.00276923076923077 0.00276923076923077 0.0726153846153846 0.00276923076923077 0.152615384615385 0.00276923076923077 0.192615384615385 0.00276923076923077 0.00276923076923077; % $ D=0.6
0.00407239819004525 0.00407239819004525 0.000678733031674208 0.000678733031674208 0.000678733031674208 0.000678733031674208 0.000678733031674208 0.00339366515837104 0.000678733031674208 0.00339366515837104 0.000678733031674208 0.000678733031674208 0.00407239819004525 0.000678733031674208 0.00407239819004525 0.000678733031674208 0.00407239819004525 0.000678733031674208 0.965384615384615; % B D=0.6
0.00432692307692308 0.00432692307692308 0.000721153846153846 0.000721153846153846 0.000721153846153846 0.000721153846153846 0.963221153846154 0.00360576923076923 0.000721153846153846 0.00360576923076923 0.000721153846153846 0.000721153846153846 0.00432692307692308 0.000721153846153846 0.00432692307692308 0.000721153846153846 0.00432692307692308 0.000721153846153846 0.000721153846153846; % D D=0.6
0.00407239819004525 0.00407239819004525 0.000678733031674208 0.000678733031674208 0.000678733031674208 0.965384615384615 0.000678733031674208 0.00339366515837104 0.000678733031674208 0.00339366515837104 0.000678733031674208 0.000678733031674208 0.00407239819004525 0.000678733031674208 0.00407239819004525 0.000678733031674208 0.00407239819004525 0.000678733031674208 0.000678733031674208; % G D=0.6
0.171634615384615 0.109134615384615 0.00360576923076923 0.00360576923076923 0.00360576923076923 0.00360576923076923 0.00360576923076923 0.0180288461538462 0.00360576923076923 0.0180288461538462 0.00360576923076923 0.00360576923076923 0.171634615384615 0.00360576923076923 0.234134615384615 0.00360576923076923 0.234134615384615 0.00360576923076923 0.00360576923076923; % K D=0.6
0.00407239819004525 0.00407239819004525 0.000678733031674208 0.000678733031674208 0.000678733031674208 0.000678733031674208 0.000678733031674208 0.00339366515837104 0.000678733031674208 0.00339366515837104 0.000678733031674208 0.000678733031674208 0.00407239819004525 0.000678733031674208 0.00407239819004525 0.965384615384615 0.00407239819004525 0.000678733031674208 0.000678733031674208; % L D=0.6
