syllables = '$BDGKLPTVZbdgklptvz';
discounts = [0.1 0.2 0.3 0.4 0.5 0.6 0.7 0.8 0.9 0.95];
kn_probs = [0.000290909090909091 4.84848484848485e-05 4.84848484848485e-05 0.173179797979798 0.15540202020202 0.182068686868687 4.84848484848485e-05 4.84848484848485e-05 4.84848484848485e-05 4.84848484848485e-05 4.84848484848485e-05 4.84848484848485e-05 0.204339393939394 4.84848484848485e-05 4.84848484848485e-05 0.146513131313131 0.137624242424242 4.84848484848485e-05 4.84848484848485e-05; % $ D=0.1
0.33310303030303 7.27272727272727e-05 7.27272727272727e-05 0.079769696969697 0.179769696969697 0.146436363636364 7.27272727272727e-05 7.27272727272727e-05 7.27272727272727e-05 7.27272727272727e-05 7.27272727272727e-05 7.27272727272727e-05 0.119842424242424 7.27272727272727e-05 7.27272727272727e-05 0.139769696969697 0.000436363636363636 7.27272727272727e-05 7.27272727272727e-05; % B D=0.1
0.23310303030303 7.27272727272727e-05 7.27272727272727e-05 0.17310303030303 0.000436363636363636 0.159769696969697 7.27272727272727e-05 7.27272727272727e-05 7.27272727272727e-05 7.27272727272727e-05 7.27272727272727e-05 7.27272727272727e-05 0.153175757575758 7.27272727272727e-05 7.27272727272727e-05 0.106436363636364 0.17310303030303 7.27272727272727e-05 7.27272727272727e-05; % D D=0.1
7.27272727272727e-05 1.21212121212121e-05 1.21212121212121e-05 7.27272727272727e-05 7.27272727272727e-05 7.27272727272727e-05 1.21212121212121e-05 1.21212121212121e-05 1.21212121212121e-05 1.21212121212121e-05 1.21212121212121e-05 1.21212121212121e-05 8.48484848484849e-05 0.999345454545455 1.21212121212121e-05 7.27272727272727e-05 7.27272727272727e-05 1.21212121212121e-05 1.21212121212121e-05; % G D=0.1
7.27272727272727e-05 1.21212121212121e-05 1.21212121212121e-05 7.27272727272727e-05 7.27272727272727e-05 7.27272727272727e-05 1.21212121212121e-05 1.21212121212121e-05 1.21212121212121e-05 1.21212121212121e-05 1.21212121212121e-05 1.21212121212121e-05 8.48484848484849e-05 1.21212121212121e-05 0.999345454545455 7.27272727272727e-05 7.27272727272727e-05 1.21212121212121e-05 1.21212121212121e-05; % K D=0.1
7.27272727272727e-05 1.21212121212121e-05 1.21212121212121e-05 7.27272727272727e-05 7.27272727272727e-05 7.27272727272727e-05 0.999345454545455 1.21212121212121e-05 1.21212121212121e-05 1.21212121212121e-05 1.21212121212121e-05 1.21212121212121e-05 8.48484848484849e-05 1.21212121212121e-05 1.21212121212121e-05 7.27272727272727e-05 7.27272727272727e-05 1.21212121212121e-05 1.21212121212121e-05; % L D=0.1
7.27272727272727e-05 1.21212121212121e-05 1.21212121212121e-05 7.27272727272727e-05 7.27272727272727e-05 7.27272727272727e-05 1.21212121212121e-05 1.21212121212121e-05 1.21212121212121e-05 1.21212121212121e-05 1.21212121212121e-05 0.999345454545455 8.48484848484849e-05 1.21212121212121e-05 1.21212121212121e-05 7.27272727272727e-05 7.27272727272727e-05 1.21212121212121e-05 1.21212121212121e-05; % P D=0.1
7.27272727272727e-05 1.21212121212121e-05 1.21212121212121e-05 7.27272727272727e-05 7.27272727272727e-05 7.27272727272727e-05 1.21212121212121e-05 1.21212121212121e-05 1.21212121212121e-05 1.21212121212121e-05 0.999345454545455 1.21212121212121e-05 8.48484848484849e-05 1.21212121212121e-05 1.21212121212121e-05 7.27272727272727e-05 7.27272727272727e-05 1.21212121212121e-05 1.21212121212121e-05; % T D=0.1
0.153175757575758 8.48484848484849e-05 8.48484848484849e-05 0.159842424242424 0.159842424242424 0.186509090909091 8.48484848484849e-05 8.48484848484849e-05 8.48484848484849e-05 8.48484848484849e-05 8.48484848484849e-05 8.48484848484849e-05 0.0132606060606061 8.48484848484849e-05 8.48484848484849e-05 0.186509090909091 0.139842424242424 8.48484848484849e-05 8.48484848484849e-05; % V D=0.1
0.246436363636364 7.27272727272727e-05 7.27272727272727e-05 0.166436363636364 0.179769696969697 0.11310303030303 7.27272727272727e-05 7.27272727272727e-05 7.27272727272727e-05 7.27272727272727e-05 7.27272727272727e-05 7.27272727272727e-05 0.193175757575758 7.27272727272727e-05 7.27272727272727e-05 0.000436363636363636 0.099769696969697 7.27272727272727e-05 7.27272727272727e-05; % Z D=0.1
7.27272727272727e-05 1.21212121212121e-05 1.21212121212121e-05 7.27272727272727e-05 7.27272727272727e-05 7.27272727272727e-05 1.21212121212121e-05 1.21212121212121e-05 1.21212121212121e-05 0.999345454545455 1.21212121212121e-05 1.21212121212121e-05 8.48484848484849e-05 1.21212121212121e-05 1.21212121212121e-05 7.27272727272727e-05 7.27272727272727e-05 1.21212121212121e-05 1.21212121212121e-05; % b D=0.1
0.239769696969697 7.27272727272727e-05 7.27272727272727e-05 0.159769696969697 0.106436363636364 0.000436363636363636 7.27272727272727e-05 7.27272727272727e-05 7.27272727272727e-05 7.27272727272727e-05 7.27272727272727e-05 7.27272727272727e-05 0.119842424242424 7.27272727272727e-05 7.27272727272727e-05 0.19310303030303 0.179769696969697 7.27272727272727e-05 7.27272727272727e-05; % d D=0.1
7.27272727272727e-05 1.21212121212121e-05 1.21212121212121e-05 7.27272727272727e-05 7.27272727272727e-05 7.27272727272727e-05 1.21212121212121e-05 1.21212121212121e-05 0.999345454545455 1.21212121212121e-05 1.21212121212121e-05 1.21212121212121e-05 8.48484848484849e-05 1.21212121212121e-05 1.21212121212121e-05 7.27272727272727e-05 7.27272727272727e-05 1.21212121212121e-05 1.21212121212121e-05; % g D=0.1
0.29310303030303 7.27272727272727e-05 7.27272727272727e-05 0.000436363636363636 0.139769696969697 0.119769696969697 7.27272727272727e-05 7.27272727272727e-05 7.27272727272727e-05 7.27272727272727e-05 7.27272727272727e-05 7.27272727272727e-05 0.0931757575757576 7.27272727272727e-05 7.27272727272727e-05 0.15310303030303 0.199769696969697 7.27272727272727e-05 7.27272727272727e-05; % k D=0.1
7.27272727272727e-05 1.21212121212121e-05 1.21212121212121e-05 7.27272727272727e-05 7.27272727272727e-05 7.27272727272727e-05 1.21212121212121e-05 1.21212121212121e-05 1.21212121212121e-05 1.21212121212121e-05 1.21212121212121e-05 1.21212121212121e-05 8.48484848484849e-05 1.21212121212121e-05 1.21212121212121e-05 7.27272727272727e-05 7.27272727272727e-05 1.21212121212121e-05 0.999345454545455; % l D=0.1
7.27272727272727e-05 1.21212121212121e-05 1.21212121212121e-05 7.27272727272727e-05 7.27272727272727e-05 7.27272727272727e-05 1.21212121212121e-05 0.999345454545455 1.21212121212121e-05 1.21212121212121e-05 1.21212121212121e-05 1.21212121212121e-05 8.48484848484849e-05 1.21212121212121e-05 1.21212121212121e-05 7.27272727272727e-05 7.27272727272727e-05 1.21212121212121e-05 1.21212121212121e-05; % p D=0.1
7.27272727272727e-05 1.21212121212121e-05 1.21212121212121e-05 7.27272727272727e-05 7.27272727272727e-05 7.27272727272727e-05 1.21212121212121e-05 1.21212121212121e-05 1.21212121212121e-05 1.21212121212121e-05 1.21212121212121e-05 1.21212121212121e-05 8.48484848484849e-05 1.21212121212121e-05 1.21212121212121e-05 7.27272727272727e-05 7.27272727272727e-05 0.999345454545455 1.21212121212121e-05; % t D=0.1
7.27272727272727e-05 0.999345454545455 1.21212121212121e-05 7.27272727272727e-05 7.27272727272727e-05 7.27272727272727e-05 1.21212121212121e-05 1.21212121212121e-05 1.21212121212121e-05 1.21212121212121e-05 1.21212121212121e-05 1.21212121212121e-05 8.48484848484849e-05 1.21212121212121e-05 1.21212121212121e-05 7.27272727272727e-05 7.27272727272727e-05 1.21212121212121e-05 1.21212121212121e-05; % v D=0.1
7.27272727272727e-05 1.21212121212121e-05 0.999345454545455 7.27272727272727e-05 7.27272727272727e-05 7.27272727272727e-05 1.21212121212121e-05 1.21212121212121e-05 1.21212121212121e-05 1.21212121212121e-05 1.21212121212121e-05 1.21212121212121e-05 8.48484848484849e-05 1.21212121212121e-05 1.21212121212121e-05 7.27272727272727e-05 7.27272727272727e-05 1.21212121212121e-05 1.21212121212121e-05; % z D=0.1
0.000581818181818182 9.6969696969697e-05 9.6969696969697e-05 0.173026262626263 0.155248484848485 0.181915151515152 9.6969696969697e-05 9.6969696969697e-05 9.6969696969697e-05 9.6969696969697e-05 9.6969696969697e-05 9.6969696969697e-05 0.204234343434343 9.6969696969697e-05 9.6969696969697e-05 0.146359595959596 0.137470707070707 9.6969696969697e-05 9.6969696969697e-05; % $ D=0.2
0.332872727272727 0.000145454545454545 0.000145454545454545 0.079539393939394 0.179539393939394 0.146206060606061 0.000145454545454545 0.000145454545454545 0.000145454545454545 0.000145454545454545 0.000145454545454545 0.000145454545454545 0.119684848484848 0.000145454545454545 0.000145454545454545 0.139539393939394 0.000872727272727273 0.000145454545454545 0.000145454545454545; % B D=0.2
0.232872727272727 0.000145454545454545 0.000145454545454545 0.172872727272727 0.000872727272727273 0.159539393939394 0.000145454545454545 0.000145454545454545 0.000145454545454545 0.000145454545454545 0.000145454545454545 0.000145454545454545 0.153018181818182 0.000145454545454545 0.000145454545454545 0.106206060606061 0.172872727272727 0.000145454545454545 0.000145454545454545; % D D=0.2
0.000145454545454545 2.42424242424242e-05 2.42424242424242e-05 0.000145454545454545 0.000145454545454545 0.000145454545454545 2.42424242424242e-05 2.42424242424242e-05 2.42424242424242e-05 2.42424242424242e-05 2.42424242424242e-05 2.42424242424242e-05 0.00016969696969697 0.998690909090909 2.42424242424242e-05 0.000145454545454545 0.000145454545454545 2.42424242424242e-05 2.42424242424242e-05; % G D=0.2
0.000145454545454545 2.42424242424242e-05 2.42424242424242e-05 0.000145454545454545 0.000145454545454545 0.000145454545454545 2.42424242424242e-05 2.42424242424242e-05 2.42424242424242e-05 2.42424242424242e-05 2.42424242424242e-05 2.42424242424242e-05 0.00016969696969697 2.42424242424242e-05 0.998690909090909 0.000145454545454545 0.000145454545454545 2.42424242424242e-05 2.42424242424242e-05; % K D=0.2
0.000145454545454545 2.42424242424242e-05 2.42424242424242e-05 0.000145454545454545 0.000145454545454545 0.000145454545454545 0.998690909090909 2.42424242424242e-05 2.42424242424242e-05 2.42424242424242e-05 2.42424242424242e-05 2.42424242424242e-05 0.00016969696969697 2.42424242424242e-05 2.42424242424242e-05 0.000145454545454545 0.000145454545454545 2.42424242424242e-05 2.42424242424242e-05; % L D=0.2
0.000145454545454545 2.42424242424242e-05 2.42424242424242e-05 0.000145454545454545 0.000145454545454545 0.000145454545454545 2.42424242424242e-05 2.42424242424242e-05 2.42424242424242e-05 2.42424242424242e-05 2.42424242424242e-05 0.998690909090909 0.00016969696969697 2.42424242424242e-05 2.42424242424242e-05 0.000145454545454545 0.000145454545454545 2.42424242424242e-05 2.42424242424242e-05; % P D=0.2
0.000145454545454545 2.42424242424242e-05 2.42424242424242e-05 0.000145454545454545 0.000145454545454545 0.000145454545454545 2.42424242424242e-05 2.42424242424242e-05 2.42424242424242e-05 2.42424242424242e-05 0.998690909090909 2.42424242424242e-05 0.00016969696969697 2.42424242424242e-05 2.42424242424242e-05 0.000145454545454545 0.000145454545454545 2.42424242424242e-05 2.42424242424242e-05; % T D=0.2
0.153018181818182 0.00016969696969697 0.00016969696969697 0.159684848484848 0.159684848484848 0.186351515151515 0.00016969696969697 0.00016969696969697 0.00016969696969697 0.00016969696969697 0.00016969696969697 0.00016969696969697 0.0131878787878788 0.00016969696969697 0.00016969696969697 0.186351515151515 0.139684848484848 0.00016969696969697 0.00016969696969697; % V D=0.2
0.246206060606061 0.000145454545454545 0.000145454545454545 0.166206060606061 0.179539393939394 0.112872727272727 0.000145454545454545 0.000145454545454545 0.000145454545454545 0.000145454545454545 0.000145454545454545 0.000145454545454545 0.193018181818182 0.000145454545454545 0.000145454545454545 0.000872727272727273 0.0995393939393939 0.000145454545454545 0.000145454545454545; % Z D=0.2
0.000145454545454545 2.42424242424242e-05 2.42424242424242e-05 0.000145454545454545 0.000145454545454545 0.000145454545454545 2.42424242424242e-05 2.42424242424242e-05 2.42424242424242e-05 0.998690909090909 2.42424242424242e-05 2.42424242424242e-05 0.00016969696969697 2.42424242424242e-05 2.42424242424242e-05 0.000145454545454545 0.000145454545454545 2.42424242424242e-05 2.42424242424242e-05; % b D=0.2
0.239539393939394 0.000145454545454545 0.000145454545454545 0.159539393939394 0.106206060606061 0.000872727272727273 0.000145454545454545 0.000145454545454545 0.000145454545454545 0.000145454545454545 0.000145454545454545 0.000145454545454545 0.119684848484848 0.000145454545454545 0.000145454545454545 0.192872727272727 0.179539393939394 0.000145454545454545 0.000145454545454545; % d D=0.2
0.000145454545454545 2.42424242424242e-05 2.42424242424242e-05 0.000145454545454545 0.000145454545454545 0.000145454545454545 2.42424242424242e-05 2.42424242424242e-05 0.998690909090909 2.42424242424242e-05 2.42424242424242e-05 2.42424242424242e-05 0.00016969696969697 2.42424242424242e-05 2.42424242424242e-05 0.000145454545454545 0.000145454545454545 2.42424242424242e-05 2.42424242424242e-05; % g D=0.2
0.292872727272727 0.000145454545454545 0.000145454545454545 0.000872727272727273 0.139539393939394 0.119539393939394 0.000145454545454545 0.000145454545454545 0.000145454545454545 0.000145454545454545 0.000145454545454545 0.000145454545454545 0.0930181818181818 0.000145454545454545 0.000145454545454545 0.152872727272727 0.199539393939394 0.000145454545454545 0.000145454545454545; % k D=0.2
0.000145454545454545 2.42424242424242e-05 2.42424242424242e-05 0.000145454545454545 0.000145454545454545 0.000145454545454545 2.42424242424242e-05 2.42424242424242e-05 2.42424242424242e-05 2.42424242424242e-05 2.42424242424242e-05 2.42424242424242e-05 0.00016969696969697 2.42424242424242e-05 2.42424242424242e-05 0.000145454545454545 0.000145454545454545 2.42424242424242e-05 0.998690909090909; % l D=0.2
0.000145454545454545 2.42424242424242e-05 2.42424242424242e-05 0.000145454545454545 0.000145454545454545 0.000145454545454545 2.42424242424242e-05 0.998690909090909 2.42424242424242e-05 2.42424242424242e-05 2.42424242424242e-05 2.42424242424242e-05 0.00016969696969697 2.42424242424242e-05 2.42424242424242e-05 0.000145454545454545 0.000145454545454545 2.42424242424242e-05 2.42424242424242e-05; % p D=0.2
0.000145454545454545 2.42424242424242e-05 2.42424242424242e-05 0.000145454545454545 0.000145454545454545 0.000145454545454545 2.42424242424242e-05 2.42424242424242e-05 2.42424242424242e-05 2.42424242424242e-05 2.42424242424242e-05 2.42424242424242e-05 0.00016969696969697 2.42424242424242e-05 2.42424242424242e-05 0.000145454545454545 0.000145454545454545 0.998690909090909 2.42424242424242e-05; % t D=0.2
0.000145454545454545 0.998690909090909 2.42424242424242e-05 0.000145454545454545 0.000145454545454545 0.000145454545454545 2.42424242424242e-05 2.42424242424242e-05 2.42424242424242e-05 2.42424242424242e-05 2.42424242424242e-05 2.42424242424242e-05 0.00016969696969697 2.42424242424242e-05 2.42424242424242e-05 0.000145454545454545 0.000145454545454545 2.42424242424242e-05 2.42424242424242e-05; % v D=0.2
0.000145454545454545 2.42424242424242e-05 0.998690909090909 0.000145454545454545 0.000145454545454545 0.000145454545454545 2.42424242424242e-05 2.42424242424242e-05 2.42424242424242e-05 2.42424242424242e-05 2.42424242424242e-05 2.42424242424242e-05 0.00016969696969697 2.42424242424242e-05 2.42424242424242e-05 0.000145454545454545 0.000145454545454545 2.42424242424242e-05 2.42424242424242e-05; % z D=0.2
0.000872727272727273 0.000145454545454545 0.000145454545454545 0.172872727272727 0.15509494949495 0.181761616161616 0.000145454545454545 0.000145454545454545 0.000145454545454545 0.000145454545454545 0.000145454545454545 0.000145454545454545 0.204129292929293 0.000145454545454545 0.000145454545454545 0.146206060606061 0.137317171717172 0.000145454545454545 0.000145454545454545; % $ D=0.3
0.332642424242424 0.000218181818181818 0.000218181818181818 0.0793090909090909 0.179309090909091 0.145975757575758 0.000218181818181818 0.000218181818181818 0.000218181818181818 0.000218181818181818 0.000218181818181818 0.000218181818181818 0.119527272727273 0.000218181818181818 0.000218181818181818 0.139309090909091 0.00130909090909091 0.000218181818181818 0.000218181818181818; % B D=0.3
0.232642424242424 0.000218181818181818 0.000218181818181818 0.172642424242424 0.00130909090909091 0.159309090909091 0.000218181818181818 0.000218181818181818 0.000218181818181818 0.000218181818181818 0.000218181818181818 0.000218181818181818 0.152860606060606 0.000218181818181818 0.000218181818181818 0.105975757575758 0.172642424242424 0.000218181818181818 0.000218181818181818; % D D=0.3
0.000218181818181818 3.63636363636364e-05 3.63636363636364e-05 0.000218181818181818 0.000218181818181818 0.000218181818181818 3.63636363636364e-05 3.63636363636364e-05 3.63636363636364e-05 3.63636363636364e-05 3.63636363636364e-05 3.63636363636364e-05 0.000254545454545455 0.998036363636363 3.63636363636364e-05 0.000218181818181818 0.000218181818181818 3.63636363636364e-05 3.63636363636364e-05; % G D=0.3
0.000218181818181818 3.63636363636364e-05 3.63636363636364e-05 0.000218181818181818 0.000218181818181818 0.000218181818181818 3.63636363636364e-05 3.63636363636364e-05 3.63636363636364e-05 3.63636363636364e-05 3.63636363636364e-05 3.63636363636364e-05 0.000254545454545455 3.63636363636364e-05 0.998036363636363 0.000218181818181818 0.000218181818181818 3.63636363636364e-05 3.63636363636364e-05; % K D=0.3
0.000218181818181818 3.63636363636364e-05 3.63636363636364e-05 0.000218181818181818 0.000218181818181818 0.000218181818181818 0.998036363636363 3.63636363636364e-05 3.63636363636364e-05 3.63636363636364e-05 3.63636363636364e-05 3.63636363636364e-05 0.000254545454545455 3.63636363636364e-05 3.63636363636364e-05 0.000218181818181818 0.000218181818181818 3.63636363636364e-05 3.63636363636364e-05; % L D=0.3
0.000218181818181818 3.63636363636364e-05 3.63636363636364e-05 0.000218181818181818 0.000218181818181818 0.000218181818181818 3.63636363636364e-05 3.63636363636364e-05 3.63636363636364e-05 3.63636363636364e-05 3.63636363636364e-05 0.998036363636363 0.000254545454545455 3.63636363636364e-05 3.63636363636364e-05 0.000218181818181818 0.000218181818181818 3.63636363636364e-05 3.63636363636364e-05; % P D=0.3
0.000218181818181818 3.63636363636364e-05 3.63636363636364e-05 0.000218181818181818 0.000218181818181818 0.000218181818181818 3.63636363636364e-05 3.63636363636364e-05 3.63636363636364e-05 3.63636363636364e-05 0.998036363636363 3.63636363636364e-05 0.000254545454545455 3.63636363636364e-05 3.63636363636364e-05 0.000218181818181818 0.000218181818181818 3.63636363636364e-05 3.63636363636364e-05; % T D=0.3
0.152860606060606 0.000254545454545455 0.000254545454545455 0.159527272727273 0.159527272727273 0.186193939393939 0.000254545454545455 0.000254545454545455 0.000254545454545455 0.000254545454545455 0.000254545454545455 0.000254545454545455 0.0131151515151515 0.000254545454545455 0.000254545454545455 0.186193939393939 0.139527272727273 0.000254545454545455 0.000254545454545455; % V D=0.3
0.245975757575758 0.000218181818181818 0.000218181818181818 0.165975757575758 0.179309090909091 0.112642424242424 0.000218181818181818 0.000218181818181818 0.000218181818181818 0.000218181818181818 0.000218181818181818 0.000218181818181818 0.192860606060606 0.000218181818181818 0.000218181818181818 0.00130909090909091 0.0993090909090909 0.000218181818181818 0.000218181818181818; % Z D=0.3
0.000218181818181818 3.63636363636364e-05 3.63636363636364e-05 0.000218181818181818 0.000218181818181818 0.000218181818181818 3.63636363636364e-05 3.63636363636364e-05 3.63636363636364e-05 0.998036363636363 3.63636363636364e-05 3.63636363636364e-05 0.000254545454545455 3.63636363636364e-05 3.63636363636364e-05 0.000218181818181818 0.000218181818181818 3.63636363636364e-05 3.63636363636364e-05; % b D=0.3
0.239309090909091 0.000218181818181818 0.000218181818181818 0.159309090909091 0.105975757575758 0.00130909090909091 0.000218181818181818 0.000218181818181818 0.000218181818181818 0.000218181818181818 0.000218181818181818 0.000218181818181818 0.119527272727273 0.000218181818181818 0.000218181818181818 0.192642424242424 0.179309090909091 0.000218181818181818 0.000218181818181818; % d D=0.3
0.000218181818181818 3.63636363636364e-05 3.63636363636364e-05 0.000218181818181818 0.000218181818181818 0.000218181818181818 3.63636363636364e-05 3.63636363636364e-05 0.998036363636363 3.63636363636364e-05 3.63636363636364e-05 3.63636363636364e-05 0.000254545454545455 3.63636363636364e-05 3.63636363636364e-05 0.000218181818181818 0.000218181818181818 3.63636363636364e-05 3.63636363636364e-05; % g D=0.3
0.292642424242424 0.000218181818181818 0.000218181818181818 0.00130909090909091 0.139309090909091 0.119309090909091 0.000218181818181818 0.000218181818181818 0.000218181818181818 0.000218181818181818 0.000218181818181818 0.000218181818181818 0.092860606060606 0.000218181818181818 0.000218181818181818 0.152642424242424 0.199309090909091 0.000218181818181818 0.000218181818181818; % k D=0.3
0.000218181818181818 3.63636363636364e-05 3.63636363636364e-05 0.000218181818181818 0.000218181818181818 0.000218181818181818 3.63636363636364e-05 3.63636363636364e-05 3.63636363636364e-05 3.63636363636364e-05 3.63636363636364e-05 3.63636363636364e-05 0.000254545454545455 3.63636363636364e-05 3.63636363636364e-05 0.000218181818181818 0.000218181818181818 3.63636363636364e-05 0.998036363636363; % l D=0.3
0.000218181818181818 3.63636363636364e-05 3.63636363636364e-05 0.000218181818181818 0.000218181818181818 0.000218181818181818 3.63636363636364e-05 0.998036363636363 3.63636363636364e-05 3.63636363636364e-05 3.63636363636364e-05 3.63636363636364e-05 0.000254545454545455 3.63636363636364e-05 3.63636363636364e-05 0.000218181818181818 0.000218181818181818 3.63636363636364e-05 3.63636363636364e-05; % p D=0.3
0.000218181818181818 3.63636363636364e-05 3.63636363636364e-05 0.000218181818181818 0.000218181818181818 0.000218181818181818 3.63636363636364e-05 3.63636363636364e-05 3.63636363636364e-05 3.63636363636364e-05 3.63636363636364e-05 3.63636363636364e-05 0.000254545454545455 3.63636363636364e-05 3.63636363636364e-05 0.000218181818181818 0.000218181818181818 0.998036363636363 3.63636363636364e-05; % t D=0.3
0.000218181818181818 0.998036363636363 3.63636363636364e-05 0.000218181818181818 0.000218181818181818 0.000218181818181818 3.63636363636364e-05 3.63636363636364e-05 3.63636363636364e-05 3.63636363636364e-05 3.63636363636364e-05 3.63636363636364e-05 0.000254545454545455 3.63636363636364e-05 3.63636363636364e-05 0.000218181818181818 0.000218181818181818 3.63636363636364e-05 3.63636363636364e-05; % v D=0.3
0.000218181818181818 3.63636363636364e-05 0.998036363636363 0.000218181818181818 0.000218181818181818 0.000218181818181818 3.63636363636364e-05 3.63636363636364e-05 3.63636363636364e-05 3.63636363636364e-05 3.63636363636364e-05 3.63636363636364e-05 0.000254545454545455 3.63636363636364e-05 3.63636363636364e-05 0.000218181818181818 0.000218181818181818 3.63636363636364e-05 3.63636363636364e-05; % z D=0.3
0.00116363636363636 0.000193939393939394 0.000193939393939394 0.172719191919192 0.154941414141414 0.181608080808081 0.000193939393939394 0.000193939393939394 0.000193939393939394 0.000193939393939394 0.000193939393939394 0.000193939393939394 0.204024242424242 0.000193939393939394 0.000193939393939394 0.146052525252525 0.137163636363636 0.000193939393939394 0.000193939393939394; % $ D=0.4
0.332412121212121 0.000290909090909091 0.000290909090909091 0.0790787878787879 0.179078787878788 0.145745454545455 0.000290909090909091 0.000290909090909091 0.000290909090909091 0.000290909090909091 0.000290909090909091 0.000290909090909091 0.119369696969697 0.000290909090909091 0.000290909090909091 0.139078787878788 0.00174545454545455 0.000290909090909091 0.000290909090909091; % B D=0.4
0.232412121212121 0.000290909090909091 0.000290909090909091 0.172412121212121 0.00174545454545455 0.159078787878788 0.000290909090909091 0.000290909090909091 0.000290909090909091 0.000290909090909091 0.000290909090909091 0.000290909090909091 0.15270303030303 0.000290909090909091 0.000290909090909091 0.105745454545455 0.172412121212121 0.000290909090909091 0.000290909090909091; % D D=0.4
0.000290909090909091 4.84848484848485e-05 4.84848484848485e-05 0.000290909090909091 0.000290909090909091 0.000290909090909091 4.84848484848485e-05 4.84848484848485e-05 4.84848484848485e-05 4.84848484848485e-05 4.84848484848485e-05 4.84848484848485e-05 0.000339393939393939 0.997381818181818 4.84848484848485e-05 0.000290909090909091 0.000290909090909091 4.84848484848485e-05 4.84848484848485e-05; % G D=0.4
0.000290909090909091 4.84848484848485e-05 4.84848484848485e-05 0.000290909090909091 0.000290909090909091 0.000290909090909091 4.84848484848485e-05 4.84848484848485e-05 4.84848484848485e-05 4.84848484848485e-05 4.84848484848485e-05 4.84848484848485e-05 0.000339393939393939 4.84848484848485e-05 0.997381818181818 0.000290909090909091 0.000290909090909091 4.84848484848485e-05 4.84848484848485e-05; % K D=0.4
0.000290909090909091 4.84848484848485e-05 4.84848484848485e-05 0.000290909090909091 0.000290909090909091 0.000290909090909091 0.997381818181818 4.84848484848485e-05 4.84848484848485e-05 4.84848484848485e-05 4.84848484848485e-05 4.84848484848485e-05 0.000339393939393939 4.84848484848485e-05 4.84848484848485e-05 0.000290909090909091 0.000290909090909091 4.84848484848485e-05 4.84848484848485e-05; % L D=0.4
0.000290909090909091 4.84848484848485e-05 4.84848484848485e-05 0.000290909090909091 0.000290909090909091 0.000290909090909091 4.84848484848485e-05 4.84848484848485e-05 4.84848484848485e-05 4.84848484848485e-05 4.84848484848485e-05 0.997381818181818 0.000339393939393939 4.84848484848485e-05 4.84848484848485e-05 0.000290909090909091 0.000290909090909091 4.84848484848485e-05 4.84848484848485e-05; % P D=0.4
0.000290909090909091 4.84848484848485e-05 4.84848484848485e-05 0.000290909090909091 0.000290909090909091 0.000290909090909091 4.84848484848485e-05 4.84848484848485e-05 4.84848484848485e-05 4.84848484848485e-05 0.997381818181818 4.84848484848485e-05 0.000339393939393939 4.84848484848485e-05 4.84848484848485e-05 0.000290909090909091 0.000290909090909091 4.84848484848485e-05 4.84848484848485e-05; % T D=0.4
0.15270303030303 0.000339393939393939 0.000339393939393939 0.159369696969697 0.159369696969697 0.186036363636364 0.000339393939393939 0.000339393939393939 0.000339393939393939 0.000339393939393939 0.000339393939393939 0.000339393939393939 0.0130424242424242 0.000339393939393939 0.000339393939393939 0.186036363636364 0.139369696969697 0.000339393939393939 0.000339393939393939; % V D=0.4
0.245745454545455 0.000290909090909091 0.000290909090909091 0.165745454545455 0.179078787878788 0.112412121212121 0.000290909090909091 0.000290909090909091 0.000290909090909091 0.000290909090909091 0.000290909090909091 0.000290909090909091 0.19270303030303 0.000290909090909091 0.000290909090909091 0.00174545454545455 0.0990787878787879 0.000290909090909091 0.000290909090909091; % Z D=0.4
0.000290909090909091 4.84848484848485e-05 4.84848484848485e-05 0.000290909090909091 0.000290909090909091 0.000290909090909091 4.84848484848485e-05 4.84848484848485e-05 4.84848484848485e-05 0.997381818181818 4.84848484848485e-05 4.84848484848485e-05 0.000339393939393939 4.84848484848485e-05 4.84848484848485e-05 0.000290909090909091 0.000290909090909091 4.84848484848485e-05 4.84848484848485e-05; % b D=0.4
0.239078787878788 0.000290909090909091 0.000290909090909091 0.159078787878788 0.105745454545455 0.00174545454545455 0.000290909090909091 0.000290909090909091 0.000290909090909091 0.000290909090909091 0.000290909090909091 0.000290909090909091 0.119369696969697 0.000290909090909091 0.000290909090909091 0.192412121212121 0.179078787878788 0.000290909090909091 0.000290909090909091; % d D=0.4
0.000290909090909091 4.84848484848485e-05 4.84848484848485e-05 0.000290909090909091 0.000290909090909091 0.000290909090909091 4.84848484848485e-05 4.84848484848485e-05 0.997381818181818 4.84848484848485e-05 4.84848484848485e-05 4.84848484848485e-05 0.000339393939393939 4.84848484848485e-05 4.84848484848485e-05 0.000290909090909091 0.000290909090909091 4.84848484848485e-05 4.84848484848485e-05; % g D=0.4
0.292412121212121 0.000290909090909091 0.000290909090909091 0.00174545454545455 0.139078787878788 0.119078787878788 0.000290909090909091 0.000290909090909091 0.000290909090909091 0.000290909090909091 0.000290909090909091 0.000290909090909091 0.0927030303030303 0.000290909090909091 0.000290909090909091 0.152412121212121 0.199078787878788 0.000290909090909091 0.000290909090909091; % k D=0.4
0.000290909090909091 4.84848484848485e-05 4.84848484848485e-05 0.000290909090909091 0.000290909090909091 0.000290909090909091 4.84848484848485e-05 4.84848484848485e-05 4.84848484848485e-05 4.84848484848485e-05 4.84848484848485e-05 4.84848484848485e-05 0.000339393939393939 4.84848484848485e-05 4.84848484848485e-05 0.000290909090909091 0.000290909090909091 4.84848484848485e-05 0.997381818181818; % l D=0.4
0.000290909090909091 4.84848484848485e-05 4.84848484848485e-05 0.000290909090909091 0.000290909090909091 0.000290909090909091 4.84848484848485e-05 0.997381818181818 4.84848484848485e-05 4.84848484848485e-05 4.84848484848485e-05 4.84848484848485e-05 0.000339393939393939 4.84848484848485e-05 4.84848484848485e-05 0.000290909090909091 0.000290909090909091 4.84848484848485e-05 4.84848484848485e-05; % p D=0.4
0.000290909090909091 4.84848484848485e-05 4.84848484848485e-05 0.000290909090909091 0.000290909090909091 0.000290909090909091 4.84848484848485e-05 4.84848484848485e-05 4.84848484848485e-05 4.84848484848485e-05 4.84848484848485e-05 4.84848484848485e-05 0.000339393939393939 4.84848484848485e-05 4.84848484848485e-05 0.000290909090909091 0.000290909090909091 0.997381818181818 4.84848484848485e-05; % t D=0.4
0.000290909090909091 0.997381818181818 4.84848484848485e-05 0.000290909090909091 0.000290909090909091 0.000290909090909091 4.84848484848485e-05 4.84848484848485e-05 4.84848484848485e-05 4.84848484848485e-05 4.84848484848485e-05 4.84848484848485e-05 0.000339393939393939 4.84848484848485e-05 4.84848484848485e-05 0.000290909090909091 0.000290909090909091 4.84848484848485e-05 4.84848484848485e-05; % v D=0.4
0.000290909090909091 4.84848484848485e-05 0.997381818181818 0.000290909090909091 0.000290909090909091 0.000290909090909091 4.84848484848485e-05 4.84848484848485e-05 4.84848484848485e-05 4.84848484848485e-05 4.84848484848485e-05 4.84848484848485e-05 0.000339393939393939 4.84848484848485e-05 4.84848484848485e-05 0.000290909090909091 0.000290909090909091 4.84848484848485e-05 4.84848484848485e-05; % z D=0.4
0.00145454545454545 0.000242424242424242 0.000242424242424242 0.172565656565657 0.154787878787879 0.181454545454545 0.000242424242424242 0.000242424242424242 0.000242424242424242 0.000242424242424242 0.000242424242424242 0.000242424242424242 0.203919191919192 0.000242424242424242 0.000242424242424242 0.14589898989899 0.137010101010101 0.000242424242424242 0.000242424242424242; % $ D=0.5
0.332181818181818 0.000363636363636364 0.000363636363636364 0.0788484848484848 0.178848484848485 0.145515151515152 0.000363636363636364 0.000363636363636364 0.000363636363636364 0.000363636363636364 0.000363636363636364 0.000363636363636364 0.119212121212121 0.000363636363636364 0.000363636363636364 0.138848484848485 0.00218181818181818 0.000363636363636364 0.000363636363636364; % B D=0.5
0.232181818181818 0.000363636363636364 0.000363636363636364 0.172181818181818 0.00218181818181818 0.158848484848485 0.000363636363636364 0.000363636363636364 0.000363636363636364 0.000363636363636364 0.000363636363636364 0.000363636363636364 0.152545454545455 0.000363636363636364 0.000363636363636364 0.105515151515152 0.172181818181818 0.000363636363636364 0.000363636363636364; % D D=0.5
0.000363636363636364 6.06060606060606e-05 6.06060606060606e-05 0.000363636363636364 0.000363636363636364 0.000363636363636364 6.06060606060606e-05 6.06060606060606e-05 6.06060606060606e-05 6.06060606060606e-05 6.06060606060606e-05 6.06060606060606e-05 0.000424242424242424 0.996727272727273 6.06060606060606e-05 0.000363636363636364 0.000363636363636364 6.06060606060606e-05 6.06060606060606e-05; % G D=0.5
0.000363636363636364 6.06060606060606e-05 6.06060606060606e-05 0.000363636363636364 0.000363636363636364 0.000363636363636364 6.06060606060606e-05 6.06060606060606e-05 6.06060606060606e-05 6.06060606060606e-05 6.06060606060606e-05 6.06060606060606e-05 0.000424242424242424 6.06060606060606e-05 0.996727272727273 0.000363636363636364 0.000363636363636364 6.06060606060606e-05 6.06060606060606e-05; % K D=0.5
0.000363636363636364 6.06060606060606e-05 6.06060606060606e-05 0.000363636363636364 0.000363636363636364 0.000363636363636364 0.996727272727273 6.06060606060606e-05 6.06060606060606e-05 6.06060606060606e-05 6.06060606060606e-05 6.06060606060606e-05 0.000424242424242424 6.06060606060606e-05 6.06060606060606e-05 0.000363636363636364 0.000363636363636364 6.06060606060606e-05 6.06060606060606e-05; % L D=0.5
0.000363636363636364 6.06060606060606e-05 6.06060606060606e-05 0.000363636363636364 0.000363636363636364 0.000363636363636364 6.06060606060606e-05 6.06060606060606e-05 6.06060606060606e-05 6.06060606060606e-05 6.06060606060606e-05 0.996727272727273 0.000424242424242424 6.06060606060606e-05 6.06060606060606e-05 0.000363636363636364 0.000363636363636364 6.06060606060606e-05 6.06060606060606e-05; % P D=0.5
0.000363636363636364 6.06060606060606e-05 6.06060606060606e-05 0.000363636363636364 0.000363636363636364 0.000363636363636364 6.06060606060606e-05 6.06060606060606e-05 6.06060606060606e-05 6.06060606060606e-05 0.996727272727273 6.06060606060606e-05 0.000424242424242424 6.06060606060606e-05 6.06060606060606e-05 0.000363636363636364 0.000363636363636364 6.06060606060606e-05 6.06060606060606e-05; % T D=0.5
0.152545454545455 0.000424242424242424 0.000424242424242424 0.159212121212121 0.159212121212121 0.185878787878788 0.000424242424242424 0.000424242424242424 0.000424242424242424 0.000424242424242424 0.000424242424242424 0.000424242424242424 0.012969696969697 0.000424242424242424 0.000424242424242424 0.185878787878788 0.139212121212121 0.000424242424242424 0.000424242424242424; % V D=0.5
0.245515151515152 0.000363636363636364 0.000363636363636364 0.165515151515152 0.178848484848485 0.112181818181818 0.000363636363636364 0.000363636363636364 0.000363636363636364 0.000363636363636364 0.000363636363636364 0.000363636363636364 0.192545454545455 0.000363636363636364 0.000363636363636364 0.00218181818181818 0.0988484848484849 0.000363636363636364 0.000363636363636364; % Z D=0.5
0.000363636363636364 6.06060606060606e-05 6.06060606060606e-05 0.000363636363636364 0.000363636363636364 0.000363636363636364 6.06060606060606e-05 6.06060606060606e-05 6.06060606060606e-05 0.996727272727273 6.06060606060606e-05 6.06060606060606e-05 0.000424242424242424 6.06060606060606e-05 6.06060606060606e-05 0.000363636363636364 0.000363636363636364 6.06060606060606e-05 6.06060606060606e-05; % b D=0.5
0.238848484848485 0.000363636363636364 0.000363636363636364 0.158848484848485 0.105515151515152 0.00218181818181818 0.000363636363636364 0.000363636363636364 0.000363636363636364 0.000363636363636364 0.000363636363636364 0.000363636363636364 0.119212121212121 0.000363636363636364 0.000363636363636364 0.192181818181818 0.178848484848485 0.000363636363636364 0.000363636363636364; % d D=0.5
0.000363636363636364 6.06060606060606e-05 6.06060606060606e-05 0.000363636363636364 0.000363636363636364 0.000363636363636364 6.06060606060606e-05 6.06060606060606e-05 0.996727272727273 6.06060606060606e-05 6.06060606060606e-05 6.06060606060606e-05 0.000424242424242424 6.06060606060606e-05 6.06060606060606e-05 0.000363636363636364 0.000363636363636364 6.06060606060606e-05 6.06060606060606e-05; % g D=0.5
0.292181818181818 0.000363636363636364 0.000363636363636364 0.00218181818181818 0.138848484848485 0.118848484848485 0.000363636363636364 0.000363636363636364 0.000363636363636364 0.000363636363636364 0.000363636363636364 0.000363636363636364 0.0925454545454545 0.000363636363636364 0.000363636363636364 0.152181818181818 0.198848484848485 0.000363636363636364 0.000363636363636364; % k D=0.5
0.000363636363636364 6.06060606060606e-05 6.06060606060606e-05 0.000363636363636364 0.000363636363636364 0.000363636363636364 6.06060606060606e-05 6.06060606060606e-05 6.06060606060606e-05 6.06060606060606e-05 6.06060606060606e-05 6.06060606060606e-05 0.000424242424242424 6.06060606060606e-05 6.06060606060606e-05 0.000363636363636364 0.000363636363636364 6.06060606060606e-05 0.996727272727273; % l D=0.5
0.000363636363636364 6.06060606060606e-05 6.06060606060606e-05 0.000363636363636364 0.000363636363636364 0.000363636363636364 6.06060606060606e-05 0.996727272727273 6.06060606060606e-05 6.06060606060606e-05 6.06060606060606e-05 6.06060606060606e-05 0.000424242424242424 6.06060606060606e-05 6.06060606060606e-05 0.000363636363636364 0.000363636363636364 6.06060606060606e-05 6.06060606060606e-05; % p D=0.5
0.000363636363636364 6.06060606060606e-05 6.06060606060606e-05 0.000363636363636364 0.000363636363636364 0.000363636363636364 6.06060606060606e-05 6.06060606060606e-05 6.06060606060606e-05 6.06060606060606e-05 6.06060606060606e-05 6.06060606060606e-05 0.000424242424242424 6.06060606060606e-05 6.06060606060606e-05 0.000363636363636364 0.000363636363636364 0.996727272727273 6.06060606060606e-05; % t D=0.5
0.000363636363636364 0.996727272727273 6.06060606060606e-05 0.000363636363636364 0.000363636363636364 0.000363636363636364 6.06060606060606e-05 6.06060606060606e-05 6.06060606060606e-05 6.06060606060606e-05 6.06060606060606e-05 6.06060606060606e-05 0.000424242424242424 6.06060606060606e-05 6.06060606060606e-05 0.000363636363636364 0.000363636363636364 6.06060606060606e-05 6.06060606060606e-05; % v D=0.5
0.000363636363636364 6.06060606060606e-05 0.996727272727273 0.000363636363636364 0.000363636363636364 0.000363636363636364 6.06060606060606e-05 6.06060606060606e-05 6.06060606060606e-05 6.06060606060606e-05 6.06060606060606e-05 6.06060606060606e-05 0.000424242424242424 6.06060606060606e-05 6.06060606060606e-05 0.000363636363636364 0.000363636363636364 6.06060606060606e-05 6.06060606060606e-05; % z D=0.5
0.00174545454545455 0.000290909090909091 0.000290909090909091 0.172412121212121 0.154634343434343 0.18130101010101 0.000290909090909091 0.000290909090909091 0.000290909090909091 0.000290909090909091 0.000290909090909091 0.000290909090909091 0.203814141414141 0.000290909090909091 0.000290909090909091 0.145745454545455 0.136856565656566 0.000290909090909091 0.000290909090909091; % $ D=0.6
0.331951515151515 0.000436363636363636 0.000436363636363636 0.0786181818181818 0.178618181818182 0.145284848484848 0.000436363636363636 0.000436363636363636 0.000436363636363636 0.000436363636363636 0.000436363636363636 0.000436363636363636 0.119054545454545 0.000436363636363636 0.000436363636363636 0.138618181818182 0.00261818181818182 0.000436363636363636 0.000436363636363636; % B D=0.6
0.231951515151515 0.000436363636363636 0.000436363636363636 0.171951515151515 0.00261818181818182 0.158618181818182 0.000436363636363636 0.000436363636363636 0.000436363636363636 0.000436363636363636 0.000436363636363636 0.000436363636363636 0.152387878787879 0.000436363636363636 0.000436363636363636 0.105284848484848 0.171951515151515 0.000436363636363636 0.000436363636363636; % D D=0.6
0.000436363636363636 7.27272727272727e-05 7.27272727272727e-05 0.000436363636363636 0.000436363636363636 0.000436363636363636 7.27272727272727e-05 7.27272727272727e-05 7.27272727272727e-05 7.27272727272727e-05 7.27272727272727e-05 7.27272727272727e-05 0.000509090909090909 0.996072727272727 7.27272727272727e-05 0.000436363636363636 0.000436363636363636 7.27272727272727e-05 7.27272727272727e-05; % G D=0.6
