syllables = '$BDGKLPTVZbdgklptvz';
discounts = [0.1 0.2 0.3 0.4 0.5 0.6 0.7 0.8 0.9 0.95];
kn_probs = [0.000888888888888889 0.000148148148148148 0.000148148148148148 0.000148148148148148 0.199555555555556 0.132888888888889 0.000148148148148148 0.186222222222222 0.000148148148148148 0.172888888888889 0.000148148148148148 0.000148148148148148 0.000148148148148148 0.000148148148148148 0.106222222222222 0.000148148148148148 0.000148148148148148 0.000148148148148148 0.199555555555556; % $ D=0.1
0.319333333333333 0.000222222222222222 0.000222222222222222 0.000222222222222222 0.0593333333333333 0.00133333333333333 0.000222222222222222 0.159333333333333 0.000222222222222222 0.139333333333333 0.000222222222222222 0.000222222222222222 0.000222222222222222 0.000222222222222222 0.199333333333333 0.000222222222222222 0.000222222222222222 0.000222222222222222 0.119333333333333; % B D=0.1
0.000222222222222222 3.7037037037037e-05 3.7037037037037e-05 3.7037037037037e-05 0.000222222222222222 0.000222222222222222 3.7037037037037e-05 0.000222222222222222 3.7037037037037e-05 0.000222222222222222 3.7037037037037e-05 3.7037037037037e-05 3.7037037037037e-05 3.7037037037037e-05 0.000222222222222222 3.7037037037037e-05 0.998037037037037 3.7037037037037e-05 0.000222222222222222; % D D=0.1
0.159333333333333 0.000222222222222222 0.000222222222222222 0.000222222222222222 0.119333333333333 0.299333333333333 0.000222222222222222 0.00133333333333333 0.000222222222222222 0.0593333333333333 0.000222222222222222 0.000222222222222222 0.000222222222222222 0.000222222222222222 0.159333333333333 0.000222222222222222 0.000222222222222222 0.000222222222222222 0.199333333333333; % G D=0.1
0.000222222222222222 3.7037037037037e-05 3.7037037037037e-05 3.7037037037037e-05 0.000222222222222222 0.000222222222222222 3.7037037037037e-05 0.000222222222222222 3.7037037037037e-05 0.000222222222222222 3.7037037037037e-05 0.998037037037037 3.7037037037037e-05 3.7037037037037e-05 0.000222222222222222 3.7037037037037e-05 3.7037037037037e-05 3.7037037037037e-05 0.000222222222222222; % K D=0.1
0.000222222222222222 3.7037037037037e-05 3.7037037037037e-05 3.7037037037037e-05 0.000222222222222222 0.000222222222222222 3.7037037037037e-05 0.000222222222222222 3.7037037037037e-05 0.000222222222222222 0.998037037037037 3.7037037037037e-05 3.7037037037037e-05 3.7037037037037e-05 0.000222222222222222 3.7037037037037e-05 3.7037037037037e-05 3.7037037037037e-05 0.000222222222222222; % L D=0.1
0.000222222222222222 0.998037037037037 3.7037037037037e-05 3.7037037037037e-05 0.000222222222222222 0.000222222222222222 3.7037037037037e-05 0.000222222222222222 3.7037037037037e-05 0.000222222222222222 3.7037037037037e-05 3.7037037037037e-05 3.7037037037037e-05 3.7037037037037e-05 0.000222222222222222 3.7037037037037e-05 3.7037037037037e-05 3.7037037037037e-05 0.000222222222222222; % P D=0.1
0.000222222222222222 3.7037037037037e-05 3.7037037037037e-05 0.998037037037037 0.000222222222222222 0.000222222222222222 3.7037037037037e-05 0.000222222222222222 3.7037037037037e-05 0.000222222222222222 3.7037037037037e-05 3.7037037037037e-05 3.7037037037037e-05 3.7037037037037e-05 0.000222222222222222 3.7037037037037e-05 3.7037037037037e-05 3.7037037037037e-05 0.000222222222222222; % T D=0.1
0.000222222222222222 3.7037037037037e-05 3.7037037037037e-05 3.7037037037037e-05 0.000222222222222222 0.000222222222222222 3.7037037037037e-05 0.000222222222222222 3.7037037037037e-05 0.000222222222222222 3.7037037037037e-05 3.7037037037037e-05 3.7037037037037e-05 3.7037037037037e-05 0.000222222222222222 3.7037037037037e-05 3.7037037037037e-05 0.998037037037037 0.000222222222222222; % V D=0.1
0.000222222222222222 3.7037037037037e-05 0.998037037037037 3.7037037037037e-05 0.000222222222222222 0.000222222222222222 3.7037037037037e-05 0.000222222222222222 3.7037037037037e-05 0.000222222222222222 3.7037037037037e-05 3.7037037037037e-05 3.7037037037037e-05 3.7037037037037e-05 0.000222222222222222 3.7037037037037e-05 3.7037037037037e-05 3.7037037037037e-05 0.000222222222222222; % Z D=0.1
0.000222222222222222 3.7037037037037e-05 3.7037037037037e-05 3.7037037037037e-05 0.000222222222222222 0.000222222222222222 0.998037037037037 0.000222222222222222 3.7037037037037e-05 0.000222222222222222 3.7037037037037e-05 3.7037037037037e-05 3.7037037037037e-05 3.7037037037037e-05 0.000222222222222222 3.7037037037037e-05 3.7037037037037e-05 3.7037037037037e-05 0.000222222222222222; % b D=0.1
0.000222222222222222 3.7037037037037e-05 3.7037037037037e-05 3.7037037037037e-05 0.000222222222222222 0.000222222222222222 3.7037037037037e-05 0.000222222222222222 3.7037037037037e-05 0.000222222222222222 3.7037037037037e-05 3.7037037037037e-05 0.998037037037037 3.7037037037037e-05 0.000222222222222222 3.7037037037037e-05 3.7037037037037e-05 3.7037037037037e-05 0.000222222222222222; % d D=0.1
0.000222222222222222 3.7037037037037e-05 3.7037037037037e-05 3.7037037037037e-05 0.000222222222222222 0.000222222222222222 3.7037037037037e-05 0.000222222222222222 3.7037037037037e-05 0.000222222222222222 3.7037037037037e-05 3.7037037037037e-05 3.7037037037037e-05 0.998037037037037 0.000222222222222222 3.7037037037037e-05 3.7037037037037e-05 3.7037037037037e-05 0.000222222222222222; % g D=0.1
0.259333333333333 0.000222222222222222 0.000222222222222222 0.000222222222222222 0.00133333333333333 0.0993333333333333 0.000222222222222222 0.179333333333333 0.000222222222222222 0.179333333333333 0.000222222222222222 0.000222222222222222 0.000222222222222222 0.000222222222222222 0.179333333333333 0.000222222222222222 0.000222222222222222 0.000222222222222222 0.0993333333333333; % k D=0.1
0.000222222222222222 3.7037037037037e-05 3.7037037037037e-05 3.7037037037037e-05 0.000222222222222222 0.000222222222222222 3.7037037037037e-05 0.000222222222222222 0.998037037037037 0.000222222222222222 3.7037037037037e-05 3.7037037037037e-05 3.7037037037037e-05 3.7037037037037e-05 0.000222222222222222 3.7037037037037e-05 3.7037037037037e-05 3.7037037037037e-05 0.000222222222222222; % l D=0.1
0.159333333333333 0.000222222222222222 0.000222222222222222 0.000222222222222222 0.259333333333333 0.199333333333333 0.000222222222222222 0.0793333333333333 0.000222222222222222 0.159333333333333 0.000222222222222222 0.000222222222222222 0.000222222222222222 0.000222222222222222 0.139333333333333 0.000222222222222222 0.000222222222222222 0.000222222222222222 0.00133333333333333; % p D=0.1
0.259333333333333 0.000222222222222222 0.000222222222222222 0.000222222222222222 0.159333333333333 0.0793333333333333 0.000222222222222222 0.199333333333333 0.000222222222222222 0.00133333333333333 0.000222222222222222 0.000222222222222222 0.000222222222222222 0.000222222222222222 0.159333333333333 0.000222222222222222 0.000222222222222222 0.000222222222222222 0.139333333333333; % t D=0.1
0.339333333333333 0.000222222222222222 0.000222222222222222 0.000222222222222222 0.0993333333333333 0.119333333333333 0.000222222222222222 0.0993333333333333 0.000222222222222222 0.199333333333333 0.000222222222222222 0.000222222222222222 0.000222222222222222 0.000222222222222222 0.00133333333333333 0.000222222222222222 0.000222222222222222 0.000222222222222222 0.139333333333333; % v D=0.1
0.000222222222222222 3.7037037037037e-05 3.7037037037037e-05 3.7037037037037e-05 0.000222222222222222 0.000222222222222222 3.7037037037037e-05 0.000222222222222222 3.7037037037037e-05 0.000222222222222222 3.7037037037037e-05 3.7037037037037e-05 3.7037037037037e-05 3.7037037037037e-05 0.000222222222222222 0.998037037037037 3.7037037037037e-05 3.7037037037037e-05 0.000222222222222222; % z D=0.1
0.00177777777777778 0.000296296296296296 0.000296296296296296 0.000296296296296296 0.199111111111111 0.132444444444444 0.000296296296296296 0.185777777777778 0.000296296296296296 0.172444444444444 0.000296296296296296 0.000296296296296296 0.000296296296296296 0.000296296296296296 0.105777777777778 0.000296296296296296 0.000296296296296296 0.000296296296296296 0.199111111111111; % $ D=0.2
