syllables = '$BDGKLPTVZbdgklptvz';
discounts = [0.1 0.2 0.3 0.4 0.5 0.6 0.7 0.8 0.9 0.95];
kn_probs = [0.000296296296296296 0.195407407407407 0.208740740740741 4.93827160493827e-05 4.93827160493827e-05 4.93827160493827e-05 4.93827160493827e-05 4.93827160493827e-05 0.150962962962963 4.93827160493827e-05 4.93827160493827e-05 4.93827160493827e-05 0.164296296296296 4.93827160493827e-05 0.173185185185185 0.106518518518519 4.93827160493827e-05 4.93827160493827e-05 4.93827160493827e-05; % $ D=0.1
7.40740740740741e-05 7.40740740740741e-05 7.40740740740741e-05 1.23456790123457e-05 1.23456790123457e-05 0.999345679012346 1.23456790123457e-05 1.23456790123457e-05 7.40740740740741e-05 1.23456790123457e-05 1.23456790123457e-05 1.23456790123457e-05 7.40740740740741e-05 1.23456790123457e-05 7.40740740740741e-05 7.40740740740741e-05 1.23456790123457e-05 1.23456790123457e-05 1.23456790123457e-05; % B D=0.1
7.40740740740741e-05 7.40740740740741e-05 7.40740740740741e-05 1.23456790123457e-05 1.23456790123457e-05 1.23456790123457e-05 1.23456790123457e-05 1.23456790123457e-05 7.40740740740741e-05 1.23456790123457e-05 1.23456790123457e-05 0.999345679012346 7.40740740740741e-05 1.23456790123457e-05 7.40740740740741e-05 7.40740740740741e-05 1.23456790123457e-05 1.23456790123457e-05 1.23456790123457e-05; % D D=0.1
7.40740740740741e-05 7.40740740740741e-05 7.40740740740741e-05 1.23456790123457e-05 1.23456790123457e-05 1.23456790123457e-05 1.23456790123457e-05 1.23456790123457e-05 7.40740740740741e-05 1.23456790123457e-05 0.999345679012346 1.23456790123457e-05 7.40740740740741e-05 1.23456790123457e-05 7.40740740740741e-05 7.40740740740741e-05 1.23456790123457e-05 1.23456790123457e-05 1.23456790123457e-05; % G D=0.1
0.186444444444444 0.186444444444444 0.000444444444444445 7.40740740740741e-05 7.40740740740741e-05 7.40740740740741e-05 7.40740740740741e-05 7.40740740740741e-05 0.133111111111111 7.40740740740741e-05 7.40740740740741e-05 7.40740740740741e-05 0.146444444444444 7.40740740740741e-05 0.113111111111111 0.233111111111111 7.40740740740741e-05 7.40740740740741e-05 7.40740740740741e-05; % K D=0.1
7.40740740740741e-05 7.40740740740741e-05 7.40740740740741e-05 1.23456790123457e-05 1.23456790123457e-05 1.23456790123457e-05 0.999345679012346 1.23456790123457e-05 7.40740740740741e-05 1.23456790123457e-05 1.23456790123457e-05 1.23456790123457e-05 7.40740740740741e-05 1.23456790123457e-05 7.40740740740741e-05 7.40740740740741e-05 1.23456790123457e-05 1.23456790123457e-05 1.23456790123457e-05; % L D=0.1
0.253111111111111 0.000444444444444445 0.126444444444444 7.40740740740741e-05 7.40740740740741e-05 7.40740740740741e-05 7.40740740740741e-05 7.40740740740741e-05 0.126444444444444 7.40740740740741e-05 7.40740740740741e-05 7.40740740740741e-05 0.153111111111111 7.40740740740741e-05 0.146444444444444 0.193111111111111 7.40740740740741e-05 7.40740740740741e-05 7.40740740740741e-05; % P D=0.1
0.313111111111111 0.0864444444444444 0.113111111111111 7.40740740740741e-05 7.40740740740741e-05 7.40740740740741e-05 7.40740740740741e-05 7.40740740740741e-05 0.206444444444444 7.40740740740741e-05 7.40740740740741e-05 7.40740740740741e-05 0.113111111111111 7.40740740740741e-05 0.166444444444444 0.000444444444444445 7.40740740740741e-05 7.40740740740741e-05 7.40740740740741e-05; % T D=0.1
7.40740740740741e-05 7.40740740740741e-05 7.40740740740741e-05 1.23456790123457e-05 1.23456790123457e-05 1.23456790123457e-05 1.23456790123457e-05 1.23456790123457e-05 7.40740740740741e-05 0.999345679012346 1.23456790123457e-05 1.23456790123457e-05 7.40740740740741e-05 1.23456790123457e-05 7.40740740740741e-05 7.40740740740741e-05 1.23456790123457e-05 1.23456790123457e-05 1.23456790123457e-05; % V D=0.1
7.40740740740741e-05 7.40740740740741e-05 7.40740740740741e-05 0.999345679012346 1.23456790123457e-05 1.23456790123457e-05 1.23456790123457e-05 1.23456790123457e-05 7.40740740740741e-05 1.23456790123457e-05 1.23456790123457e-05 1.23456790123457e-05 7.40740740740741e-05 1.23456790123457e-05 7.40740740740741e-05 7.40740740740741e-05 1.23456790123457e-05 1.23456790123457e-05 1.23456790123457e-05; % Z D=0.1
0.279777777777778 0.126444444444444 0.126444444444444 7.40740740740741e-05 7.40740740740741e-05 7.40740740740741e-05 7.40740740740741e-05 7.40740740740741e-05 0.000444444444444445 7.40740740740741e-05 7.40740740740741e-05 7.40740740740741e-05 0.159777777777778 7.40740740740741e-05 0.159777777777778 0.146444444444444 7.40740740740741e-05 7.40740740740741e-05 7.40740740740741e-05; % b D=0.1
7.40740740740741e-05 7.40740740740741e-05 7.40740740740741e-05 1.23456790123457e-05 1.23456790123457e-05 1.23456790123457e-05 1.23456790123457e-05 1.23456790123457e-05 7.40740740740741e-05 1.23456790123457e-05 1.23456790123457e-05 1.23456790123457e-05 7.40740740740741e-05 1.23456790123457e-05 7.40740740740741e-05 7.40740740740741e-05 1.23456790123457e-05 1.23456790123457e-05 0.999345679012346; % d D=0.1
7.40740740740741e-05 7.40740740740741e-05 7.40740740740741e-05 1.23456790123457e-05 1.23456790123457e-05 1.23456790123457e-05 1.23456790123457e-05 1.23456790123457e-05 7.40740740740741e-05 1.23456790123457e-05 1.23456790123457e-05 1.23456790123457e-05 7.40740740740741e-05 1.23456790123457e-05 7.40740740740741e-05 7.40740740740741e-05 1.23456790123457e-05 0.999345679012346 1.23456790123457e-05; % g D=0.1
7.40740740740741e-05 7.40740740740741e-05 7.40740740740741e-05 1.23456790123457e-05 1.23456790123457e-05 1.23456790123457e-05 1.23456790123457e-05 1.23456790123457e-05 7.40740740740741e-05 1.23456790123457e-05 1.23456790123457e-05 1.23456790123457e-05 7.40740740740741e-05 1.23456790123457e-05 7.40740740740741e-05 7.40740740740741e-05 0.999345679012346 1.23456790123457e-05 1.23456790123457e-05; % k D=0.1
7.40740740740741e-05 7.40740740740741e-05 7.40740740740741e-05 1.23456790123457e-05 1.23456790123457e-05 1.23456790123457e-05 1.23456790123457e-05 1.23456790123457e-05 7.40740740740741e-05 1.23456790123457e-05 1.23456790123457e-05 1.23456790123457e-05 7.40740740740741e-05 0.999345679012346 7.40740740740741e-05 7.40740740740741e-05 1.23456790123457e-05 1.23456790123457e-05 1.23456790123457e-05; % l D=0.1
7.40740740740741e-05 7.40740740740741e-05 7.40740740740741e-05 1.23456790123457e-05 1.23456790123457e-05 1.23456790123457e-05 1.23456790123457e-05 0.999345679012346 7.40740740740741e-05 1.23456790123457e-05 1.23456790123457e-05 1.23456790123457e-05 7.40740740740741e-05 1.23456790123457e-05 7.40740740740741e-05 7.40740740740741e-05 1.23456790123457e-05 1.23456790123457e-05 1.23456790123457e-05; % p D=0.1
0.173111111111111 0.133111111111111 0.199777777777778 7.40740740740741e-05 7.40740740740741e-05 7.40740740740741e-05 7.40740740740741e-05 7.40740740740741e-05 0.199777777777778 7.40740740740741e-05 7.40740740740741e-05 7.40740740740741e-05 0.179777777777778 7.40740740740741e-05 0.000444444444444445 0.113111111111111 7.40740740740741e-05 7.40740740740741e-05 7.40740740740741e-05; % t D=0.1
0.293111111111111 0.173111111111111 0.119777777777778 7.40740740740741e-05 7.40740740740741e-05 7.40740740740741e-05 7.40740740740741e-05 7.40740740740741e-05 0.106444444444444 7.40740740740741e-05 7.40740740740741e-05 7.40740740740741e-05 0.000444444444444445 7.40740740740741e-05 0.153111111111111 0.153111111111111 7.40740740740741e-05 7.40740740740741e-05 7.40740740740741e-05; % v D=0.1
7.40740740740741e-05 7.40740740740741e-05 7.40740740740741e-05 1.23456790123457e-05 0.999345679012346 1.23456790123457e-05 1.23456790123457e-05 1.23456790123457e-05 7.40740740740741e-05 1.23456790123457e-05 1.23456790123457e-05 1.23456790123457e-05 7.40740740740741e-05 1.23456790123457e-05 7.40740740740741e-05 7.40740740740741e-05 1.23456790123457e-05 1.23456790123457e-05 1.23456790123457e-05; % z D=0.1
0.000592592592592593 0.195259259259259 0.208592592592593 9.87654320987655e-05 9.87654320987655e-05 9.87654320987655e-05 9.87654320987655e-05 9.87654320987655e-05 0.150814814814815 9.87654320987655e-05 9.87654320987655e-05 9.87654320987655e-05 0.164148148148148 9.87654320987655e-05 0.173037037037037 0.10637037037037 9.87654320987655e-05 9.87654320987655e-05 9.87654320987655e-05; % $ D=0.2
0.000148148148148148 0.000148148148148148 0.000148148148148148 2.46913580246914e-05 2.46913580246914e-05 0.998691358024691 2.46913580246914e-05 2.46913580246914e-05 0.000148148148148148 2.46913580246914e-05 2.46913580246914e-05 2.46913580246914e-05 0.000148148148148148 2.46913580246914e-05 0.000148148148148148 0.000148148148148148 2.46913580246914e-05 2.46913580246914e-05 2.46913580246914e-05; % B D=0.2
0.000148148148148148 0.000148148148148148 0.000148148148148148 2.46913580246914e-05 2.46913580246914e-05 2.46913580246914e-05 2.46913580246914e-05 2.46913580246914e-05 0.000148148148148148 2.46913580246914e-05 2.46913580246914e-05 0.998691358024691 0.000148148148148148 2.46913580246914e-05 0.000148148148148148 0.000148148148148148 2.46913580246914e-05 2.46913580246914e-05 2.46913580246914e-05; % D D=0.2
0.000148148148148148 0.000148148148148148 0.000148148148148148 2.46913580246914e-05 2.46913580246914e-05 2.46913580246914e-05 2.46913580246914e-05 2.46913580246914e-05 0.000148148148148148 2.46913580246914e-05 0.998691358024691 2.46913580246914e-05 0.000148148148148148 2.46913580246914e-05 0.000148148148148148 0.000148148148148148 2.46913580246914e-05 2.46913580246914e-05 2.46913580246914e-05; % G D=0.2
0.186222222222222 0.186222222222222 0.000888888888888889 0.000148148148148148 0.000148148148148148 0.000148148148148148 0.000148148148148148 0.000148148148148148 0.132888888888889 0.000148148148148148 0.000148148148148148 0.000148148148148148 0.146222222222222 0.000148148148148148 0.112888888888889 0.232888888888889 0.000148148148148148 0.000148148148148148 0.000148148148148148; % K D=0.2
0.000148148148148148 0.000148148148148148 0.000148148148148148 2.46913580246914e-05 2.46913580246914e-05 2.46913580246914e-05 0.998691358024691 2.46913580246914e-05 0.000148148148148148 2.46913580246914e-05 2.46913580246914e-05 2.46913580246914e-05 0.000148148148148148 2.46913580246914e-05 0.000148148148148148 0.000148148148148148 2.46913580246914e-05 2.46913580246914e-05 2.46913580246914e-05; % L D=0.2
0.252888888888889 0.000888888888888889 0.126222222222222 0.000148148148148148 0.000148148148148148 0.000148148148148148 0.000148148148148148 0.000148148148148148 0.126222222222222 0.000148148148148148 0.000148148148148148 0.000148148148148148 0.152888888888889 0.000148148148148148 0.146222222222222 0.192888888888889 0.000148148148148148 0.000148148148148148 0.000148148148148148; % P D=0.2
0.312888888888889 0.0862222222222222 0.112888888888889 0.000148148148148148 0.000148148148148148 0.000148148148148148 0.000148148148148148 0.000148148148148148 0.206222222222222 0.000148148148148148 0.000148148148148148 0.000148148148148148 0.112888888888889 0.000148148148148148 0.166222222222222 0.000888888888888889 0.000148148148148148 0.000148148148148148 0.000148148148148148; % T D=0.2
0.000148148148148148 0.000148148148148148 0.000148148148148148 2.46913580246914e-05 2.46913580246914e-05 2.46913580246914e-05 2.46913580246914e-05 2.46913580246914e-05 0.000148148148148148 0.998691358024691 2.46913580246914e-05 2.46913580246914e-05 0.000148148148148148 2.46913580246914e-05 0.000148148148148148 0.000148148148148148 2.46913580246914e-05 2.46913580246914e-05 2.46913580246914e-05; % V D=0.2
0.000148148148148148 0.000148148148148148 0.000148148148148148 0.998691358024691 2.46913580246914e-05 2.46913580246914e-05 2.46913580246914e-05 2.46913580246914e-05 0.000148148148148148 2.46913580246914e-05 2.46913580246914e-05 2.46913580246914e-05 0.000148148148148148 2.46913580246914e-05 0.000148148148148148 0.000148148148148148 2.46913580246914e-05 2.46913580246914e-05 2.46913580246914e-05; % Z D=0.2
0.279555555555556 0.126222222222222 0.126222222222222 0.000148148148148148 0.000148148148148148 0.000148148148148148 0.000148148148148148 0.000148148148148148 0.000888888888888889 0.000148148148148148 0.000148148148148148 0.000148148148148148 0.159555555555556 0.000148148148148148 0.159555555555556 0.146222222222222 0.000148148148148148 0.000148148148148148 0.000148148148148148; % b D=0.2
0.000148148148148148 0.000148148148148148 0.000148148148148148 2.46913580246914e-05 2.46913580246914e-05 2.46913580246914e-05 2.46913580246914e-05 2.46913580246914e-05 0.000148148148148148 2.46913580246914e-05 2.46913580246914e-05 2.46913580246914e-05 0.000148148148148148 2.46913580246914e-05 0.000148148148148148 0.000148148148148148 2.46913580246914e-05 2.46913580246914e-05 0.998691358024691; % d D=0.2
0.000148148148148148 0.000148148148148148 0.000148148148148148 2.46913580246914e-05 2.46913580246914e-05 2.46913580246914e-05 2.46913580246914e-05 2.46913580246914e-05 0.000148148148148148 2.46913580246914e-05 2.46913580246914e-05 2.46913580246914e-05 0.000148148148148148 2.46913580246914e-05 0.000148148148148148 0.000148148148148148 2.46913580246914e-05 0.998691358024691 2.46913580246914e-05; % g D=0.2
0.000148148148148148 0.000148148148148148 0.000148148148148148 2.46913580246914e-05 2.46913580246914e-05 2.46913580246914e-05 2.46913580246914e-05 2.46913580246914e-05 0.000148148148148148 2.46913580246914e-05 2.46913580246914e-05 2.46913580246914e-05 0.000148148148148148 2.46913580246914e-05 0.000148148148148148 0.000148148148148148 0.998691358024691 2.46913580246914e-05 2.46913580246914e-05; % k D=0.2
0.000148148148148148 0.000148148148148148 0.000148148148148148 2.46913580246914e-05 2.46913580246914e-05 2.46913580246914e-05 2.46913580246914e-05 2.46913580246914e-05 0.000148148148148148 2.46913580246914e-05 2.46913580246914e-05 2.46913580246914e-05 0.000148148148148148 0.998691358024691 0.000148148148148148 0.000148148148148148 2.46913580246914e-05 2.46913580246914e-05 2.46913580246914e-05; % l D=0.2
0.000148148148148148 0.000148148148148148 0.000148148148148148 2.46913580246914e-05 2.46913580246914e-05 2.46913580246914e-05 2.46913580246914e-05 0.998691358024691 0.000148148148148148 2.46913580246914e-05 2.46913580246914e-05 2.46913580246914e-05 0.000148148148148148 2.46913580246914e-05 0.000148148148148148 0.000148148148148148 2.46913580246914e-05 2.46913580246914e-05 2.46913580246914e-05; % p D=0.2
0.172888888888889 0.132888888888889 0.199555555555556 0.000148148148148148 0.000148148148148148 0.000148148148148148 0.000148148148148148 0.000148148148148148 0.199555555555556 0.000148148148148148 0.000148148148148148 0.000148148148148148 0.179555555555556 0.000148148148148148 0.000888888888888889 0.112888888888889 0.000148148148148148 0.000148148148148148 0.000148148148148148; % t D=0.2
0.292888888888889 0.172888888888889 0.119555555555556 0.000148148148148148 0.000148148148148148 0.000148148148148148 0.000148148148148148 0.000148148148148148 0.106222222222222 0.000148148148148148 0.000148148148148148 0.000148148148148148 0.000888888888888889 0.000148148148148148 0.152888888888889 0.152888888888889 0.000148148148148148 0.000148148148148148 0.000148148148148148; % v D=0.2
0.000148148148148148 0.000148148148148148 0.000148148148148148 2.46913580246914e-05 0.998691358024691 2.46913580246914e-05 2.46913580246914e-05 2.46913580246914e-05 0.000148148148148148 2.46913580246914e-05 2.46913580246914e-05 2.46913580246914e-05 0.000148148148148148 2.46913580246914e-05 0.000148148148148148 0.000148148148148148 2.46913580246914e-05 2.46913580246914e-05 2.46913580246914e-05; % z D=0.2
0.000888888888888889 0.195111111111111 0.208444444444444 0.000148148148148148 0.000148148148148148 0.000148148148148148 0.000148148148148148 0.000148148148148148 0.150666666666667 0.000148148148148148 0.000148148148148148 0.000148148148148148 0.164 0.000148148148148148 0.172888888888889 0.106222222222222 0.000148148148148148 0.000148148148148148 0.000148148148148148; % $ D=0.3
0.000222222222222222 0.000222222222222222 0.000222222222222222 3.7037037037037e-05 3.7037037037037e-05 0.998037037037037 3.7037037037037e-05 3.7037037037037e-05 0.000222222222222222 3.7037037037037e-05 3.7037037037037e-05 3.7037037037037e-05 0.000222222222222222 3.7037037037037e-05 0.000222222222222222 0.000222222222222222 3.7037037037037e-05 3.7037037037037e-05 3.7037037037037e-05; % B D=0.3
0.000222222222222222 0.000222222222222222 0.000222222222222222 3.7037037037037e-05 3.7037037037037e-05 3.7037037037037e-05 3.7037037037037e-05 3.7037037037037e-05 0.000222222222222222 3.7037037037037e-05 3.7037037037037e-05 0.998037037037037 0.000222222222222222 3.7037037037037e-05 0.000222222222222222 0.000222222222222222 3.7037037037037e-05 3.7037037037037e-05 3.7037037037037e-05; % D D=0.3
0.000222222222222222 0.000222222222222222 0.000222222222222222 3.7037037037037e-05 3.7037037037037e-05 3.7037037037037e-05 3.7037037037037e-05 3.7037037037037e-05 0.000222222222222222 3.7037037037037e-05 0.998037037037037 3.7037037037037e-05 0.000222222222222222 3.7037037037037e-05 0.000222222222222222 0.000222222222222222 3.7037037037037e-05 3.7037037037037e-05 3.7037037037037e-05; % G D=0.3
0.186 0.186 0.00133333333333333 0.000222222222222222 0.000222222222222222 0.000222222222222222 0.000222222222222222 0.000222222222222222 0.132666666666667 0.000222222222222222 0.000222222222222222 0.000222222222222222 0.146 0.000222222222222222 0.112666666666667 0.232666666666667 0.000222222222222222 0.000222222222222222 0.000222222222222222; % K D=0.3
0.000222222222222222 0.000222222222222222 0.000222222222222222 3.7037037037037e-05 3.7037037037037e-05 3.7037037037037e-05 0.998037037037037 3.7037037037037e-05 0.000222222222222222 3.7037037037037e-05 3.7037037037037e-05 3.7037037037037e-05 0.000222222222222222 3.7037037037037e-05 0.000222222222222222 0.000222222222222222 3.7037037037037e-05 3.7037037037037e-05 3.7037037037037e-05; % L D=0.3
0.252666666666667 0.00133333333333333 0.126 0.000222222222222222 0.000222222222222222 0.000222222222222222 0.000222222222222222 0.000222222222222222 0.126 0.000222222222222222 0.000222222222222222 0.000222222222222222 0.152666666666667 0.000222222222222222 0.146 0.192666666666667 0.000222222222222222 0.000222222222222222 0.000222222222222222; % P D=0.3
0.312666666666667 0.086 0.112666666666667 0.000222222222222222 0.000222222222222222 0.000222222222222222 0.000222222222222222 0.000222222222222222 0.206 0.000222222222222222 0.000222222222222222 0.000222222222222222 0.112666666666667 0.000222222222222222 0.166 0.00133333333333333 0.000222222222222222 0.000222222222222222 0.000222222222222222; % T D=0.3
0.000222222222222222 0.000222222222222222 0.000222222222222222 3.7037037037037e-05 3.7037037037037e-05 3.7037037037037e-05 3.7037037037037e-05 3.7037037037037e-05 0.000222222222222222 0.998037037037037 3.7037037037037e-05 3.7037037037037e-05 0.000222222222222222 3.7037037037037e-05 0.000222222222222222 0.000222222222222222 3.7037037037037e-05 3.7037037037037e-05 3.7037037037037e-05; % V D=0.3
0.000222222222222222 0.000222222222222222 0.000222222222222222 0.998037037037037 3.7037037037037e-05 3.7037037037037e-05 3.7037037037037e-05 3.7037037037037e-05 0.000222222222222222 3.7037037037037e-05 3.7037037037037e-05 3.7037037037037e-05 0.000222222222222222 3.7037037037037e-05 0.000222222222222222 0.000222222222222222 3.7037037037037e-05 3.7037037037037e-05 3.7037037037037e-05; % Z D=0.3
0.279333333333333 0.126 0.126 0.000222222222222222 0.000222222222222222 0.000222222222222222 0.000222222222222222 0.000222222222222222 0.00133333333333333 0.000222222222222222 0.000222222222222222 0.000222222222222222 0.159333333333333 0.000222222222222222 0.159333333333333 0.146 0.000222222222222222 0.000222222222222222 0.000222222222222222; % b D=0.3
0.000222222222222222 0.000222222222222222 0.000222222222222222 3.7037037037037e-05 3.7037037037037e-05 3.7037037037037e-05 3.7037037037037e-05 3.7037037037037e-05 0.000222222222222222 3.7037037037037e-05 3.7037037037037e-05 3.7037037037037e-05 0.000222222222222222 3.7037037037037e-05 0.000222222222222222 0.000222222222222222 3.7037037037037e-05 3.7037037037037e-05 0.998037037037037; % d D=0.3
0.000222222222222222 0.000222222222222222 0.000222222222222222 3.7037037037037e-05 3.7037037037037e-05 3.7037037037037e-05 3.7037037037037e-05 3.7037037037037e-05 0.000222222222222222 3.7037037037037e-05 3.7037037037037e-05 3.7037037037037e-05 0.000222222222222222 3.7037037037037e-05 0.000222222222222222 0.000222222222222222 3.7037037037037e-05 0.998037037037037 3.7037037037037e-05; % g D=0.3
0.000222222222222222 0.000222222222222222 0.000222222222222222 3.7037037037037e-05 3.7037037037037e-05 3.7037037037037e-05 3.7037037037037e-05 3.7037037037037e-05 0.000222222222222222 3.7037037037037e-05 3.7037037037037e-05 3.7037037037037e-05 0.000222222222222222 3.7037037037037e-05 0.000222222222222222 0.000222222222222222 0.998037037037037 3.7037037037037e-05 3.7037037037037e-05; % k D=0.3
0.000222222222222222 0.000222222222222222 0.000222222222222222 3.7037037037037e-05 3.7037037037037e-05 3.7037037037037e-05 3.7037037037037e-05 3.7037037037037e-05 0.000222222222222222 3.7037037037037e-05 3.7037037037037e-05 3.7037037037037e-05 0.000222222222222222 0.998037037037037 0.000222222222222222 0.000222222222222222 3.7037037037037e-05 3.7037037037037e-05 3.7037037037037e-05; % l D=0.3
0.000222222222222222 0.000222222222222222 0.000222222222222222 3.7037037037037e-05 3.7037037037037e-05 3.7037037037037e-05 3.7037037037037e-05 0.998037037037037 0.000222222222222222 3.7037037037037e-05 3.7037037037037e-05 3.7037037037037e-05 0.000222222222222222 3.7037037037037e-05 0.000222222222222222 0.000222222222222222 3.7037037037037e-05 3.7037037037037e-05 3.7037037037037e-05; % p D=0.3
0.172666666666667 0.132666666666667 0.199333333333333 0.000222222222222222 0.000222222222222222 0.000222222222222222 0.000222222222222222 0.000222222222222222 0.199333333333333 0.000222222222222222 0.000222222222222222 0.000222222222222222 0.179333333333333 0.000222222222222222 0.00133333333333333 0.112666666666667 0.000222222222222222 0.000222222222222222 0.000222222222222222; % t D=0.3
0.292666666666667 0.172666666666667 0.119333333333333 0.000222222222222222 0.000222222222222222 0.000222222222222222 0.000222222222222222 0.000222222222222222 0.106 0.000222222222222222 0.000222222222222222 0.000222222222222222 0.00133333333333333 0.000222222222222222 0.152666666666667 0.152666666666667 0.000222222222222222 0.000222222222222222 0.000222222222222222; % v D=0.3
0.000222222222222222 0.000222222222222222 0.000222222222222222 3.7037037037037e-05 0.998037037037037 3.7037037037037e-05 3.7037037037037e-05 3.7037037037037e-05 0.000222222222222222 3.7037037037037e-05 3.7037037037037e-05 3.7037037037037e-05 0.000222222222222222 3.7037037037037e-05 0.000222222222222222 0.000222222222222222 3.7037037037037e-05 3.7037037037037e-05 3.7037037037037e-05; % z D=0.3
0.00118518518518519 0.194962962962963 0.208296296296296 0.000197530864197531 0.000197530864197531 0.000197530864197531 0.000197530864197531 0.000197530864197531 0.150518518518519 0.000197530864197531 0.000197530864197531 0.000197530864197531 0.163851851851852 0.000197530864197531 0.172740740740741 0.106074074074074 0.000197530864197531 0.000197530864197531 0.000197530864197531; % $ D=0.4
0.000296296296296296 0.000296296296296296 0.000296296296296296 4.93827160493827e-05 4.93827160493827e-05 0.997382716049383 4.93827160493827e-05 4.93827160493827e-05 0.000296296296296296 4.93827160493827e-05 4.93827160493827e-05 4.93827160493827e-05 0.000296296296296296 4.93827160493827e-05 0.000296296296296296 0.000296296296296296 4.93827160493827e-05 4.93827160493827e-05 4.93827160493827e-05; % B D=0.4
0.000296296296296296 0.000296296296296296 0.000296296296296296 4.93827160493827e-05 4.93827160493827e-05 4.93827160493827e-05 4.93827160493827e-05 4.93827160493827e-05 0.000296296296296296 4.93827160493827e-05 4.93827160493827e-05 0.997382716049383 0.000296296296296296 4.93827160493827e-05 0.000296296296296296 0.000296296296296296 4.93827160493827e-05 4.93827160493827e-05 4.93827160493827e-05; % D D=0.4
0.000296296296296296 0.000296296296296296 0.000296296296296296 4.93827160493827e-05 4.93827160493827e-05 4.93827160493827e-05 4.93827160493827e-05 4.93827160493827e-05 0.000296296296296296 4.93827160493827e-05 0.997382716049383 4.93827160493827e-05 0.000296296296296296 4.93827160493827e-05 0.000296296296296296 0.000296296296296296 4.93827160493827e-05 4.93827160493827e-05 4.93827160493827e-05; % G D=0.4
0.185777777777778 0.185777777777778 0.00177777777777778 0.000296296296296296 0.000296296296296296 0.000296296296296296 0.000296296296296296 0.000296296296296296 0.132444444444444 0.000296296296296296 0.000296296296296296 0.000296296296296296 0.145777777777778 0.000296296296296296 0.112444444444444 0.232444444444444 0.000296296296296296 0.000296296296296296 0.000296296296296296; % K D=0.4
0.000296296296296296 0.000296296296296296 0.000296296296296296 4.93827160493827e-05 4.93827160493827e-05 4.93827160493827e-05 0.997382716049383 4.93827160493827e-05 0.000296296296296296 4.93827160493827e-05 4.93827160493827e-05 4.93827160493827e-05 0.000296296296296296 4.93827160493827e-05 0.000296296296296296 0.000296296296296296 4.93827160493827e-05 4.93827160493827e-05 4.93827160493827e-05; % L D=0.4
0.252444444444444 0.00177777777777778 0.125777777777778 0.000296296296296296 0.000296296296296296 0.000296296296296296 0.000296296296296296 0.000296296296296296 0.125777777777778 0.000296296296296296 0.000296296296296296 0.000296296296296296 0.152444444444444 0.000296296296296296 0.145777777777778 0.192444444444444 0.000296296296296296 0.000296296296296296 0.000296296296296296; % P D=0.4
0.312444444444444 0.0857777777777778 0.112444444444444 0.000296296296296296 0.000296296296296296 0.000296296296296296 0.000296296296296296 0.000296296296296296 0.205777777777778 0.000296296296296296 0.000296296296296296 0.000296296296296296 0.112444444444444 0.000296296296296296 0.165777777777778 0.00177777777777778 0.000296296296296296 0.000296296296296296 0.000296296296296296; % T D=0.4
0.000296296296296296 0.000296296296296296 0.000296296296296296 4.93827160493827e-05 4.93827160493827e-05 4.93827160493827e-05 4.93827160493827e-05 4.93827160493827e-05 0.000296296296296296 0.997382716049383 4.93827160493827e-05 4.93827160493827e-05 0.000296296296296296 4.93827160493827e-05 0.000296296296296296 0.000296296296296296 4.93827160493827e-05 4.93827160493827e-05 4.93827160493827e-05; % V D=0.4
0.000296296296296296 0.000296296296296296 0.000296296296296296 0.997382716049383 4.93827160493827e-05 4.93827160493827e-05 4.93827160493827e-05 4.93827160493827e-05 0.000296296296296296 4.93827160493827e-05 4.93827160493827e-05 4.93827160493827e-05 0.000296296296296296 4.93827160493827e-05 0.000296296296296296 0.000296296296296296 4.93827160493827e-05 4.93827160493827e-05 4.93827160493827e-05; % Z D=0.4
0.279111111111111 0.125777777777778 0.125777777777778 0.000296296296296296 0.000296296296296296 0.000296296296296296 0.000296296296296296 0.000296296296296296 0.00177777777777778 0.000296296296296296 0.000296296296296296 0.000296296296296296 0.159111111111111 0.000296296296296296 0.159111111111111 0.145777777777778 0.000296296296296296 0.000296296296296296 0.000296296296296296; % b D=0.4
0.000296296296296296 0.000296296296296296 0.000296296296296296 4.93827160493827e-05 4.93827160493827e-05 4.93827160493827e-05 4.93827160493827e-05 4.93827160493827e-05 0.000296296296296296 4.93827160493827e-05 4.93827160493827e-05 4.93827160493827e-05 0.000296296296296296 4.93827160493827e-05 0.000296296296296296 0.000296296296296296 4.93827160493827e-05 4.93827160493827e-05 0.997382716049383; % d D=0.4
0.000296296296296296 0.000296296296296296 0.000296296296296296 4.93827160493827e-05 4.93827160493827e-05 4.93827160493827e-05 4.93827160493827e-05 4.93827160493827e-05 0.000296296296296296 4.93827160493827e-05 4.93827160493827e-05 4.93827160493827e-05 0.000296296296296296 4.93827160493827e-05 0.000296296296296296 0.000296296296296296 4.93827160493827e-05 0.997382716049383 4.93827160493827e-05; % g D=0.4
0.000296296296296296 0.000296296296296296 0.000296296296296296 4.93827160493827e-05 4.93827160493827e-05 4.93827160493827e-05 4.93827160493827e-05 4.93827160493827e-05 0.000296296296296296 4.93827160493827e-05 4.93827160493827e-05 4.93827160493827e-05 0.000296296296296296 4.93827160493827e-05 0.000296296296296296 0.000296296296296296 0.997382716049383 4.93827160493827e-05 4.93827160493827e-05; % k D=0.4
0.000296296296296296 0.000296296296296296 0.000296296296296296 4.93827160493827e-05 4.93827160493827e-05 4.93827160493827e-05 4.93827160493827e-05 4.93827160493827e-05 0.000296296296296296 4.93827160493827e-05 4.93827160493827e-05 4.93827160493827e-05 0.000296296296296296 0.997382716049383 0.000296296296296296 0.000296296296296296 4.93827160493827e-05 4.93827160493827e-05 4.93827160493827e-05; % l D=0.4
0.000296296296296296 0.000296296296296296 0.000296296296296296 4.93827160493827e-05 4.93827160493827e-05 4.93827160493827e-05 4.93827160493827e-05 0.997382716049383 0.000296296296296296 4.93827160493827e-05 4.93827160493827e-05 4.93827160493827e-05 0.000296296296296296 4.93827160493827e-05 0.000296296296296296 0.000296296296296296 4.93827160493827e-05 4.93827160493827e-05 4.93827160493827e-05; % p D=0.4
0.172444444444444 0.132444444444444 0.199111111111111 0.000296296296296296 0.000296296296296296 0.000296296296296296 0.000296296296296296 0.000296296296296296 0.199111111111111 0.000296296296296296 0.000296296296296296 0.000296296296296296 0.179111111111111 0.000296296296296296 0.00177777777777778 0.112444444444444 0.000296296296296296 0.000296296296296296 0.000296296296296296; % t D=0.4
0.292444444444444 0.172444444444444 0.119111111111111 0.000296296296296296 0.000296296296296296 0.000296296296296296 0.000296296296296296 0.000296296296296296 0.105777777777778 0.000296296296296296 0.000296296296296296 0.000296296296296296 0.00177777777777778 0.000296296296296296 0.152444444444444 0.152444444444444 0.000296296296296296 0.000296296296296296 0.000296296296296296; % v D=0.4
0.000296296296296296 0.000296296296296296 0.000296296296296296 4.93827160493827e-05 0.997382716049383 4.93827160493827e-05 4.93827160493827e-05 4.93827160493827e-05 0.000296296296296296 4.93827160493827e-05 4.93827160493827e-05 4.93827160493827e-05 0.000296296296296296 4.93827160493827e-05 0.000296296296296296 0.000296296296296296 4.93827160493827e-05 4.93827160493827e-05 4.93827160493827e-05; % z D=0.4
0.00148148148148148 0.194814814814815 0.208148148148148 0.000246913580246914 0.000246913580246914 0.000246913580246914 0.000246913580246914 0.000246913580246914 0.15037037037037 0.000246913580246914 0.000246913580246914 0.000246913580246914 0.163703703703704 0.000246913580246914 0.172592592592593 0.105925925925926 0.000246913580246914 0.000246913580246914 0.000246913580246914; % $ D=0.5
0.00037037037037037 0.00037037037037037 0.00037037037037037 6.17283950617284e-05 6.17283950617284e-05 0.996728395061728 6.17283950617284e-05 6.17283950617284e-05 0.00037037037037037 6.17283950617284e-05 6.17283950617284e-05 6.17283950617284e-05 0.00037037037037037 6.17283950617284e-05 0.00037037037037037 0.00037037037037037 6.17283950617284e-05 6.17283950617284e-05 6.17283950617284e-05; % B D=0.5
0.00037037037037037 0.00037037037037037 0.00037037037037037 6.17283950617284e-05 6.17283950617284e-05 6.17283950617284e-05 6.17283950617284e-05 6.17283950617284e-05 0.00037037037037037 6.17283950617284e-05 6.17283950617284e-05 0.996728395061728 0.00037037037037037 6.17283950617284e-05 0.00037037037037037 0.00037037037037037 6.17283950617284e-05 6.17283950617284e-05 6.17283950617284e-05; % D D=0.5
0.00037037037037037 0.00037037037037037 0.00037037037037037 6.17283950617284e-05 6.17283950617284e-05 6.17283950617284e-05 6.17283950617284e-05 6.17283950617284e-05 0.00037037037037037 6.17283950617284e-05 0.996728395061728 6.17283950617284e-05 0.00037037037037037 6.17283950617284e-05 0.00037037037037037 0.00037037037037037 6.17283950617284e-05 6.17283950617284e-05 6.17283950617284e-05; % G D=0.5
0.185555555555556 0.185555555555556 0.00222222222222222 0.00037037037037037 0.00037037037037037 0.00037037037037037 0.00037037037037037 0.00037037037037037 0.132222222222222 0.00037037037037037 0.00037037037037037 0.00037037037037037 0.145555555555556 0.00037037037037037 0.112222222222222 0.232222222222222 0.00037037037037037 0.00037037037037037 0.00037037037037037; % K D=0.5
0.00037037037037037 0.00037037037037037 0.00037037037037037 6.17283950617284e-05 6.17283950617284e-05 6.17283950617284e-05 0.996728395061728 6.17283950617284e-05 0.00037037037037037 6.17283950617284e-05 6.17283950617284e-05 6.17283950617284e-05 0.00037037037037037 6.17283950617284e-05 0.00037037037037037 0.00037037037037037 6.17283950617284e-05 6.17283950617284e-05 6.17283950617284e-05; % L D=0.5
0.252222222222222 0.00222222222222222 0.125555555555556 0.00037037037037037 0.00037037037037037 0.00037037037037037 0.00037037037037037 0.00037037037037037 0.125555555555556 0.00037037037037037 0.00037037037037037 0.00037037037037037 0.152222222222222 0.00037037037037037 0.145555555555556 0.192222222222222 0.00037037037037037 0.00037037037037037 0.00037037037037037; % P D=0.5
0.312222222222222 0.0855555555555556 0.112222222222222 0.00037037037037037 0.00037037037037037 0.00037037037037037 0.00037037037037037 0.00037037037037037 0.205555555555556 0.00037037037037037 0.00037037037037037 0.00037037037037037 0.112222222222222 0.00037037037037037 0.165555555555556 0.00222222222222222 0.00037037037037037 0.00037037037037037 0.00037037037037037; % T D=0.5
0.00037037037037037 0.00037037037037037 0.00037037037037037 6.17283950617284e-05 6.17283950617284e-05 6.17283950617284e-05 6.17283950617284e-05 6.17283950617284e-05 0.00037037037037037 0.996728395061728 6.17283950617284e-05 6.17283950617284e-05 0.00037037037037037 6.17283950617284e-05 0.00037037037037037 0.00037037037037037 6.17283950617284e-05 6.17283950617284e-05 6.17283950617284e-05; % V D=0.5
0.00037037037037037 0.00037037037037037 0.00037037037037037 0.996728395061728 6.17283950617284e-05 6.17283950617284e-05 6.17283950617284e-05 6.17283950617284e-05 0.00037037037037037 6.17283950617284e-05 6.17283950617284e-05 6.17283950617284e-05 0.00037037037037037 6.17283950617284e-05 0.00037037037037037 0.00037037037037037 6.17283950617284e-05 6.17283950617284e-05 6.17283950617284e-05; % Z D=0.5
0.278888888888889 0.125555555555556 0.125555555555556 0.00037037037037037 0.00037037037037037 0.00037037037037037 0.00037037037037037 0.00037037037037037 0.00222222222222222 0.00037037037037037 0.00037037037037037 0.00037037037037037 0.158888888888889 0.00037037037037037 0.158888888888889 0.145555555555556 0.00037037037037037 0.00037037037037037 0.00037037037037037; % b D=0.5
0.00037037037037037 0.00037037037037037 0.00037037037037037 6.17283950617284e-05 6.17283950617284e-05 6.17283950617284e-05 6.17283950617284e-05 6.17283950617284e-05 0.00037037037037037 6.17283950617284e-05 6.17283950617284e-05 6.17283950617284e-05 0.00037037037037037 6.17283950617284e-05 0.00037037037037037 0.00037037037037037 6.17283950617284e-05 6.17283950617284e-05 0.996728395061728; % d D=0.5
0.00037037037037037 0.00037037037037037 0.00037037037037037 6.17283950617284e-05 6.17283950617284e-05 6.17283950617284e-05 6.17283950617284e-05 6.17283950617284e-05 0.00037037037037037 6.17283950617284e-05 6.17283950617284e-05 6.17283950617284e-05 0.00037037037037037 6.17283950617284e-05 0.00037037037037037 0.00037037037037037 6.17283950617284e-05 0.996728395061728 6.17283950617284e-05; % g D=0.5
0.00037037037037037 0.00037037037037037 0.00037037037037037 6.17283950617284e-05 6.17283950617284e-05 6.17283950617284e-05 6.17283950617284e-05 6.17283950617284e-05 0.00037037037037037 6.17283950617284e-05 6.17283950617284e-05 6.17283950617284e-05 0.00037037037037037 6.17283950617284e-05 0.00037037037037037 0.00037037037037037 0.996728395061728 6.17283950617284e-05 6.17283950617284e-05; % k D=0.5
0.00037037037037037 0.00037037037037037 0.00037037037037037 6.17283950617284e-05 6.17283950617284e-05 6.17283950617284e-05 6.17283950617284e-05 6.17283950617284e-05 0.00037037037037037 6.17283950617284e-05 6.17283950617284e-05 6.17283950617284e-05 0.00037037037037037 0.996728395061728 0.00037037037037037 0.00037037037037037 6.17283950617284e-05 6.17283950617284e-05 6.17283950617284e-05; % l D=0.5
0.00037037037037037 0.00037037037037037 0.00037037037037037 6.17283950617284e-05 6.17283950617284e-05 6.17283950617284e-05 6.17283950617284e-05 0.996728395061728 0.00037037037037037 6.17283950617284e-05 6.17283950617284e-05 6.17283950617284e-05 0.00037037037037037 6.17283950617284e-05 0.00037037037037037 0.00037037037037037 6.17283950617284e-05 6.17283950617284e-05 6.17283950617284e-05; % p D=0.5
0.172222222222222 0.132222222222222 0.198888888888889 0.00037037037037037 0.00037037037037037 0.00037037037037037 0.00037037037037037 0.00037037037037037 0.198888888888889 0.00037037037037037 0.00037037037037037 0.00037037037037037 0.178888888888889 0.00037037037037037 0.00222222222222222 0.112222222222222 0.00037037037037037 0.00037037037037037 0.00037037037037037; % t D=0.5
0.292222222222222 0.172222222222222 0.118888888888889 0.00037037037037037 0.00037037037037037 0.00037037037037037 0.00037037037037037 0.00037037037037037 0.105555555555556 0.00037037037037037 0.00037037037037037 0.00037037037037037 0.00222222222222222 0.00037037037037037 0.152222222222222 0.152222222222222 0.00037037037037037 0.00037037037037037 0.00037037037037037; % v D=0.5
0.00037037037037037 0.00037037037037037 0.00037037037037037 6.17283950617284e-05 0.996728395061728 6.17283950617284e-05 6.17283950617284e-05 6.17283950617284e-05 0.00037037037037037 6.17283950617284e-05 6.17283950617284e-05 6.17283950617284e-05 0.00037037037037037 6.17283950617284e-05 0.00037037037037037 0.00037037037037037 6.17283950617284e-05 6.17283950617284e-05 6.17283950617284e-05; % z D=0.5
0.00177777777777778 0.194666666666667 0.208 0.000296296296296296 0.000296296296296296 0.000296296296296296 0.000296296296296296 0.000296296296296296 0.150222222222222 0.000296296296296296 0.000296296296296296 0.000296296296296296 0.163555555555556 0.000296296296296296 0.172444444444444 0.105777777777778 0.000296296296296296 0.000296296296296296 0.000296296296296296; % $ D=0.6
0.000444444444444444 0.000444444444444444 0.000444444444444444 7.40740740740741e-05 7.40740740740741e-05 0.996074074074074 7.40740740740741e-05 7.40740740740741e-05 0.000444444444444444 7.40740740740741e-05 7.40740740740741e-05 7.40740740740741e-05 0.000444444444444444 7.40740740740741e-05 0.000444444444444444 0.000444444444444444 7.40740740740741e-05 7.40740740740741e-05 7.40740740740741e-05; % B D=0.6
0.000444444444444444 0.000444444444444444 0.000444444444444444 7.40740740740741e-05 7.40740740740741e-05 7.40740740740741e-05 7.40740740740741e-05 7.40740740740741e-05 0.000444444444444444 7.40740740740741e-05 7.40740740740741e-05 0.996074074074074 0.000444444444444444 7.40740740740741e-05 0.000444444444444444 0.000444444444444444 7.40740740740741e-05 7.40740740740741e-05 7.40740740740741e-05; % D D=0.6
0.000444444444444444 0.000444444444444444 0.000444444444444444 7.40740740740741e-05 7.40740740740741e-05 7.40740740740741e-05 7.40740740740741e-05 7.40740740740741e-05 0.000444444444444444 7.40740740740741e-05 0.996074074074074 7.40740740740741e-05 0.000444444444444444 7.40740740740741e-05 0.000444444444444444 0.000444444444444444 7.40740740740741e-05 7.40740740740741e-05 7.40740740740741e-05; % G D=0.6
0.185333333333333 0.185333333333333 0.00266666666666667 0.000444444444444444 0.000444444444444444 0.000444444444444444 0.000444444444444444 0.000444444444444444 0.132 0.000444444444444444 0.000444444444444444 0.000444444444444444 0.145333333333333 0.000444444444444444 0.112 0.232 0.000444444444444444 0.000444444444444444 0.000444444444444444; % K D=0.6
