syllables = '$BDGKLPTVZbdgklptvz';
discounts = [0.1 0.2 0.3 0.4 0.5 0.6 0.7 0.8 0.9 0.95];
kn_probs = [0.00496031746031746 0.00297619047619048 0.000992063492063492 0.000992063492063492 0.245634920634921 0.000992063492063492 0.162301587301587 0.000992063492063492 0.000992063492063492 0.000992063492063492 0.000992063492063492 0.164285714285714 0.000992063492063492 0.000992063492063492 0.163293650793651 0.000992063492063492 0.244642857142857 0.000992063492063492 0.000992063492063492; % $ D=0.1
0.00148809523809524 0.000892857142857143 0.000297619047619048 0.000297619047619048 0.00119047619047619 0.000297619047619048 0.00119047619047619 0.000297619047619048 0.000297619047619048 0.000297619047619048 0.000297619047619048 0.00178571428571429 0.987797619047619 0.000297619047619048 0.00148809523809524 0.000297619047619048 0.000892857142857143 0.000297619047619048 0.000297619047619048; % B D=0.1
0.118452380952381 0.366071428571429 0.00119047619047619 0.00119047619047619 0.242261904761905 0.00119047619047619 0.00476190476190476 0.00119047619047619 0.00119047619047619 0.00119047619047619 0.00119047619047619 0.244642857142857 0.00119047619047619 0.00119047619047619 0.00595238095238095 0.00119047619047619 0.00357142857142857 0.00119047619047619 0.00119047619047619; % D D=0.1
0.00148809523809524 0.000892857142857143 0.987797619047619 0.000297619047619048 0.00119047619047619 0.000297619047619048 0.00119047619047619 0.000297619047619048 0.000297619047619048 0.000297619047619048 0.000297619047619048 0.00178571428571429 0.000297619047619048 0.000297619047619048 0.00148809523809524 0.000297619047619048 0.000892857142857143 0.000297619047619048 0.000297619047619048; % G D=0.1
0.00148809523809524 0.000892857142857143 0.000297619047619048 0.000297619047619048 0.00119047619047619 0.000297619047619048 0.00119047619047619 0.000297619047619048 0.000297619047619048 0.000297619047619048 0.000297619047619048 0.00178571428571429 0.000297619047619048 0.000297619047619048 0.00148809523809524 0.987797619047619 0.000892857142857143 0.000297619047619048 0.000297619047619048; % K D=0.1
0.00148809523809524 0.000892857142857143 0.000297619047619048 0.000297619047619048 0.00119047619047619 0.000297619047619048 0.00119047619047619 0.987797619047619 0.000297619047619048 0.000297619047619048 0.000297619047619048 0.00178571428571429 0.000297619047619048 0.000297619047619048 0.00148809523809524 0.000297619047619048 0.000892857142857143 0.000297619047619048 0.000297619047619048; % L D=0.1
0.00148809523809524 0.000892857142857143 0.000297619047619048 0.000297619047619048 0.00119047619047619 0.000297619047619048 0.00119047619047619 0.000297619047619048 0.000297619047619048 0.987797619047619 0.000297619047619048 0.00178571428571429 0.000297619047619048 0.000297619047619048 0.00148809523809524 0.000297619047619048 0.000892857142857143 0.000297619047619048 0.000297619047619048; % P D=0.1
0.368452380952381 0.00357142857142857 0.00119047619047619 0.00119047619047619 0.00476190476190476 0.00119047619047619 0.242261904761905 0.00119047619047619 0.00119047619047619 0.00119047619047619 0.00119047619047619 0.119642857142857 0.00119047619047619 0.00119047619047619 0.243452380952381 0.00119047619047619 0.00357142857142857 0.00119047619047619 0.00119047619047619; % T D=0.1
0.00595238095238095 0.241071428571429 0.00119047619047619 0.00119047619047619 0.117261904761905 0.00119047619047619 0.00476190476190476 0.00119047619047619 0.00119047619047619 0.00119047619047619 0.00119047619047619 0.00714285714285714 0.00119047619047619 0.00119047619047619 0.243452380952381 0.00119047619047619 0.366071428571429 0.00119047619047619 0.00119047619047619; % V D=0.1
0.493452380952381 0.00357142857142857 0.00119047619047619 0.00119047619047619 0.00476190476190476 0.00119047619047619 0.00476190476190476 0.00119047619047619 0.00119047619047619 0.00119047619047619 0.00119047619047619 0.119642857142857 0.00119047619047619 0.00119047619047619 0.118452380952381 0.00119047619047619 0.241071428571429 0.00119047619047619 0.00119047619047619; % Z D=0.1
0.00148809523809524 0.000892857142857143 0.000297619047619048 0.000297619047619048 0.00119047619047619 0.000297619047619048 0.00119047619047619 0.000297619047619048 0.987797619047619 0.000297619047619048 0.000297619047619048 0.00178571428571429 0.000297619047619048 0.000297619047619048 0.00148809523809524 0.000297619047619048 0.000892857142857143 0.000297619047619048 0.000297619047619048; % b D=0.1
0.00148809523809524 0.000892857142857143 0.000297619047619048 0.000297619047619048 0.00119047619047619 0.000297619047619048 0.00119047619047619 0.000297619047619048 0.000297619047619048 0.000297619047619048 0.987797619047619 0.00178571428571429 0.000297619047619048 0.000297619047619048 0.00148809523809524 0.000297619047619048 0.000892857142857143 0.000297619047619048 0.000297619047619048; % d D=0.1
0.00148809523809524 0.000892857142857143 0.000297619047619048 0.000297619047619048 0.00119047619047619 0.000297619047619048 0.00119047619047619 0.000297619047619048 0.000297619047619048 0.000297619047619048 0.000297619047619048 0.00178571428571429 0.000297619047619048 0.000297619047619048 0.00148809523809524 0.000297619047619048 0.000892857142857143 0.000297619047619048 0.987797619047619; % g D=0.1
0.00148809523809524 0.000892857142857143 0.000297619047619048 0.987797619047619 0.00119047619047619 0.000297619047619048 0.00119047619047619 0.000297619047619048 0.000297619047619048 0.000297619047619048 0.000297619047619048 0.00178571428571429 0.000297619047619048 0.000297619047619048 0.00148809523809524 0.000297619047619048 0.000892857142857143 0.000297619047619048 0.000297619047619048; % k D=0.1
0.00148809523809524 0.000892857142857143 0.000297619047619048 0.000297619047619048 0.00119047619047619 0.000297619047619048 0.00119047619047619 0.000297619047619048 0.000297619047619048 0.000297619047619048 0.000297619047619048 0.00178571428571429 0.000297619047619048 0.000297619047619048 0.00148809523809524 0.000297619047619048 0.000892857142857143 0.987797619047619 0.000297619047619048; % l D=0.1
0.00148809523809524 0.000892857142857143 0.000297619047619048 0.000297619047619048 0.00119047619047619 0.987797619047619 0.00119047619047619 0.000297619047619048 0.000297619047619048 0.000297619047619048 0.000297619047619048 0.00178571428571429 0.000297619047619048 0.000297619047619048 0.00148809523809524 0.000297619047619048 0.000892857142857143 0.000297619047619048 0.000297619047619048; % p D=0.1
0.00148809523809524 0.000892857142857143 0.000297619047619048 0.000297619047619048 0.00119047619047619 0.000297619047619048 0.00119047619047619 0.000297619047619048 0.000297619047619048 0.000297619047619048 0.000297619047619048 0.00178571428571429 0.000297619047619048 0.987797619047619 0.00148809523809524 0.000297619047619048 0.000892857142857143 0.000297619047619048 0.000297619047619048; % t D=0.1
0.118452380952381 0.366071428571429 0.00119047619047619 0.00119047619047619 0.00476190476190476 0.00119047619047619 0.367261904761905 0.00119047619047619 0.00119047619047619 0.00119047619047619 0.00119047619047619 0.119642857142857 0.00119047619047619 0.00119047619047619 0.00595238095238095 0.00119047619047619 0.00357142857142857 0.00119047619047619 0.00119047619047619; % v D=0.1
0.369940476190476 0.00446428571428571 0.00148809523809524 0.00148809523809524 0.243452380952381 0.00148809523809524 0.118452380952381 0.00148809523809524 0.00148809523809524 0.00148809523809524 0.00148809523809524 0.121428571428571 0.00148809523809524 0.00148809523809524 0.119940476190476 0.00148809523809524 0.00446428571428571 0.00148809523809524 0.00148809523809524; % z D=0.1
0.00992063492063492 0.00595238095238095 0.00198412698412698 0.00198412698412698 0.241269841269841 0.00198412698412698 0.157936507936508 0.00198412698412698 0.00198412698412698 0.00198412698412698 0.00198412698412698 0.161904761904762 0.00198412698412698 0.00198412698412698 0.159920634920635 0.00198412698412698 0.239285714285714 0.00198412698412698 0.00198412698412698; % $ D=0.2
