syllables = '$BDGKLPTVZbdgklptvz';
discounts = [0.1 0.2 0.3 0.4 0.5 0.6 0.7 0.8 0.9 0.95];
kn_probs = [0.00271698113207547 0.000452830188679245 0.000452830188679245 0.000452830188679245 0.000452830188679245 0.000452830188679245 0.000452830188679245 0.238716981132075 0.158264150943396 0.000452830188679245 0.000452830188679245 0.118716981132075 0.238716981132075 0.000452830188679245 0.0787169811320755 0.000452830188679245 0.000452830188679245 0.158716981132075 0.000452830188679245; % $ D=0.1
0.292230854605993 0.000665926748057714 0.000665926748057714 0.000665926748057714 0.000665926748057714 0.000665926748057714 0.000665926748057714 0.174583795782464 0.00332963374028857 0.000665926748057714 0.000665926748057714 0.174583795782464 0.174583795782464 0.000665926748057714 0.0569367369589345 0.000665926748057714 0.000665926748057714 0.115760266370699 0.000665926748057714; % B D=0.1
0.000665926748057714 0.000110987791342952 0.000110987791342952 0.000110987791342952 0.000110987791342952 0.000110987791342952 0.000110987791342952 0.000665926748057714 0.000554938956714761 0.000110987791342952 0.994228634850166 0.000665926748057714 0.000665926748057714 0.000110987791342952 0.000665926748057714 0.000110987791342952 0.000110987791342952 0.000665926748057714 0.000110987791342952; % D D=0.1
0.000665926748057714 0.000110987791342952 0.000110987791342952 0.000110987791342952 0.000110987791342952 0.000110987791342952 0.000110987791342952 0.000665926748057714 0.000554938956714761 0.994228634850166 0.000110987791342952 0.000665926748057714 0.000665926748057714 0.000110987791342952 0.000665926748057714 0.000110987791342952 0.000110987791342952 0.000665926748057714 0.000110987791342952; % G D=0.1
0.174583795782464 0.000665926748057714 0.000665926748057714 0.000665926748057714 0.000665926748057714 0.000665926748057714 0.000665926748057714 0.0569367369589345 0.232741398446171 0.000665926748057714 0.000665926748057714 0.174583795782464 0.0569367369589345 0.000665926748057714 0.292230854605993 0.000665926748057714 0.000665926748057714 0.00399556048834628 0.000665926748057714; % K D=0.1
0.000665926748057714 0.000110987791342952 0.000110987791342952 0.000110987791342952 0.994228634850166 0.000110987791342952 0.000110987791342952 0.000665926748057714 0.000554938956714761 0.000110987791342952 0.000110987791342952 0.000665926748057714 0.000665926748057714 0.000110987791342952 0.000665926748057714 0.000110987791342952 0.000110987791342952 0.000665926748057714 0.000110987791342952; % L D=0.1
0.000665926748057714 0.000110987791342952 0.000110987791342952 0.994228634850166 0.000110987791342952 0.000110987791342952 0.000110987791342952 0.000665926748057714 0.000554938956714761 0.000110987791342952 0.000110987791342952 0.000665926748057714 0.000665926748057714 0.000110987791342952 0.000665926748057714 0.000110987791342952 0.000110987791342952 0.000665926748057714 0.000110987791342952; % P D=0.1
0.000665926748057714 0.000110987791342952 0.000110987791342952 0.000110987791342952 0.000110987791342952 0.000110987791342952 0.994228634850166 0.000665926748057714 0.000554938956714761 0.000110987791342952 0.000110987791342952 0.000665926748057714 0.000665926748057714 0.000110987791342952 0.000665926748057714 0.000110987791342952 0.000110987791342952 0.000665926748057714 0.000110987791342952; % T D=0.1
0.000665926748057714 0.994228634850166 0.000110987791342952 0.000110987791342952 0.000110987791342952 0.000110987791342952 0.000110987791342952 0.000665926748057714 0.000554938956714761 0.000110987791342952 0.000110987791342952 0.000665926748057714 0.000665926748057714 0.000110987791342952 0.000665926748057714 0.000110987791342952 0.000110987791342952 0.000665926748057714 0.000110987791342952; % V D=0.1
0.409877913429523 0.000665926748057714 0.000665926748057714 0.000665926748057714 0.000665926748057714 0.000665926748057714 0.000665926748057714 0.00399556048834628 0.173917869034406 0.000665926748057714 0.000665926748057714 0.115760266370699 0.0569367369589345 0.000665926748057714 0.115760266370699 0.000665926748057714 0.000665926748057714 0.115760266370699 0.000665926748057714; % Z D=0.1
0.115760266370699 0.000665926748057714 0.000665926748057714 0.000665926748057714 0.000665926748057714 0.000665926748057714 0.000665926748057714 0.115760266370699 0.115094339622641 0.000665926748057714 0.000665926748057714 0.174583795782464 0.00399556048834628 0.000665926748057714 0.115760266370699 0.000665926748057714 0.000665926748057714 0.351054384017758 0.000665926748057714; % b D=0.1
0.000707547169811321 0.000117924528301887 0.000117924528301887 0.000117924528301887 0.000117924528301887 0.000117924528301887 0.000117924528301887 0.000707547169811321 0.000589622641509434 0.000117924528301887 0.000117924528301887 0.000707547169811321 0.000707547169811321 0.993867924528302 0.000707547169811321 0.000117924528301887 0.000117924528301887 0.000707547169811321 0.000117924528301887; % d D=0.1
0.000665926748057714 0.000110987791342952 0.000110987791342952 0.000110987791342952 0.000110987791342952 0.000110987791342952 0.000110987791342952 0.000665926748057714 0.000554938956714761 0.000110987791342952 0.000110987791342952 0.000665926748057714 0.000665926748057714 0.000110987791342952 0.000665926748057714 0.000110987791342952 0.994228634850166 0.000665926748057714 0.000110987791342952; % g D=0.1
0.247995283018868 0.000707547169811321 0.000707547169811321 0.000707547169811321 0.000707547169811321 0.000707547169811321 0.000707547169811321 0.122995283018868 0.247287735849057 0.000707547169811321 0.000707547169811321 0.00424528301886793 0.0604952830188679 0.000707547169811321 0.247995283018868 0.000707547169811321 0.000707547169811321 0.0604952830188679 0.000707547169811321; % k D=0.1
0.000707547169811321 0.000117924528301887 0.000117924528301887 0.000117924528301887 0.000117924528301887 0.000117924528301887 0.000117924528301887 0.000707547169811321 0.000589622641509434 0.000117924528301887 0.000117924528301887 0.000707547169811321 0.000707547169811321 0.000117924528301887 0.000707547169811321 0.000117924528301887 0.000117924528301887 0.000707547169811321 0.993867924528302; % l D=0.1
0.247287735849057 0.000589622641509434 0.000589622641509434 0.000589622641509434 0.000589622641509434 0.000589622641509434 0.000589622641509434 0.184787735849057 0.00294811320754717 0.000589622641509434 0.000589622641509434 0.122287735849057 0.309787735849057 0.000589622641509434 0.0035377358490566 0.000589622641509434 0.000589622641509434 0.122287735849057 0.000589622641509434; % p D=0.1
0.000665926748057714 0.000110987791342952 0.994228634850166 0.000110987791342952 0.000110987791342952 0.000110987791342952 0.000110987791342952 0.000665926748057714 0.000554938956714761 0.000110987791342952 0.000110987791342952 0.000665926748057714 0.000665926748057714 0.000110987791342952 0.000665926748057714 0.000110987791342952 0.000110987791342952 0.000665926748057714 0.000110987791342952; % t D=0.1
0.000665926748057714 0.000110987791342952 0.000110987791342952 0.000110987791342952 0.000110987791342952 0.994228634850166 0.000110987791342952 0.000665926748057714 0.000554938956714761 0.000110987791342952 0.000110987791342952 0.000665926748057714 0.000665926748057714 0.000110987791342952 0.000665926748057714 0.000110987791342952 0.000110987791342952 0.000665926748057714 0.000110987791342952; % v D=0.1
0.000707547169811321 0.000117924528301887 0.000117924528301887 0.000117924528301887 0.000117924528301887 0.000117924528301887 0.000117924528301887 0.000707547169811321 0.000589622641509434 0.000117924528301887 0.000117924528301887 0.000707547169811321 0.000707547169811321 0.000117924528301887 0.000707547169811321 0.993867924528302 0.000117924528301887 0.000707547169811321 0.000117924528301887; % z D=0.1
