syllables = '$BDGKLPTVZbdgklptvz';
discounts = [0.1 0.2 0.3 0.4 0.5 0.6 0.7 0.8 0.9 0.95];
kn_probs = [0.000218181818181818 3.63636363636364e-05 0.179921212121212 3.63636363636364e-05 3.63636363636364e-05 0.166551515151515 3.63636363636364e-05 3.63636363636364e-05 0.159884848484848 3.63636363636364e-05 3.63636363636364e-05 3.63636363636364e-05 3.63636363636364e-05 0.156551515151515 0.183218181818182 3.63636363636364e-05 3.63636363636364e-05 0.153218181818182 3.63636363636364e-05; % $ D=0.1
5.45454545454546e-05 9.09090909090909e-06 6.36363636363636e-05 9.09090909090909e-06 9.09090909090909e-06 5.45454545454546e-05 9.09090909090909e-06 9.09090909090909e-06 5.45454545454546e-05 9.09090909090909e-06 9.09090909090909e-06 9.09090909090909e-06 9.09090909090909e-06 5.45454545454546e-05 5.45454545454546e-05 0.999509090909091 9.09090909090909e-06 5.45454545454546e-05 9.09090909090909e-06; % B D=0.1
5.45454545454546e-05 9.09090909090909e-06 6.36363636363636e-05 0.999509090909091 9.09090909090909e-06 5.45454545454546e-05 9.09090909090909e-06 9.09090909090909e-06 5.45454545454546e-05 9.09090909090909e-06 9.09090909090909e-06 9.09090909090909e-06 9.09090909090909e-06 5.45454545454546e-05 5.45454545454546e-05 9.09090909090909e-06 9.09090909090909e-06 5.45454545454546e-05 9.09090909090909e-06; % D D=0.1
5.45454545454546e-05 9.09090909090909e-06 6.36363636363636e-05 9.09090909090909e-06 9.09090909090909e-06 5.45454545454546e-05 9.09090909090909e-06 9.09090909090909e-06 5.45454545454546e-05 9.09090909090909e-06 9.09090909090909e-06 9.09090909090909e-06 0.999509090909091 5.45454545454546e-05 5.45454545454546e-05 9.09090909090909e-06 9.09090909090909e-06 5.45454545454546e-05 9.09090909090909e-06; % G D=0.1
5.45454545454546e-05 9.09090909090909e-06 6.36363636363636e-05 9.09090909090909e-06 9.09090909090909e-06 5.45454545454546e-05 9.09090909090909e-06 9.09090909090909e-06 5.45454545454546e-05 9.09090909090909e-06 9.09090909090909e-06 0.999509090909091 9.09090909090909e-06 5.45454545454546e-05 5.45454545454546e-05 9.09090909090909e-06 9.09090909090909e-06 5.45454545454546e-05 9.09090909090909e-06; % K D=0.1
5.45454545454546e-05 9.09090909090909e-06 6.36363636363636e-05 9.09090909090909e-06 0.999509090909091 5.45454545454546e-05 9.09090909090909e-06 9.09090909090909e-06 5.45454545454546e-05 9.09090909090909e-06 9.09090909090909e-06 9.09090909090909e-06 9.09090909090909e-06 5.45454545454546e-05 5.45454545454546e-05 9.09090909090909e-06 9.09090909090909e-06 5.45454545454546e-05 9.09090909090909e-06; % L D=0.1
0.249827272727273 5.45454545454546e-05 0.109881818181818 5.45454545454546e-05 5.45454545454546e-05 0.114827272727273 5.45454545454546e-05 5.45454545454546e-05 0.189827272727273 5.45454545454546e-05 5.45454545454546e-05 5.45454545454546e-05 5.45454545454546e-05 0.129827272727273 0.000327272727272727 5.45454545454546e-05 5.45454545454546e-05 0.204827272727273 5.45454545454546e-05; % P D=0.1
0.279827272727273 5.45454545454546e-05 0.179881818181818 5.45454545454546e-05 5.45454545454546e-05 0.134827272727273 5.45454545454546e-05 5.45454545454546e-05 0.134827272727273 5.45454545454546e-05 5.45454545454546e-05 5.45454545454546e-05 5.45454545454546e-05 0.000327272727272727 0.144827272727273 5.45454545454546e-05 5.45454545454546e-05 0.124827272727273 5.45454545454546e-05; % T D=0.1
5.45454545454546e-05 9.09090909090909e-06 6.36363636363636e-05 9.09090909090909e-06 9.09090909090909e-06 5.45454545454546e-05 9.09090909090909e-06 9.09090909090909e-06 5.45454545454546e-05 9.09090909090909e-06 9.09090909090909e-06 9.09090909090909e-06 9.09090909090909e-06 5.45454545454546e-05 5.45454545454546e-05 9.09090909090909e-06 9.09090909090909e-06 5.45454545454546e-05 0.999509090909091; % V D=0.1
5.45454545454546e-05 9.09090909090909e-06 6.36363636363636e-05 9.09090909090909e-06 9.09090909090909e-06 5.45454545454546e-05 9.09090909090909e-06 9.09090909090909e-06 5.45454545454546e-05 9.09090909090909e-06 9.09090909090909e-06 9.09090909090909e-06 9.09090909090909e-06 5.45454545454546e-05 5.45454545454546e-05 9.09090909090909e-06 0.999509090909091 5.45454545454546e-05 9.09090909090909e-06; % Z D=0.1
0.249881818181818 6.36363636363636e-05 0.00494545454545455 6.36363636363636e-05 6.36363636363636e-05 0.189881818181818 6.36363636363636e-05 6.36363636363636e-05 0.144881818181818 6.36363636363636e-05 6.36363636363636e-05 6.36363636363636e-05 6.36363636363636e-05 0.154881818181818 0.119881818181818 6.36363636363636e-05 6.36363636363636e-05 0.134881818181818 6.36363636363636e-05; % b D=0.1
0.274827272727273 5.45454545454546e-05 0.139881818181818 5.45454545454546e-05 5.45454545454546e-05 0.000327272727272727 5.45454545454546e-05 5.45454545454546e-05 0.144827272727273 5.45454545454546e-05 5.45454545454546e-05 5.45454545454546e-05 5.45454545454546e-05 0.169827272727273 0.159827272727273 5.45454545454546e-05 5.45454545454546e-05 0.109827272727273 5.45454545454546e-05; % d D=0.1
5.45454545454546e-05 9.09090909090909e-06 6.36363636363636e-05 9.09090909090909e-06 9.09090909090909e-06 5.45454545454546e-05 9.09090909090909e-06 9.09090909090909e-06 5.45454545454546e-05 9.09090909090909e-06 0.999509090909091 9.09090909090909e-06 9.09090909090909e-06 5.45454545454546e-05 5.45454545454546e-05 9.09090909090909e-06 9.09090909090909e-06 5.45454545454546e-05 9.09090909090909e-06; % g D=0.1
5.45454545454546e-05 9.09090909090909e-06 6.36363636363636e-05 9.09090909090909e-06 9.09090909090909e-06 5.45454545454546e-05 9.09090909090909e-06 0.999509090909091 5.45454545454546e-05 9.09090909090909e-06 9.09090909090909e-06 9.09090909090909e-06 9.09090909090909e-06 5.45454545454546e-05 5.45454545454546e-05 9.09090909090909e-06 9.09090909090909e-06 5.45454545454546e-05 9.09090909090909e-06; % k D=0.1
5.45454545454546e-05 9.09090909090909e-06 6.36363636363636e-05 9.09090909090909e-06 9.09090909090909e-06 5.45454545454546e-05 0.999509090909091 9.09090909090909e-06 5.45454545454546e-05 9.09090909090909e-06 9.09090909090909e-06 9.09090909090909e-06 9.09090909090909e-06 5.45454545454546e-05 5.45454545454546e-05 9.09090909090909e-06 9.09090909090909e-06 5.45454545454546e-05 9.09090909090909e-06; % l D=0.1
0.249827272727273 5.45454545454546e-05 0.159881818181818 5.45454545454546e-05 5.45454545454546e-05 0.144827272727273 5.45454545454546e-05 5.45454545454546e-05 0.144827272727273 5.45454545454546e-05 5.45454545454546e-05 5.45454545454546e-05 5.45454545454546e-05 0.139827272727273 0.159827272727273 5.45454545454546e-05 5.45454545454546e-05 0.000327272727272727 5.45454545454546e-05; % p D=0.1
0.194827272727273 5.45454545454546e-05 0.134881818181818 5.45454545454546e-05 5.45454545454546e-05 0.164827272727273 5.45454545454546e-05 5.45454545454546e-05 0.000327272727272727 5.45454545454546e-05 5.45454545454546e-05 5.45454545454546e-05 5.45454545454546e-05 0.169827272727273 0.139827272727273 5.45454545454546e-05 5.45454545454546e-05 0.194827272727273 5.45454545454546e-05; % t D=0.1
5.45454545454546e-05 0.999509090909091 6.36363636363636e-05 9.09090909090909e-06 9.09090909090909e-06 5.45454545454546e-05 9.09090909090909e-06 9.09090909090909e-06 5.45454545454546e-05 9.09090909090909e-06 9.09090909090909e-06 9.09090909090909e-06 9.09090909090909e-06 5.45454545454546e-05 5.45454545454546e-05 9.09090909090909e-06 9.09090909090909e-06 5.45454545454546e-05 9.09090909090909e-06; % v D=0.1
5.45454545454546e-05 9.09090909090909e-06 6.36363636363636e-05 9.09090909090909e-06 9.09090909090909e-06 5.45454545454546e-05 9.09090909090909e-06 9.09090909090909e-06 5.45454545454546e-05 0.999509090909091 9.09090909090909e-06 9.09090909090909e-06 9.09090909090909e-06 5.45454545454546e-05 5.45454545454546e-05 9.09090909090909e-06 9.09090909090909e-06 5.45454545454546e-05 9.09090909090909e-06; % z D=0.1
