syllables = '$BDGKLPTVZbdgklptvz';
discounts = [0.1 0.2 0.3 0.4 0.5 0.6 0.7 0.8 0.9 0.95];
kn_probs = [0.000888888888888889 0.000148148148148148 0.000148148148148148 0.000148148148148148 0.199555555555556 0.132888888888889 0.000148148148148148 0.186222222222222 0.000148148148148148 0.172888888888889 0.000148148148148148 0.000148148148148148 0.000148148148148148 0.000148148148148148 0.106222222222222 0.000148148148148148 0.000148148148148148 0.000148148148148148 0.199555555555556; % $ D=0.1
0.319333333333333 0.000222222222222222 0.000222222222222222 0.000222222222222222 0.0593333333333333 0.00133333333333333 0.000222222222222222 0.159333333333333 0.000222222222222222 0.139333333333333 0.000222222222222222 0.000222222222222222 0.000222222222222222 0.000222222222222222 0.199333333333333 0.000222222222222222 0.000222222222222222 0.000222222222222222 0.119333333333333; % B D=0.1
0.000222222222222222 3.7037037037037e-05 3.7037037037037e-05 3.7037037037037e-05 0.000222222222222222 0.000222222222222222 3.7037037037037e-05 0.000222222222222222 3.7037037037037e-05 0.000222222222222222 3.7037037037037e-05 3.7037037037037e-05 3.7037037037037e-05 3.7037037037037e-05 0.000222222222222222 3.7037037037037e-05 0.998037037037037 3.7037037037037e-05 0.000222222222222222; % D D=0.1
0.159333333333333 0.000222222222222222 0.000222222222222222 0.000222222222222222 0.119333333333333 0.299333333333333 0.000222222222222222 0.00133333333333333 0.000222222222222222 0.0593333333333333 0.000222222222222222 0.000222222222222222 0.000222222222222222 0.000222222222222222 0.159333333333333 0.000222222222222222 0.000222222222222222 0.000222222222222222 0.199333333333333; % G D=0.1
0.000222222222222222 3.7037037037037e-05 3.7037037037037e-05 3.7037037037037e-05 0.000222222222222222 0.000222222222222222 3.7037037037037e-05 0.000222222222222222 3.7037037037037e-05 0.000222222222222222 3.7037037037037e-05 0.998037037037037 3.7037037037037e-05 3.7037037037037e-05 0.000222222222222222 3.7037037037037e-05 3.7037037037037e-05 3.7037037037037e-05 0.000222222222222222; % K D=0.1
0.000222222222222222 3.7037037037037e-05 3.7037037037037e-05 3.7037037037037e-05 0.000222222222222222 0.000222222222222222 3.7037037037037e-05 0.000222222222222222 3.7037037037037e-05 0.000222222222222222 0.998037037037037 3.7037037037037e-05 3.7037037037037e-05 3.7037037037037e-05 0.000222222222222222 3.7037037037037e-05 3.7037037037037e-05 3.7037037037037e-05 0.000222222222222222; % L D=0.1
0.000222222222222222 0.998037037037037 3.7037037037037e-05 3.7037037037037e-05 0.000222222222222222 0.000222222222222222 3.7037037037037e-05 0.000222222222222222 3.7037037037037e-05 0.000222222222222222 3.7037037037037e-05 3.7037037037037e-05 3.7037037037037e-05 3.7037037037037e-05 0.000222222222222222 3.7037037037037e-05 3.7037037037037e-05 3.7037037037037e-05 0.000222222222222222; % P D=0.1
0.000222222222222222 3.7037037037037e-05 3.7037037037037e-05 0.998037037037037 0.000222222222222222 0.000222222222222222 3.7037037037037e-05 0.000222222222222222 3.7037037037037e-05 0.000222222222222222 3.7037037037037e-05 3.7037037037037e-05 3.7037037037037e-05 3.7037037037037e-05 0.000222222222222222 3.7037037037037e-05 3.7037037037037e-05 3.7037037037037e-05 0.000222222222222222; % T D=0.1
0.000222222222222222 3.7037037037037e-05 3.7037037037037e-05 3.7037037037037e-05 0.000222222222222222 0.000222222222222222 3.7037037037037e-05 0.000222222222222222 3.7037037037037e-05 0.000222222222222222 3.7037037037037e-05 3.7037037037037e-05 3.7037037037037e-05 3.7037037037037e-05 0.000222222222222222 3.7037037037037e-05 3.7037037037037e-05 0.998037037037037 0.000222222222222222; % V D=0.1
0.000222222222222222 3.7037037037037e-05 0.998037037037037 3.7037037037037e-05 0.000222222222222222 0.000222222222222222 3.7037037037037e-05 0.000222222222222222 3.7037037037037e-05 0.000222222222222222 3.7037037037037e-05 3.7037037037037e-05 3.7037037037037e-05 3.7037037037037e-05 0.000222222222222222 3.7037037037037e-05 3.7037037037037e-05 3.7037037037037e-05 0.000222222222222222; % Z D=0.1
0.000222222222222222 3.7037037037037e-05 3.7037037037037e-05 3.7037037037037e-05 0.000222222222222222 0.000222222222222222 0.998037037037037 0.000222222222222222 3.7037037037037e-05 0.000222222222222222 3.7037037037037e-05 3.7037037037037e-05 3.7037037037037e-05 3.7037037037037e-05 0.000222222222222222 3.7037037037037e-05 3.7037037037037e-05 3.7037037037037e-05 0.000222222222222222; % b D=0.1
0.000222222222222222 3.7037037037037e-05 3.7037037037037e-05 3.7037037037037e-05 0.000222222222222222 0.000222222222222222 3.7037037037037e-05 0.000222222222222222 3.7037037037037e-05 0.000222222222222222 3.7037037037037e-05 3.7037037037037e-05 0.998037037037037 3.7037037037037e-05 0.000222222222222222 3.7037037037037e-05 3.7037037037037e-05 3.7037037037037e-05 0.000222222222222222; % d D=0.1
0.000222222222222222 3.7037037037037e-05 3.7037037037037e-05 3.7037037037037e-05 0.000222222222222222 0.000222222222222222 3.7037037037037e-05 0.000222222222222222 3.7037037037037e-05 0.000222222222222222 3.7037037037037e-05 3.7037037037037e-05 3.7037037037037e-05 0.998037037037037 0.000222222222222222 3.7037037037037e-05 3.7037037037037e-05 3.7037037037037e-05 0.000222222222222222; % g D=0.1
0.259333333333333 0.000222222222222222 0.000222222222222222 0.000222222222222222 0.00133333333333333 0.0993333333333333 0.000222222222222222 0.179333333333333 0.000222222222222222 0.179333333333333 0.000222222222222222 0.000222222222222222 0.000222222222222222 0.000222222222222222 0.179333333333333 0.000222222222222222 0.000222222222222222 0.000222222222222222 0.0993333333333333; % k D=0.1
0.000222222222222222 3.7037037037037e-05 3.7037037037037e-05 3.7037037037037e-05 0.000222222222222222 0.000222222222222222 3.7037037037037e-05 0.000222222222222222 0.998037037037037 0.000222222222222222 3.7037037037037e-05 3.7037037037037e-05 3.7037037037037e-05 3.7037037037037e-05 0.000222222222222222 3.7037037037037e-05 3.7037037037037e-05 3.7037037037037e-05 0.000222222222222222; % l D=0.1
0.159333333333333 0.000222222222222222 0.000222222222222222 0.000222222222222222 0.259333333333333 0.199333333333333 0.000222222222222222 0.0793333333333333 0.000222222222222222 0.159333333333333 0.000222222222222222 0.000222222222222222 0.000222222222222222 0.000222222222222222 0.139333333333333 0.000222222222222222 0.000222222222222222 0.000222222222222222 0.00133333333333333; % p D=0.1
0.259333333333333 0.000222222222222222 0.000222222222222222 0.000222222222222222 0.159333333333333 0.0793333333333333 0.000222222222222222 0.199333333333333 0.000222222222222222 0.00133333333333333 0.000222222222222222 0.000222222222222222 0.000222222222222222 0.000222222222222222 0.159333333333333 0.000222222222222222 0.000222222222222222 0.000222222222222222 0.139333333333333; % t D=0.1
0.339333333333333 0.000222222222222222 0.000222222222222222 0.000222222222222222 0.0993333333333333 0.119333333333333 0.000222222222222222 0.0993333333333333 0.000222222222222222 0.199333333333333 0.000222222222222222 0.000222222222222222 0.000222222222222222 0.000222222222222222 0.00133333333333333 0.000222222222222222 0.000222222222222222 0.000222222222222222 0.139333333333333; % v D=0.1
0.000222222222222222 3.7037037037037e-05 3.7037037037037e-05 3.7037037037037e-05 0.000222222222222222 0.000222222222222222 3.7037037037037e-05 0.000222222222222222 3.7037037037037e-05 0.000222222222222222 3.7037037037037e-05 3.7037037037037e-05 3.7037037037037e-05 3.7037037037037e-05 0.000222222222222222 0.998037037037037 3.7037037037037e-05 3.7037037037037e-05 0.000222222222222222; % z D=0.1
0.00177777777777778 0.000296296296296296 0.000296296296296296 0.000296296296296296 0.199111111111111 0.132444444444444 0.000296296296296296 0.185777777777778 0.000296296296296296 0.172444444444444 0.000296296296296296 0.000296296296296296 0.000296296296296296 0.000296296296296296 0.105777777777778 0.000296296296296296 0.000296296296296296 0.000296296296296296 0.199111111111111; % $ D=0.2
0.318666666666667 0.000444444444444445 0.000444444444444445 0.000444444444444445 0.0586666666666667 0.00266666666666667 0.000444444444444445 0.158666666666667 0.000444444444444445 0.138666666666667 0.000444444444444445 0.000444444444444445 0.000444444444444445 0.000444444444444445 0.198666666666667 0.000444444444444445 0.000444444444444445 0.000444444444444445 0.118666666666667; % B D=0.2
0.000444444444444445 7.40740740740741e-05 7.40740740740741e-05 7.40740740740741e-05 0.000444444444444445 0.000444444444444445 7.40740740740741e-05 0.000444444444444445 7.40740740740741e-05 0.000444444444444445 7.40740740740741e-05 7.40740740740741e-05 7.40740740740741e-05 7.40740740740741e-05 0.000444444444444445 7.40740740740741e-05 0.996074074074074 7.40740740740741e-05 0.000444444444444445; % D D=0.2
0.158666666666667 0.000444444444444445 0.000444444444444445 0.000444444444444445 0.118666666666667 0.298666666666667 0.000444444444444445 0.00266666666666667 0.000444444444444445 0.0586666666666667 0.000444444444444445 0.000444444444444445 0.000444444444444445 0.000444444444444445 0.158666666666667 0.000444444444444445 0.000444444444444445 0.000444444444444445 0.198666666666667; % G D=0.2
0.000444444444444445 7.40740740740741e-05 7.40740740740741e-05 7.40740740740741e-05 0.000444444444444445 0.000444444444444445 7.40740740740741e-05 0.000444444444444445 7.40740740740741e-05 0.000444444444444445 7.40740740740741e-05 0.996074074074074 7.40740740740741e-05 7.40740740740741e-05 0.000444444444444445 7.40740740740741e-05 7.40740740740741e-05 7.40740740740741e-05 0.000444444444444445; % K D=0.2
0.000444444444444445 7.40740740740741e-05 7.40740740740741e-05 7.40740740740741e-05 0.000444444444444445 0.000444444444444445 7.40740740740741e-05 0.000444444444444445 7.40740740740741e-05 0.000444444444444445 0.996074074074074 7.40740740740741e-05 7.40740740740741e-05 7.40740740740741e-05 0.000444444444444445 7.40740740740741e-05 7.40740740740741e-05 7.40740740740741e-05 0.000444444444444445; % L D=0.2
0.000444444444444445 0.996074074074074 7.40740740740741e-05 7.40740740740741e-05 0.000444444444444445 0.000444444444444445 7.40740740740741e-05 0.000444444444444445 7.40740740740741e-05 0.000444444444444445 7.40740740740741e-05 7.40740740740741e-05 7.40740740740741e-05 7.40740740740741e-05 0.000444444444444445 7.40740740740741e-05 7.40740740740741e-05 7.40740740740741e-05 0.000444444444444445; % P D=0.2
0.000444444444444445 7.40740740740741e-05 7.40740740740741e-05 0.996074074074074 0.000444444444444445 0.000444444444444445 7.40740740740741e-05 0.000444444444444445 7.40740740740741e-05 0.000444444444444445 7.40740740740741e-05 7.40740740740741e-05 7.40740740740741e-05 7.40740740740741e-05 0.000444444444444445 7.40740740740741e-05 7.40740740740741e-05 7.40740740740741e-05 0.000444444444444445; % T D=0.2
0.000444444444444445 7.40740740740741e-05 7.40740740740741e-05 7.40740740740741e-05 0.000444444444444445 0.000444444444444445 7.40740740740741e-05 0.000444444444444445 7.40740740740741e-05 0.000444444444444445 7.40740740740741e-05 7.40740740740741e-05 7.40740740740741e-05 7.40740740740741e-05 0.000444444444444445 7.40740740740741e-05 7.40740740740741e-05 0.996074074074074 0.000444444444444445; % V D=0.2
0.000444444444444445 7.40740740740741e-05 0.996074074074074 7.40740740740741e-05 0.000444444444444445 0.000444444444444445 7.40740740740741e-05 0.000444444444444445 7.40740740740741e-05 0.000444444444444445 7.40740740740741e-05 7.40740740740741e-05 7.40740740740741e-05 7.40740740740741e-05 0.000444444444444445 7.40740740740741e-05 7.40740740740741e-05 7.40740740740741e-05 0.000444444444444445; % Z D=0.2
0.000444444444444445 7.40740740740741e-05 7.40740740740741e-05 7.40740740740741e-05 0.000444444444444445 0.000444444444444445 0.996074074074074 0.000444444444444445 7.40740740740741e-05 0.000444444444444445 7.40740740740741e-05 7.40740740740741e-05 7.40740740740741e-05 7.40740740740741e-05 0.000444444444444445 7.40740740740741e-05 7.40740740740741e-05 7.40740740740741e-05 0.000444444444444445; % b D=0.2
0.000444444444444445 7.40740740740741e-05 7.40740740740741e-05 7.40740740740741e-05 0.000444444444444445 0.000444444444444445 7.40740740740741e-05 0.000444444444444445 7.40740740740741e-05 0.000444444444444445 7.40740740740741e-05 7.40740740740741e-05 0.996074074074074 7.40740740740741e-05 0.000444444444444445 7.40740740740741e-05 7.40740740740741e-05 7.40740740740741e-05 0.000444444444444445; % d D=0.2
0.000444444444444445 7.40740740740741e-05 7.40740740740741e-05 7.40740740740741e-05 0.000444444444444445 0.000444444444444445 7.40740740740741e-05 0.000444444444444445 7.40740740740741e-05 0.000444444444444445 7.40740740740741e-05 7.40740740740741e-05 7.40740740740741e-05 0.996074074074074 0.000444444444444445 7.40740740740741e-05 7.40740740740741e-05 7.40740740740741e-05 0.000444444444444445; % g D=0.2
0.258666666666667 0.000444444444444445 0.000444444444444445 0.000444444444444445 0.00266666666666667 0.0986666666666667 0.000444444444444445 0.178666666666667 0.000444444444444445 0.178666666666667 0.000444444444444445 0.000444444444444445 0.000444444444444445 0.000444444444444445 0.178666666666667 0.000444444444444445 0.000444444444444445 0.000444444444444445 0.0986666666666667; % k D=0.2
0.000444444444444445 7.40740740740741e-05 7.40740740740741e-05 7.40740740740741e-05 0.000444444444444445 0.000444444444444445 7.40740740740741e-05 0.000444444444444445 0.996074074074074 0.000444444444444445 7.40740740740741e-05 7.40740740740741e-05 7.40740740740741e-05 7.40740740740741e-05 0.000444444444444445 7.40740740740741e-05 7.40740740740741e-05 7.40740740740741e-05 0.000444444444444445; % l D=0.2
0.158666666666667 0.000444444444444445 0.000444444444444445 0.000444444444444445 0.258666666666667 0.198666666666667 0.000444444444444445 0.0786666666666667 0.000444444444444445 0.158666666666667 0.000444444444444445 0.000444444444444445 0.000444444444444445 0.000444444444444445 0.138666666666667 0.000444444444444445 0.000444444444444445 0.000444444444444445 0.00266666666666667; % p D=0.2
0.258666666666667 0.000444444444444445 0.000444444444444445 0.000444444444444445 0.158666666666667 0.0786666666666667 0.000444444444444445 0.198666666666667 0.000444444444444445 0.00266666666666667 0.000444444444444445 0.000444444444444445 0.000444444444444445 0.000444444444444445 0.158666666666667 0.000444444444444445 0.000444444444444445 0.000444444444444445 0.138666666666667; % t D=0.2
0.338666666666667 0.000444444444444445 0.000444444444444445 0.000444444444444445 0.0986666666666667 0.118666666666667 0.000444444444444445 0.0986666666666667 0.000444444444444445 0.198666666666667 0.000444444444444445 0.000444444444444445 0.000444444444444445 0.000444444444444445 0.00266666666666667 0.000444444444444445 0.000444444444444445 0.000444444444444445 0.138666666666667; % v D=0.2
0.000444444444444445 7.40740740740741e-05 7.40740740740741e-05 7.40740740740741e-05 0.000444444444444445 0.000444444444444445 7.40740740740741e-05 0.000444444444444445 7.40740740740741e-05 0.000444444444444445 7.40740740740741e-05 7.40740740740741e-05 7.40740740740741e-05 7.40740740740741e-05 0.000444444444444445 0.996074074074074 7.40740740740741e-05 7.40740740740741e-05 0.000444444444444445; % z D=0.2
0.00266666666666667 0.000444444444444444 0.000444444444444444 0.000444444444444444 0.198666666666667 0.132 0.000444444444444444 0.185333333333333 0.000444444444444444 0.172 0.000444444444444444 0.000444444444444444 0.000444444444444444 0.000444444444444444 0.105333333333333 0.000444444444444444 0.000444444444444444 0.000444444444444444 0.198666666666667; % $ D=0.3
0.318 0.000666666666666667 0.000666666666666667 0.000666666666666667 0.058 0.004 0.000666666666666667 0.158 0.000666666666666667 0.138 0.000666666666666667 0.000666666666666667 0.000666666666666667 0.000666666666666667 0.198 0.000666666666666667 0.000666666666666667 0.000666666666666667 0.118; % B D=0.3
0.000666666666666667 0.000111111111111111 0.000111111111111111 0.000111111111111111 0.000666666666666667 0.000666666666666667 0.000111111111111111 0.000666666666666667 0.000111111111111111 0.000666666666666667 0.000111111111111111 0.000111111111111111 0.000111111111111111 0.000111111111111111 0.000666666666666667 0.000111111111111111 0.994111111111111 0.000111111111111111 0.000666666666666667; % D D=0.3
0.158 0.000666666666666667 0.000666666666666667 0.000666666666666667 0.118 0.298 0.000666666666666667 0.004 0.000666666666666667 0.058 0.000666666666666667 0.000666666666666667 0.000666666666666667 0.000666666666666667 0.158 0.000666666666666667 0.000666666666666667 0.000666666666666667 0.198; % G D=0.3
0.000666666666666667 0.000111111111111111 0.000111111111111111 0.000111111111111111 0.000666666666666667 0.000666666666666667 0.000111111111111111 0.000666666666666667 0.000111111111111111 0.000666666666666667 0.000111111111111111 0.994111111111111 0.000111111111111111 0.000111111111111111 0.000666666666666667 0.000111111111111111 0.000111111111111111 0.000111111111111111 0.000666666666666667; % K D=0.3
0.000666666666666667 0.000111111111111111 0.000111111111111111 0.000111111111111111 0.000666666666666667 0.000666666666666667 0.000111111111111111 0.000666666666666667 0.000111111111111111 0.000666666666666667 0.994111111111111 0.000111111111111111 0.000111111111111111 0.000111111111111111 0.000666666666666667 0.000111111111111111 0.000111111111111111 0.000111111111111111 0.000666666666666667; % L D=0.3
0.000666666666666667 0.994111111111111 0.000111111111111111 0.000111111111111111 0.000666666666666667 0.000666666666666667 0.000111111111111111 0.000666666666666667 0.000111111111111111 0.000666666666666667 0.000111111111111111 0.000111111111111111 0.000111111111111111 0.000111111111111111 0.000666666666666667 0.000111111111111111 0.000111111111111111 0.000111111111111111 0.000666666666666667; % P D=0.3
0.000666666666666667 0.000111111111111111 0.000111111111111111 0.994111111111111 0.000666666666666667 0.000666666666666667 0.000111111111111111 0.000666666666666667 0.000111111111111111 0.000666666666666667 0.000111111111111111 0.000111111111111111 0.000111111111111111 0.000111111111111111 0.000666666666666667 0.000111111111111111 0.000111111111111111 0.000111111111111111 0.000666666666666667; % T D=0.3
0.000666666666666667 0.000111111111111111 0.000111111111111111 0.000111111111111111 0.000666666666666667 0.000666666666666667 0.000111111111111111 0.000666666666666667 0.000111111111111111 0.000666666666666667 0.000111111111111111 0.000111111111111111 0.000111111111111111 0.000111111111111111 0.000666666666666667 0.000111111111111111 0.000111111111111111 0.994111111111111 0.000666666666666667; % V D=0.3
0.000666666666666667 0.000111111111111111 0.994111111111111 0.000111111111111111 0.000666666666666667 0.000666666666666667 0.000111111111111111 0.000666666666666667 0.000111111111111111 0.000666666666666667 0.000111111111111111 0.000111111111111111 0.000111111111111111 0.000111111111111111 0.000666666666666667 0.000111111111111111 0.000111111111111111 0.000111111111111111 0.000666666666666667; % Z D=0.3
0.000666666666666667 0.000111111111111111 0.000111111111111111 0.000111111111111111 0.000666666666666667 0.000666666666666667 0.994111111111111 0.000666666666666667 0.000111111111111111 0.000666666666666667 0.000111111111111111 0.000111111111111111 0.000111111111111111 0.000111111111111111 0.000666666666666667 0.000111111111111111 0.000111111111111111 0.000111111111111111 0.000666666666666667; % b D=0.3
0.000666666666666667 0.000111111111111111 0.000111111111111111 0.000111111111111111 0.000666666666666667 0.000666666666666667 0.000111111111111111 0.000666666666666667 0.000111111111111111 0.000666666666666667 0.000111111111111111 0.000111111111111111 0.994111111111111 0.000111111111111111 0.000666666666666667 0.000111111111111111 0.000111111111111111 0.000111111111111111 0.000666666666666667; % d D=0.3
0.000666666666666667 0.000111111111111111 0.000111111111111111 0.000111111111111111 0.000666666666666667 0.000666666666666667 0.000111111111111111 0.000666666666666667 0.000111111111111111 0.000666666666666667 0.000111111111111111 0.000111111111111111 0.000111111111111111 0.994111111111111 0.000666666666666667 0.000111111111111111 0.000111111111111111 0.000111111111111111 0.000666666666666667; % g D=0.3
0.258 0.000666666666666667 0.000666666666666667 0.000666666666666667 0.004 0.098 0.000666666666666667 0.178 0.000666666666666667 0.178 0.000666666666666667 0.000666666666666667 0.000666666666666667 0.000666666666666667 0.178 0.000666666666666667 0.000666666666666667 0.000666666666666667 0.098; % k D=0.3
0.000666666666666667 0.000111111111111111 0.000111111111111111 0.000111111111111111 0.000666666666666667 0.000666666666666667 0.000111111111111111 0.000666666666666667 0.994111111111111 0.000666666666666667 0.000111111111111111 0.000111111111111111 0.000111111111111111 0.000111111111111111 0.000666666666666667 0.000111111111111111 0.000111111111111111 0.000111111111111111 0.000666666666666667; % l D=0.3
0.158 0.000666666666666667 0.000666666666666667 0.000666666666666667 0.258 0.198 0.000666666666666667 0.078 0.000666666666666667 0.158 0.000666666666666667 0.000666666666666667 0.000666666666666667 0.000666666666666667 0.138 0.000666666666666667 0.000666666666666667 0.000666666666666667 0.004; % p D=0.3
0.258 0.000666666666666667 0.000666666666666667 0.000666666666666667 0.158 0.078 0.000666666666666667 0.198 0.000666666666666667 0.004 0.000666666666666667 0.000666666666666667 0.000666666666666667 0.000666666666666667 0.158 0.000666666666666667 0.000666666666666667 0.000666666666666667 0.138; % t D=0.3
0.338 0.000666666666666667 0.000666666666666667 0.000666666666666667 0.098 0.118 0.000666666666666667 0.098 0.000666666666666667 0.198 0.000666666666666667 0.000666666666666667 0.000666666666666667 0.000666666666666667 0.004 0.000666666666666667 0.000666666666666667 0.000666666666666667 0.138; % v D=0.3
0.000666666666666667 0.000111111111111111 0.000111111111111111 0.000111111111111111 0.000666666666666667 0.000666666666666667 0.000111111111111111 0.000666666666666667 0.000111111111111111 0.000666666666666667 0.000111111111111111 0.000111111111111111 0.000111111111111111 0.000111111111111111 0.000666666666666667 0.994111111111111 0.000111111111111111 0.000111111111111111 0.000666666666666667; % z D=0.3
0.00355555555555556 0.000592592592592593 0.000592592592592593 0.000592592592592593 0.198222222222222 0.131555555555556 0.000592592592592593 0.184888888888889 0.000592592592592593 0.171555555555556 0.000592592592592593 0.000592592592592593 0.000592592592592593 0.000592592592592593 0.104888888888889 0.000592592592592593 0.000592592592592593 0.000592592592592593 0.198222222222222; % $ D=0.4
0.317333333333333 0.000888888888888889 0.000888888888888889 0.000888888888888889 0.0573333333333333 0.00533333333333333 0.000888888888888889 0.157333333333333 0.000888888888888889 0.137333333333333 0.000888888888888889 0.000888888888888889 0.000888888888888889 0.000888888888888889 0.197333333333333 0.000888888888888889 0.000888888888888889 0.000888888888888889 0.117333333333333; % B D=0.4
0.000888888888888889 0.000148148148148148 0.000148148148148148 0.000148148148148148 0.000888888888888889 0.000888888888888889 0.000148148148148148 0.000888888888888889 0.000148148148148148 0.000888888888888889 0.000148148148148148 0.000148148148148148 0.000148148148148148 0.000148148148148148 0.000888888888888889 0.000148148148148148 0.992148148148148 0.000148148148148148 0.000888888888888889; % D D=0.4
0.157333333333333 0.000888888888888889 0.000888888888888889 0.000888888888888889 0.117333333333333 0.297333333333333 0.000888888888888889 0.00533333333333333 0.000888888888888889 0.0573333333333333 0.000888888888888889 0.000888888888888889 0.000888888888888889 0.000888888888888889 0.157333333333333 0.000888888888888889 0.000888888888888889 0.000888888888888889 0.197333333333333; % G D=0.4
0.000888888888888889 0.000148148148148148 0.000148148148148148 0.000148148148148148 0.000888888888888889 0.000888888888888889 0.000148148148148148 0.000888888888888889 0.000148148148148148 0.000888888888888889 0.000148148148148148 0.992148148148148 0.000148148148148148 0.000148148148148148 0.000888888888888889 0.000148148148148148 0.000148148148148148 0.000148148148148148 0.000888888888888889; % K D=0.4
0.000888888888888889 0.000148148148148148 0.000148148148148148 0.000148148148148148 0.000888888888888889 0.000888888888888889 0.000148148148148148 0.000888888888888889 0.000148148148148148 0.000888888888888889 0.992148148148148 0.000148148148148148 0.000148148148148148 0.000148148148148148 0.000888888888888889 0.000148148148148148 0.000148148148148148 0.000148148148148148 0.000888888888888889; % L D=0.4
0.000888888888888889 0.992148148148148 0.000148148148148148 0.000148148148148148 0.000888888888888889 0.000888888888888889 0.000148148148148148 0.000888888888888889 0.000148148148148148 0.000888888888888889 0.000148148148148148 0.000148148148148148 0.000148148148148148 0.000148148148148148 0.000888888888888889 0.000148148148148148 0.000148148148148148 0.000148148148148148 0.000888888888888889; % P D=0.4
0.000888888888888889 0.000148148148148148 0.000148148148148148 0.992148148148148 0.000888888888888889 0.000888888888888889 0.000148148148148148 0.000888888888888889 0.000148148148148148 0.000888888888888889 0.000148148148148148 0.000148148148148148 0.000148148148148148 0.000148148148148148 0.000888888888888889 0.000148148148148148 0.000148148148148148 0.000148148148148148 0.000888888888888889; % T D=0.4
0.000888888888888889 0.000148148148148148 0.000148148148148148 0.000148148148148148 0.000888888888888889 0.000888888888888889 0.000148148148148148 0.000888888888888889 0.000148148148148148 0.000888888888888889 0.000148148148148148 0.000148148148148148 0.000148148148148148 0.000148148148148148 0.000888888888888889 0.000148148148148148 0.000148148148148148 0.992148148148148 0.000888888888888889; % V D=0.4
0.000888888888888889 0.000148148148148148 0.992148148148148 0.000148148148148148 0.000888888888888889 0.000888888888888889 0.000148148148148148 0.000888888888888889 0.000148148148148148 0.000888888888888889 0.000148148148148148 0.000148148148148148 0.000148148148148148 0.000148148148148148 0.000888888888888889 0.000148148148148148 0.000148148148148148 0.000148148148148148 0.000888888888888889; % Z D=0.4
0.000888888888888889 0.000148148148148148 0.000148148148148148 0.000148148148148148 0.000888888888888889 0.000888888888888889 0.992148148148148 0.000888888888888889 0.000148148148148148 0.000888888888888889 0.000148148148148148 0.000148148148148148 0.000148148148148148 0.000148148148148148 0.000888888888888889 0.000148148148148148 0.000148148148148148 0.000148148148148148 0.000888888888888889; % b D=0.4
0.000888888888888889 0.000148148148148148 0.000148148148148148 0.000148148148148148 0.000888888888888889 0.000888888888888889 0.000148148148148148 0.000888888888888889 0.000148148148148148 0.000888888888888889 0.000148148148148148 0.000148148148148148 0.992148148148148 0.000148148148148148 0.000888888888888889 0.000148148148148148 0.000148148148148148 0.000148148148148148 0.000888888888888889; % d D=0.4
0.000888888888888889 0.000148148148148148 0.000148148148148148 0.000148148148148148 0.000888888888888889 0.000888888888888889 0.000148148148148148 0.000888888888888889 0.000148148148148148 0.000888888888888889 0.000148148148148148 0.000148148148148148 0.000148148148148148 0.992148148148148 0.000888888888888889 0.000148148148148148 0.000148148148148148 0.000148148148148148 0.000888888888888889; % g D=0.4
0.257333333333333 0.000888888888888889 0.000888888888888889 0.000888888888888889 0.00533333333333333 0.0973333333333333 0.000888888888888889 0.177333333333333 0.000888888888888889 0.177333333333333 0.000888888888888889 0.000888888888888889 0.000888888888888889 0.000888888888888889 0.177333333333333 0.000888888888888889 0.000888888888888889 0.000888888888888889 0.0973333333333333; % k D=0.4
0.000888888888888889 0.000148148148148148 0.000148148148148148 0.000148148148148148 0.000888888888888889 0.000888888888888889 0.000148148148148148 0.000888888888888889 0.992148148148148 0.000888888888888889 0.000148148148148148 0.000148148148148148 0.000148148148148148 0.000148148148148148 0.000888888888888889 0.000148148148148148 0.000148148148148148 0.000148148148148148 0.000888888888888889; % l D=0.4
0.157333333333333 0.000888888888888889 0.000888888888888889 0.000888888888888889 0.257333333333333 0.197333333333333 0.000888888888888889 0.0773333333333333 0.000888888888888889 0.157333333333333 0.000888888888888889 0.000888888888888889 0.000888888888888889 0.000888888888888889 0.137333333333333 0.000888888888888889 0.000888888888888889 0.000888888888888889 0.00533333333333333; % p D=0.4
0.257333333333333 0.000888888888888889 0.000888888888888889 0.000888888888888889 0.157333333333333 0.0773333333333333 0.000888888888888889 0.197333333333333 0.000888888888888889 0.00533333333333333 0.000888888888888889 0.000888888888888889 0.000888888888888889 0.000888888888888889 0.157333333333333 0.000888888888888889 0.000888888888888889 0.000888888888888889 0.137333333333333; % t D=0.4
0.337333333333333 0.000888888888888889 0.000888888888888889 0.000888888888888889 0.0973333333333333 0.117333333333333 0.000888888888888889 0.0973333333333333 0.000888888888888889 0.197333333333333 0.000888888888888889 0.000888888888888889 0.000888888888888889 0.000888888888888889 0.00533333333333333 0.000888888888888889 0.000888888888888889 0.000888888888888889 0.137333333333333; % v D=0.4
0.000888888888888889 0.000148148148148148 0.000148148148148148 0.000148148148148148 0.000888888888888889 0.000888888888888889 0.000148148148148148 0.000888888888888889 0.000148148148148148 0.000888888888888889 0.000148148148148148 0.000148148148148148 0.000148148148148148 0.000148148148148148 0.000888888888888889 0.992148148148148 0.000148148148148148 0.000148148148148148 0.000888888888888889; % z D=0.4
0.00444444444444444 0.000740740740740741 0.000740740740740741 0.000740740740740741 0.197777777777778 0.131111111111111 0.000740740740740741 0.184444444444444 0.000740740740740741 0.171111111111111 0.000740740740740741 0.000740740740740741 0.000740740740740741 0.000740740740740741 0.104444444444444 0.000740740740740741 0.000740740740740741 0.000740740740740741 0.197777777777778; % $ D=0.5
0.316666666666667 0.00111111111111111 0.00111111111111111 0.00111111111111111 0.0566666666666667 0.00666666666666667 0.00111111111111111 0.156666666666667 0.00111111111111111 0.136666666666667 0.00111111111111111 0.00111111111111111 0.00111111111111111 0.00111111111111111 0.196666666666667 0.00111111111111111 0.00111111111111111 0.00111111111111111 0.116666666666667; % B D=0.5
0.00111111111111111 0.000185185185185185 0.000185185185185185 0.000185185185185185 0.00111111111111111 0.00111111111111111 0.000185185185185185 0.00111111111111111 0.000185185185185185 0.00111111111111111 0.000185185185185185 0.000185185185185185 0.000185185185185185 0.000185185185185185 0.00111111111111111 0.000185185185185185 0.990185185185185 0.000185185185185185 0.00111111111111111; % D D=0.5
0.156666666666667 0.00111111111111111 0.00111111111111111 0.00111111111111111 0.116666666666667 0.296666666666667 0.00111111111111111 0.00666666666666667 0.00111111111111111 0.0566666666666667 0.00111111111111111 0.00111111111111111 0.00111111111111111 0.00111111111111111 0.156666666666667 0.00111111111111111 0.00111111111111111 0.00111111111111111 0.196666666666667; % G D=0.5
0.00111111111111111 0.000185185185185185 0.000185185185185185 0.000185185185185185 0.00111111111111111 0.00111111111111111 0.000185185185185185 0.00111111111111111 0.000185185185185185 0.00111111111111111 0.000185185185185185 0.990185185185185 0.000185185185185185 0.000185185185185185 0.00111111111111111 0.000185185185185185 0.000185185185185185 0.000185185185185185 0.00111111111111111; % K D=0.5
0.00111111111111111 0.000185185185185185 0.000185185185185185 0.000185185185185185 0.00111111111111111 0.00111111111111111 0.000185185185185185 0.00111111111111111 0.000185185185185185 0.00111111111111111 0.990185185185185 0.000185185185185185 0.000185185185185185 0.000185185185185185 0.00111111111111111 0.000185185185185185 0.000185185185185185 0.000185185185185185 0.00111111111111111; % L D=0.5
0.00111111111111111 0.990185185185185 0.000185185185185185 0.000185185185185185 0.00111111111111111 0.00111111111111111 0.000185185185185185 0.00111111111111111 0.000185185185185185 0.00111111111111111 0.000185185185185185 0.000185185185185185 0.000185185185185185 0.000185185185185185 0.00111111111111111 0.000185185185185185 0.000185185185185185 0.000185185185185185 0.00111111111111111; % P D=0.5
0.00111111111111111 0.000185185185185185 0.000185185185185185 0.990185185185185 0.00111111111111111 0.00111111111111111 0.000185185185185185 0.00111111111111111 0.000185185185185185 0.00111111111111111 0.000185185185185185 0.000185185185185185 0.000185185185185185 0.000185185185185185 0.00111111111111111 0.000185185185185185 0.000185185185185185 0.000185185185185185 0.00111111111111111; % T D=0.5
0.00111111111111111 0.000185185185185185 0.000185185185185185 0.000185185185185185 0.00111111111111111 0.00111111111111111 0.000185185185185185 0.00111111111111111 0.000185185185185185 0.00111111111111111 0.000185185185185185 0.000185185185185185 0.000185185185185185 0.000185185185185185 0.00111111111111111 0.000185185185185185 0.000185185185185185 0.990185185185185 0.00111111111111111; % V D=0.5
0.00111111111111111 0.000185185185185185 0.990185185185185 0.000185185185185185 0.00111111111111111 0.00111111111111111 0.000185185185185185 0.00111111111111111 0.000185185185185185 0.00111111111111111 0.000185185185185185 0.000185185185185185 0.000185185185185185 0.000185185185185185 0.00111111111111111 0.000185185185185185 0.000185185185185185 0.000185185185185185 0.00111111111111111; % Z D=0.5
0.00111111111111111 0.000185185185185185 0.000185185185185185 0.000185185185185185 0.00111111111111111 0.00111111111111111 0.990185185185185 0.00111111111111111 0.000185185185185185 0.00111111111111111 0.000185185185185185 0.000185185185185185 0.000185185185185185 0.000185185185185185 0.00111111111111111 0.000185185185185185 0.000185185185185185 0.000185185185185185 0.00111111111111111; % b D=0.5
0.00111111111111111 0.000185185185185185 0.000185185185185185 0.000185185185185185 0.00111111111111111 0.00111111111111111 0.000185185185185185 0.00111111111111111 0.000185185185185185 0.00111111111111111 0.000185185185185185 0.000185185185185185 0.990185185185185 0.000185185185185185 0.00111111111111111 0.000185185185185185 0.000185185185185185 0.000185185185185185 0.00111111111111111; % d D=0.5
0.00111111111111111 0.000185185185185185 0.000185185185185185 0.000185185185185185 0.00111111111111111 0.00111111111111111 0.000185185185185185 0.00111111111111111 0.000185185185185185 0.00111111111111111 0.000185185185185185 0.000185185185185185 0.000185185185185185 0.990185185185185 0.00111111111111111 0.000185185185185185 0.000185185185185185 0.000185185185185185 0.00111111111111111; % g D=0.5
0.256666666666667 0.00111111111111111 0.00111111111111111 0.00111111111111111 0.00666666666666667 0.0966666666666667 0.00111111111111111 0.176666666666667 0.00111111111111111 0.176666666666667 0.00111111111111111 0.00111111111111111 0.00111111111111111 0.00111111111111111 0.176666666666667 0.00111111111111111 0.00111111111111111 0.00111111111111111 0.0966666666666667; % k D=0.5
0.00111111111111111 0.000185185185185185 0.000185185185185185 0.000185185185185185 0.00111111111111111 0.00111111111111111 0.000185185185185185 0.00111111111111111 0.990185185185185 0.00111111111111111 0.000185185185185185 0.000185185185185185 0.000185185185185185 0.000185185185185185 0.00111111111111111 0.000185185185185185 0.000185185185185185 0.000185185185185185 0.00111111111111111; % l D=0.5
0.156666666666667 0.00111111111111111 0.00111111111111111 0.00111111111111111 0.256666666666667 0.196666666666667 0.00111111111111111 0.0766666666666667 0.00111111111111111 0.156666666666667 0.00111111111111111 0.00111111111111111 0.00111111111111111 0.00111111111111111 0.136666666666667 0.00111111111111111 0.00111111111111111 0.00111111111111111 0.00666666666666667; % p D=0.5
0.256666666666667 0.00111111111111111 0.00111111111111111 0.00111111111111111 0.156666666666667 0.0766666666666667 0.00111111111111111 0.196666666666667 0.00111111111111111 0.00666666666666667 0.00111111111111111 0.00111111111111111 0.00111111111111111 0.00111111111111111 0.156666666666667 0.00111111111111111 0.00111111111111111 0.00111111111111111 0.136666666666667; % t D=0.5
0.336666666666667 0.00111111111111111 0.00111111111111111 0.00111111111111111 0.0966666666666667 0.116666666666667 0.00111111111111111 0.0966666666666667 0.00111111111111111 0.196666666666667 0.00111111111111111 0.00111111111111111 0.00111111111111111 0.00111111111111111 0.00666666666666667 0.00111111111111111 0.00111111111111111 0.00111111111111111 0.136666666666667; % v D=0.5
0.00111111111111111 0.000185185185185185 0.000185185185185185 0.000185185185185185 0.00111111111111111 0.00111111111111111 0.000185185185185185 0.00111111111111111 0.000185185185185185 0.00111111111111111 0.000185185185185185 0.000185185185185185 0.000185185185185185 0.000185185185185185 0.00111111111111111 0.990185185185185 0.000185185185185185 0.000185185185185185 0.00111111111111111; % z D=0.5
0.00533333333333333 0.000888888888888889 0.000888888888888889 0.000888888888888889 0.197333333333333 0.130666666666667 0.000888888888888889 0.184 0.000888888888888889 0.170666666666667 0.000888888888888889 0.000888888888888889 0.000888888888888889 0.000888888888888889 0.104 0.000888888888888889 0.000888888888888889 0.000888888888888889 0.197333333333333; % $ D=0.6
0.316 0.00133333333333333 0.00133333333333333 0.00133333333333333 0.056 0.008 0.00133333333333333 0.156 0.00133333333333333 0.136 0.00133333333333333 0.00133333333333333 0.00133333333333333 0.00133333333333333 0.196 0.00133333333333333 0.00133333333333333 0.00133333333333333 0.116; % B D=0.6
0.00133333333333333 0.000222222222222222 0.000222222222222222 0.000222222222222222 0.00133333333333333 0.00133333333333333 0.000222222222222222 0.00133333333333333 0.000222222222222222 0.00133333333333333 0.000222222222222222 0.000222222222222222 0.000222222222222222 0.000222222222222222 0.00133333333333333 0.000222222222222222 0.988222222222222 0.000222222222222222 0.00133333333333333; % D D=0.6
0.156 0.00133333333333333 0.00133333333333333 0.00133333333333333 0.116 0.296 0.00133333333333333 0.008 0.00133333333333333 0.056 0.00133333333333333 0.00133333333333333 0.00133333333333333 0.00133333333333333 0.156 0.00133333333333333 0.00133333333333333 0.00133333333333333 0.196; % G D=0.6
0.00133333333333333 0.000222222222222222 0.000222222222222222 0.000222222222222222 0.00133333333333333 0.00133333333333333 0.000222222222222222 0.00133333333333333 0.000222222222222222 0.00133333333333333 0.000222222222222222 0.988222222222222 0.000222222222222222 0.000222222222222222 0.00133333333333333 0.000222222222222222 0.000222222222222222 0.000222222222222222 0.00133333333333333; % K D=0.6
0.00133333333333333 0.000222222222222222 0.000222222222222222 0.000222222222222222 0.00133333333333333 0.00133333333333333 0.000222222222222222 0.00133333333333333 0.000222222222222222 0.00133333333333333 0.988222222222222 0.000222222222222222 0.000222222222222222 0.000222222222222222 0.00133333333333333 0.000222222222222222 0.000222222222222222 0.000222222222222222 0.00133333333333333; % L D=0.6
0.00133333333333333 0.988222222222222 0.000222222222222222 0.000222222222222222 0.00133333333333333 0.00133333333333333 0.000222222222222222 0.00133333333333333 0.000222222222222222 0.00133333333333333 0.000222222222222222 0.000222222222222222 0.000222222222222222 0.000222222222222222 0.00133333333333333 0.000222222222222222 0.000222222222222222 0.000222222222222222 0.00133333333333333; % P D=0.6
