syllables = '$BDGKLPTVZbdgklptvz';
discounts = [0.1 0.2 0.3 0.4 0.5 0.6 0.7 0.8 0.9 0.95];
kn_probs = [0.00434782608695652 0.00108695652173913 0.163768115942029 0.163768115942029 0.329347826086957 0.0815217391304348 0.00108695652173913 0.00108695652173913 0.00108695652173913 0.00108695652173913 0.0804347826086956 0.00108695652173913 0.00108695652173913 0.00108695652173913 0.00108695652173913 0.00108695652173913 0.00108695652173913 0.00108695652173913 0.163768115942029; % $ D=0.1
0.244021739130435 0.0016304347826087 0.245652173913043 0.120652173913043 0.119021739130435 0.00978260869565217 0.0016304347826087 0.0016304347826087 0.0016304347826087 0.0016304347826087 0.120652173913043 0.0016304347826087 0.0016304347826087 0.0016304347826087 0.0016304347826087 0.0016304347826087 0.0016304347826087 0.0016304347826087 0.120652173913043; % B D=0.1
0.00108695652173913 0.000271739130434783 0.00135869565217391 0.00135869565217391 0.00108695652173913 0.0016304347826087 0.000271739130434783 0.000271739130434783 0.000271739130434783 0.000271739130434783 0.00135869565217391 0.987771739130435 0.000271739130434783 0.000271739130434783 0.000271739130434783 0.000271739130434783 0.000271739130434783 0.000271739130434783 0.00135869565217391; % D D=0.1
0.00108695652173913 0.000271739130434783 0.00135869565217391 0.00135869565217391 0.00108695652173913 0.0016304347826087 0.000271739130434783 0.000271739130434783 0.000271739130434783 0.000271739130434783 0.00135869565217391 0.000271739130434783 0.987771739130435 0.000271739130434783 0.000271739130434783 0.000271739130434783 0.000271739130434783 0.000271739130434783 0.00135869565217391; % G D=0.1
0.00108695652173913 0.000271739130434783 0.00135869565217391 0.00135869565217391 0.00108695652173913 0.0016304347826087 0.000271739130434783 0.000271739130434783 0.987771739130435 0.000271739130434783 0.00135869565217391 0.000271739130434783 0.000271739130434783 0.000271739130434783 0.000271739130434783 0.000271739130434783 0.000271739130434783 0.000271739130434783 0.00135869565217391; % K D=0.1
0.00108695652173913 0.000271739130434783 0.00135869565217391 0.00135869565217391 0.00108695652173913 0.0016304347826087 0.000271739130434783 0.000271739130434783 0.000271739130434783 0.000271739130434783 0.00135869565217391 0.000271739130434783 0.000271739130434783 0.000271739130434783 0.000271739130434783 0.000271739130434783 0.987771739130435 0.000271739130434783 0.00135869565217391; % L D=0.1
0.00108695652173913 0.000271739130434783 0.00135869565217391 0.00135869565217391 0.00108695652173913 0.0016304347826087 0.000271739130434783 0.000271739130434783 0.000271739130434783 0.000271739130434783 0.00135869565217391 0.000271739130434783 0.000271739130434783 0.000271739130434783 0.987771739130435 0.000271739130434783 0.000271739130434783 0.000271739130434783 0.00135869565217391; % P D=0.1
0.00108695652173913 0.987771739130435 0.00135869565217391 0.00135869565217391 0.00108695652173913 0.0016304347826087 0.000271739130434783 0.000271739130434783 0.000271739130434783 0.000271739130434783 0.00135869565217391 0.000271739130434783 0.000271739130434783 0.000271739130434783 0.000271739130434783 0.000271739130434783 0.000271739130434783 0.000271739130434783 0.00135869565217391; % T D=0.1
0.00434782608695652 0.00108695652173913 0.242934782608696 0.367934782608696 0.00434782608695652 0.119021739130435 0.00108695652173913 0.00108695652173913 0.00108695652173913 0.00108695652173913 0.242934782608696 0.00108695652173913 0.00108695652173913 0.00108695652173913 0.00108695652173913 0.00108695652173913 0.00108695652173913 0.00108695652173913 0.00543478260869565; % V D=0.1
0.241847826086957 0.00108695652173913 0.00543478260869565 0.00543478260869565 0.00434782608695652 0.244021739130435 0.00108695652173913 0.00108695652173913 0.00108695652173913 0.00108695652173913 0.117934782608696 0.00108695652173913 0.00108695652173913 0.00108695652173913 0.00108695652173913 0.00108695652173913 0.00108695652173913 0.00108695652173913 0.367934782608696; % Z D=0.1
0.00108695652173913 0.000271739130434783 0.00135869565217391 0.00135869565217391 0.00108695652173913 0.0016304347826087 0.987771739130435 0.000271739130434783 0.000271739130434783 0.000271739130434783 0.00135869565217391 0.000271739130434783 0.000271739130434783 0.000271739130434783 0.000271739130434783 0.000271739130434783 0.000271739130434783 0.000271739130434783 0.00135869565217391; % b D=0.1
0.616847826086957 0.00108695652173913 0.00543478260869565 0.117934782608696 0.00434782608695652 0.119021739130435 0.00108695652173913 0.00108695652173913 0.00108695652173913 0.00108695652173913 0.00543478260869565 0.00108695652173913 0.00108695652173913 0.00108695652173913 0.00108695652173913 0.00108695652173913 0.00108695652173913 0.00108695652173913 0.117934782608696; % d D=0.1
0.00108695652173913 0.000271739130434783 0.00135869565217391 0.00135869565217391 0.00108695652173913 0.0016304347826087 0.000271739130434783 0.000271739130434783 0.000271739130434783 0.987771739130435 0.00135869565217391 0.000271739130434783 0.000271739130434783 0.000271739130434783 0.000271739130434783 0.000271739130434783 0.000271739130434783 0.000271739130434783 0.00135869565217391; % g D=0.1
0.00108695652173913 0.000271739130434783 0.00135869565217391 0.00135869565217391 0.00108695652173913 0.0016304347826087 0.000271739130434783 0.000271739130434783 0.000271739130434783 0.000271739130434783 0.00135869565217391 0.000271739130434783 0.000271739130434783 0.000271739130434783 0.000271739130434783 0.987771739130435 0.000271739130434783 0.000271739130434783 0.00135869565217391; % k D=0.1
0.367934782608696 0.00135869565217391 0.11929347826087 0.00679347826086957 0.117934782608696 0.245652173913043 0.00135869565217391 0.00135869565217391 0.00135869565217391 0.00135869565217391 0.00679347826086957 0.00135869565217391 0.00135869565217391 0.00135869565217391 0.00135869565217391 0.00135869565217391 0.00135869565217391 0.00135869565217391 0.11929347826087; % l D=0.1
0.00108695652173913 0.000271739130434783 0.00135869565217391 0.00135869565217391 0.00108695652173913 0.0016304347826087 0.000271739130434783 0.000271739130434783 0.000271739130434783 0.000271739130434783 0.00135869565217391 0.000271739130434783 0.000271739130434783 0.000271739130434783 0.000271739130434783 0.000271739130434783 0.000271739130434783 0.987771739130435 0.00135869565217391; % p D=0.1
0.00108695652173913 0.000271739130434783 0.00135869565217391 0.00135869565217391 0.00108695652173913 0.0016304347826087 0.000271739130434783 0.987771739130435 0.000271739130434783 0.000271739130434783 0.00135869565217391 0.000271739130434783 0.000271739130434783 0.000271739130434783 0.000271739130434783 0.000271739130434783 0.000271739130434783 0.000271739130434783 0.00135869565217391; % t D=0.1
0.00543478260869565 0.00135869565217391 0.11929347826087 0.11929347826087 0.242934782608696 0.120652173913043 0.00135869565217391 0.00135869565217391 0.00135869565217391 0.00135869565217391 0.36929347826087 0.00135869565217391 0.00135869565217391 0.00135869565217391 0.00135869565217391 0.00135869565217391 0.00135869565217391 0.00135869565217391 0.00679347826086957; % v D=0.1
0.00108695652173913 0.000271739130434783 0.00135869565217391 0.00135869565217391 0.00108695652173913 0.0016304347826087 0.000271739130434783 0.000271739130434783 0.000271739130434783 0.000271739130434783 0.00135869565217391 0.000271739130434783 0.000271739130434783 0.987771739130435 0.000271739130434783 0.000271739130434783 0.000271739130434783 0.000271739130434783 0.00135869565217391; % z D=0.1
0.00869565217391305 0.00217391304347826 0.160869565217391 0.160869565217391 0.32536231884058 0.0797101449275362 0.00217391304347826 0.00217391304347826 0.00217391304347826 0.00217391304347826 0.077536231884058 0.00217391304347826 0.00217391304347826 0.00217391304347826 0.00217391304347826 0.00217391304347826 0.00217391304347826 0.00217391304347826 0.160869565217391; % $ D=0.2
