syllables = '$BDGKLPTVZbdgklptvz';
discounts = [0.1 0.2 0.3 0.4 0.5 0.6 0.7 0.8 0.9 0.95];
kn_probs = [0.00276923076923077 0.000461538461538462 0.118769230769231 0.118769230769231 0.000461538461538462 0.000461538461538462 0.000461538461538462 0.000461538461538462 0.000461538461538462 0.158769230769231 0.238307692307692 0.000461538461538462 0.000461538461538462 0.158769230769231 0.000461538461538462 0.000461538461538462 0.000461538461538462 0.198307692307692 0.000461538461538462; % $ D=0.1
0.000678733031674208 0.000113122171945701 0.000678733031674208 0.000678733031674208 0.000113122171945701 0.000113122171945701 0.000113122171945701 0.994230769230769 0.000113122171945701 0.000678733031674208 0.000565610859728507 0.000113122171945701 0.000113122171945701 0.000678733031674208 0.000113122171945701 0.000113122171945701 0.000113122171945701 0.000565610859728507 0.000113122171945701; % B D=0.1
0.000678733031674208 0.000113122171945701 0.000678733031674208 0.000678733031674208 0.000113122171945701 0.994230769230769 0.000113122171945701 0.000113122171945701 0.000113122171945701 0.000678733031674208 0.000565610859728507 0.000113122171945701 0.000113122171945701 0.000678733031674208 0.000113122171945701 0.000113122171945701 0.000113122171945701 0.000565610859728507 0.000113122171945701; % D D=0.1
0.000678733031674208 0.000113122171945701 0.000678733031674208 0.000678733031674208 0.000113122171945701 0.000113122171945701 0.000113122171945701 0.000113122171945701 0.000113122171945701 0.000678733031674208 0.000565610859728507 0.000113122171945701 0.994230769230769 0.000678733031674208 0.000113122171945701 0.000113122171945701 0.000113122171945701 0.000565610859728507 0.000113122171945701; % G D=0.1
0.000769230769230769 0.000128205128205128 0.000769230769230769 0.000769230769230769 0.000128205128205128 0.000128205128205128 0.000128205128205128 0.000128205128205128 0.000128205128205128 0.000769230769230769 0.000641025641025641 0.000128205128205128 0.000128205128205128 0.000769230769230769 0.000128205128205128 0.000128205128205128 0.000128205128205128 0.000641025641025641 0.993461538461539; % K D=0.1
0.000678733031674208 0.000113122171945701 0.000678733031674208 0.000678733031674208 0.000113122171945701 0.000113122171945701 0.000113122171945701 0.000113122171945701 0.000113122171945701 0.000678733031674208 0.000565610859728507 0.000113122171945701 0.000113122171945701 0.000678733031674208 0.000113122171945701 0.994230769230769 0.000113122171945701 0.000565610859728507 0.000113122171945701; % L D=0.1
0.233484162895928 0.000678733031674208 0.174660633484163 0.174660633484163 0.000678733031674208 0.000678733031674208 0.000678733031674208 0.000678733031674208 0.000678733031674208 0.0570135746606335 0.00339366515837104 0.000678733031674208 0.000678733031674208 0.115837104072398 0.000678733031674208 0.000678733031674208 0.000678733031674208 0.232805429864253 0.000678733031674208; % P D=0.1
0.233484162895928 0.000678733031674208 0.174660633484163 0.115837104072398 0.000678733031674208 0.000678733031674208 0.000678733031674208 0.000678733031674208 0.000678733031674208 0.174660633484163 0.115158371040724 0.000678733031674208 0.000678733031674208 0.00407239819004525 0.000678733031674208 0.000678733031674208 0.000678733031674208 0.173981900452489 0.000678733031674208; % T D=0.1
0.000678733031674208 0.000113122171945701 0.000678733031674208 0.000678733031674208 0.000113122171945701 0.000113122171945701 0.000113122171945701 0.000113122171945701 0.000113122171945701 0.000678733031674208 0.000565610859728507 0.000113122171945701 0.000113122171945701 0.000678733031674208 0.000113122171945701 0.000113122171945701 0.994230769230769 0.000565610859728507 0.000113122171945701; % V D=0.1
0.000769230769230769 0.000128205128205128 0.000769230769230769 0.000769230769230769 0.000128205128205128 0.000128205128205128 0.000128205128205128 0.000128205128205128 0.000128205128205128 0.000769230769230769 0.000641025641025641 0.993461538461539 0.000128205128205128 0.000769230769230769 0.000128205128205128 0.000128205128205128 0.000128205128205128 0.000641025641025641 0.000128205128205128; % Z D=0.1
0.000678733031674208 0.000113122171945701 0.000678733031674208 0.000678733031674208 0.000113122171945701 0.000113122171945701 0.994230769230769 0.000113122171945701 0.000113122171945701 0.000678733031674208 0.000565610859728507 0.000113122171945701 0.000113122171945701 0.000678733031674208 0.000113122171945701 0.000113122171945701 0.000113122171945701 0.000565610859728507 0.000113122171945701; % b D=0.1
0.000769230769230769 0.000128205128205128 0.000769230769230769 0.000769230769230769 0.993461538461539 0.000128205128205128 0.000128205128205128 0.000128205128205128 0.000128205128205128 0.000769230769230769 0.000641025641025641 0.000128205128205128 0.000128205128205128 0.000769230769230769 0.000128205128205128 0.000128205128205128 0.000128205128205128 0.000641025641025641 0.000128205128205128; % d D=0.1
0.292307692307692 0.000678733031674208 0.115837104072398 0.00407239819004525 0.000678733031674208 0.000678733031674208 0.000678733031674208 0.000678733031674208 0.000678733031674208 0.115837104072398 0.173981900452489 0.000678733031674208 0.000678733031674208 0.0570135746606335 0.000678733031674208 0.000678733031674208 0.000678733031674208 0.232805429864253 0.000678733031674208; % g D=0.1
0.000678733031674208 0.994230769230769 0.000678733031674208 0.000678733031674208 0.000113122171945701 0.000113122171945701 0.000113122171945701 0.000113122171945701 0.000113122171945701 0.000678733031674208 0.000565610859728507 0.000113122171945701 0.000113122171945701 0.000678733031674208 0.000113122171945701 0.000113122171945701 0.000113122171945701 0.000565610859728507 0.000113122171945701; % k D=0.1
0.000678733031674208 0.000113122171945701 0.000678733031674208 0.000678733031674208 0.000113122171945701 0.000113122171945701 0.000113122171945701 0.000113122171945701 0.994230769230769 0.000678733031674208 0.000565610859728507 0.000113122171945701 0.000113122171945701 0.000678733031674208 0.000113122171945701 0.000113122171945701 0.000113122171945701 0.000565610859728507 0.000113122171945701; % l D=0.1
0.292307692307692 0.000678733031674208 0.00407239819004525 0.292307692307692 0.000678733031674208 0.000678733031674208 0.000678733031674208 0.000678733031674208 0.000678733031674208 0.115837104072398 0.173981900452489 0.000678733031674208 0.000678733031674208 0.0570135746606335 0.000678733031674208 0.000678733031674208 0.000678733031674208 0.0563348416289593 0.000678733031674208; % p D=0.1
0.232805429864253 0.000565610859728507 0.232805429864253 0.0563348416289593 0.000565610859728507 0.000565610859728507 0.000565610859728507 0.000565610859728507 0.000565610859728507 0.173981900452489 0.00282805429864253 0.000565610859728507 0.000565610859728507 0.291628959276018 0.000565610859728507 0.000565610859728507 0.000565610859728507 0.00282805429864253 0.000565610859728507; % t D=0.1
0.000678733031674208 0.000113122171945701 0.000678733031674208 0.000678733031674208 0.000113122171945701 0.000113122171945701 0.000113122171945701 0.000113122171945701 0.000113122171945701 0.000678733031674208 0.000565610859728507 0.000113122171945701 0.000113122171945701 0.000678733031674208 0.994230769230769 0.000113122171945701 0.000113122171945701 0.000565610859728507 0.000113122171945701; % v D=0.1
0.197179487179487 0.000641025641025641 0.13051282051282 0.197179487179487 0.000641025641025641 0.000641025641025641 0.000641025641025641 0.000641025641025641 0.000641025641025641 0.00384615384615385 0.196538461538462 0.000641025641025641 0.000641025641025641 0.263846153846154 0.000641025641025641 0.000641025641025641 0.000641025641025641 0.00320512820512821 0.000641025641025641; % z D=0.1
0.00553846153846154 0.000923076923076923 0.117538461538462 0.117538461538462 0.000923076923076923 0.000923076923076923 0.000923076923076923 0.000923076923076923 0.000923076923076923 0.157538461538462 0.236615384615385 0.000923076923076923 0.000923076923076923 0.157538461538462 0.000923076923076923 0.000923076923076923 0.000923076923076923 0.196615384615385 0.000923076923076923; % $ D=0.2
0.00135746606334842 0.000226244343891403 0.00135746606334842 0.00135746606334842 0.000226244343891403 0.000226244343891403 0.000226244343891403 0.988461538461539 0.000226244343891403 0.00135746606334842 0.00113122171945701 0.000226244343891403 0.000226244343891403 0.00135746606334842 0.000226244343891403 0.000226244343891403 0.000226244343891403 0.00113122171945701 0.000226244343891403; % B D=0.2
0.00135746606334842 0.000226244343891403 0.00135746606334842 0.00135746606334842 0.000226244343891403 0.988461538461539 0.000226244343891403 0.000226244343891403 0.000226244343891403 0.00135746606334842 0.00113122171945701 0.000226244343891403 0.000226244343891403 0.00135746606334842 0.000226244343891403 0.000226244343891403 0.000226244343891403 0.00113122171945701 0.000226244343891403; % D D=0.2
0.00135746606334842 0.000226244343891403 0.00135746606334842 0.00135746606334842 0.000226244343891403 0.000226244343891403 0.000226244343891403 0.000226244343891403 0.000226244343891403 0.00135746606334842 0.00113122171945701 0.000226244343891403 0.988461538461539 0.00135746606334842 0.000226244343891403 0.000226244343891403 0.000226244343891403 0.00113122171945701 0.000226244343891403; % G D=0.2
0.00153846153846154 0.000256410256410256 0.00153846153846154 0.00153846153846154 0.000256410256410256 0.000256410256410256 0.000256410256410256 0.000256410256410256 0.000256410256410256 0.00153846153846154 0.00128205128205128 0.000256410256410256 0.000256410256410256 0.00153846153846154 0.000256410256410256 0.000256410256410256 0.000256410256410256 0.00128205128205128 0.986923076923077; % K D=0.2
0.00135746606334842 0.000226244343891403 0.00135746606334842 0.00135746606334842 0.000226244343891403 0.000226244343891403 0.000226244343891403 0.000226244343891403 0.000226244343891403 0.00135746606334842 0.00113122171945701 0.000226244343891403 0.000226244343891403 0.00135746606334842 0.000226244343891403 0.988461538461539 0.000226244343891403 0.00113122171945701 0.000226244343891403; % L D=0.2
0.231674208144796 0.00135746606334842 0.172850678733032 0.172850678733032 0.00135746606334842 0.00135746606334842 0.00135746606334842 0.00135746606334842 0.00135746606334842 0.0552036199095023 0.00678733031674208 0.00135746606334842 0.00135746606334842 0.114027149321267 0.00135746606334842 0.00135746606334842 0.00135746606334842 0.230316742081448 0.00135746606334842; % P D=0.2
0.231674208144796 0.00135746606334842 0.172850678733032 0.114027149321267 0.00135746606334842 0.00135746606334842 0.00135746606334842 0.00135746606334842 0.00135746606334842 0.172850678733032 0.112669683257919 0.00135746606334842 0.00135746606334842 0.0081447963800905 0.00135746606334842 0.00135746606334842 0.00135746606334842 0.171493212669683 0.00135746606334842; % T D=0.2
0.00135746606334842 0.000226244343891403 0.00135746606334842 0.00135746606334842 0.000226244343891403 0.000226244343891403 0.000226244343891403 0.000226244343891403 0.000226244343891403 0.00135746606334842 0.00113122171945701 0.000226244343891403 0.000226244343891403 0.00135746606334842 0.000226244343891403 0.000226244343891403 0.988461538461539 0.00113122171945701 0.000226244343891403; % V D=0.2
0.00153846153846154 0.000256410256410256 0.00153846153846154 0.00153846153846154 0.000256410256410256 0.000256410256410256 0.000256410256410256 0.000256410256410256 0.000256410256410256 0.00153846153846154 0.00128205128205128 0.986923076923077 0.000256410256410256 0.00153846153846154 0.000256410256410256 0.000256410256410256 0.000256410256410256 0.00128205128205128 0.000256410256410256; % Z D=0.2
0.00135746606334842 0.000226244343891403 0.00135746606334842 0.00135746606334842 0.000226244343891403 0.000226244343891403 0.988461538461539 0.000226244343891403 0.000226244343891403 0.00135746606334842 0.00113122171945701 0.000226244343891403 0.000226244343891403 0.00135746606334842 0.000226244343891403 0.000226244343891403 0.000226244343891403 0.00113122171945701 0.000226244343891403; % b D=0.2
0.00153846153846154 0.000256410256410256 0.00153846153846154 0.00153846153846154 0.986923076923077 0.000256410256410256 0.000256410256410256 0.000256410256410256 0.000256410256410256 0.00153846153846154 0.00128205128205128 0.000256410256410256 0.000256410256410256 0.00153846153846154 0.000256410256410256 0.000256410256410256 0.000256410256410256 0.00128205128205128 0.000256410256410256; % d D=0.2
0.290497737556561 0.00135746606334842 0.114027149321267 0.0081447963800905 0.00135746606334842 0.00135746606334842 0.00135746606334842 0.00135746606334842 0.00135746606334842 0.114027149321267 0.171493212669683 0.00135746606334842 0.00135746606334842 0.0552036199095023 0.00135746606334842 0.00135746606334842 0.00135746606334842 0.230316742081448 0.00135746606334842; % g D=0.2
0.00135746606334842 0.988461538461539 0.00135746606334842 0.00135746606334842 0.000226244343891403 0.000226244343891403 0.000226244343891403 0.000226244343891403 0.000226244343891403 0.00135746606334842 0.00113122171945701 0.000226244343891403 0.000226244343891403 0.00135746606334842 0.000226244343891403 0.000226244343891403 0.000226244343891403 0.00113122171945701 0.000226244343891403; % k D=0.2
0.00135746606334842 0.000226244343891403 0.00135746606334842 0.00135746606334842 0.000226244343891403 0.000226244343891403 0.000226244343891403 0.000226244343891403 0.988461538461539 0.00135746606334842 0.00113122171945701 0.000226244343891403 0.000226244343891403 0.00135746606334842 0.000226244343891403 0.000226244343891403 0.000226244343891403 0.00113122171945701 0.000226244343891403; % l D=0.2
0.290497737556561 0.00135746606334842 0.0081447963800905 0.290497737556561 0.00135746606334842 0.00135746606334842 0.00135746606334842 0.00135746606334842 0.00135746606334842 0.114027149321267 0.171493212669683 0.00135746606334842 0.00135746606334842 0.0552036199095023 0.00135746606334842 0.00135746606334842 0.00135746606334842 0.0538461538461538 0.00135746606334842; % p D=0.2
0.230316742081448 0.00113122171945701 0.230316742081448 0.0538461538461538 0.00113122171945701 0.00113122171945701 0.00113122171945701 0.00113122171945701 0.00113122171945701 0.171493212669683 0.00565610859728507 0.00113122171945701 0.00113122171945701 0.289140271493213 0.00113122171945701 0.00113122171945701 0.00113122171945701 0.00565610859728507 0.00113122171945701; % t D=0.2
0.00135746606334842 0.000226244343891403 0.00135746606334842 0.00135746606334842 0.000226244343891403 0.000226244343891403 0.000226244343891403 0.000226244343891403 0.000226244343891403 0.00135746606334842 0.00113122171945701 0.000226244343891403 0.000226244343891403 0.00135746606334842 0.988461538461539 0.000226244343891403 0.000226244343891403 0.00113122171945701 0.000226244343891403; % v D=0.2
0.194358974358974 0.00128205128205128 0.127692307692308 0.194358974358974 0.00128205128205128 0.00128205128205128 0.00128205128205128 0.00128205128205128 0.00128205128205128 0.00769230769230769 0.193076923076923 0.00128205128205128 0.00128205128205128 0.261025641025641 0.00128205128205128 0.00128205128205128 0.00128205128205128 0.00641025641025641 0.00128205128205128; % z D=0.2
0.00830769230769231 0.00138461538461538 0.116307692307692 0.116307692307692 0.00138461538461538 0.00138461538461538 0.00138461538461538 0.00138461538461538 0.00138461538461538 0.156307692307692 0.234923076923077 0.00138461538461538 0.00138461538461538 0.156307692307692 0.00138461538461538 0.00138461538461538 0.00138461538461538 0.194923076923077 0.00138461538461538; % $ D=0.3
0.00203619909502262 0.000339366515837104 0.00203619909502262 0.00203619909502262 0.000339366515837104 0.000339366515837104 0.000339366515837104 0.982692307692308 0.000339366515837104 0.00203619909502262 0.00169683257918552 0.000339366515837104 0.000339366515837104 0.00203619909502262 0.000339366515837104 0.000339366515837104 0.000339366515837104 0.00169683257918552 0.000339366515837104; % B D=0.3
0.00203619909502262 0.000339366515837104 0.00203619909502262 0.00203619909502262 0.000339366515837104 0.982692307692308 0.000339366515837104 0.000339366515837104 0.000339366515837104 0.00203619909502262 0.00169683257918552 0.000339366515837104 0.000339366515837104 0.00203619909502262 0.000339366515837104 0.000339366515837104 0.000339366515837104 0.00169683257918552 0.000339366515837104; % D D=0.3
0.00203619909502262 0.000339366515837104 0.00203619909502262 0.00203619909502262 0.000339366515837104 0.000339366515837104 0.000339366515837104 0.000339366515837104 0.000339366515837104 0.00203619909502262 0.00169683257918552 0.000339366515837104 0.982692307692308 0.00203619909502262 0.000339366515837104 0.000339366515837104 0.000339366515837104 0.00169683257918552 0.000339366515837104; % G D=0.3
0.00230769230769231 0.000384615384615385 0.00230769230769231 0.00230769230769231 0.000384615384615385 0.000384615384615385 0.000384615384615385 0.000384615384615385 0.000384615384615385 0.00230769230769231 0.00192307692307692 0.000384615384615385 0.000384615384615385 0.00230769230769231 0.000384615384615385 0.000384615384615385 0.000384615384615385 0.00192307692307692 0.980384615384615; % K D=0.3
0.00203619909502262 0.000339366515837104 0.00203619909502262 0.00203619909502262 0.000339366515837104 0.000339366515837104 0.000339366515837104 0.000339366515837104 0.000339366515837104 0.00203619909502262 0.00169683257918552 0.000339366515837104 0.000339366515837104 0.00203619909502262 0.000339366515837104 0.982692307692308 0.000339366515837104 0.00169683257918552 0.000339366515837104; % L D=0.3
0.229864253393665 0.00203619909502262 0.1710407239819 0.1710407239819 0.00203619909502262 0.00203619909502262 0.00203619909502262 0.00203619909502262 0.00203619909502262 0.053393665158371 0.0101809954751131 0.00203619909502262 0.00203619909502262 0.112217194570136 0.00203619909502262 0.00203619909502262 0.00203619909502262 0.227828054298643 0.00203619909502262; % P D=0.3
0.229864253393665 0.00203619909502262 0.1710407239819 0.112217194570136 0.00203619909502262 0.00203619909502262 0.00203619909502262 0.00203619909502262 0.00203619909502262 0.1710407239819 0.110180995475113 0.00203619909502262 0.00203619909502262 0.0122171945701357 0.00203619909502262 0.00203619909502262 0.00203619909502262 0.169004524886878 0.00203619909502262; % T D=0.3
0.00203619909502262 0.000339366515837104 0.00203619909502262 0.00203619909502262 0.000339366515837104 0.000339366515837104 0.000339366515837104 0.000339366515837104 0.000339366515837104 0.00203619909502262 0.00169683257918552 0.000339366515837104 0.000339366515837104 0.00203619909502262 0.000339366515837104 0.000339366515837104 0.982692307692308 0.00169683257918552 0.000339366515837104; % V D=0.3
0.00230769230769231 0.000384615384615385 0.00230769230769231 0.00230769230769231 0.000384615384615385 0.000384615384615385 0.000384615384615385 0.000384615384615385 0.000384615384615385 0.00230769230769231 0.00192307692307692 0.980384615384615 0.000384615384615385 0.00230769230769231 0.000384615384615385 0.000384615384615385 0.000384615384615385 0.00192307692307692 0.000384615384615385; % Z D=0.3
0.00203619909502262 0.000339366515837104 0.00203619909502262 0.00203619909502262 0.000339366515837104 0.000339366515837104 0.982692307692308 0.000339366515837104 0.000339366515837104 0.00203619909502262 0.00169683257918552 0.000339366515837104 0.000339366515837104 0.00203619909502262 0.000339366515837104 0.000339366515837104 0.000339366515837104 0.00169683257918552 0.000339366515837104; % b D=0.3
0.00230769230769231 0.000384615384615385 0.00230769230769231 0.00230769230769231 0.980384615384615 0.000384615384615385 0.000384615384615385 0.000384615384615385 0.000384615384615385 0.00230769230769231 0.00192307692307692 0.000384615384615385 0.000384615384615385 0.00230769230769231 0.000384615384615385 0.000384615384615385 0.000384615384615385 0.00192307692307692 0.000384615384615385; % d D=0.3
0.28868778280543 0.00203619909502262 0.112217194570136 0.0122171945701357 0.00203619909502262 0.00203619909502262 0.00203619909502262 0.00203619909502262 0.00203619909502262 0.112217194570136 0.169004524886878 0.00203619909502262 0.00203619909502262 0.053393665158371 0.00203619909502262 0.00203619909502262 0.00203619909502262 0.227828054298643 0.00203619909502262; % g D=0.3
0.00203619909502262 0.982692307692308 0.00203619909502262 0.00203619909502262 0.000339366515837104 0.000339366515837104 0.000339366515837104 0.000339366515837104 0.000339366515837104 0.00203619909502262 0.00169683257918552 0.000339366515837104 0.000339366515837104 0.00203619909502262 0.000339366515837104 0.000339366515837104 0.000339366515837104 0.00169683257918552 0.000339366515837104; % k D=0.3
0.00203619909502262 0.000339366515837104 0.00203619909502262 0.00203619909502262 0.000339366515837104 0.000339366515837104 0.000339366515837104 0.000339366515837104 0.982692307692308 0.00203619909502262 0.00169683257918552 0.000339366515837104 0.000339366515837104 0.00203619909502262 0.000339366515837104 0.000339366515837104 0.000339366515837104 0.00169683257918552 0.000339366515837104; % l D=0.3
0.28868778280543 0.00203619909502262 0.0122171945701357 0.28868778280543 0.00203619909502262 0.00203619909502262 0.00203619909502262 0.00203619909502262 0.00203619909502262 0.112217194570136 0.169004524886878 0.00203619909502262 0.00203619909502262 0.053393665158371 0.00203619909502262 0.00203619909502262 0.00203619909502262 0.0513574660633484 0.00203619909502262; % p D=0.3
0.227828054298643 0.00169683257918552 0.227828054298643 0.0513574660633484 0.00169683257918552 0.00169683257918552 0.00169683257918552 0.00169683257918552 0.00169683257918552 0.169004524886878 0.0084841628959276 0.00169683257918552 0.00169683257918552 0.286651583710407 0.00169683257918552 0.00169683257918552 0.00169683257918552 0.0084841628959276 0.00169683257918552; % t D=0.3
0.00203619909502262 0.000339366515837104 0.00203619909502262 0.00203619909502262 0.000339366515837104 0.000339366515837104 0.000339366515837104 0.000339366515837104 0.000339366515837104 0.00203619909502262 0.00169683257918552 0.000339366515837104 0.000339366515837104 0.00203619909502262 0.982692307692308 0.000339366515837104 0.000339366515837104 0.00169683257918552 0.000339366515837104; % v D=0.3
0.191538461538462 0.00192307692307692 0.124871794871795 0.191538461538462 0.00192307692307692 0.00192307692307692 0.00192307692307692 0.00192307692307692 0.00192307692307692 0.0115384615384615 0.189615384615385 0.00192307692307692 0.00192307692307692 0.258205128205128 0.00192307692307692 0.00192307692307692 0.00192307692307692 0.00961538461538462 0.00192307692307692; % z D=0.3
0.0110769230769231 0.00184615384615385 0.115076923076923 0.115076923076923 0.00184615384615385 0.00184615384615385 0.00184615384615385 0.00184615384615385 0.00184615384615385 0.155076923076923 0.233230769230769 0.00184615384615385 0.00184615384615385 0.155076923076923 0.00184615384615385 0.00184615384615385 0.00184615384615385 0.193230769230769 0.00184615384615385; % $ D=0.4
0.00271493212669683 0.000452488687782805 0.00271493212669683 0.00271493212669683 0.000452488687782805 0.000452488687782805 0.000452488687782805 0.976923076923077 0.000452488687782805 0.00271493212669683 0.00226244343891403 0.000452488687782805 0.000452488687782805 0.00271493212669683 0.000452488687782805 0.000452488687782805 0.000452488687782805 0.00226244343891403 0.000452488687782805; % B D=0.4
0.00271493212669683 0.000452488687782805 0.00271493212669683 0.00271493212669683 0.000452488687782805 0.976923076923077 0.000452488687782805 0.000452488687782805 0.000452488687782805 0.00271493212669683 0.00226244343891403 0.000452488687782805 0.000452488687782805 0.00271493212669683 0.000452488687782805 0.000452488687782805 0.000452488687782805 0.00226244343891403 0.000452488687782805; % D D=0.4
0.00271493212669683 0.000452488687782805 0.00271493212669683 0.00271493212669683 0.000452488687782805 0.000452488687782805 0.000452488687782805 0.000452488687782805 0.000452488687782805 0.00271493212669683 0.00226244343891403 0.000452488687782805 0.976923076923077 0.00271493212669683 0.000452488687782805 0.000452488687782805 0.000452488687782805 0.00226244343891403 0.000452488687782805; % G D=0.4
0.00307692307692308 0.000512820512820513 0.00307692307692308 0.00307692307692308 0.000512820512820513 0.000512820512820513 0.000512820512820513 0.000512820512820513 0.000512820512820513 0.00307692307692308 0.00256410256410256 0.000512820512820513 0.000512820512820513 0.00307692307692308 0.000512820512820513 0.000512820512820513 0.000512820512820513 0.00256410256410256 0.973846153846154; % K D=0.4
0.00271493212669683 0.000452488687782805 0.00271493212669683 0.00271493212669683 0.000452488687782805 0.000452488687782805 0.000452488687782805 0.000452488687782805 0.000452488687782805 0.00271493212669683 0.00226244343891403 0.000452488687782805 0.000452488687782805 0.00271493212669683 0.000452488687782805 0.976923076923077 0.000452488687782805 0.00226244343891403 0.000452488687782805; % L D=0.4
0.228054298642534 0.00271493212669683 0.169230769230769 0.169230769230769 0.00271493212669683 0.00271493212669683 0.00271493212669683 0.00271493212669683 0.00271493212669683 0.0515837104072398 0.0135746606334842 0.00271493212669683 0.00271493212669683 0.110407239819005 0.00271493212669683 0.00271493212669683 0.00271493212669683 0.225339366515837 0.00271493212669683; % P D=0.4
0.228054298642534 0.00271493212669683 0.169230769230769 0.110407239819005 0.00271493212669683 0.00271493212669683 0.00271493212669683 0.00271493212669683 0.00271493212669683 0.169230769230769 0.107692307692308 0.00271493212669683 0.00271493212669683 0.016289592760181 0.00271493212669683 0.00271493212669683 0.00271493212669683 0.166515837104072 0.00271493212669683; % T D=0.4
0.00271493212669683 0.000452488687782805 0.00271493212669683 0.00271493212669683 0.000452488687782805 0.000452488687782805 0.000452488687782805 0.000452488687782805 0.000452488687782805 0.00271493212669683 0.00226244343891403 0.000452488687782805 0.000452488687782805 0.00271493212669683 0.000452488687782805 0.000452488687782805 0.976923076923077 0.00226244343891403 0.000452488687782805; % V D=0.4
0.00307692307692308 0.000512820512820513 0.00307692307692308 0.00307692307692308 0.000512820512820513 0.000512820512820513 0.000512820512820513 0.000512820512820513 0.000512820512820513 0.00307692307692308 0.00256410256410256 0.973846153846154 0.000512820512820513 0.00307692307692308 0.000512820512820513 0.000512820512820513 0.000512820512820513 0.00256410256410256 0.000512820512820513; % Z D=0.4
0.00271493212669683 0.000452488687782805 0.00271493212669683 0.00271493212669683 0.000452488687782805 0.000452488687782805 0.976923076923077 0.000452488687782805 0.000452488687782805 0.00271493212669683 0.00226244343891403 0.000452488687782805 0.000452488687782805 0.00271493212669683 0.000452488687782805 0.000452488687782805 0.000452488687782805 0.00226244343891403 0.000452488687782805; % b D=0.4
0.00307692307692308 0.000512820512820513 0.00307692307692308 0.00307692307692308 0.973846153846154 0.000512820512820513 0.000512820512820513 0.000512820512820513 0.000512820512820513 0.00307692307692308 0.00256410256410256 0.000512820512820513 0.000512820512820513 0.00307692307692308 0.000512820512820513 0.000512820512820513 0.000512820512820513 0.00256410256410256 0.000512820512820513; % d D=0.4
0.286877828054299 0.00271493212669683 0.110407239819005 0.016289592760181 0.00271493212669683 0.00271493212669683 0.00271493212669683 0.00271493212669683 0.00271493212669683 0.110407239819005 0.166515837104072 0.00271493212669683 0.00271493212669683 0.0515837104072398 0.00271493212669683 0.00271493212669683 0.00271493212669683 0.225339366515837 0.00271493212669683; % g D=0.4
0.00271493212669683 0.976923076923077 0.00271493212669683 0.00271493212669683 0.000452488687782805 0.000452488687782805 0.000452488687782805 0.000452488687782805 0.000452488687782805 0.00271493212669683 0.00226244343891403 0.000452488687782805 0.000452488687782805 0.00271493212669683 0.000452488687782805 0.000452488687782805 0.000452488687782805 0.00226244343891403 0.000452488687782805; % k D=0.4
0.00271493212669683 0.000452488687782805 0.00271493212669683 0.00271493212669683 0.000452488687782805 0.000452488687782805 0.000452488687782805 0.000452488687782805 0.976923076923077 0.00271493212669683 0.00226244343891403 0.000452488687782805 0.000452488687782805 0.00271493212669683 0.000452488687782805 0.000452488687782805 0.000452488687782805 0.00226244343891403 0.000452488687782805; % l D=0.4
0.286877828054299 0.00271493212669683 0.016289592760181 0.286877828054299 0.00271493212669683 0.00271493212669683 0.00271493212669683 0.00271493212669683 0.00271493212669683 0.110407239819005 0.166515837104072 0.00271493212669683 0.00271493212669683 0.0515837104072398 0.00271493212669683 0.00271493212669683 0.00271493212669683 0.048868778280543 0.00271493212669683; % p D=0.4
0.225339366515837 0.00226244343891403 0.225339366515837 0.048868778280543 0.00226244343891403 0.00226244343891403 0.00226244343891403 0.00226244343891403 0.00226244343891403 0.166515837104072 0.0113122171945701 0.00226244343891403 0.00226244343891403 0.284162895927602 0.00226244343891403 0.00226244343891403 0.00226244343891403 0.0113122171945701 0.00226244343891403; % t D=0.4
0.00271493212669683 0.000452488687782805 0.00271493212669683 0.00271493212669683 0.000452488687782805 0.000452488687782805 0.000452488687782805 0.000452488687782805 0.000452488687782805 0.00271493212669683 0.00226244343891403 0.000452488687782805 0.000452488687782805 0.00271493212669683 0.976923076923077 0.000452488687782805 0.000452488687782805 0.00226244343891403 0.000452488687782805; % v D=0.4
0.188717948717949 0.00256410256410256 0.122051282051282 0.188717948717949 0.00256410256410256 0.00256410256410256 0.00256410256410256 0.00256410256410256 0.00256410256410256 0.0153846153846154 0.186153846153846 0.00256410256410256 0.00256410256410256 0.255384615384615 0.00256410256410256 0.00256410256410256 0.00256410256410256 0.0128205128205128 0.00256410256410256; % z D=0.4
0.0138461538461538 0.00230769230769231 0.113846153846154 0.113846153846154 0.00230769230769231 0.00230769230769231 0.00230769230769231 0.00230769230769231 0.00230769230769231 0.153846153846154 0.231538461538462 0.00230769230769231 0.00230769230769231 0.153846153846154 0.00230769230769231 0.00230769230769231 0.00230769230769231 0.191538461538462 0.00230769230769231; % $ D=0.5
0.00339366515837104 0.000565610859728507 0.00339366515837104 0.00339366515837104 0.000565610859728507 0.000565610859728507 0.000565610859728507 0.971153846153846 0.000565610859728507 0.00339366515837104 0.00282805429864253 0.000565610859728507 0.000565610859728507 0.00339366515837104 0.000565610859728507 0.000565610859728507 0.000565610859728507 0.00282805429864253 0.000565610859728507; % B D=0.5
0.00339366515837104 0.000565610859728507 0.00339366515837104 0.00339366515837104 0.000565610859728507 0.971153846153846 0.000565610859728507 0.000565610859728507 0.000565610859728507 0.00339366515837104 0.00282805429864253 0.000565610859728507 0.000565610859728507 0.00339366515837104 0.000565610859728507 0.000565610859728507 0.000565610859728507 0.00282805429864253 0.000565610859728507; % D D=0.5
0.00339366515837104 0.000565610859728507 0.00339366515837104 0.00339366515837104 0.000565610859728507 0.000565610859728507 0.000565610859728507 0.000565610859728507 0.000565610859728507 0.00339366515837104 0.00282805429864253 0.000565610859728507 0.971153846153846 0.00339366515837104 0.000565610859728507 0.000565610859728507 0.000565610859728507 0.00282805429864253 0.000565610859728507; % G D=0.5
0.00384615384615385 0.000641025641025641 0.00384615384615385 0.00384615384615385 0.000641025641025641 0.000641025641025641 0.000641025641025641 0.000641025641025641 0.000641025641025641 0.00384615384615385 0.00320512820512821 0.000641025641025641 0.000641025641025641 0.00384615384615385 0.000641025641025641 0.000641025641025641 0.000641025641025641 0.00320512820512821 0.967307692307692; % K D=0.5
0.00339366515837104 0.000565610859728507 0.00339366515837104 0.00339366515837104 0.000565610859728507 0.000565610859728507 0.000565610859728507 0.000565610859728507 0.000565610859728507 0.00339366515837104 0.00282805429864253 0.000565610859728507 0.000565610859728507 0.00339366515837104 0.000565610859728507 0.971153846153846 0.000565610859728507 0.00282805429864253 0.000565610859728507; % L D=0.5
0.226244343891403 0.00339366515837104 0.167420814479638 0.167420814479638 0.00339366515837104 0.00339366515837104 0.00339366515837104 0.00339366515837104 0.00339366515837104 0.0497737556561086 0.0169683257918552 0.00339366515837104 0.00339366515837104 0.108597285067873 0.00339366515837104 0.00339366515837104 0.00339366515837104 0.222850678733032 0.00339366515837104; % P D=0.5
0.226244343891403 0.00339366515837104 0.167420814479638 0.108597285067873 0.00339366515837104 0.00339366515837104 0.00339366515837104 0.00339366515837104 0.00339366515837104 0.167420814479638 0.105203619909502 0.00339366515837104 0.00339366515837104 0.0203619909502262 0.00339366515837104 0.00339366515837104 0.00339366515837104 0.164027149321267 0.00339366515837104; % T D=0.5
0.00339366515837104 0.000565610859728507 0.00339366515837104 0.00339366515837104 0.000565610859728507 0.000565610859728507 0.000565610859728507 0.000565610859728507 0.000565610859728507 0.00339366515837104 0.00282805429864253 0.000565610859728507 0.000565610859728507 0.00339366515837104 0.000565610859728507 0.000565610859728507 0.971153846153846 0.00282805429864253 0.000565610859728507; % V D=0.5
0.00384615384615385 0.000641025641025641 0.00384615384615385 0.00384615384615385 0.000641025641025641 0.000641025641025641 0.000641025641025641 0.000641025641025641 0.000641025641025641 0.00384615384615385 0.00320512820512821 0.967307692307692 0.000641025641025641 0.00384615384615385 0.000641025641025641 0.000641025641025641 0.000641025641025641 0.00320512820512821 0.000641025641025641; % Z D=0.5
0.00339366515837104 0.000565610859728507 0.00339366515837104 0.00339366515837104 0.000565610859728507 0.000565610859728507 0.971153846153846 0.000565610859728507 0.000565610859728507 0.00339366515837104 0.00282805429864253 0.000565610859728507 0.000565610859728507 0.00339366515837104 0.000565610859728507 0.000565610859728507 0.000565610859728507 0.00282805429864253 0.000565610859728507; % b D=0.5
0.00384615384615385 0.000641025641025641 0.00384615384615385 0.00384615384615385 0.967307692307692 0.000641025641025641 0.000641025641025641 0.000641025641025641 0.000641025641025641 0.00384615384615385 0.00320512820512821 0.000641025641025641 0.000641025641025641 0.00384615384615385 0.000641025641025641 0.000641025641025641 0.000641025641025641 0.00320512820512821 0.000641025641025641; % d D=0.5
0.285067873303167 0.00339366515837104 0.108597285067873 0.0203619909502262 0.00339366515837104 0.00339366515837104 0.00339366515837104 0.00339366515837104 0.00339366515837104 0.108597285067873 0.164027149321267 0.00339366515837104 0.00339366515837104 0.0497737556561086 0.00339366515837104 0.00339366515837104 0.00339366515837104 0.222850678733032 0.00339366515837104; % g D=0.5
0.00339366515837104 0.971153846153846 0.00339366515837104 0.00339366515837104 0.000565610859728507 0.000565610859728507 0.000565610859728507 0.000565610859728507 0.000565610859728507 0.00339366515837104 0.00282805429864253 0.000565610859728507 0.000565610859728507 0.00339366515837104 0.000565610859728507 0.000565610859728507 0.000565610859728507 0.00282805429864253 0.000565610859728507; % k D=0.5
0.00339366515837104 0.000565610859728507 0.00339366515837104 0.00339366515837104 0.000565610859728507 0.000565610859728507 0.000565610859728507 0.000565610859728507 0.971153846153846 0.00339366515837104 0.00282805429864253 0.000565610859728507 0.000565610859728507 0.00339366515837104 0.000565610859728507 0.000565610859728507 0.000565610859728507 0.00282805429864253 0.000565610859728507; % l D=0.5
0.285067873303167 0.00339366515837104 0.0203619909502262 0.285067873303167 0.00339366515837104 0.00339366515837104 0.00339366515837104 0.00339366515837104 0.00339366515837104 0.108597285067873 0.164027149321267 0.00339366515837104 0.00339366515837104 0.0497737556561086 0.00339366515837104 0.00339366515837104 0.00339366515837104 0.0463800904977376 0.00339366515837104; % p D=0.5
0.222850678733032 0.00282805429864253 0.222850678733032 0.0463800904977376 0.00282805429864253 0.00282805429864253 0.00282805429864253 0.00282805429864253 0.00282805429864253 0.164027149321267 0.0141402714932127 0.00282805429864253 0.00282805429864253 0.281674208144796 0.00282805429864253 0.00282805429864253 0.00282805429864253 0.0141402714932127 0.00282805429864253; % t D=0.5
0.00339366515837104 0.000565610859728507 0.00339366515837104 0.00339366515837104 0.000565610859728507 0.000565610859728507 0.000565610859728507 0.000565610859728507 0.000565610859728507 0.00339366515837104 0.00282805429864253 0.000565610859728507 0.000565610859728507 0.00339366515837104 0.971153846153846 0.000565610859728507 0.000565610859728507 0.00282805429864253 0.000565610859728507; % v D=0.5
0.185897435897436 0.00320512820512821 0.119230769230769 0.185897435897436 0.00320512820512821 0.00320512820512821 0.00320512820512821 0.00320512820512821 0.00320512820512821 0.0192307692307692 0.182692307692308 0.00320512820512821 0.00320512820512821 0.252564102564103 0.00320512820512821 0.00320512820512821 0.00320512820512821 0.016025641025641 0.00320512820512821; % z D=0.5
0.0166153846153846 0.00276923076923077 0.112615384615385 0.112615384615385 0.00276923076923077 0.00276923076923077 0.00276923076923077 0.00276923076923077 0.00276923076923077 0.152615384615385 0.229846153846154 0.00276923076923077 0.00276923076923077 0.152615384615385 0.00276923076923077 0.00276923076923077 0.00276923076923077 0.189846153846154 0.00276923076923077; % $ D=0.6
0.00407239819004525 0.000678733031674208 0.00407239819004525 0.00407239819004525 0.000678733031674208 0.000678733031674208 0.000678733031674208 0.965384615384615 0.000678733031674208 0.00407239819004525 0.00339366515837104 0.000678733031674208 0.000678733031674208 0.00407239819004525 0.000678733031674208 0.000678733031674208 0.000678733031674208 0.00339366515837104 0.000678733031674208; % B D=0.6
0.00407239819004525 0.000678733031674208 0.00407239819004525 0.00407239819004525 0.000678733031674208 0.965384615384615 0.000678733031674208 0.000678733031674208 0.000678733031674208 0.00407239819004525 0.00339366515837104 0.000678733031674208 0.000678733031674208 0.00407239819004525 0.000678733031674208 0.000678733031674208 0.000678733031674208 0.00339366515837104 0.000678733031674208; % D D=0.6
0.00407239819004525 0.000678733031674208 0.00407239819004525 0.00407239819004525 0.000678733031674208 0.000678733031674208 0.000678733031674208 0.000678733031674208 0.000678733031674208 0.00407239819004525 0.00339366515837104 0.000678733031674208 0.965384615384615 0.00407239819004525 0.000678733031674208 0.000678733031674208 0.000678733031674208 0.00339366515837104 0.000678733031674208; % G D=0.6
0.00461538461538461 0.000769230769230769 0.00461538461538461 0.00461538461538461 0.000769230769230769 0.000769230769230769 0.000769230769230769 0.000769230769230769 0.000769230769230769 0.00461538461538461 0.00384615384615385 0.000769230769230769 0.000769230769230769 0.00461538461538461 0.000769230769230769 0.000769230769230769 0.000769230769230769 0.00384615384615385 0.960769230769231; % K D=0.6
0.00407239819004525 0.000678733031674208 0.00407239819004525 0.00407239819004525 0.000678733031674208 0.000678733031674208 0.000678733031674208 0.000678733031674208 0.000678733031674208 0.00407239819004525 0.00339366515837104 0.000678733031674208 0.000678733031674208 0.00407239819004525 0.000678733031674208 0.965384615384615 0.000678733031674208 0.00339366515837104 0.000678733031674208; % L D=0.6
