syllables = '$BDGKLPTVZbdgklptvz';
discounts = [0.1 0.2 0.3 0.4 0.5 0.6 0.7 0.8 0.9 0.95];
kn_probs = [0.000218181818181818 3.63636363636364e-05 0.179921212121212 3.63636363636364e-05 3.63636363636364e-05 0.166551515151515 3.63636363636364e-05 3.63636363636364e-05 0.159884848484848 3.63636363636364e-05 3.63636363636364e-05 3.63636363636364e-05 3.63636363636364e-05 0.156551515151515 0.183218181818182 3.63636363636364e-05 3.63636363636364e-05 0.153218181818182 3.63636363636364e-05; % $ D=0.1
5.45454545454546e-05 9.09090909090909e-06 6.36363636363636e-05 9.09090909090909e-06 9.09090909090909e-06 5.45454545454546e-05 9.09090909090909e-06 9.09090909090909e-06 5.45454545454546e-05 9.09090909090909e-06 9.09090909090909e-06 9.09090909090909e-06 9.09090909090909e-06 5.45454545454546e-05 5.45454545454546e-05 0.999509090909091 9.09090909090909e-06 5.45454545454546e-05 9.09090909090909e-06; % B D=0.1
5.45454545454546e-05 9.09090909090909e-06 6.36363636363636e-05 0.999509090909091 9.09090909090909e-06 5.45454545454546e-05 9.09090909090909e-06 9.09090909090909e-06 5.45454545454546e-05 9.09090909090909e-06 9.09090909090909e-06 9.09090909090909e-06 9.09090909090909e-06 5.45454545454546e-05 5.45454545454546e-05 9.09090909090909e-06 9.09090909090909e-06 5.45454545454546e-05 9.09090909090909e-06; % D D=0.1
5.45454545454546e-05 9.09090909090909e-06 6.36363636363636e-05 9.09090909090909e-06 9.09090909090909e-06 5.45454545454546e-05 9.09090909090909e-06 9.09090909090909e-06 5.45454545454546e-05 9.09090909090909e-06 9.09090909090909e-06 9.09090909090909e-06 0.999509090909091 5.45454545454546e-05 5.45454545454546e-05 9.09090909090909e-06 9.09090909090909e-06 5.45454545454546e-05 9.09090909090909e-06; % G D=0.1
5.45454545454546e-05 9.09090909090909e-06 6.36363636363636e-05 9.09090909090909e-06 9.09090909090909e-06 5.45454545454546e-05 9.09090909090909e-06 9.09090909090909e-06 5.45454545454546e-05 9.09090909090909e-06 9.09090909090909e-06 0.999509090909091 9.09090909090909e-06 5.45454545454546e-05 5.45454545454546e-05 9.09090909090909e-06 9.09090909090909e-06 5.45454545454546e-05 9.09090909090909e-06; % K D=0.1
5.45454545454546e-05 9.09090909090909e-06 6.36363636363636e-05 9.09090909090909e-06 0.999509090909091 5.45454545454546e-05 9.09090909090909e-06 9.09090909090909e-06 5.45454545454546e-05 9.09090909090909e-06 9.09090909090909e-06 9.09090909090909e-06 9.09090909090909e-06 5.45454545454546e-05 5.45454545454546e-05 9.09090909090909e-06 9.09090909090909e-06 5.45454545454546e-05 9.09090909090909e-06; % L D=0.1
0.249827272727273 5.45454545454546e-05 0.109881818181818 5.45454545454546e-05 5.45454545454546e-05 0.114827272727273 5.45454545454546e-05 5.45454545454546e-05 0.189827272727273 5.45454545454546e-05 5.45454545454546e-05 5.45454545454546e-05 5.45454545454546e-05 0.129827272727273 0.000327272727272727 5.45454545454546e-05 5.45454545454546e-05 0.204827272727273 5.45454545454546e-05; % P D=0.1
0.279827272727273 5.45454545454546e-05 0.179881818181818 5.45454545454546e-05 5.45454545454546e-05 0.134827272727273 5.45454545454546e-05 5.45454545454546e-05 0.134827272727273 5.45454545454546e-05 5.45454545454546e-05 5.45454545454546e-05 5.45454545454546e-05 0.000327272727272727 0.144827272727273 5.45454545454546e-05 5.45454545454546e-05 0.124827272727273 5.45454545454546e-05; % T D=0.1
5.45454545454546e-05 9.09090909090909e-06 6.36363636363636e-05 9.09090909090909e-06 9.09090909090909e-06 5.45454545454546e-05 9.09090909090909e-06 9.09090909090909e-06 5.45454545454546e-05 9.09090909090909e-06 9.09090909090909e-06 9.09090909090909e-06 9.09090909090909e-06 5.45454545454546e-05 5.45454545454546e-05 9.09090909090909e-06 9.09090909090909e-06 5.45454545454546e-05 0.999509090909091; % V D=0.1
5.45454545454546e-05 9.09090909090909e-06 6.36363636363636e-05 9.09090909090909e-06 9.09090909090909e-06 5.45454545454546e-05 9.09090909090909e-06 9.09090909090909e-06 5.45454545454546e-05 9.09090909090909e-06 9.09090909090909e-06 9.09090909090909e-06 9.09090909090909e-06 5.45454545454546e-05 5.45454545454546e-05 9.09090909090909e-06 0.999509090909091 5.45454545454546e-05 9.09090909090909e-06; % Z D=0.1
0.249881818181818 6.36363636363636e-05 0.00494545454545455 6.36363636363636e-05 6.36363636363636e-05 0.189881818181818 6.36363636363636e-05 6.36363636363636e-05 0.144881818181818 6.36363636363636e-05 6.36363636363636e-05 6.36363636363636e-05 6.36363636363636e-05 0.154881818181818 0.119881818181818 6.36363636363636e-05 6.36363636363636e-05 0.134881818181818 6.36363636363636e-05; % b D=0.1
0.274827272727273 5.45454545454546e-05 0.139881818181818 5.45454545454546e-05 5.45454545454546e-05 0.000327272727272727 5.45454545454546e-05 5.45454545454546e-05 0.144827272727273 5.45454545454546e-05 5.45454545454546e-05 5.45454545454546e-05 5.45454545454546e-05 0.169827272727273 0.159827272727273 5.45454545454546e-05 5.45454545454546e-05 0.109827272727273 5.45454545454546e-05; % d D=0.1
5.45454545454546e-05 9.09090909090909e-06 6.36363636363636e-05 9.09090909090909e-06 9.09090909090909e-06 5.45454545454546e-05 9.09090909090909e-06 9.09090909090909e-06 5.45454545454546e-05 9.09090909090909e-06 0.999509090909091 9.09090909090909e-06 9.09090909090909e-06 5.45454545454546e-05 5.45454545454546e-05 9.09090909090909e-06 9.09090909090909e-06 5.45454545454546e-05 9.09090909090909e-06; % g D=0.1
5.45454545454546e-05 9.09090909090909e-06 6.36363636363636e-05 9.09090909090909e-06 9.09090909090909e-06 5.45454545454546e-05 9.09090909090909e-06 0.999509090909091 5.45454545454546e-05 9.09090909090909e-06 9.09090909090909e-06 9.09090909090909e-06 9.09090909090909e-06 5.45454545454546e-05 5.45454545454546e-05 9.09090909090909e-06 9.09090909090909e-06 5.45454545454546e-05 9.09090909090909e-06; % k D=0.1
5.45454545454546e-05 9.09090909090909e-06 6.36363636363636e-05 9.09090909090909e-06 9.09090909090909e-06 5.45454545454546e-05 0.999509090909091 9.09090909090909e-06 5.45454545454546e-05 9.09090909090909e-06 9.09090909090909e-06 9.09090909090909e-06 9.09090909090909e-06 5.45454545454546e-05 5.45454545454546e-05 9.09090909090909e-06 9.09090909090909e-06 5.45454545454546e-05 9.09090909090909e-06; % l D=0.1
0.249827272727273 5.45454545454546e-05 0.159881818181818 5.45454545454546e-05 5.45454545454546e-05 0.144827272727273 5.45454545454546e-05 5.45454545454546e-05 0.144827272727273 5.45454545454546e-05 5.45454545454546e-05 5.45454545454546e-05 5.45454545454546e-05 0.139827272727273 0.159827272727273 5.45454545454546e-05 5.45454545454546e-05 0.000327272727272727 5.45454545454546e-05; % p D=0.1
0.194827272727273 5.45454545454546e-05 0.134881818181818 5.45454545454546e-05 5.45454545454546e-05 0.164827272727273 5.45454545454546e-05 5.45454545454546e-05 0.000327272727272727 5.45454545454546e-05 5.45454545454546e-05 5.45454545454546e-05 5.45454545454546e-05 0.169827272727273 0.139827272727273 5.45454545454546e-05 5.45454545454546e-05 0.194827272727273 5.45454545454546e-05; % t D=0.1
5.45454545454546e-05 0.999509090909091 6.36363636363636e-05 9.09090909090909e-06 9.09090909090909e-06 5.45454545454546e-05 9.09090909090909e-06 9.09090909090909e-06 5.45454545454546e-05 9.09090909090909e-06 9.09090909090909e-06 9.09090909090909e-06 9.09090909090909e-06 5.45454545454546e-05 5.45454545454546e-05 9.09090909090909e-06 9.09090909090909e-06 5.45454545454546e-05 9.09090909090909e-06; % v D=0.1
5.45454545454546e-05 9.09090909090909e-06 6.36363636363636e-05 9.09090909090909e-06 9.09090909090909e-06 5.45454545454546e-05 9.09090909090909e-06 9.09090909090909e-06 5.45454545454546e-05 0.999509090909091 9.09090909090909e-06 9.09090909090909e-06 9.09090909090909e-06 5.45454545454546e-05 5.45454545454546e-05 9.09090909090909e-06 9.09090909090909e-06 5.45454545454546e-05 9.09090909090909e-06; % z D=0.1
0.000436363636363636 7.27272727272727e-05 0.179842424242424 7.27272727272727e-05 7.27272727272727e-05 0.166436363636364 7.27272727272727e-05 7.27272727272727e-05 0.159769696969697 7.27272727272727e-05 7.27272727272727e-05 7.27272727272727e-05 7.27272727272727e-05 0.156436363636364 0.18310303030303 7.27272727272727e-05 7.27272727272727e-05 0.15310303030303 7.27272727272727e-05; % $ D=0.2
0.000109090909090909 1.81818181818182e-05 0.000127272727272727 1.81818181818182e-05 1.81818181818182e-05 0.000109090909090909 1.81818181818182e-05 1.81818181818182e-05 0.000109090909090909 1.81818181818182e-05 1.81818181818182e-05 1.81818181818182e-05 1.81818181818182e-05 0.000109090909090909 0.000109090909090909 0.999018181818182 1.81818181818182e-05 0.000109090909090909 1.81818181818182e-05; % B D=0.2
0.000109090909090909 1.81818181818182e-05 0.000127272727272727 0.999018181818182 1.81818181818182e-05 0.000109090909090909 1.81818181818182e-05 1.81818181818182e-05 0.000109090909090909 1.81818181818182e-05 1.81818181818182e-05 1.81818181818182e-05 1.81818181818182e-05 0.000109090909090909 0.000109090909090909 1.81818181818182e-05 1.81818181818182e-05 0.000109090909090909 1.81818181818182e-05; % D D=0.2
0.000109090909090909 1.81818181818182e-05 0.000127272727272727 1.81818181818182e-05 1.81818181818182e-05 0.000109090909090909 1.81818181818182e-05 1.81818181818182e-05 0.000109090909090909 1.81818181818182e-05 1.81818181818182e-05 1.81818181818182e-05 0.999018181818182 0.000109090909090909 0.000109090909090909 1.81818181818182e-05 1.81818181818182e-05 0.000109090909090909 1.81818181818182e-05; % G D=0.2
0.000109090909090909 1.81818181818182e-05 0.000127272727272727 1.81818181818182e-05 1.81818181818182e-05 0.000109090909090909 1.81818181818182e-05 1.81818181818182e-05 0.000109090909090909 1.81818181818182e-05 1.81818181818182e-05 0.999018181818182 1.81818181818182e-05 0.000109090909090909 0.000109090909090909 1.81818181818182e-05 1.81818181818182e-05 0.000109090909090909 1.81818181818182e-05; % K D=0.2
0.000109090909090909 1.81818181818182e-05 0.000127272727272727 1.81818181818182e-05 0.999018181818182 0.000109090909090909 1.81818181818182e-05 1.81818181818182e-05 0.000109090909090909 1.81818181818182e-05 1.81818181818182e-05 1.81818181818182e-05 1.81818181818182e-05 0.000109090909090909 0.000109090909090909 1.81818181818182e-05 1.81818181818182e-05 0.000109090909090909 1.81818181818182e-05; % L D=0.2
0.249654545454545 0.000109090909090909 0.109763636363636 0.000109090909090909 0.000109090909090909 0.114654545454545 0.000109090909090909 0.000109090909090909 0.189654545454545 0.000109090909090909 0.000109090909090909 0.000109090909090909 0.000109090909090909 0.129654545454545 0.000654545454545455 0.000109090909090909 0.000109090909090909 0.204654545454545 0.000109090909090909; % P D=0.2
0.279654545454545 0.000109090909090909 0.179763636363636 0.000109090909090909 0.000109090909090909 0.134654545454545 0.000109090909090909 0.000109090909090909 0.134654545454545 0.000109090909090909 0.000109090909090909 0.000109090909090909 0.000109090909090909 0.000654545454545455 0.144654545454545 0.000109090909090909 0.000109090909090909 0.124654545454545 0.000109090909090909; % T D=0.2
0.000109090909090909 1.81818181818182e-05 0.000127272727272727 1.81818181818182e-05 1.81818181818182e-05 0.000109090909090909 1.81818181818182e-05 1.81818181818182e-05 0.000109090909090909 1.81818181818182e-05 1.81818181818182e-05 1.81818181818182e-05 1.81818181818182e-05 0.000109090909090909 0.000109090909090909 1.81818181818182e-05 1.81818181818182e-05 0.000109090909090909 0.999018181818182; % V D=0.2
0.000109090909090909 1.81818181818182e-05 0.000127272727272727 1.81818181818182e-05 1.81818181818182e-05 0.000109090909090909 1.81818181818182e-05 1.81818181818182e-05 0.000109090909090909 1.81818181818182e-05 1.81818181818182e-05 1.81818181818182e-05 1.81818181818182e-05 0.000109090909090909 0.000109090909090909 1.81818181818182e-05 0.999018181818182 0.000109090909090909 1.81818181818182e-05; % Z D=0.2
0.249763636363636 0.000127272727272727 0.00489090909090909 0.000127272727272727 0.000127272727272727 0.189763636363636 0.000127272727272727 0.000127272727272727 0.144763636363636 0.000127272727272727 0.000127272727272727 0.000127272727272727 0.000127272727272727 0.154763636363636 0.119763636363636 0.000127272727272727 0.000127272727272727 0.134763636363636 0.000127272727272727; % b D=0.2
0.274654545454545 0.000109090909090909 0.139763636363636 0.000109090909090909 0.000109090909090909 0.000654545454545455 0.000109090909090909 0.000109090909090909 0.144654545454545 0.000109090909090909 0.000109090909090909 0.000109090909090909 0.000109090909090909 0.169654545454545 0.159654545454545 0.000109090909090909 0.000109090909090909 0.109654545454545 0.000109090909090909; % d D=0.2
0.000109090909090909 1.81818181818182e-05 0.000127272727272727 1.81818181818182e-05 1.81818181818182e-05 0.000109090909090909 1.81818181818182e-05 1.81818181818182e-05 0.000109090909090909 1.81818181818182e-05 0.999018181818182 1.81818181818182e-05 1.81818181818182e-05 0.000109090909090909 0.000109090909090909 1.81818181818182e-05 1.81818181818182e-05 0.000109090909090909 1.81818181818182e-05; % g D=0.2
0.000109090909090909 1.81818181818182e-05 0.000127272727272727 1.81818181818182e-05 1.81818181818182e-05 0.000109090909090909 1.81818181818182e-05 0.999018181818182 0.000109090909090909 1.81818181818182e-05 1.81818181818182e-05 1.81818181818182e-05 1.81818181818182e-05 0.000109090909090909 0.000109090909090909 1.81818181818182e-05 1.81818181818182e-05 0.000109090909090909 1.81818181818182e-05; % k D=0.2
0.000109090909090909 1.81818181818182e-05 0.000127272727272727 1.81818181818182e-05 1.81818181818182e-05 0.000109090909090909 0.999018181818182 1.81818181818182e-05 0.000109090909090909 1.81818181818182e-05 1.81818181818182e-05 1.81818181818182e-05 1.81818181818182e-05 0.000109090909090909 0.000109090909090909 1.81818181818182e-05 1.81818181818182e-05 0.000109090909090909 1.81818181818182e-05; % l D=0.2
0.249654545454545 0.000109090909090909 0.159763636363636 0.000109090909090909 0.000109090909090909 0.144654545454545 0.000109090909090909 0.000109090909090909 0.144654545454545 0.000109090909090909 0.000109090909090909 0.000109090909090909 0.000109090909090909 0.139654545454545 0.159654545454545 0.000109090909090909 0.000109090909090909 0.000654545454545455 0.000109090909090909; % p D=0.2
0.194654545454545 0.000109090909090909 0.134763636363636 0.000109090909090909 0.000109090909090909 0.164654545454545 0.000109090909090909 0.000109090909090909 0.000654545454545455 0.000109090909090909 0.000109090909090909 0.000109090909090909 0.000109090909090909 0.169654545454545 0.139654545454545 0.000109090909090909 0.000109090909090909 0.194654545454545 0.000109090909090909; % t D=0.2
0.000109090909090909 0.999018181818182 0.000127272727272727 1.81818181818182e-05 1.81818181818182e-05 0.000109090909090909 1.81818181818182e-05 1.81818181818182e-05 0.000109090909090909 1.81818181818182e-05 1.81818181818182e-05 1.81818181818182e-05 1.81818181818182e-05 0.000109090909090909 0.000109090909090909 1.81818181818182e-05 1.81818181818182e-05 0.000109090909090909 1.81818181818182e-05; % v D=0.2
0.000109090909090909 1.81818181818182e-05 0.000127272727272727 1.81818181818182e-05 1.81818181818182e-05 0.000109090909090909 1.81818181818182e-05 1.81818181818182e-05 0.000109090909090909 0.999018181818182 1.81818181818182e-05 1.81818181818182e-05 1.81818181818182e-05 0.000109090909090909 0.000109090909090909 1.81818181818182e-05 1.81818181818182e-05 0.000109090909090909 1.81818181818182e-05; % z D=0.2
0.000654545454545455 0.000109090909090909 0.179763636363636 0.000109090909090909 0.000109090909090909 0.166321212121212 0.000109090909090909 0.000109090909090909 0.159654545454545 0.000109090909090909 0.000109090909090909 0.000109090909090909 0.000109090909090909 0.156321212121212 0.182987878787879 0.000109090909090909 0.000109090909090909 0.152987878787879 0.000109090909090909; % $ D=0.3
0.000163636363636364 2.72727272727273e-05 0.000190909090909091 2.72727272727273e-05 2.72727272727273e-05 0.000163636363636364 2.72727272727273e-05 2.72727272727273e-05 0.000163636363636364 2.72727272727273e-05 2.72727272727273e-05 2.72727272727273e-05 2.72727272727273e-05 0.000163636363636364 0.000163636363636364 0.998527272727273 2.72727272727273e-05 0.000163636363636364 2.72727272727273e-05; % B D=0.3
0.000163636363636364 2.72727272727273e-05 0.000190909090909091 0.998527272727273 2.72727272727273e-05 0.000163636363636364 2.72727272727273e-05 2.72727272727273e-05 0.000163636363636364 2.72727272727273e-05 2.72727272727273e-05 2.72727272727273e-05 2.72727272727273e-05 0.000163636363636364 0.000163636363636364 2.72727272727273e-05 2.72727272727273e-05 0.000163636363636364 2.72727272727273e-05; % D D=0.3
0.000163636363636364 2.72727272727273e-05 0.000190909090909091 2.72727272727273e-05 2.72727272727273e-05 0.000163636363636364 2.72727272727273e-05 2.72727272727273e-05 0.000163636363636364 2.72727272727273e-05 2.72727272727273e-05 2.72727272727273e-05 0.998527272727273 0.000163636363636364 0.000163636363636364 2.72727272727273e-05 2.72727272727273e-05 0.000163636363636364 2.72727272727273e-05; % G D=0.3
0.000163636363636364 2.72727272727273e-05 0.000190909090909091 2.72727272727273e-05 2.72727272727273e-05 0.000163636363636364 2.72727272727273e-05 2.72727272727273e-05 0.000163636363636364 2.72727272727273e-05 2.72727272727273e-05 0.998527272727273 2.72727272727273e-05 0.000163636363636364 0.000163636363636364 2.72727272727273e-05 2.72727272727273e-05 0.000163636363636364 2.72727272727273e-05; % K D=0.3
0.000163636363636364 2.72727272727273e-05 0.000190909090909091 2.72727272727273e-05 0.998527272727273 0.000163636363636364 2.72727272727273e-05 2.72727272727273e-05 0.000163636363636364 2.72727272727273e-05 2.72727272727273e-05 2.72727272727273e-05 2.72727272727273e-05 0.000163636363636364 0.000163636363636364 2.72727272727273e-05 2.72727272727273e-05 0.000163636363636364 2.72727272727273e-05; % L D=0.3
0.249481818181818 0.000163636363636364 0.109645454545455 0.000163636363636364 0.000163636363636364 0.114481818181818 0.000163636363636364 0.000163636363636364 0.189481818181818 0.000163636363636364 0.000163636363636364 0.000163636363636364 0.000163636363636364 0.129481818181818 0.000981818181818182 0.000163636363636364 0.000163636363636364 0.204481818181818 0.000163636363636364; % P D=0.3
0.279481818181818 0.000163636363636364 0.179645454545455 0.000163636363636364 0.000163636363636364 0.134481818181818 0.000163636363636364 0.000163636363636364 0.134481818181818 0.000163636363636364 0.000163636363636364 0.000163636363636364 0.000163636363636364 0.000981818181818182 0.144481818181818 0.000163636363636364 0.000163636363636364 0.124481818181818 0.000163636363636364; % T D=0.3
0.000163636363636364 2.72727272727273e-05 0.000190909090909091 2.72727272727273e-05 2.72727272727273e-05 0.000163636363636364 2.72727272727273e-05 2.72727272727273e-05 0.000163636363636364 2.72727272727273e-05 2.72727272727273e-05 2.72727272727273e-05 2.72727272727273e-05 0.000163636363636364 0.000163636363636364 2.72727272727273e-05 2.72727272727273e-05 0.000163636363636364 0.998527272727273; % V D=0.3
0.000163636363636364 2.72727272727273e-05 0.000190909090909091 2.72727272727273e-05 2.72727272727273e-05 0.000163636363636364 2.72727272727273e-05 2.72727272727273e-05 0.000163636363636364 2.72727272727273e-05 2.72727272727273e-05 2.72727272727273e-05 2.72727272727273e-05 0.000163636363636364 0.000163636363636364 2.72727272727273e-05 0.998527272727273 0.000163636363636364 2.72727272727273e-05; % Z D=0.3
0.249645454545455 0.000190909090909091 0.00483636363636364 0.000190909090909091 0.000190909090909091 0.189645454545455 0.000190909090909091 0.000190909090909091 0.144645454545455 0.000190909090909091 0.000190909090909091 0.000190909090909091 0.000190909090909091 0.154645454545455 0.119645454545455 0.000190909090909091 0.000190909090909091 0.134645454545455 0.000190909090909091; % b D=0.3
0.274481818181818 0.000163636363636364 0.139645454545455 0.000163636363636364 0.000163636363636364 0.000981818181818182 0.000163636363636364 0.000163636363636364 0.144481818181818 0.000163636363636364 0.000163636363636364 0.000163636363636364 0.000163636363636364 0.169481818181818 0.159481818181818 0.000163636363636364 0.000163636363636364 0.109481818181818 0.000163636363636364; % d D=0.3
0.000163636363636364 2.72727272727273e-05 0.000190909090909091 2.72727272727273e-05 2.72727272727273e-05 0.000163636363636364 2.72727272727273e-05 2.72727272727273e-05 0.000163636363636364 2.72727272727273e-05 0.998527272727273 2.72727272727273e-05 2.72727272727273e-05 0.000163636363636364 0.000163636363636364 2.72727272727273e-05 2.72727272727273e-05 0.000163636363636364 2.72727272727273e-05; % g D=0.3
0.000163636363636364 2.72727272727273e-05 0.000190909090909091 2.72727272727273e-05 2.72727272727273e-05 0.000163636363636364 2.72727272727273e-05 0.998527272727273 0.000163636363636364 2.72727272727273e-05 2.72727272727273e-05 2.72727272727273e-05 2.72727272727273e-05 0.000163636363636364 0.000163636363636364 2.72727272727273e-05 2.72727272727273e-05 0.000163636363636364 2.72727272727273e-05; % k D=0.3
0.000163636363636364 2.72727272727273e-05 0.000190909090909091 2.72727272727273e-05 2.72727272727273e-05 0.000163636363636364 0.998527272727273 2.72727272727273e-05 0.000163636363636364 2.72727272727273e-05 2.72727272727273e-05 2.72727272727273e-05 2.72727272727273e-05 0.000163636363636364 0.000163636363636364 2.72727272727273e-05 2.72727272727273e-05 0.000163636363636364 2.72727272727273e-05; % l D=0.3
0.249481818181818 0.000163636363636364 0.159645454545455 0.000163636363636364 0.000163636363636364 0.144481818181818 0.000163636363636364 0.000163636363636364 0.144481818181818 0.000163636363636364 0.000163636363636364 0.000163636363636364 0.000163636363636364 0.139481818181818 0.159481818181818 0.000163636363636364 0.000163636363636364 0.000981818181818182 0.000163636363636364; % p D=0.3
0.194481818181818 0.000163636363636364 0.134645454545455 0.000163636363636364 0.000163636363636364 0.164481818181818 0.000163636363636364 0.000163636363636364 0.000981818181818182 0.000163636363636364 0.000163636363636364 0.000163636363636364 0.000163636363636364 0.169481818181818 0.139481818181818 0.000163636363636364 0.000163636363636364 0.194481818181818 0.000163636363636364; % t D=0.3
0.000163636363636364 0.998527272727273 0.000190909090909091 2.72727272727273e-05 2.72727272727273e-05 0.000163636363636364 2.72727272727273e-05 2.72727272727273e-05 0.000163636363636364 2.72727272727273e-05 2.72727272727273e-05 2.72727272727273e-05 2.72727272727273e-05 0.000163636363636364 0.000163636363636364 2.72727272727273e-05 2.72727272727273e-05 0.000163636363636364 2.72727272727273e-05; % v D=0.3
0.000163636363636364 2.72727272727273e-05 0.000190909090909091 2.72727272727273e-05 2.72727272727273e-05 0.000163636363636364 2.72727272727273e-05 2.72727272727273e-05 0.000163636363636364 0.998527272727273 2.72727272727273e-05 2.72727272727273e-05 2.72727272727273e-05 0.000163636363636364 0.000163636363636364 2.72727272727273e-05 2.72727272727273e-05 0.000163636363636364 2.72727272727273e-05; % z D=0.3
0.000872727272727273 0.000145454545454545 0.179684848484848 0.000145454545454545 0.000145454545454545 0.166206060606061 0.000145454545454545 0.000145454545454545 0.159539393939394 0.000145454545454545 0.000145454545454545 0.000145454545454545 0.000145454545454545 0.156206060606061 0.182872727272727 0.000145454545454545 0.000145454545454545 0.152872727272727 0.000145454545454545; % $ D=0.4
0.000218181818181818 3.63636363636364e-05 0.000254545454545455 3.63636363636364e-05 3.63636363636364e-05 0.000218181818181818 3.63636363636364e-05 3.63636363636364e-05 0.000218181818181818 3.63636363636364e-05 3.63636363636364e-05 3.63636363636364e-05 3.63636363636364e-05 0.000218181818181818 0.000218181818181818 0.998036363636364 3.63636363636364e-05 0.000218181818181818 3.63636363636364e-05; % B D=0.4
0.000218181818181818 3.63636363636364e-05 0.000254545454545455 0.998036363636364 3.63636363636364e-05 0.000218181818181818 3.63636363636364e-05 3.63636363636364e-05 0.000218181818181818 3.63636363636364e-05 3.63636363636364e-05 3.63636363636364e-05 3.63636363636364e-05 0.000218181818181818 0.000218181818181818 3.63636363636364e-05 3.63636363636364e-05 0.000218181818181818 3.63636363636364e-05; % D D=0.4
0.000218181818181818 3.63636363636364e-05 0.000254545454545455 3.63636363636364e-05 3.63636363636364e-05 0.000218181818181818 3.63636363636364e-05 3.63636363636364e-05 0.000218181818181818 3.63636363636364e-05 3.63636363636364e-05 3.63636363636364e-05 0.998036363636364 0.000218181818181818 0.000218181818181818 3.63636363636364e-05 3.63636363636364e-05 0.000218181818181818 3.63636363636364e-05; % G D=0.4
0.000218181818181818 3.63636363636364e-05 0.000254545454545455 3.63636363636364e-05 3.63636363636364e-05 0.000218181818181818 3.63636363636364e-05 3.63636363636364e-05 0.000218181818181818 3.63636363636364e-05 3.63636363636364e-05 0.998036363636364 3.63636363636364e-05 0.000218181818181818 0.000218181818181818 3.63636363636364e-05 3.63636363636364e-05 0.000218181818181818 3.63636363636364e-05; % K D=0.4
0.000218181818181818 3.63636363636364e-05 0.000254545454545455 3.63636363636364e-05 0.998036363636364 0.000218181818181818 3.63636363636364e-05 3.63636363636364e-05 0.000218181818181818 3.63636363636364e-05 3.63636363636364e-05 3.63636363636364e-05 3.63636363636364e-05 0.000218181818181818 0.000218181818181818 3.63636363636364e-05 3.63636363636364e-05 0.000218181818181818 3.63636363636364e-05; % L D=0.4
0.249309090909091 0.000218181818181818 0.109527272727273 0.000218181818181818 0.000218181818181818 0.114309090909091 0.000218181818181818 0.000218181818181818 0.189309090909091 0.000218181818181818 0.000218181818181818 0.000218181818181818 0.000218181818181818 0.129309090909091 0.00130909090909091 0.000218181818181818 0.000218181818181818 0.204309090909091 0.000218181818181818; % P D=0.4
0.279309090909091 0.000218181818181818 0.179527272727273 0.000218181818181818 0.000218181818181818 0.134309090909091 0.000218181818181818 0.000218181818181818 0.134309090909091 0.000218181818181818 0.000218181818181818 0.000218181818181818 0.000218181818181818 0.00130909090909091 0.144309090909091 0.000218181818181818 0.000218181818181818 0.124309090909091 0.000218181818181818; % T D=0.4
0.000218181818181818 3.63636363636364e-05 0.000254545454545455 3.63636363636364e-05 3.63636363636364e-05 0.000218181818181818 3.63636363636364e-05 3.63636363636364e-05 0.000218181818181818 3.63636363636364e-05 3.63636363636364e-05 3.63636363636364e-05 3.63636363636364e-05 0.000218181818181818 0.000218181818181818 3.63636363636364e-05 3.63636363636364e-05 0.000218181818181818 0.998036363636364; % V D=0.4
0.000218181818181818 3.63636363636364e-05 0.000254545454545455 3.63636363636364e-05 3.63636363636364e-05 0.000218181818181818 3.63636363636364e-05 3.63636363636364e-05 0.000218181818181818 3.63636363636364e-05 3.63636363636364e-05 3.63636363636364e-05 3.63636363636364e-05 0.000218181818181818 0.000218181818181818 3.63636363636364e-05 0.998036363636364 0.000218181818181818 3.63636363636364e-05; % Z D=0.4
0.249527272727273 0.000254545454545455 0.00478181818181818 0.000254545454545455 0.000254545454545455 0.189527272727273 0.000254545454545455 0.000254545454545455 0.144527272727273 0.000254545454545455 0.000254545454545455 0.000254545454545455 0.000254545454545455 0.154527272727273 0.119527272727273 0.000254545454545455 0.000254545454545455 0.134527272727273 0.000254545454545455; % b D=0.4
0.274309090909091 0.000218181818181818 0.139527272727273 0.000218181818181818 0.000218181818181818 0.00130909090909091 0.000218181818181818 0.000218181818181818 0.144309090909091 0.000218181818181818 0.000218181818181818 0.000218181818181818 0.000218181818181818 0.169309090909091 0.159309090909091 0.000218181818181818 0.000218181818181818 0.109309090909091 0.000218181818181818; % d D=0.4
0.000218181818181818 3.63636363636364e-05 0.000254545454545455 3.63636363636364e-05 3.63636363636364e-05 0.000218181818181818 3.63636363636364e-05 3.63636363636364e-05 0.000218181818181818 3.63636363636364e-05 0.998036363636364 3.63636363636364e-05 3.63636363636364e-05 0.000218181818181818 0.000218181818181818 3.63636363636364e-05 3.63636363636364e-05 0.000218181818181818 3.63636363636364e-05; % g D=0.4
0.000218181818181818 3.63636363636364e-05 0.000254545454545455 3.63636363636364e-05 3.63636363636364e-05 0.000218181818181818 3.63636363636364e-05 0.998036363636364 0.000218181818181818 3.63636363636364e-05 3.63636363636364e-05 3.63636363636364e-05 3.63636363636364e-05 0.000218181818181818 0.000218181818181818 3.63636363636364e-05 3.63636363636364e-05 0.000218181818181818 3.63636363636364e-05; % k D=0.4
0.000218181818181818 3.63636363636364e-05 0.000254545454545455 3.63636363636364e-05 3.63636363636364e-05 0.000218181818181818 0.998036363636364 3.63636363636364e-05 0.000218181818181818 3.63636363636364e-05 3.63636363636364e-05 3.63636363636364e-05 3.63636363636364e-05 0.000218181818181818 0.000218181818181818 3.63636363636364e-05 3.63636363636364e-05 0.000218181818181818 3.63636363636364e-05; % l D=0.4
0.249309090909091 0.000218181818181818 0.159527272727273 0.000218181818181818 0.000218181818181818 0.144309090909091 0.000218181818181818 0.000218181818181818 0.144309090909091 0.000218181818181818 0.000218181818181818 0.000218181818181818 0.000218181818181818 0.139309090909091 0.159309090909091 0.000218181818181818 0.000218181818181818 0.00130909090909091 0.000218181818181818; % p D=0.4
0.194309090909091 0.000218181818181818 0.134527272727273 0.000218181818181818 0.000218181818181818 0.164309090909091 0.000218181818181818 0.000218181818181818 0.00130909090909091 0.000218181818181818 0.000218181818181818 0.000218181818181818 0.000218181818181818 0.169309090909091 0.139309090909091 0.000218181818181818 0.000218181818181818 0.194309090909091 0.000218181818181818; % t D=0.4
0.000218181818181818 0.998036363636364 0.000254545454545455 3.63636363636364e-05 3.63636363636364e-05 0.000218181818181818 3.63636363636364e-05 3.63636363636364e-05 0.000218181818181818 3.63636363636364e-05 3.63636363636364e-05 3.63636363636364e-05 3.63636363636364e-05 0.000218181818181818 0.000218181818181818 3.63636363636364e-05 3.63636363636364e-05 0.000218181818181818 3.63636363636364e-05; % v D=0.4
0.000218181818181818 3.63636363636364e-05 0.000254545454545455 3.63636363636364e-05 3.63636363636364e-05 0.000218181818181818 3.63636363636364e-05 3.63636363636364e-05 0.000218181818181818 0.998036363636364 3.63636363636364e-05 3.63636363636364e-05 3.63636363636364e-05 0.000218181818181818 0.000218181818181818 3.63636363636364e-05 3.63636363636364e-05 0.000218181818181818 3.63636363636364e-05; % z D=0.4
0.00109090909090909 0.000181818181818182 0.179606060606061 0.000181818181818182 0.000181818181818182 0.166090909090909 0.000181818181818182 0.000181818181818182 0.159424242424242 0.000181818181818182 0.000181818181818182 0.000181818181818182 0.000181818181818182 0.156090909090909 0.182757575757576 0.000181818181818182 0.000181818181818182 0.152757575757576 0.000181818181818182; % $ D=0.5
0.000272727272727273 4.54545454545455e-05 0.000318181818181818 4.54545454545455e-05 4.54545454545455e-05 0.000272727272727273 4.54545454545455e-05 4.54545454545455e-05 0.000272727272727273 4.54545454545455e-05 4.54545454545455e-05 4.54545454545455e-05 4.54545454545455e-05 0.000272727272727273 0.000272727272727273 0.997545454545455 4.54545454545455e-05 0.000272727272727273 4.54545454545455e-05; % B D=0.5
0.000272727272727273 4.54545454545455e-05 0.000318181818181818 0.997545454545455 4.54545454545455e-05 0.000272727272727273 4.54545454545455e-05 4.54545454545455e-05 0.000272727272727273 4.54545454545455e-05 4.54545454545455e-05 4.54545454545455e-05 4.54545454545455e-05 0.000272727272727273 0.000272727272727273 4.54545454545455e-05 4.54545454545455e-05 0.000272727272727273 4.54545454545455e-05; % D D=0.5
0.000272727272727273 4.54545454545455e-05 0.000318181818181818 4.54545454545455e-05 4.54545454545455e-05 0.000272727272727273 4.54545454545455e-05 4.54545454545455e-05 0.000272727272727273 4.54545454545455e-05 4.54545454545455e-05 4.54545454545455e-05 0.997545454545455 0.000272727272727273 0.000272727272727273 4.54545454545455e-05 4.54545454545455e-05 0.000272727272727273 4.54545454545455e-05; % G D=0.5
0.000272727272727273 4.54545454545455e-05 0.000318181818181818 4.54545454545455e-05 4.54545454545455e-05 0.000272727272727273 4.54545454545455e-05 4.54545454545455e-05 0.000272727272727273 4.54545454545455e-05 4.54545454545455e-05 0.997545454545455 4.54545454545455e-05 0.000272727272727273 0.000272727272727273 4.54545454545455e-05 4.54545454545455e-05 0.000272727272727273 4.54545454545455e-05; % K D=0.5
0.000272727272727273 4.54545454545455e-05 0.000318181818181818 4.54545454545455e-05 0.997545454545455 0.000272727272727273 4.54545454545455e-05 4.54545454545455e-05 0.000272727272727273 4.54545454545455e-05 4.54545454545455e-05 4.54545454545455e-05 4.54545454545455e-05 0.000272727272727273 0.000272727272727273 4.54545454545455e-05 4.54545454545455e-05 0.000272727272727273 4.54545454545455e-05; % L D=0.5
0.249136363636364 0.000272727272727273 0.109409090909091 0.000272727272727273 0.000272727272727273 0.114136363636364 0.000272727272727273 0.000272727272727273 0.189136363636364 0.000272727272727273 0.000272727272727273 0.000272727272727273 0.000272727272727273 0.129136363636364 0.00163636363636364 0.000272727272727273 0.000272727272727273 0.204136363636364 0.000272727272727273; % P D=0.5
0.279136363636364 0.000272727272727273 0.179409090909091 0.000272727272727273 0.000272727272727273 0.134136363636364 0.000272727272727273 0.000272727272727273 0.134136363636364 0.000272727272727273 0.000272727272727273 0.000272727272727273 0.000272727272727273 0.00163636363636364 0.144136363636364 0.000272727272727273 0.000272727272727273 0.124136363636364 0.000272727272727273; % T D=0.5
0.000272727272727273 4.54545454545455e-05 0.000318181818181818 4.54545454545455e-05 4.54545454545455e-05 0.000272727272727273 4.54545454545455e-05 4.54545454545455e-05 0.000272727272727273 4.54545454545455e-05 4.54545454545455e-05 4.54545454545455e-05 4.54545454545455e-05 0.000272727272727273 0.000272727272727273 4.54545454545455e-05 4.54545454545455e-05 0.000272727272727273 0.997545454545455; % V D=0.5
0.000272727272727273 4.54545454545455e-05 0.000318181818181818 4.54545454545455e-05 4.54545454545455e-05 0.000272727272727273 4.54545454545455e-05 4.54545454545455e-05 0.000272727272727273 4.54545454545455e-05 4.54545454545455e-05 4.54545454545455e-05 4.54545454545455e-05 0.000272727272727273 0.000272727272727273 4.54545454545455e-05 0.997545454545455 0.000272727272727273 4.54545454545455e-05; % Z D=0.5
0.249409090909091 0.000318181818181818 0.00472727272727273 0.000318181818181818 0.000318181818181818 0.189409090909091 0.000318181818181818 0.000318181818181818 0.144409090909091 0.000318181818181818 0.000318181818181818 0.000318181818181818 0.000318181818181818 0.154409090909091 0.119409090909091 0.000318181818181818 0.000318181818181818 0.134409090909091 0.000318181818181818; % b D=0.5
0.274136363636364 0.000272727272727273 0.139409090909091 0.000272727272727273 0.000272727272727273 0.00163636363636364 0.000272727272727273 0.000272727272727273 0.144136363636364 0.000272727272727273 0.000272727272727273 0.000272727272727273 0.000272727272727273 0.169136363636364 0.159136363636364 0.000272727272727273 0.000272727272727273 0.109136363636364 0.000272727272727273; % d D=0.5
0.000272727272727273 4.54545454545455e-05 0.000318181818181818 4.54545454545455e-05 4.54545454545455e-05 0.000272727272727273 4.54545454545455e-05 4.54545454545455e-05 0.000272727272727273 4.54545454545455e-05 0.997545454545455 4.54545454545455e-05 4.54545454545455e-05 0.000272727272727273 0.000272727272727273 4.54545454545455e-05 4.54545454545455e-05 0.000272727272727273 4.54545454545455e-05; % g D=0.5
0.000272727272727273 4.54545454545455e-05 0.000318181818181818 4.54545454545455e-05 4.54545454545455e-05 0.000272727272727273 4.54545454545455e-05 0.997545454545455 0.000272727272727273 4.54545454545455e-05 4.54545454545455e-05 4.54545454545455e-05 4.54545454545455e-05 0.000272727272727273 0.000272727272727273 4.54545454545455e-05 4.54545454545455e-05 0.000272727272727273 4.54545454545455e-05; % k D=0.5
0.000272727272727273 4.54545454545455e-05 0.000318181818181818 4.54545454545455e-05 4.54545454545455e-05 0.000272727272727273 0.997545454545455 4.54545454545455e-05 0.000272727272727273 4.54545454545455e-05 4.54545454545455e-05 4.54545454545455e-05 4.54545454545455e-05 0.000272727272727273 0.000272727272727273 4.54545454545455e-05 4.54545454545455e-05 0.000272727272727273 4.54545454545455e-05; % l D=0.5
0.249136363636364 0.000272727272727273 0.159409090909091 0.000272727272727273 0.000272727272727273 0.144136363636364 0.000272727272727273 0.000272727272727273 0.144136363636364 0.000272727272727273 0.000272727272727273 0.000272727272727273 0.000272727272727273 0.139136363636364 0.159136363636364 0.000272727272727273 0.000272727272727273 0.00163636363636364 0.000272727272727273; % p D=0.5
0.194136363636364 0.000272727272727273 0.134409090909091 0.000272727272727273 0.000272727272727273 0.164136363636364 0.000272727272727273 0.000272727272727273 0.00163636363636364 0.000272727272727273 0.000272727272727273 0.000272727272727273 0.000272727272727273 0.169136363636364 0.139136363636364 0.000272727272727273 0.000272727272727273 0.194136363636364 0.000272727272727273; % t D=0.5
0.000272727272727273 0.997545454545455 0.000318181818181818 4.54545454545455e-05 4.54545454545455e-05 0.000272727272727273 4.54545454545455e-05 4.54545454545455e-05 0.000272727272727273 4.54545454545455e-05 4.54545454545455e-05 4.54545454545455e-05 4.54545454545455e-05 0.000272727272727273 0.000272727272727273 4.54545454545455e-05 4.54545454545455e-05 0.000272727272727273 4.54545454545455e-05; % v D=0.5
0.000272727272727273 4.54545454545455e-05 0.000318181818181818 4.54545454545455e-05 4.54545454545455e-05 0.000272727272727273 4.54545454545455e-05 4.54545454545455e-05 0.000272727272727273 0.997545454545455 4.54545454545455e-05 4.54545454545455e-05 4.54545454545455e-05 0.000272727272727273 0.000272727272727273 4.54545454545455e-05 4.54545454545455e-05 0.000272727272727273 4.54545454545455e-05; % z D=0.5
0.00130909090909091 0.000218181818181818 0.179527272727273 0.000218181818181818 0.000218181818181818 0.165975757575758 0.000218181818181818 0.000218181818181818 0.159309090909091 0.000218181818181818 0.000218181818181818 0.000218181818181818 0.000218181818181818 0.155975757575758 0.182642424242424 0.000218181818181818 0.000218181818181818 0.152642424242424 0.000218181818181818; % $ D=0.6
0.000327272727272727 5.45454545454545e-05 0.000381818181818182 5.45454545454545e-05 5.45454545454545e-05 0.000327272727272727 5.45454545454545e-05 5.45454545454545e-05 0.000327272727272727 5.45454545454545e-05 5.45454545454545e-05 5.45454545454545e-05 5.45454545454545e-05 0.000327272727272727 0.000327272727272727 0.997054545454545 5.45454545454545e-05 0.000327272727272727 5.45454545454545e-05; % B D=0.6
0.000327272727272727 5.45454545454545e-05 0.000381818181818182 0.997054545454545 5.45454545454545e-05 0.000327272727272727 5.45454545454545e-05 5.45454545454545e-05 0.000327272727272727 5.45454545454545e-05 5.45454545454545e-05 5.45454545454545e-05 5.45454545454545e-05 0.000327272727272727 0.000327272727272727 5.45454545454545e-05 5.45454545454545e-05 0.000327272727272727 5.45454545454545e-05; % D D=0.6
0.000327272727272727 5.45454545454545e-05 0.000381818181818182 5.45454545454545e-05 5.45454545454545e-05 0.000327272727272727 5.45454545454545e-05 5.45454545454545e-05 0.000327272727272727 5.45454545454545e-05 5.45454545454545e-05 5.45454545454545e-05 0.997054545454545 0.000327272727272727 0.000327272727272727 5.45454545454545e-05 5.45454545454545e-05 0.000327272727272727 5.45454545454545e-05; % G D=0.6
