syllables = '$BDGKLPTVZbdgklptvz';
discounts = [0.1 0.2 0.3 0.4 0.5 0.6 0.7 0.8 0.9 0.95];
kn_probs = [0.00681818181818182 0.00113636363636364 0.00113636363636364 0.164015151515152 0.00113636363636364 0.00113636363636364 0.329545454545455 0.0806818181818182 0.00113636363636364 0.0795454545454545 0.00113636363636364 0.00113636363636364 0.00113636363636364 0.00113636363636364 0.00113636363636364 0.00113636363636364 0.161742424242424 0.164015151515152 0.00113636363636364; % $ D=0.1
0.369318181818182 0.00113636363636364 0.00113636363636364 0.00568181818181818 0.00113636363636364 0.00113636363636364 0.117045454545455 0.00568181818181818 0.00113636363636364 0.367045454545455 0.00113636363636364 0.00113636363636364 0.00113636363636364 0.00113636363636364 0.00113636363636364 0.00113636363636364 0.00340909090909091 0.118181818181818 0.00113636363636364; % B D=0.1
0.00170454545454545 0.000284090909090909 0.000284090909090909 0.00142045454545455 0.000284090909090909 0.000284090909090909 0.00113636363636364 0.00142045454545455 0.000284090909090909 0.00113636363636364 0.987784090909091 0.000284090909090909 0.000284090909090909 0.000284090909090909 0.000284090909090909 0.000284090909090909 0.000852272727272727 0.00142045454545455 0.000284090909090909; % D D=0.1
0.00170454545454545 0.000284090909090909 0.000284090909090909 0.00142045454545455 0.987784090909091 0.000284090909090909 0.00113636363636364 0.00142045454545455 0.000284090909090909 0.00113636363636364 0.000284090909090909 0.000284090909090909 0.000284090909090909 0.000284090909090909 0.000284090909090909 0.000284090909090909 0.000852272727272727 0.00142045454545455 0.000284090909090909; % G D=0.1
0.00170454545454545 0.000284090909090909 0.000284090909090909 0.00142045454545455 0.000284090909090909 0.987784090909091 0.00113636363636364 0.00142045454545455 0.000284090909090909 0.00113636363636364 0.000284090909090909 0.000284090909090909 0.000284090909090909 0.000284090909090909 0.000284090909090909 0.000284090909090909 0.000852272727272727 0.00142045454545455 0.000284090909090909; % K D=0.1
0.369318181818182 0.00113636363636364 0.00113636363636364 0.00568181818181818 0.00113636363636364 0.00113636363636364 0.00454545454545455 0.243181818181818 0.00113636363636364 0.00454545454545455 0.00113636363636364 0.00113636363636364 0.00113636363636364 0.00113636363636364 0.00113636363636364 0.00113636363636364 0.240909090909091 0.118181818181818 0.00113636363636364; % L D=0.1
0.00170454545454545 0.000284090909090909 0.000284090909090909 0.00142045454545455 0.000284090909090909 0.000284090909090909 0.00113636363636364 0.00142045454545455 0.000284090909090909 0.00113636363636364 0.000284090909090909 0.000284090909090909 0.000284090909090909 0.000284090909090909 0.000284090909090909 0.987784090909091 0.000852272727272727 0.00142045454545455 0.000284090909090909; % P D=0.1
0.00170454545454545 0.000284090909090909 0.000284090909090909 0.00142045454545455 0.000284090909090909 0.000284090909090909 0.00113636363636364 0.00142045454545455 0.000284090909090909 0.00113636363636364 0.000284090909090909 0.000284090909090909 0.987784090909091 0.000284090909090909 0.000284090909090909 0.000284090909090909 0.000852272727272727 0.00142045454545455 0.000284090909090909; % T D=0.1
0.369318181818182 0.00113636363636364 0.00113636363636364 0.118181818181818 0.00113636363636364 0.00113636363636364 0.117045454545455 0.368181818181818 0.00113636363636364 0.00454545454545455 0.00113636363636364 0.00113636363636364 0.00113636363636364 0.00113636363636364 0.00113636363636364 0.00113636363636364 0.00340909090909091 0.00568181818181818 0.00113636363636364; % V D=0.1
0.00170454545454545 0.000284090909090909 0.000284090909090909 0.00142045454545455 0.000284090909090909 0.000284090909090909 0.00113636363636364 0.00142045454545455 0.000284090909090909 0.00113636363636364 0.000284090909090909 0.987784090909091 0.000284090909090909 0.000284090909090909 0.000284090909090909 0.000284090909090909 0.000852272727272727 0.00142045454545455 0.000284090909090909; % Z D=0.1
0.121022727272727 0.00142045454545455 0.00142045454545455 0.244602272727273 0.00142045454545455 0.00142045454545455 0.00568181818181818 0.119602272727273 0.00142045454545455 0.368181818181818 0.00142045454545455 0.00142045454545455 0.00142045454545455 0.00142045454545455 0.00142045454545455 0.00142045454545455 0.00426136363636364 0.119602272727273 0.00142045454545455; % b D=0.1
0.00170454545454545 0.000284090909090909 0.000284090909090909 0.00142045454545455 0.000284090909090909 0.000284090909090909 0.00113636363636364 0.00142045454545455 0.987784090909091 0.00113636363636364 0.000284090909090909 0.000284090909090909 0.000284090909090909 0.000284090909090909 0.000284090909090909 0.000284090909090909 0.000852272727272727 0.00142045454545455 0.000284090909090909; % d D=0.1
0.121022727272727 0.00142045454545455 0.00142045454545455 0.119602272727273 0.00142045454545455 0.00142045454545455 0.243181818181818 0.00710227272727273 0.00142045454545455 0.118181818181818 0.00142045454545455 0.00142045454545455 0.00142045454545455 0.00142045454545455 0.00142045454545455 0.00142045454545455 0.00426136363636364 0.369602272727273 0.00142045454545455; % g D=0.1
0.119318181818182 0.00113636363636364 0.00113636363636364 0.243181818181818 0.00113636363636364 0.00113636363636364 0.00454545454545455 0.118181818181818 0.00113636363636364 0.00454545454545455 0.00113636363636364 0.00113636363636364 0.00113636363636364 0.00113636363636364 0.00113636363636364 0.00113636363636364 0.490909090909091 0.00568181818181818 0.00113636363636364; % k D=0.1
0.00170454545454545 0.000284090909090909 0.987784090909091 0.00142045454545455 0.000284090909090909 0.000284090909090909 0.00113636363636364 0.00142045454545455 0.000284090909090909 0.00113636363636364 0.000284090909090909 0.000284090909090909 0.000284090909090909 0.000284090909090909 0.000284090909090909 0.000284090909090909 0.000852272727272727 0.00142045454545455 0.000284090909090909; % l D=0.1
0.00170454545454545 0.000284090909090909 0.000284090909090909 0.00142045454545455 0.000284090909090909 0.000284090909090909 0.00113636363636364 0.00142045454545455 0.000284090909090909 0.00113636363636364 0.000284090909090909 0.000284090909090909 0.000284090909090909 0.000284090909090909 0.000284090909090909 0.000284090909090909 0.000852272727272727 0.00142045454545455 0.987784090909091; % p D=0.1
0.00170454545454545 0.000284090909090909 0.000284090909090909 0.00142045454545455 0.000284090909090909 0.000284090909090909 0.00113636363636364 0.00142045454545455 0.000284090909090909 0.00113636363636364 0.000284090909090909 0.000284090909090909 0.000284090909090909 0.000284090909090909 0.987784090909091 0.000284090909090909 0.000852272727272727 0.00142045454545455 0.000284090909090909; % t D=0.1
0.00170454545454545 0.987784090909091 0.000284090909090909 0.00142045454545455 0.000284090909090909 0.000284090909090909 0.00113636363636364 0.00142045454545455 0.000284090909090909 0.00113636363636364 0.000284090909090909 0.000284090909090909 0.000284090909090909 0.000284090909090909 0.000284090909090909 0.000284090909090909 0.000852272727272727 0.00142045454545455 0.000284090909090909; % v D=0.1
0.00170454545454545 0.000284090909090909 0.000284090909090909 0.00142045454545455 0.000284090909090909 0.000284090909090909 0.00113636363636364 0.00142045454545455 0.000284090909090909 0.00113636363636364 0.000284090909090909 0.000284090909090909 0.000284090909090909 0.987784090909091 0.000284090909090909 0.000284090909090909 0.000852272727272727 0.00142045454545455 0.000284090909090909; % z D=0.1
0.0136363636363636 0.00227272727272727 0.00227272727272727 0.161363636363636 0.00227272727272727 0.00227272727272727 0.325757575757576 0.078030303030303 0.00227272727272727 0.0757575757575758 0.00227272727272727 0.00227272727272727 0.00227272727272727 0.00227272727272727 0.00227272727272727 0.00227272727272727 0.156818181818182 0.161363636363636 0.00227272727272727; % $ D=0.2
0.363636363636364 0.00227272727272727 0.00227272727272727 0.0113636363636364 0.00227272727272727 0.00227272727272727 0.109090909090909 0.0113636363636364 0.00227272727272727 0.359090909090909 0.00227272727272727 0.00227272727272727 0.00227272727272727 0.00227272727272727 0.00227272727272727 0.00227272727272727 0.00681818181818182 0.111363636363636 0.00227272727272727; % B D=0.2
0.00340909090909091 0.000568181818181818 0.000568181818181818 0.00284090909090909 0.000568181818181818 0.000568181818181818 0.00227272727272727 0.00284090909090909 0.000568181818181818 0.00227272727272727 0.975568181818182 0.000568181818181818 0.000568181818181818 0.000568181818181818 0.000568181818181818 0.000568181818181818 0.00170454545454545 0.00284090909090909 0.000568181818181818; % D D=0.2
0.00340909090909091 0.000568181818181818 0.000568181818181818 0.00284090909090909 0.975568181818182 0.000568181818181818 0.00227272727272727 0.00284090909090909 0.000568181818181818 0.00227272727272727 0.000568181818181818 0.000568181818181818 0.000568181818181818 0.000568181818181818 0.000568181818181818 0.000568181818181818 0.00170454545454545 0.00284090909090909 0.000568181818181818; % G D=0.2
0.00340909090909091 0.000568181818181818 0.000568181818181818 0.00284090909090909 0.000568181818181818 0.975568181818182 0.00227272727272727 0.00284090909090909 0.000568181818181818 0.00227272727272727 0.000568181818181818 0.000568181818181818 0.000568181818181818 0.000568181818181818 0.000568181818181818 0.000568181818181818 0.00170454545454545 0.00284090909090909 0.000568181818181818; % K D=0.2
0.363636363636364 0.00227272727272727 0.00227272727272727 0.0113636363636364 0.00227272727272727 0.00227272727272727 0.00909090909090909 0.236363636363636 0.00227272727272727 0.00909090909090909 0.00227272727272727 0.00227272727272727 0.00227272727272727 0.00227272727272727 0.00227272727272727 0.00227272727272727 0.231818181818182 0.111363636363636 0.00227272727272727; % L D=0.2
0.00340909090909091 0.000568181818181818 0.000568181818181818 0.00284090909090909 0.000568181818181818 0.000568181818181818 0.00227272727272727 0.00284090909090909 0.000568181818181818 0.00227272727272727 0.000568181818181818 0.000568181818181818 0.000568181818181818 0.000568181818181818 0.000568181818181818 0.975568181818182 0.00170454545454545 0.00284090909090909 0.000568181818181818; % P D=0.2
0.00340909090909091 0.000568181818181818 0.000568181818181818 0.00284090909090909 0.000568181818181818 0.000568181818181818 0.00227272727272727 0.00284090909090909 0.000568181818181818 0.00227272727272727 0.000568181818181818 0.000568181818181818 0.975568181818182 0.000568181818181818 0.000568181818181818 0.000568181818181818 0.00170454545454545 0.00284090909090909 0.000568181818181818; % T D=0.2
0.363636363636364 0.00227272727272727 0.00227272727272727 0.111363636363636 0.00227272727272727 0.00227272727272727 0.109090909090909 0.361363636363636 0.00227272727272727 0.00909090909090909 0.00227272727272727 0.00227272727272727 0.00227272727272727 0.00227272727272727 0.00227272727272727 0.00227272727272727 0.00681818181818182 0.0113636363636364 0.00227272727272727; % V D=0.2
0.00340909090909091 0.000568181818181818 0.000568181818181818 0.00284090909090909 0.000568181818181818 0.000568181818181818 0.00227272727272727 0.00284090909090909 0.000568181818181818 0.00227272727272727 0.000568181818181818 0.975568181818182 0.000568181818181818 0.000568181818181818 0.000568181818181818 0.000568181818181818 0.00170454545454545 0.00284090909090909 0.000568181818181818; % Z D=0.2
0.117045454545455 0.00284090909090909 0.00284090909090909 0.239204545454545 0.00284090909090909 0.00284090909090909 0.0113636363636364 0.114204545454545 0.00284090909090909 0.361363636363636 0.00284090909090909 0.00284090909090909 0.00284090909090909 0.00284090909090909 0.00284090909090909 0.00284090909090909 0.00852272727272727 0.114204545454545 0.00284090909090909; % b D=0.2
0.00340909090909091 0.000568181818181818 0.000568181818181818 0.00284090909090909 0.000568181818181818 0.000568181818181818 0.00227272727272727 0.00284090909090909 0.975568181818182 0.00227272727272727 0.000568181818181818 0.000568181818181818 0.000568181818181818 0.000568181818181818 0.000568181818181818 0.000568181818181818 0.00170454545454545 0.00284090909090909 0.000568181818181818; % d D=0.2
0.117045454545455 0.00284090909090909 0.00284090909090909 0.114204545454545 0.00284090909090909 0.00284090909090909 0.236363636363636 0.0142045454545455 0.00284090909090909 0.111363636363636 0.00284090909090909 0.00284090909090909 0.00284090909090909 0.00284090909090909 0.00284090909090909 0.00284090909090909 0.00852272727272727 0.364204545454545 0.00284090909090909; % g D=0.2
0.113636363636364 0.00227272727272727 0.00227272727272727 0.236363636363636 0.00227272727272727 0.00227272727272727 0.00909090909090909 0.111363636363636 0.00227272727272727 0.00909090909090909 0.00227272727272727 0.00227272727272727 0.00227272727272727 0.00227272727272727 0.00227272727272727 0.00227272727272727 0.481818181818182 0.0113636363636364 0.00227272727272727; % k D=0.2
0.00340909090909091 0.000568181818181818 0.975568181818182 0.00284090909090909 0.000568181818181818 0.000568181818181818 0.00227272727272727 0.00284090909090909 0.000568181818181818 0.00227272727272727 0.000568181818181818 0.000568181818181818 0.000568181818181818 0.000568181818181818 0.000568181818181818 0.000568181818181818 0.00170454545454545 0.00284090909090909 0.000568181818181818; % l D=0.2
0.00340909090909091 0.000568181818181818 0.000568181818181818 0.00284090909090909 0.000568181818181818 0.000568181818181818 0.00227272727272727 0.00284090909090909 0.000568181818181818 0.00227272727272727 0.000568181818181818 0.000568181818181818 0.000568181818181818 0.000568181818181818 0.000568181818181818 0.000568181818181818 0.00170454545454545 0.00284090909090909 0.975568181818182; % p D=0.2
0.00340909090909091 0.000568181818181818 0.000568181818181818 0.00284090909090909 0.000568181818181818 0.000568181818181818 0.00227272727272727 0.00284090909090909 0.000568181818181818 0.00227272727272727 0.000568181818181818 0.000568181818181818 0.000568181818181818 0.000568181818181818 0.975568181818182 0.000568181818181818 0.00170454545454545 0.00284090909090909 0.000568181818181818; % t D=0.2
0.00340909090909091 0.975568181818182 0.000568181818181818 0.00284090909090909 0.000568181818181818 0.000568181818181818 0.00227272727272727 0.00284090909090909 0.000568181818181818 0.00227272727272727 0.000568181818181818 0.000568181818181818 0.000568181818181818 0.000568181818181818 0.000568181818181818 0.000568181818181818 0.00170454545454545 0.00284090909090909 0.000568181818181818; % v D=0.2
0.00340909090909091 0.000568181818181818 0.000568181818181818 0.00284090909090909 0.000568181818181818 0.000568181818181818 0.00227272727272727 0.00284090909090909 0.000568181818181818 0.00227272727272727 0.000568181818181818 0.000568181818181818 0.000568181818181818 0.975568181818182 0.000568181818181818 0.000568181818181818 0.00170454545454545 0.00284090909090909 0.000568181818181818; % z D=0.2
0.0204545454545455 0.00340909090909091 0.00340909090909091 0.158712121212121 0.00340909090909091 0.00340909090909091 0.321969696969697 0.0753787878787879 0.00340909090909091 0.071969696969697 0.00340909090909091 0.00340909090909091 0.00340909090909091 0.00340909090909091 0.00340909090909091 0.00340909090909091 0.151893939393939 0.158712121212121 0.00340909090909091; % $ D=0.3
0.357954545454545 0.00340909090909091 0.00340909090909091 0.0170454545454545 0.00340909090909091 0.00340909090909091 0.101136363636364 0.0170454545454545 0.00340909090909091 0.351136363636364 0.00340909090909091 0.00340909090909091 0.00340909090909091 0.00340909090909091 0.00340909090909091 0.00340909090909091 0.0102272727272727 0.104545454545455 0.00340909090909091; % B D=0.3
0.00511363636363636 0.000852272727272727 0.000852272727272727 0.00426136363636364 0.000852272727272727 0.000852272727272727 0.00340909090909091 0.00426136363636364 0.000852272727272727 0.00340909090909091 0.963352272727273 0.000852272727272727 0.000852272727272727 0.000852272727272727 0.000852272727272727 0.000852272727272727 0.00255681818181818 0.00426136363636364 0.000852272727272727; % D D=0.3
0.00511363636363636 0.000852272727272727 0.000852272727272727 0.00426136363636364 0.963352272727273 0.000852272727272727 0.00340909090909091 0.00426136363636364 0.000852272727272727 0.00340909090909091 0.000852272727272727 0.000852272727272727 0.000852272727272727 0.000852272727272727 0.000852272727272727 0.000852272727272727 0.00255681818181818 0.00426136363636364 0.000852272727272727; % G D=0.3
0.00511363636363636 0.000852272727272727 0.000852272727272727 0.00426136363636364 0.000852272727272727 0.963352272727273 0.00340909090909091 0.00426136363636364 0.000852272727272727 0.00340909090909091 0.000852272727272727 0.000852272727272727 0.000852272727272727 0.000852272727272727 0.000852272727272727 0.000852272727272727 0.00255681818181818 0.00426136363636364 0.000852272727272727; % K D=0.3
0.357954545454545 0.00340909090909091 0.00340909090909091 0.0170454545454545 0.00340909090909091 0.00340909090909091 0.0136363636363636 0.229545454545455 0.00340909090909091 0.0136363636363636 0.00340909090909091 0.00340909090909091 0.00340909090909091 0.00340909090909091 0.00340909090909091 0.00340909090909091 0.222727272727273 0.104545454545455 0.00340909090909091; % L D=0.3
0.00511363636363636 0.000852272727272727 0.000852272727272727 0.00426136363636364 0.000852272727272727 0.000852272727272727 0.00340909090909091 0.00426136363636364 0.000852272727272727 0.00340909090909091 0.000852272727272727 0.000852272727272727 0.000852272727272727 0.000852272727272727 0.000852272727272727 0.963352272727273 0.00255681818181818 0.00426136363636364 0.000852272727272727; % P D=0.3
0.00511363636363636 0.000852272727272727 0.000852272727272727 0.00426136363636364 0.000852272727272727 0.000852272727272727 0.00340909090909091 0.00426136363636364 0.000852272727272727 0.00340909090909091 0.000852272727272727 0.000852272727272727 0.963352272727273 0.000852272727272727 0.000852272727272727 0.000852272727272727 0.00255681818181818 0.00426136363636364 0.000852272727272727; % T D=0.3
0.357954545454545 0.00340909090909091 0.00340909090909091 0.104545454545455 0.00340909090909091 0.00340909090909091 0.101136363636364 0.354545454545455 0.00340909090909091 0.0136363636363636 0.00340909090909091 0.00340909090909091 0.00340909090909091 0.00340909090909091 0.00340909090909091 0.00340909090909091 0.0102272727272727 0.0170454545454545 0.00340909090909091; % V D=0.3
0.00511363636363636 0.000852272727272727 0.000852272727272727 0.00426136363636364 0.000852272727272727 0.000852272727272727 0.00340909090909091 0.00426136363636364 0.000852272727272727 0.00340909090909091 0.000852272727272727 0.963352272727273 0.000852272727272727 0.000852272727272727 0.000852272727272727 0.000852272727272727 0.00255681818181818 0.00426136363636364 0.000852272727272727; % Z D=0.3
0.113068181818182 0.00426136363636364 0.00426136363636364 0.233806818181818 0.00426136363636364 0.00426136363636364 0.0170454545454545 0.108806818181818 0.00426136363636364 0.354545454545455 0.00426136363636364 0.00426136363636364 0.00426136363636364 0.00426136363636364 0.00426136363636364 0.00426136363636364 0.0127840909090909 0.108806818181818 0.00426136363636364; % b D=0.3
0.00511363636363636 0.000852272727272727 0.000852272727272727 0.00426136363636364 0.000852272727272727 0.000852272727272727 0.00340909090909091 0.00426136363636364 0.963352272727273 0.00340909090909091 0.000852272727272727 0.000852272727272727 0.000852272727272727 0.000852272727272727 0.000852272727272727 0.000852272727272727 0.00255681818181818 0.00426136363636364 0.000852272727272727; % d D=0.3
0.113068181818182 0.00426136363636364 0.00426136363636364 0.108806818181818 0.00426136363636364 0.00426136363636364 0.229545454545455 0.0213068181818182 0.00426136363636364 0.104545454545455 0.00426136363636364 0.00426136363636364 0.00426136363636364 0.00426136363636364 0.00426136363636364 0.00426136363636364 0.0127840909090909 0.358806818181818 0.00426136363636364; % g D=0.3
0.107954545454545 0.00340909090909091 0.00340909090909091 0.229545454545455 0.00340909090909091 0.00340909090909091 0.0136363636363636 0.104545454545455 0.00340909090909091 0.0136363636363636 0.00340909090909091 0.00340909090909091 0.00340909090909091 0.00340909090909091 0.00340909090909091 0.00340909090909091 0.472727272727273 0.0170454545454545 0.00340909090909091; % k D=0.3
0.00511363636363636 0.000852272727272727 0.963352272727273 0.00426136363636364 0.000852272727272727 0.000852272727272727 0.00340909090909091 0.00426136363636364 0.000852272727272727 0.00340909090909091 0.000852272727272727 0.000852272727272727 0.000852272727272727 0.000852272727272727 0.000852272727272727 0.000852272727272727 0.00255681818181818 0.00426136363636364 0.000852272727272727; % l D=0.3
0.00511363636363636 0.000852272727272727 0.000852272727272727 0.00426136363636364 0.000852272727272727 0.000852272727272727 0.00340909090909091 0.00426136363636364 0.000852272727272727 0.00340909090909091 0.000852272727272727 0.000852272727272727 0.000852272727272727 0.000852272727272727 0.000852272727272727 0.000852272727272727 0.00255681818181818 0.00426136363636364 0.963352272727273; % p D=0.3
0.00511363636363636 0.000852272727272727 0.000852272727272727 0.00426136363636364 0.000852272727272727 0.000852272727272727 0.00340909090909091 0.00426136363636364 0.000852272727272727 0.00340909090909091 0.000852272727272727 0.000852272727272727 0.000852272727272727 0.000852272727272727 0.963352272727273 0.000852272727272727 0.00255681818181818 0.00426136363636364 0.000852272727272727; % t D=0.3
0.00511363636363636 0.963352272727273 0.000852272727272727 0.00426136363636364 0.000852272727272727 0.000852272727272727 0.00340909090909091 0.00426136363636364 0.000852272727272727 0.00340909090909091 0.000852272727272727 0.000852272727272727 0.000852272727272727 0.000852272727272727 0.000852272727272727 0.000852272727272727 0.00255681818181818 0.00426136363636364 0.000852272727272727; % v D=0.3
0.00511363636363636 0.000852272727272727 0.000852272727272727 0.00426136363636364 0.000852272727272727 0.000852272727272727 0.00340909090909091 0.00426136363636364 0.000852272727272727 0.00340909090909091 0.000852272727272727 0.000852272727272727 0.000852272727272727 0.963352272727273 0.000852272727272727 0.000852272727272727 0.00255681818181818 0.00426136363636364 0.000852272727272727; % z D=0.3
0.0272727272727273 0.00454545454545455 0.00454545454545455 0.156060606060606 0.00454545454545455 0.00454545454545455 0.318181818181818 0.0727272727272727 0.00454545454545455 0.0681818181818182 0.00454545454545455 0.00454545454545455 0.00454545454545455 0.00454545454545455 0.00454545454545455 0.00454545454545455 0.146969696969697 0.156060606060606 0.00454545454545455; % $ D=0.4
0.352272727272727 0.00454545454545455 0.00454545454545455 0.0227272727272727 0.00454545454545455 0.00454545454545455 0.0931818181818182 0.0227272727272727 0.00454545454545455 0.343181818181818 0.00454545454545455 0.00454545454545455 0.00454545454545455 0.00454545454545455 0.00454545454545455 0.00454545454545455 0.0136363636363636 0.0977272727272727 0.00454545454545455; % B D=0.4
0.00681818181818182 0.00113636363636364 0.00113636363636364 0.00568181818181818 0.00113636363636364 0.00113636363636364 0.00454545454545455 0.00568181818181818 0.00113636363636364 0.00454545454545455 0.951136363636364 0.00113636363636364 0.00113636363636364 0.00113636363636364 0.00113636363636364 0.00113636363636364 0.00340909090909091 0.00568181818181818 0.00113636363636364; % D D=0.4
0.00681818181818182 0.00113636363636364 0.00113636363636364 0.00568181818181818 0.951136363636364 0.00113636363636364 0.00454545454545455 0.00568181818181818 0.00113636363636364 0.00454545454545455 0.00113636363636364 0.00113636363636364 0.00113636363636364 0.00113636363636364 0.00113636363636364 0.00113636363636364 0.00340909090909091 0.00568181818181818 0.00113636363636364; % G D=0.4
0.00681818181818182 0.00113636363636364 0.00113636363636364 0.00568181818181818 0.00113636363636364 0.951136363636364 0.00454545454545455 0.00568181818181818 0.00113636363636364 0.00454545454545455 0.00113636363636364 0.00113636363636364 0.00113636363636364 0.00113636363636364 0.00113636363636364 0.00113636363636364 0.00340909090909091 0.00568181818181818 0.00113636363636364; % K D=0.4
0.352272727272727 0.00454545454545455 0.00454545454545455 0.0227272727272727 0.00454545454545455 0.00454545454545455 0.0181818181818182 0.222727272727273 0.00454545454545455 0.0181818181818182 0.00454545454545455 0.00454545454545455 0.00454545454545455 0.00454545454545455 0.00454545454545455 0.00454545454545455 0.213636363636364 0.0977272727272727 0.00454545454545455; % L D=0.4
0.00681818181818182 0.00113636363636364 0.00113636363636364 0.00568181818181818 0.00113636363636364 0.00113636363636364 0.00454545454545455 0.00568181818181818 0.00113636363636364 0.00454545454545455 0.00113636363636364 0.00113636363636364 0.00113636363636364 0.00113636363636364 0.00113636363636364 0.951136363636364 0.00340909090909091 0.00568181818181818 0.00113636363636364; % P D=0.4
0.00681818181818182 0.00113636363636364 0.00113636363636364 0.00568181818181818 0.00113636363636364 0.00113636363636364 0.00454545454545455 0.00568181818181818 0.00113636363636364 0.00454545454545455 0.00113636363636364 0.00113636363636364 0.951136363636364 0.00113636363636364 0.00113636363636364 0.00113636363636364 0.00340909090909091 0.00568181818181818 0.00113636363636364; % T D=0.4
0.352272727272727 0.00454545454545455 0.00454545454545455 0.0977272727272727 0.00454545454545455 0.00454545454545455 0.0931818181818182 0.347727272727273 0.00454545454545455 0.0181818181818182 0.00454545454545455 0.00454545454545455 0.00454545454545455 0.00454545454545455 0.00454545454545455 0.00454545454545455 0.0136363636363636 0.0227272727272727 0.00454545454545455; % V D=0.4
0.00681818181818182 0.00113636363636364 0.00113636363636364 0.00568181818181818 0.00113636363636364 0.00113636363636364 0.00454545454545455 0.00568181818181818 0.00113636363636364 0.00454545454545455 0.00113636363636364 0.951136363636364 0.00113636363636364 0.00113636363636364 0.00113636363636364 0.00113636363636364 0.00340909090909091 0.00568181818181818 0.00113636363636364; % Z D=0.4
0.109090909090909 0.00568181818181818 0.00568181818181818 0.228409090909091 0.00568181818181818 0.00568181818181818 0.0227272727272727 0.103409090909091 0.00568181818181818 0.347727272727273 0.00568181818181818 0.00568181818181818 0.00568181818181818 0.00568181818181818 0.00568181818181818 0.00568181818181818 0.0170454545454545 0.103409090909091 0.00568181818181818; % b D=0.4
0.00681818181818182 0.00113636363636364 0.00113636363636364 0.00568181818181818 0.00113636363636364 0.00113636363636364 0.00454545454545455 0.00568181818181818 0.951136363636364 0.00454545454545455 0.00113636363636364 0.00113636363636364 0.00113636363636364 0.00113636363636364 0.00113636363636364 0.00113636363636364 0.00340909090909091 0.00568181818181818 0.00113636363636364; % d D=0.4
0.109090909090909 0.00568181818181818 0.00568181818181818 0.103409090909091 0.00568181818181818 0.00568181818181818 0.222727272727273 0.0284090909090909 0.00568181818181818 0.0977272727272727 0.00568181818181818 0.00568181818181818 0.00568181818181818 0.00568181818181818 0.00568181818181818 0.00568181818181818 0.0170454545454545 0.353409090909091 0.00568181818181818; % g D=0.4
0.102272727272727 0.00454545454545455 0.00454545454545455 0.222727272727273 0.00454545454545455 0.00454545454545455 0.0181818181818182 0.0977272727272727 0.00454545454545455 0.0181818181818182 0.00454545454545455 0.00454545454545455 0.00454545454545455 0.00454545454545455 0.00454545454545455 0.00454545454545455 0.463636363636364 0.0227272727272727 0.00454545454545455; % k D=0.4
0.00681818181818182 0.00113636363636364 0.951136363636364 0.00568181818181818 0.00113636363636364 0.00113636363636364 0.00454545454545455 0.00568181818181818 0.00113636363636364 0.00454545454545455 0.00113636363636364 0.00113636363636364 0.00113636363636364 0.00113636363636364 0.00113636363636364 0.00113636363636364 0.00340909090909091 0.00568181818181818 0.00113636363636364; % l D=0.4
0.00681818181818182 0.00113636363636364 0.00113636363636364 0.00568181818181818 0.00113636363636364 0.00113636363636364 0.00454545454545455 0.00568181818181818 0.00113636363636364 0.00454545454545455 0.00113636363636364 0.00113636363636364 0.00113636363636364 0.00113636363636364 0.00113636363636364 0.00113636363636364 0.00340909090909091 0.00568181818181818 0.951136363636364; % p D=0.4
0.00681818181818182 0.00113636363636364 0.00113636363636364 0.00568181818181818 0.00113636363636364 0.00113636363636364 0.00454545454545455 0.00568181818181818 0.00113636363636364 0.00454545454545455 0.00113636363636364 0.00113636363636364 0.00113636363636364 0.00113636363636364 0.951136363636364 0.00113636363636364 0.00340909090909091 0.00568181818181818 0.00113636363636364; % t D=0.4
0.00681818181818182 0.951136363636364 0.00113636363636364 0.00568181818181818 0.00113636363636364 0.00113636363636364 0.00454545454545455 0.00568181818181818 0.00113636363636364 0.00454545454545455 0.00113636363636364 0.00113636363636364 0.00113636363636364 0.00113636363636364 0.00113636363636364 0.00113636363636364 0.00340909090909091 0.00568181818181818 0.00113636363636364; % v D=0.4
0.00681818181818182 0.00113636363636364 0.00113636363636364 0.00568181818181818 0.00113636363636364 0.00113636363636364 0.00454545454545455 0.00568181818181818 0.00113636363636364 0.00454545454545455 0.00113636363636364 0.00113636363636364 0.00113636363636364 0.951136363636364 0.00113636363636364 0.00113636363636364 0.00340909090909091 0.00568181818181818 0.00113636363636364; % z D=0.4
0.0340909090909091 0.00568181818181818 0.00568181818181818 0.153409090909091 0.00568181818181818 0.00568181818181818 0.314393939393939 0.0700757575757576 0.00568181818181818 0.0643939393939394 0.00568181818181818 0.00568181818181818 0.00568181818181818 0.00568181818181818 0.00568181818181818 0.00568181818181818 0.142045454545455 0.153409090909091 0.00568181818181818; % $ D=0.5
0.346590909090909 0.00568181818181818 0.00568181818181818 0.0284090909090909 0.00568181818181818 0.00568181818181818 0.0852272727272727 0.0284090909090909 0.00568181818181818 0.335227272727273 0.00568181818181818 0.00568181818181818 0.00568181818181818 0.00568181818181818 0.00568181818181818 0.00568181818181818 0.0170454545454545 0.0909090909090909 0.00568181818181818; % B D=0.5
0.00852272727272727 0.00142045454545455 0.00142045454545455 0.00710227272727273 0.00142045454545455 0.00142045454545455 0.00568181818181818 0.00710227272727273 0.00142045454545455 0.00568181818181818 0.938920454545455 0.00142045454545455 0.00142045454545455 0.00142045454545455 0.00142045454545455 0.00142045454545455 0.00426136363636364 0.00710227272727273 0.00142045454545455; % D D=0.5
0.00852272727272727 0.00142045454545455 0.00142045454545455 0.00710227272727273 0.938920454545455 0.00142045454545455 0.00568181818181818 0.00710227272727273 0.00142045454545455 0.00568181818181818 0.00142045454545455 0.00142045454545455 0.00142045454545455 0.00142045454545455 0.00142045454545455 0.00142045454545455 0.00426136363636364 0.00710227272727273 0.00142045454545455; % G D=0.5
0.00852272727272727 0.00142045454545455 0.00142045454545455 0.00710227272727273 0.00142045454545455 0.938920454545455 0.00568181818181818 0.00710227272727273 0.00142045454545455 0.00568181818181818 0.00142045454545455 0.00142045454545455 0.00142045454545455 0.00142045454545455 0.00142045454545455 0.00142045454545455 0.00426136363636364 0.00710227272727273 0.00142045454545455; % K D=0.5
0.346590909090909 0.00568181818181818 0.00568181818181818 0.0284090909090909 0.00568181818181818 0.00568181818181818 0.0227272727272727 0.215909090909091 0.00568181818181818 0.0227272727272727 0.00568181818181818 0.00568181818181818 0.00568181818181818 0.00568181818181818 0.00568181818181818 0.00568181818181818 0.204545454545455 0.0909090909090909 0.00568181818181818; % L D=0.5
0.00852272727272727 0.00142045454545455 0.00142045454545455 0.00710227272727273 0.00142045454545455 0.00142045454545455 0.00568181818181818 0.00710227272727273 0.00142045454545455 0.00568181818181818 0.00142045454545455 0.00142045454545455 0.00142045454545455 0.00142045454545455 0.00142045454545455 0.938920454545455 0.00426136363636364 0.00710227272727273 0.00142045454545455; % P D=0.5
0.00852272727272727 0.00142045454545455 0.00142045454545455 0.00710227272727273 0.00142045454545455 0.00142045454545455 0.00568181818181818 0.00710227272727273 0.00142045454545455 0.00568181818181818 0.00142045454545455 0.00142045454545455 0.938920454545455 0.00142045454545455 0.00142045454545455 0.00142045454545455 0.00426136363636364 0.00710227272727273 0.00142045454545455; % T D=0.5
0.346590909090909 0.00568181818181818 0.00568181818181818 0.0909090909090909 0.00568181818181818 0.00568181818181818 0.0852272727272727 0.340909090909091 0.00568181818181818 0.0227272727272727 0.00568181818181818 0.00568181818181818 0.00568181818181818 0.00568181818181818 0.00568181818181818 0.00568181818181818 0.0170454545454545 0.0284090909090909 0.00568181818181818; % V D=0.5
0.00852272727272727 0.00142045454545455 0.00142045454545455 0.00710227272727273 0.00142045454545455 0.00142045454545455 0.00568181818181818 0.00710227272727273 0.00142045454545455 0.00568181818181818 0.00142045454545455 0.938920454545455 0.00142045454545455 0.00142045454545455 0.00142045454545455 0.00142045454545455 0.00426136363636364 0.00710227272727273 0.00142045454545455; % Z D=0.5
0.105113636363636 0.00710227272727273 0.00710227272727273 0.223011363636364 0.00710227272727273 0.00710227272727273 0.0284090909090909 0.0980113636363636 0.00710227272727273 0.340909090909091 0.00710227272727273 0.00710227272727273 0.00710227272727273 0.00710227272727273 0.00710227272727273 0.00710227272727273 0.0213068181818182 0.0980113636363636 0.00710227272727273; % b D=0.5
0.00852272727272727 0.00142045454545455 0.00142045454545455 0.00710227272727273 0.00142045454545455 0.00142045454545455 0.00568181818181818 0.00710227272727273 0.938920454545455 0.00568181818181818 0.00142045454545455 0.00142045454545455 0.00142045454545455 0.00142045454545455 0.00142045454545455 0.00142045454545455 0.00426136363636364 0.00710227272727273 0.00142045454545455; % d D=0.5
0.105113636363636 0.00710227272727273 0.00710227272727273 0.0980113636363636 0.00710227272727273 0.00710227272727273 0.215909090909091 0.0355113636363636 0.00710227272727273 0.0909090909090909 0.00710227272727273 0.00710227272727273 0.00710227272727273 0.00710227272727273 0.00710227272727273 0.00710227272727273 0.0213068181818182 0.348011363636364 0.00710227272727273; % g D=0.5
0.0965909090909091 0.00568181818181818 0.00568181818181818 0.215909090909091 0.00568181818181818 0.00568181818181818 0.0227272727272727 0.0909090909090909 0.00568181818181818 0.0227272727272727 0.00568181818181818 0.00568181818181818 0.00568181818181818 0.00568181818181818 0.00568181818181818 0.00568181818181818 0.454545454545455 0.0284090909090909 0.00568181818181818; % k D=0.5
0.00852272727272727 0.00142045454545455 0.938920454545455 0.00710227272727273 0.00142045454545455 0.00142045454545455 0.00568181818181818 0.00710227272727273 0.00142045454545455 0.00568181818181818 0.00142045454545455 0.00142045454545455 0.00142045454545455 0.00142045454545455 0.00142045454545455 0.00142045454545455 0.00426136363636364 0.00710227272727273 0.00142045454545455; % l D=0.5
0.00852272727272727 0.00142045454545455 0.00142045454545455 0.00710227272727273 0.00142045454545455 0.00142045454545455 0.00568181818181818 0.00710227272727273 0.00142045454545455 0.00568181818181818 0.00142045454545455 0.00142045454545455 0.00142045454545455 0.00142045454545455 0.00142045454545455 0.00142045454545455 0.00426136363636364 0.00710227272727273 0.938920454545455; % p D=0.5
0.00852272727272727 0.00142045454545455 0.00142045454545455 0.00710227272727273 0.00142045454545455 0.00142045454545455 0.00568181818181818 0.00710227272727273 0.00142045454545455 0.00568181818181818 0.00142045454545455 0.00142045454545455 0.00142045454545455 0.00142045454545455 0.938920454545455 0.00142045454545455 0.00426136363636364 0.00710227272727273 0.00142045454545455; % t D=0.5
0.00852272727272727 0.938920454545455 0.00142045454545455 0.00710227272727273 0.00142045454545455 0.00142045454545455 0.00568181818181818 0.00710227272727273 0.00142045454545455 0.00568181818181818 0.00142045454545455 0.00142045454545455 0.00142045454545455 0.00142045454545455 0.00142045454545455 0.00142045454545455 0.00426136363636364 0.00710227272727273 0.00142045454545455; % v D=0.5
0.00852272727272727 0.00142045454545455 0.00142045454545455 0.00710227272727273 0.00142045454545455 0.00142045454545455 0.00568181818181818 0.00710227272727273 0.00142045454545455 0.00568181818181818 0.00142045454545455 0.00142045454545455 0.00142045454545455 0.938920454545455 0.00142045454545455 0.00142045454545455 0.00426136363636364 0.00710227272727273 0.00142045454545455; % z D=0.5
0.0409090909090909 0.00681818181818182 0.00681818181818182 0.150757575757576 0.00681818181818182 0.00681818181818182 0.310606060606061 0.0674242424242424 0.00681818181818182 0.0606060606060606 0.00681818181818182 0.00681818181818182 0.00681818181818182 0.00681818181818182 0.00681818181818182 0.00681818181818182 0.137121212121212 0.150757575757576 0.00681818181818182; % $ D=0.6
0.340909090909091 0.00681818181818182 0.00681818181818182 0.0340909090909091 0.00681818181818182 0.00681818181818182 0.0772727272727273 0.0340909090909091 0.00681818181818182 0.327272727272727 0.00681818181818182 0.00681818181818182 0.00681818181818182 0.00681818181818182 0.00681818181818182 0.00681818181818182 0.0204545454545455 0.0840909090909091 0.00681818181818182; % B D=0.6
0.0102272727272727 0.00170454545454545 0.00170454545454545 0.00852272727272727 0.00170454545454545 0.00170454545454545 0.00681818181818182 0.00852272727272727 0.00170454545454545 0.00681818181818182 0.926704545454546 0.00170454545454545 0.00170454545454545 0.00170454545454545 0.00170454545454545 0.00170454545454545 0.00511363636363636 0.00852272727272727 0.00170454545454545; % D D=0.6
0.0102272727272727 0.00170454545454545 0.00170454545454545 0.00852272727272727 0.926704545454546 0.00170454545454545 0.00681818181818182 0.00852272727272727 0.00170454545454545 0.00681818181818182 0.00170454545454545 0.00170454545454545 0.00170454545454545 0.00170454545454545 0.00170454545454545 0.00170454545454545 0.00511363636363636 0.00852272727272727 0.00170454545454545; % G D=0.6
0.0102272727272727 0.00170454545454545 0.00170454545454545 0.00852272727272727 0.00170454545454545 0.926704545454546 0.00681818181818182 0.00852272727272727 0.00170454545454545 0.00681818181818182 0.00170454545454545 0.00170454545454545 0.00170454545454545 0.00170454545454545 0.00170454545454545 0.00170454545454545 0.00511363636363636 0.00852272727272727 0.00170454545454545; % K D=0.6
0.340909090909091 0.00681818181818182 0.00681818181818182 0.0340909090909091 0.00681818181818182 0.00681818181818182 0.0272727272727273 0.209090909090909 0.00681818181818182 0.0272727272727273 0.00681818181818182 0.00681818181818182 0.00681818181818182 0.00681818181818182 0.00681818181818182 0.00681818181818182 0.195454545454545 0.0840909090909091 0.00681818181818182; % L D=0.6
0.0102272727272727 0.00170454545454545 0.00170454545454545 0.00852272727272727 0.00170454545454545 0.00170454545454545 0.00681818181818182 0.00852272727272727 0.00170454545454545 0.00681818181818182 0.00170454545454545 0.00170454545454545 0.00170454545454545 0.00170454545454545 0.00170454545454545 0.926704545454546 0.00511363636363636 0.00852272727272727 0.00170454545454545; % P D=0.6
