syllables = '$BJLfglnrt';
discounts = [0.1 0.2 0.3 0.4 0.5 0.6 0.7 0.8 0.9 0.95];
kn_probs = [0.000333333333333333 0.000111111111111111 0.339666666666667 0.000111111111111111 0.000111111111111111 0.000111111111111111 0.339666666666667 0.000111111111111111 0.319666666666667 0.000111111111111111; % $ D=0.1
0.24975 8.33333333333333e-05 0.38975 8.33333333333333e-05 8.33333333333333e-05 8.33333333333333e-05 0.00025 8.33333333333333e-05 0.35975 8.33333333333333e-05; % B D=0.1
8.33333333333333e-05 2.77777777777778e-05 8.33333333333333e-05 0.999527777777778 2.77777777777778e-05 2.77777777777778e-05 8.33333333333333e-05 2.77777777777778e-05 8.33333333333333e-05 2.77777777777778e-05; % J D=0.1
8.33333333333333e-05 2.77777777777778e-05 8.33333333333333e-05 2.77777777777778e-05 2.77777777777778e-05 2.77777777777778e-05 8.33333333333333e-05 0.999527777777778 8.33333333333333e-05 2.77777777777778e-05; % L D=0.1
0.26475 8.33333333333333e-05 0.35475 8.33333333333333e-05 8.33333333333333e-05 8.33333333333333e-05 0.37975 8.33333333333333e-05 0.00025 8.33333333333333e-05; % f D=0.1
8.33333333333333e-05 0.999527777777778 8.33333333333333e-05 2.77777777777778e-05 2.77777777777778e-05 2.77777777777778e-05 8.33333333333333e-05 2.77777777777778e-05 8.33333333333333e-05 2.77777777777778e-05; % g D=0.1
8.33333333333333e-05 2.77777777777778e-05 8.33333333333333e-05 2.77777777777778e-05 2.77777777777778e-05 2.77777777777778e-05 8.33333333333333e-05 2.77777777777778e-05 8.33333333333333e-05 0.999527777777778; % l D=0.1
0.23475 8.33333333333333e-05 0.00025 8.33333333333333e-05 8.33333333333333e-05 8.33333333333333e-05 0.36475 8.33333333333333e-05 0.39975 8.33333333333333e-05; % n D=0.1
8.33333333333333e-05 2.77777777777778e-05 8.33333333333333e-05 2.77777777777778e-05 0.999527777777778 2.77777777777778e-05 8.33333333333333e-05 2.77777777777778e-05 8.33333333333333e-05 2.77777777777778e-05; % r D=0.1
8.33333333333333e-05 2.77777777777778e-05 8.33333333333333e-05 2.77777777777778e-05 2.77777777777778e-05 0.999527777777778 8.33333333333333e-05 2.77777777777778e-05 8.33333333333333e-05 2.77777777777778e-05; % t D=0.1
0.000666666666666667 0.000222222222222222 0.339333333333333 0.000222222222222222 0.000222222222222222 0.000222222222222222 0.339333333333333 0.000222222222222222 0.319333333333333 0.000222222222222222; % $ D=0.2
0.2495 0.000166666666666667 0.3895 0.000166666666666667 0.000166666666666667 0.000166666666666667 0.0005 0.000166666666666667 0.3595 0.000166666666666667; % B D=0.2
0.000166666666666667 5.55555555555556e-05 0.000166666666666667 0.999055555555556 5.55555555555556e-05 5.55555555555556e-05 0.000166666666666667 5.55555555555556e-05 0.000166666666666667 5.55555555555556e-05; % J D=0.2
0.000166666666666667 5.55555555555556e-05 0.000166666666666667 5.55555555555556e-05 5.55555555555556e-05 5.55555555555556e-05 0.000166666666666667 0.999055555555556 0.000166666666666667 5.55555555555556e-05; % L D=0.2
0.2645 0.000166666666666667 0.3545 0.000166666666666667 0.000166666666666667 0.000166666666666667 0.3795 0.000166666666666667 0.0005 0.000166666666666667; % f D=0.2
0.000166666666666667 0.999055555555556 0.000166666666666667 5.55555555555556e-05 5.55555555555556e-05 5.55555555555556e-05 0.000166666666666667 5.55555555555556e-05 0.000166666666666667 5.55555555555556e-05; % g D=0.2
0.000166666666666667 5.55555555555556e-05 0.000166666666666667 5.55555555555556e-05 5.55555555555556e-05 5.55555555555556e-05 0.000166666666666667 5.55555555555556e-05 0.000166666666666667 0.999055555555556; % l D=0.2
0.2345 0.000166666666666667 0.0005 0.000166666666666667 0.000166666666666667 0.000166666666666667 0.3645 0.000166666666666667 0.3995 0.000166666666666667; % n D=0.2
0.000166666666666667 5.55555555555556e-05 0.000166666666666667 5.55555555555556e-05 0.999055555555556 5.55555555555556e-05 0.000166666666666667 5.55555555555556e-05 0.000166666666666667 5.55555555555556e-05; % r D=0.2
0.000166666666666667 5.55555555555556e-05 0.000166666666666667 5.55555555555556e-05 5.55555555555556e-05 0.999055555555556 0.000166666666666667 5.55555555555556e-05 0.000166666666666667 5.55555555555556e-05; % t D=0.2
0.001 0.000333333333333333 0.339 0.000333333333333333 0.000333333333333333 0.000333333333333333 0.339 0.000333333333333333 0.319 0.000333333333333333; % $ D=0.3
0.24925 0.00025 0.38925 0.00025 0.00025 0.00025 0.00075 0.00025 0.35925 0.00025; % B D=0.3
0.00025 8.33333333333333e-05 0.00025 0.998583333333333 8.33333333333333e-05 8.33333333333333e-05 0.00025 8.33333333333333e-05 0.00025 8.33333333333333e-05; % J D=0.3
0.00025 8.33333333333333e-05 0.00025 8.33333333333333e-05 8.33333333333333e-05 8.33333333333333e-05 0.00025 0.998583333333333 0.00025 8.33333333333333e-05; % L D=0.3
0.26425 0.00025 0.35425 0.00025 0.00025 0.00025 0.37925 0.00025 0.00075 0.00025; % f D=0.3
0.00025 0.998583333333333 0.00025 8.33333333333333e-05 8.33333333333333e-05 8.33333333333333e-05 0.00025 8.33333333333333e-05 0.00025 8.33333333333333e-05; % g D=0.3
0.00025 8.33333333333333e-05 0.00025 8.33333333333333e-05 8.33333333333333e-05 8.33333333333333e-05 0.00025 8.33333333333333e-05 0.00025 0.998583333333333; % l D=0.3
0.23425 0.00025 0.00075 0.00025 0.00025 0.00025 0.36425 0.00025 0.39925 0.00025; % n D=0.3
0.00025 8.33333333333333e-05 0.00025 8.33333333333333e-05 0.998583333333333 8.33333333333333e-05 0.00025 8.33333333333333e-05 0.00025 8.33333333333333e-05; % r D=0.3
0.00025 8.33333333333333e-05 0.00025 8.33333333333333e-05 8.33333333333333e-05 0.998583333333333 0.00025 8.33333333333333e-05 0.00025 8.33333333333333e-05; % t D=0.3
0.00133333333333333 0.000444444444444445 0.338666666666667 0.000444444444444445 0.000444444444444445 0.000444444444444445 0.338666666666667 0.000444444444444445 0.318666666666667 0.000444444444444445; % $ D=0.4
0.249 0.000333333333333333 0.389 0.000333333333333333 0.000333333333333333 0.000333333333333333 0.001 0.000333333333333333 0.359 0.000333333333333333; % B D=0.4
0.000333333333333333 0.000111111111111111 0.000333333333333333 0.998111111111111 0.000111111111111111 0.000111111111111111 0.000333333333333333 0.000111111111111111 0.000333333333333333 0.000111111111111111; % J D=0.4
0.000333333333333333 0.000111111111111111 0.000333333333333333 0.000111111111111111 0.000111111111111111 0.000111111111111111 0.000333333333333333 0.998111111111111 0.000333333333333333 0.000111111111111111; % L D=0.4
0.264 0.000333333333333333 0.354 0.000333333333333333 0.000333333333333333 0.000333333333333333 0.379 0.000333333333333333 0.001 0.000333333333333333; % f D=0.4
0.000333333333333333 0.998111111111111 0.000333333333333333 0.000111111111111111 0.000111111111111111 0.000111111111111111 0.000333333333333333 0.000111111111111111 0.000333333333333333 0.000111111111111111; % g D=0.4
0.000333333333333333 0.000111111111111111 0.000333333333333333 0.000111111111111111 0.000111111111111111 0.000111111111111111 0.000333333333333333 0.000111111111111111 0.000333333333333333 0.998111111111111; % l D=0.4
0.234 0.000333333333333333 0.001 0.000333333333333333 0.000333333333333333 0.000333333333333333 0.364 0.000333333333333333 0.399 0.000333333333333333; % n D=0.4
0.000333333333333333 0.000111111111111111 0.000333333333333333 0.000111111111111111 0.998111111111111 0.000111111111111111 0.000333333333333333 0.000111111111111111 0.000333333333333333 0.000111111111111111; % r D=0.4
0.000333333333333333 0.000111111111111111 0.000333333333333333 0.000111111111111111 0.000111111111111111 0.998111111111111 0.000333333333333333 0.000111111111111111 0.000333333333333333 0.000111111111111111; % t D=0.4
0.00166666666666667 0.000555555555555556 0.338333333333333 0.000555555555555556 0.000555555555555556 0.000555555555555556 0.338333333333333 0.000555555555555556 0.318333333333333 0.000555555555555556; % $ D=0.5
0.24875 0.000416666666666667 0.38875 0.000416666666666667 0.000416666666666667 0.000416666666666667 0.00125 0.000416666666666667 0.35875 0.000416666666666667; % B D=0.5
