syllables = '$FGKTVdfln';
discounts = [0.1 0.2 0.3 0.4 0.5 0.6 0.7 0.8 0.9 0.95];
kn_probs = [0.000315789473684211 0.000105263157894737 0.000105263157894737 0.000105263157894737 0.339754385964912 0.000105263157894737 0.000105263157894737 0.306315789473684 0.000105263157894737 0.352982456140351; % $ D=0.1
0.264736842105263 7.89473684210526e-05 7.89473684210526e-05 7.89473684210526e-05 0.379815789473684 7.89473684210526e-05 7.89473684210526e-05 0.000236842105263158 7.89473684210526e-05 0.354736842105263; % F D=0.1
7.89473684210526e-05 2.63157894736842e-05 2.63157894736842e-05 2.63157894736842e-05 0.000105263157894737 2.63157894736842e-05 2.63157894736842e-05 7.89473684210526e-05 0.999526315789474 7.89473684210526e-05; % G D=0.1
7.89473684210526e-05 2.63157894736842e-05 2.63157894736842e-05 2.63157894736842e-05 0.000105263157894737 0.999526315789474 2.63157894736842e-05 7.89473684210526e-05 2.63157894736842e-05 7.89473684210526e-05; % K D=0.1
7.89473684210526e-05 2.63157894736842e-05 2.63157894736842e-05 2.63157894736842e-05 0.000105263157894737 2.63157894736842e-05 0.999526315789474 7.89473684210526e-05 2.63157894736842e-05 7.89473684210526e-05; % T D=0.1
0.279736842105263 7.89473684210526e-05 7.89473684210526e-05 7.89473684210526e-05 0.349815789473684 7.89473684210526e-05 7.89473684210526e-05 0.369736842105263 7.89473684210526e-05 0.000236842105263158; % V D=0.1
7.89473684210526e-05 2.63157894736842e-05 0.999526315789474 2.63157894736842e-05 0.000105263157894737 2.63157894736842e-05 2.63157894736842e-05 7.89473684210526e-05 2.63157894736842e-05 7.89473684210526e-05; % d D=0.1
7.89473684210526e-05 0.999526315789474 2.63157894736842e-05 2.63157894736842e-05 0.000105263157894737 2.63157894736842e-05 2.63157894736842e-05 7.89473684210526e-05 2.63157894736842e-05 7.89473684210526e-05; % f D=0.1
0.204815789473684 0.000105263157894737 0.000105263157894737 0.000105263157894737 0.0149210526315789 0.000105263157894737 0.000105263157894737 0.399815789473684 0.000105263157894737 0.379815789473684; % l D=0.1
7.89473684210526e-05 2.63157894736842e-05 2.63157894736842e-05 0.999526315789474 0.000105263157894737 2.63157894736842e-05 2.63157894736842e-05 7.89473684210526e-05 2.63157894736842e-05 7.89473684210526e-05; % n D=0.1
0.000631578947368421 0.000210526315789474 0.000210526315789474 0.000210526315789474 0.339508771929825 0.000210526315789474 0.000210526315789474 0.305964912280702 0.000210526315789474 0.352631578947368; % $ D=0.2
0.264473684210526 0.000157894736842105 0.000157894736842105 0.000157894736842105 0.379631578947368 0.000157894736842105 0.000157894736842105 0.000473684210526316 0.000157894736842105 0.354473684210526; % F D=0.2
0.000157894736842105 5.26315789473684e-05 5.26315789473684e-05 5.26315789473684e-05 0.000210526315789474 5.26315789473684e-05 5.26315789473684e-05 0.000157894736842105 0.999052631578948 0.000157894736842105; % G D=0.2
0.000157894736842105 5.26315789473684e-05 5.26315789473684e-05 5.26315789473684e-05 0.000210526315789474 0.999052631578948 5.26315789473684e-05 0.000157894736842105 5.26315789473684e-05 0.000157894736842105; % K D=0.2
0.000157894736842105 5.26315789473684e-05 5.26315789473684e-05 5.26315789473684e-05 0.000210526315789474 5.26315789473684e-05 0.999052631578948 0.000157894736842105 5.26315789473684e-05 0.000157894736842105; % T D=0.2
0.279473684210526 0.000157894736842105 0.000157894736842105 0.000157894736842105 0.349631578947368 0.000157894736842105 0.000157894736842105 0.369473684210526 0.000157894736842105 0.000473684210526316; % V D=0.2
0.000157894736842105 5.26315789473684e-05 0.999052631578948 5.26315789473684e-05 0.000210526315789474 5.26315789473684e-05 5.26315789473684e-05 0.000157894736842105 5.26315789473684e-05 0.000157894736842105; % d D=0.2
0.000157894736842105 0.999052631578948 5.26315789473684e-05 5.26315789473684e-05 0.000210526315789474 5.26315789473684e-05 5.26315789473684e-05 0.000157894736842105 5.26315789473684e-05 0.000157894736842105; % f D=0.2
0.204631578947368 0.000210526315789474 0.000210526315789474 0.000210526315789474 0.0148421052631579 0.000210526315789474 0.000210526315789474 0.399631578947368 0.000210526315789474 0.379631578947368; % l D=0.2
0.000157894736842105 5.26315789473684e-05 5.26315789473684e-05 0.999052631578948 0.000210526315789474 5.26315789473684e-05 5.26315789473684e-05 0.000157894736842105 5.26315789473684e-05 0.000157894736842105; % n D=0.2
0.000947368421052632 0.00031578947368421 0.00031578947368421 0.00031578947368421 0.339263157894737 0.00031578947368421 0.00031578947368421 0.305614035087719 0.00031578947368421 0.352280701754386; % $ D=0.3
0.26421052631579 0.000236842105263158 0.000236842105263158 0.000236842105263158 0.379447368421053 0.000236842105263158 0.000236842105263158 0.000710526315789474 0.000236842105263158 0.35421052631579; % F D=0.3
0.000236842105263158 7.89473684210526e-05 7.89473684210526e-05 7.89473684210526e-05 0.000315789473684211 7.89473684210526e-05 7.89473684210526e-05 0.000236842105263158 0.998578947368421 0.000236842105263158; % G D=0.3
0.000236842105263158 7.89473684210526e-05 7.89473684210526e-05 7.89473684210526e-05 0.000315789473684211 0.998578947368421 7.89473684210526e-05 0.000236842105263158 7.89473684210526e-05 0.000236842105263158; % K D=0.3
0.000236842105263158 7.89473684210526e-05 7.89473684210526e-05 7.89473684210526e-05 0.000315789473684211 7.89473684210526e-05 0.998578947368421 0.000236842105263158 7.89473684210526e-05 0.000236842105263158; % T D=0.3
0.27921052631579 0.000236842105263158 0.000236842105263158 0.000236842105263158 0.349447368421053 0.000236842105263158 0.000236842105263158 0.369210526315789 0.000236842105263158 0.000710526315789474; % V D=0.3
0.000236842105263158 7.89473684210526e-05 0.998578947368421 7.89473684210526e-05 0.000315789473684211 7.89473684210526e-05 7.89473684210526e-05 0.000236842105263158 7.89473684210526e-05 0.000236842105263158; % d D=0.3
0.000236842105263158 0.998578947368421 7.89473684210526e-05 7.89473684210526e-05 0.000315789473684211 7.89473684210526e-05 7.89473684210526e-05 0.000236842105263158 7.89473684210526e-05 0.000236842105263158; % f D=0.3
0.204447368421053 0.000315789473684211 0.000315789473684211 0.000315789473684211 0.0147631578947368 0.000315789473684211 0.000315789473684211 0.399447368421053 0.000315789473684211 0.379447368421053; % l D=0.3
0.000236842105263158 7.89473684210526e-05 7.89473684210526e-05 0.998578947368421 0.000315789473684211 7.89473684210526e-05 7.89473684210526e-05 0.000236842105263158 7.89473684210526e-05 0.000236842105263158; % n D=0.3
0.00126315789473684 0.000421052631578947 0.000421052631578947 0.000421052631578947 0.339017543859649 0.000421052631578947 0.000421052631578947 0.305263157894737 0.000421052631578947 0.351929824561404; % $ D=0.4
0.263947368421053 0.000315789473684211 0.000315789473684211 0.000315789473684211 0.379263157894737 0.000315789473684211 0.000315789473684211 0.000947368421052632 0.000315789473684211 0.353947368421053; % F D=0.4
0.000315789473684211 0.000105263157894737 0.000105263157894737 0.000105263157894737 0.000421052631578947 0.000105263157894737 0.000105263157894737 0.000315789473684211 0.998105263157895 0.000315789473684211; % G D=0.4
0.000315789473684211 0.000105263157894737 0.000105263157894737 0.000105263157894737 0.000421052631578947 0.998105263157895 0.000105263157894737 0.000315789473684211 0.000105263157894737 0.000315789473684211; % K D=0.4
0.000315789473684211 0.000105263157894737 0.000105263157894737 0.000105263157894737 0.000421052631578947 0.000105263157894737 0.998105263157895 0.000315789473684211 0.000105263157894737 0.000315789473684211; % T D=0.4
0.278947368421053 0.000315789473684211 0.000315789473684211 0.000315789473684211 0.349263157894737 0.000315789473684211 0.000315789473684211 0.368947368421053 0.000315789473684211 0.000947368421052632; % V D=0.4
