syllables = '$DNZgmptvz';
discounts = [0.1 0.2 0.3 0.4 0.5 0.6 0.7 0.8 0.9 0.95];
kn_probs = [0.000315789473684211 0.339649122807018 0.312982456140351 0.000105263157894737 0.000105263157894737 0.000105263157894737 0.000105263157894737 0.346421052631579 0.000105263157894737 0.000105263157894737; % $ D=0.1
7.89473684210526e-05 7.89473684210526e-05 7.89473684210526e-05 2.63157894736842e-05 2.63157894736842e-05 2.63157894736842e-05 2.63157894736842e-05 0.000105263157894737 2.63157894736842e-05 0.999526315789474; % D D=0.1
7.89473684210526e-05 7.89473684210526e-05 7.89473684210526e-05 0.999526315789474 2.63157894736842e-05 2.63157894736842e-05 2.63157894736842e-05 0.000105263157894737 2.63157894736842e-05 2.63157894736842e-05; % N D=0.1
7.89473684210526e-05 7.89473684210526e-05 7.89473684210526e-05 2.63157894736842e-05 2.63157894736842e-05 2.63157894736842e-05 0.999526315789474 0.000105263157894737 2.63157894736842e-05 2.63157894736842e-05; % Z D=0.1
7.89473684210526e-05 7.89473684210526e-05 7.89473684210526e-05 2.63157894736842e-05 2.63157894736842e-05 2.63157894736842e-05 2.63157894736842e-05 0.000105263157894737 0.999526315789474 2.63157894736842e-05; % g D=0.1
0.259815789473684 0.349815789473684 0.384815789473684 0.000105263157894737 0.000105263157894737 0.000105263157894737 0.000105263157894737 0.00492105263157895 0.000105263157894737 0.000105263157894737; % m D=0.1
0.219736842105263 0.394736842105263 0.000236842105263158 7.89473684210526e-05 7.89473684210526e-05 7.89473684210526e-05 7.89473684210526e-05 0.384815789473684 7.89473684210526e-05 7.89473684210526e-05; % p D=0.1
7.89473684210526e-05 7.89473684210526e-05 7.89473684210526e-05 2.63157894736842e-05 0.999526315789474 2.63157894736842e-05 2.63157894736842e-05 0.000105263157894737 2.63157894736842e-05 2.63157894736842e-05; % t D=0.1
7.89473684210526e-05 7.89473684210526e-05 7.89473684210526e-05 2.63157894736842e-05 2.63157894736842e-05 0.999526315789474 2.63157894736842e-05 0.000105263157894737 2.63157894736842e-05 2.63157894736842e-05; % v D=0.1
0.269736842105263 0.000236842105263158 0.379736842105263 7.89473684210526e-05 7.89473684210526e-05 7.89473684210526e-05 7.89473684210526e-05 0.349815789473684 7.89473684210526e-05 7.89473684210526e-05; % z D=0.1
0.000631578947368421 0.339298245614035 0.312631578947368 0.000210526315789474 0.000210526315789474 0.000210526315789474 0.000210526315789474 0.346175438596491 0.000210526315789474 0.000210526315789474; % $ D=0.2
0.000157894736842105 0.000157894736842105 0.000157894736842105 5.26315789473684e-05 5.26315789473684e-05 5.26315789473684e-05 5.26315789473684e-05 0.000210526315789474 5.26315789473684e-05 0.999052631578948; % D D=0.2
0.000157894736842105 0.000157894736842105 0.000157894736842105 0.999052631578948 5.26315789473684e-05 5.26315789473684e-05 5.26315789473684e-05 0.000210526315789474 5.26315789473684e-05 5.26315789473684e-05; % N D=0.2
0.000157894736842105 0.000157894736842105 0.000157894736842105 5.26315789473684e-05 5.26315789473684e-05 5.26315789473684e-05 0.999052631578948 0.000210526315789474 5.26315789473684e-05 5.26315789473684e-05; % Z D=0.2
0.000157894736842105 0.000157894736842105 0.000157894736842105 5.26315789473684e-05 5.26315789473684e-05 5.26315789473684e-05 5.26315789473684e-05 0.000210526315789474 0.999052631578948 5.26315789473684e-05; % g D=0.2
0.259631578947368 0.349631578947368 0.384631578947368 0.000210526315789474 0.000210526315789474 0.000210526315789474 0.000210526315789474 0.00484210526315789 0.000210526315789474 0.000210526315789474; % m D=0.2
0.219473684210526 0.394473684210526 0.000473684210526316 0.000157894736842105 0.000157894736842105 0.000157894736842105 0.000157894736842105 0.384631578947368 0.000157894736842105 0.000157894736842105; % p D=0.2
0.000157894736842105 0.000157894736842105 0.000157894736842105 5.26315789473684e-05 0.999052631578948 5.26315789473684e-05 5.26315789473684e-05 0.000210526315789474 5.26315789473684e-05 5.26315789473684e-05; % t D=0.2
0.000157894736842105 0.000157894736842105 0.000157894736842105 5.26315789473684e-05 5.26315789473684e-05 0.999052631578948 5.26315789473684e-05 0.000210526315789474 5.26315789473684e-05 5.26315789473684e-05; % v D=0.2
0.269473684210526 0.000473684210526316 0.379473684210526 0.000157894736842105 0.000157894736842105 0.000157894736842105 0.000157894736842105 0.349631578947368 0.000157894736842105 0.000157894736842105; % z D=0.2
0.000947368421052632 0.338947368421053 0.312280701754386 0.00031578947368421 0.00031578947368421 0.00031578947368421 0.00031578947368421 0.345929824561404 0.00031578947368421 0.00031578947368421; % $ D=0.3
0.000236842105263158 0.000236842105263158 0.000236842105263158 7.89473684210526e-05 7.89473684210526e-05 7.89473684210526e-05 7.89473684210526e-05 0.000315789473684211 7.89473684210526e-05 0.998578947368421; % D D=0.3
0.000236842105263158 0.000236842105263158 0.000236842105263158 0.998578947368421 7.89473684210526e-05 7.89473684210526e-05 7.89473684210526e-05 0.000315789473684211 7.89473684210526e-05 7.89473684210526e-05; % N D=0.3
0.000236842105263158 0.000236842105263158 0.000236842105263158 7.89473684210526e-05 7.89473684210526e-05 7.89473684210526e-05 0.998578947368421 0.000315789473684211 7.89473684210526e-05 7.89473684210526e-05; % Z D=0.3
0.000236842105263158 0.000236842105263158 0.000236842105263158 7.89473684210526e-05 7.89473684210526e-05 7.89473684210526e-05 7.89473684210526e-05 0.000315789473684211 0.998578947368421 7.89473684210526e-05; % g D=0.3
0.259447368421053 0.349447368421053 0.384447368421053 0.000315789473684211 0.000315789473684211 0.000315789473684211 0.000315789473684211 0.00476315789473684 0.000315789473684211 0.000315789473684211; % m D=0.3
0.219210526315789 0.39421052631579 0.000710526315789474 0.000236842105263158 0.000236842105263158 0.000236842105263158 0.000236842105263158 0.384447368421053 0.000236842105263158 0.000236842105263158; % p D=0.3
0.000236842105263158 0.000236842105263158 0.000236842105263158 7.89473684210526e-05 0.998578947368421 7.89473684210526e-05 7.89473684210526e-05 0.000315789473684211 7.89473684210526e-05 7.89473684210526e-05; % t D=0.3
0.000236842105263158 0.000236842105263158 0.000236842105263158 7.89473684210526e-05 7.89473684210526e-05 0.998578947368421 7.89473684210526e-05 0.000315789473684211 7.89473684210526e-05 7.89473684210526e-05; % v D=0.3
0.26921052631579 0.000710526315789474 0.379210526315789 0.000236842105263158 0.000236842105263158 0.000236842105263158 0.000236842105263158 0.349447368421053 0.000236842105263158 0.000236842105263158; % z D=0.3
0.00126315789473684 0.33859649122807 0.311929824561404 0.000421052631578947 0.000421052631578947 0.000421052631578947 0.000421052631578947 0.345684210526316 0.000421052631578947 0.000421052631578947; % $ D=0.4
0.000315789473684211 0.000315789473684211 0.000315789473684211 0.000105263157894737 0.000105263157894737 0.000105263157894737 0.000105263157894737 0.000421052631578947 0.000105263157894737 0.998105263157895; % D D=0.4
0.000315789473684211 0.000315789473684211 0.000315789473684211 0.998105263157895 0.000105263157894737 0.000105263157894737 0.000105263157894737 0.000421052631578947 0.000105263157894737 0.000105263157894737; % N D=0.4
0.000315789473684211 0.000315789473684211 0.000315789473684211 0.000105263157894737 0.000105263157894737 0.000105263157894737 0.998105263157895 0.000421052631578947 0.000105263157894737 0.000105263157894737; % Z D=0.4
0.000315789473684211 0.000315789473684211 0.000315789473684211 0.000105263157894737 0.000105263157894737 0.000105263157894737 0.000105263157894737 0.000421052631578947 0.998105263157895 0.000105263157894737; % g D=0.4
0.259263157894737 0.349263157894737 0.384263157894737 0.000421052631578947 0.000421052631578947 0.000421052631578947 0.000421052631578947 0.00468421052631579 0.000421052631578947 0.000421052631578947; % m D=0.4
0.218947368421053 0.393947368421053 0.000947368421052632 0.000315789473684211 0.000315789473684211 0.000315789473684211 0.000315789473684211 0.384263157894737 0.000315789473684211 0.000315789473684211; % p D=0.4
0.000315789473684211 0.000315789473684211 0.000315789473684211 0.000105263157894737 0.998105263157895 0.000105263157894737 0.000105263157894737 0.000421052631578947 0.000105263157894737 0.000105263157894737; % t D=0.4
0.000315789473684211 0.000315789473684211 0.000315789473684211 0.000105263157894737 0.000105263157894737 0.998105263157895 0.000105263157894737 0.000421052631578947 0.000105263157894737 0.000105263157894737; % v D=0.4
0.268947368421053 0.000947368421052632 0.378947368421053 0.000315789473684211 0.000315789473684211 0.000315789473684211 0.000315789473684211 0.349263157894737 0.000315789473684211 0.000315789473684211; % z D=0.4
0.00157894736842105 0.338245614035088 0.311578947368421 0.000526315789473684 0.000526315789473684 0.000526315789473684 0.000526315789473684 0.345438596491228 0.000526315789473684 0.000526315789473684; % $ D=0.5
0.000394736842105263 0.000394736842105263 0.000394736842105263 0.000131578947368421 0.000131578947368421 0.000131578947368421 0.000131578947368421 0.000526315789473684 0.000131578947368421 0.997631578947368; % D D=0.5
0.000394736842105263 0.000394736842105263 0.000394736842105263 0.997631578947368 0.000131578947368421 0.000131578947368421 0.000131578947368421 0.000526315789473684 0.000131578947368421 0.000131578947368421; % N D=0.5
0.000394736842105263 0.000394736842105263 0.000394736842105263 0.000131578947368421 0.000131578947368421 0.000131578947368421 0.997631578947368 0.000526315789473684 0.000131578947368421 0.000131578947368421; % Z D=0.5
0.000394736842105263 0.000394736842105263 0.000394736842105263 0.000131578947368421 0.000131578947368421 0.000131578947368421 0.000131578947368421 0.000526315789473684 0.997631578947368 0.000131578947368421; % g D=0.5
0.259078947368421 0.349078947368421 0.384078947368421 0.000526315789473684 0.000526315789473684 0.000526315789473684 0.000526315789473684 0.00460526315789474 0.000526315789473684 0.000526315789473684; % m D=0.5
0.218684210526316 0.393684210526316 0.00118421052631579 0.000394736842105263 0.000394736842105263 0.000394736842105263 0.000394736842105263 0.384078947368421 0.000394736842105263 0.000394736842105263; % p D=0.5
0.000394736842105263 0.000394736842105263 0.000394736842105263 0.000131578947368421 0.997631578947368 0.000131578947368421 0.000131578947368421 0.000526315789473684 0.000131578947368421 0.000131578947368421; % t D=0.5
0.000394736842105263 0.000394736842105263 0.000394736842105263 0.000131578947368421 0.000131578947368421 0.997631578947368 0.000131578947368421 0.000526315789473684 0.000131578947368421 0.000131578947368421; % v D=0.5
0.268684210526316 0.00118421052631579 0.378684210526316 0.000394736842105263 0.000394736842105263 0.000394736842105263 0.000394736842105263 0.349078947368421 0.000394736842105263 0.000394736842105263; % z D=0.5
0.00189473684210526 0.337894736842105 0.311228070175439 0.000631578947368421 0.000631578947368421 0.000631578947368421 0.000631578947368421 0.34519298245614 0.000631578947368421 0.000631578947368421; % $ D=0.6
0.000473684210526316 0.000473684210526316 0.000473684210526316 0.000157894736842105 0.000157894736842105 0.000157894736842105 0.000157894736842105 0.000631578947368421 0.000157894736842105 0.997157894736842; % D D=0.6
0.000473684210526316 0.000473684210526316 0.000473684210526316 0.997157894736842 0.000157894736842105 0.000157894736842105 0.000157894736842105 0.000631578947368421 0.000157894736842105 0.000157894736842105; % N D=0.6
0.000473684210526316 0.000473684210526316 0.000473684210526316 0.000157894736842105 0.000157894736842105 0.000157894736842105 0.997157894736842 0.000631578947368421 0.000157894736842105 0.000157894736842105; % Z D=0.6
0.000473684210526316 0.000473684210526316 0.000473684210526316 0.000157894736842105 0.000157894736842105 0.000157894736842105 0.000157894736842105 0.000631578947368421 0.997157894736842 0.000157894736842105; % g D=0.6
0.258894736842105 0.348894736842105 0.383894736842105 0.000631578947368421 0.000631578947368421 0.000631578947368421 0.000631578947368421 0.00452631578947368 0.000631578947368421 0.000631578947368421; % m D=0.6
0.218421052631579 0.393421052631579 0.00142105263157895 0.000473684210526316 0.000473684210526316 0.000473684210526316 0.000473684210526316 0.383894736842105 0.000473684210526316 0.000473684210526316; % p D=0.6
0.000473684210526316 0.000473684210526316 0.000473684210526316 0.000157894736842105 0.997157894736842 0.000157894736842105 0.000157894736842105 0.000631578947368421 0.000157894736842105 0.000157894736842105; % t D=0.6
0.000473684210526316 0.000473684210526316 0.000473684210526316 0.000157894736842105 0.000157894736842105 0.997157894736842 0.000157894736842105 0.000631578947368421 0.000157894736842105 0.000157894736842105; % v D=0.6
0.268421052631579 0.00142105263157895 0.378421052631579 0.000473684210526316 0.000473684210526316 0.000473684210526316 0.000473684210526316 0.348894736842105 0.000473684210526316 0.000473684210526316; % z D=0.6
0.00221052631578947 0.337543859649123 0.310877192982456 0.000736842105263158 0.000736842105263158 0.000736842105263158 0.000736842105263158 0.344947368421053 0.000736842105263158 0.000736842105263158; % $ D=0.7
0.000552631578947368 0.000552631578947368 0.000552631578947368 0.000184210526315789 0.000184210526315789 0.000184210526315789 0.000184210526315789 0.000736842105263158 0.000184210526315789 0.996684210526316; % D D=0.7
0.000552631578947368 0.000552631578947368 0.000552631578947368 0.996684210526316 0.000184210526315789 0.000184210526315789 0.000184210526315789 0.000736842105263158 0.000184210526315789 0.000184210526315789; % N D=0.7
0.000552631578947368 0.000552631578947368 0.000552631578947368 0.000184210526315789 0.000184210526315789 0.000184210526315789 0.996684210526316 0.000736842105263158 0.000184210526315789 0.000184210526315789; % Z D=0.7
0.000552631578947368 0.000552631578947368 0.000552631578947368 0.000184210526315789 0.000184210526315789 0.000184210526315789 0.000184210526315789 0.000736842105263158 0.996684210526316 0.000184210526315789; % g D=0.7
0.25871052631579 0.348710526315789 0.38371052631579 0.000736842105263158 0.000736842105263158 0.000736842105263158 0.000736842105263158 0.00444736842105263 0.000736842105263158 0.000736842105263158; % m D=0.7
0.218157894736842 0.393157894736842 0.0016578947368421 0.000552631578947368 0.000552631578947368 0.000552631578947368 0.000552631578947368 0.38371052631579 0.000552631578947368 0.000552631578947368; % p D=0.7
0.000552631578947368 0.000552631578947368 0.000552631578947368 0.000184210526315789 0.996684210526316 0.000184210526315789 0.000184210526315789 0.000736842105263158 0.000184210526315789 0.000184210526315789; % t D=0.7
0.000552631578947368 0.000552631578947368 0.000552631578947368 0.000184210526315789 0.000184210526315789 0.996684210526316 0.000184210526315789 0.000736842105263158 0.000184210526315789 0.000184210526315789; % v D=0.7
0.268157894736842 0.0016578947368421 0.378157894736842 0.000552631578947368 0.000552631578947368 0.000552631578947368 0.000552631578947368 0.348710526315789 0.000552631578947368 0.000552631578947368; % z D=0.7
0.00252631578947368 0.33719298245614 0.310526315789474 0.000842105263157895 0.000842105263157895 0.000842105263157895 0.000842105263157895 0.344701754385965 0.000842105263157895 0.000842105263157895; % $ D=0.8
0.000631578947368421 0.000631578947368421 0.000631578947368421 0.000210526315789474 0.000210526315789474 0.000210526315789474 0.000210526315789474 0.000842105263157895 0.000210526315789474 0.996210526315789; % D D=0.8
0.000631578947368421 0.000631578947368421 0.000631578947368421 0.996210526315789 0.000210526315789474 0.000210526315789474 0.000210526315789474 0.000842105263157895 0.000210526315789474 0.000210526315789474; % N D=0.8
0.000631578947368421 0.000631578947368421 0.000631578947368421 0.000210526315789474 0.000210526315789474 0.000210526315789474 0.996210526315789 0.000842105263157895 0.000210526315789474 0.000210526315789474; % Z D=0.8
0.000631578947368421 0.000631578947368421 0.000631578947368421 0.000210526315789474 0.000210526315789474 0.000210526315789474 0.000210526315789474 0.000842105263157895 0.996210526315789 0.000210526315789474; % g D=0.8
0.258526315789474 0.348526315789474 0.383526315789474 0.000842105263157895 0.000842105263157895 0.000842105263157895 0.000842105263157895 0.00436842105263158 0.000842105263157895 0.000842105263157895; % m D=0.8
0.217894736842105 0.392894736842105 0.00189473684210526 0.000631578947368421 0.000631578947368421 0.000631578947368421 0.000631578947368421 0.383526315789474 0.000631578947368421 0.000631578947368421; % p D=0.8
0.000631578947368421 0.000631578947368421 0.000631578947368421 0.000210526315789474 0.996210526315789 0.000210526315789474 0.000210526315789474 0.000842105263157895 0.000210526315789474 0.000210526315789474; % t D=0.8
0.000631578947368421 0.000631578947368421 0.000631578947368421 0.000210526315789474 0.000210526315789474 0.996210526315789 0.000210526315789474 0.000842105263157895 0.000210526315789474 0.000210526315789474; % v D=0.8
0.267894736842105 0.00189473684210526 0.377894736842105 0.000631578947368421 0.000631578947368421 0.000631578947368421 0.000631578947368421 0.348526315789474 0.000631578947368421 0.000631578947368421; % z D=0.8
0.0028421052631579 0.336842105263158 0.310175438596491 0.000947368421052632 0.000947368421052632 0.000947368421052632 0.000947368421052632 0.344456140350877 0.000947368421052632 0.000947368421052632; % $ D=0.9
0.000710526315789474 0.000710526315789474 0.000710526315789474 0.000236842105263158 0.000236842105263158 0.000236842105263158 0.000236842105263158 0.000947368421052632 0.000236842105263158 0.995736842105263; % D D=0.9
0.000710526315789474 0.000710526315789474 0.000710526315789474 0.995736842105263 0.000236842105263158 0.000236842105263158 0.000236842105263158 0.000947368421052632 0.000236842105263158 0.000236842105263158; % N D=0.9
0.000710526315789474 0.000710526315789474 0.000710526315789474 0.000236842105263158 0.000236842105263158 0.000236842105263158 0.995736842105263 0.000947368421052632 0.000236842105263158 0.000236842105263158; % Z D=0.9
0.000710526315789474 0.000710526315789474 0.000710526315789474 0.000236842105263158 0.000236842105263158 0.000236842105263158 0.000236842105263158 0.000947368421052632 0.995736842105263 0.000236842105263158; % g D=0.9
0.258342105263158 0.348342105263158 0.383342105263158 0.000947368421052632 0.000947368421052632 0.000947368421052632 0.000947368421052632 0.00428947368421053 0.000947368421052632 0.000947368421052632; % m D=0.9
0.217631578947368 0.392631578947368 0.00213157894736842 0.000710526315789474 0.000710526315789474 0.000710526315789474 0.000710526315789474 0.383342105263158 0.000710526315789474 0.000710526315789474; % p D=0.9
0.000710526315789474 0.000710526315789474 0.000710526315789474 0.000236842105263158 0.995736842105263 0.000236842105263158 0.000236842105263158 0.000947368421052632 0.000236842105263158 0.000236842105263158; % t D=0.9
0.000710526315789474 0.000710526315789474 0.000710526315789474 0.000236842105263158 0.000236842105263158 0.995736842105263 0.000236842105263158 0.000947368421052632 0.000236842105263158 0.000236842105263158; % v D=0.9
0.267631578947368 0.00213157894736842 0.377631578947368 0.000710526315789474 0.000710526315789474 0.000710526315789474 0.000710526315789474 0.348342105263158 0.000710526315789474 0.000710526315789474; % z D=0.9
0.003 0.336666666666667 0.31 0.001 0.001 0.001 0.001 0.344333333333333 0.001 0.001; % $ D=0.95
0.00075 0.00075 0.00075 0.00025 0.00025 0.00025 0.00025 0.001 0.00025 0.9955; % D D=0.95
0.00075 0.00075 0.00075 0.9955 0.00025 0.00025 0.00025 0.001 0.00025 0.00025; % N D=0.95
0.00075 0.00075 0.00075 0.00025 0.00025 0.00025 0.9955 0.001 0.00025 0.00025; % Z D=0.95
0.00075 0.00075 0.00075 0.00025 0.00025 0.00025 0.00025 0.001 0.9955 0.00025; % g D=0.95
0.25825 0.34825 0.38325 0.001 0.001 0.001 0.001 0.00425 0.001 0.001; % m D=0.95
0.2175 0.3925 0.00225 0.00075 0.00075 0.00075 0.00075 0.38325 0.00075 0.00075; % p D=0.95
0.00075 0.00075 0.00075 0.00025 0.9955 0.00025 0.00025 0.001 0.00025 0.00025; % t D=0.95
0.00075 0.00075 0.00075 0.00025 0.00025 0.9955 0.00025 0.001 0.00025 0.00025; % v D=0.95
0.2675 0.00225 0.3775 0.00075 0.00075 0.00075 0.00075 0.34825 0.00075 0.00075]; % z D=0.95
