syllables = '$DJKLRVZbfgknpt';
discounts = [0.1 0.2 0.3 0.4 0.5 0.6 0.7 0.8 0.9 0.95];
kn_probs = [0.000416666666666667 8.33333333333333e-05 8.33333333333333e-05 8.33333333333333e-05 0.13975 0.21975 0.1665 0.19975 8.33333333333333e-05 8.33333333333333e-05 8.33333333333333e-05 8.33333333333333e-05 8.33333333333333e-05 8.33333333333333e-05 0.273083333333333; % $ D=0.1
0.000104166666666667 2.08333333333333e-05 2.08333333333333e-05 2.08333333333333e-05 0.000104166666666667 0.000104166666666667 0.000125 0.000104166666666667 2.08333333333333e-05 2.08333333333333e-05 2.08333333333333e-05 2.08333333333333e-05 0.9991875 2.08333333333333e-05 0.000104166666666667; % D D=0.1
0.283020833333333 0.000104166666666667 0.000104166666666667 0.000104166666666667 0.216354166666667 0.000520833333333333 0.241458333333333 0.1496875 0.000104166666666667 0.000104166666666667 0.000104166666666667 0.000104166666666667 0.000104166666666667 0.000104166666666667 0.108020833333333; % J D=0.1
0.299791666666667 0.000125 0.000125 0.000125 0.183125 0.133125 0.00825 0.199791666666667 0.000125 0.000125 0.000125 0.000125 0.000125 0.000125 0.174791666666667; % K D=0.1
0.000104166666666667 2.08333333333333e-05 2.08333333333333e-05 2.08333333333333e-05 0.000104166666666667 0.000104166666666667 0.000125 0.000104166666666667 2.08333333333333e-05 2.08333333333333e-05 2.08333333333333e-05 2.08333333333333e-05 2.08333333333333e-05 0.9991875 0.000104166666666667; % L D=0.1
0.000104166666666667 2.08333333333333e-05 0.9991875 2.08333333333333e-05 0.000104166666666667 0.000104166666666667 0.000125 0.000104166666666667 2.08333333333333e-05 2.08333333333333e-05 2.08333333333333e-05 2.08333333333333e-05 2.08333333333333e-05 2.08333333333333e-05 0.000104166666666667; % R D=0.1
0.000104166666666667 2.08333333333333e-05 2.08333333333333e-05 0.9991875 0.000104166666666667 0.000104166666666667 0.000125 0.000104166666666667 2.08333333333333e-05 2.08333333333333e-05 2.08333333333333e-05 2.08333333333333e-05 2.08333333333333e-05 2.08333333333333e-05 0.000104166666666667; % V D=0.1
0.000104166666666667 2.08333333333333e-05 2.08333333333333e-05 2.08333333333333e-05 0.000104166666666667 0.000104166666666667 0.000125 0.000104166666666667 0.9991875 2.08333333333333e-05 2.08333333333333e-05 2.08333333333333e-05 2.08333333333333e-05 2.08333333333333e-05 0.000104166666666667; % Z D=0.1
0.000104166666666667 2.08333333333333e-05 2.08333333333333e-05 2.08333333333333e-05 0.000104166666666667 0.000104166666666667 0.000125 0.000104166666666667 2.08333333333333e-05 2.08333333333333e-05 0.9991875 2.08333333333333e-05 2.08333333333333e-05 2.08333333333333e-05 0.000104166666666667; % b D=0.1
0.1996875 0.000104166666666667 0.000104166666666667 0.000104166666666667 0.1996875 0.2246875 0.174791666666667 0.000520833333333333 0.000104166666666667 0.000104166666666667 0.000104166666666667 0.000104166666666667 0.000104166666666667 0.000104166666666667 0.1996875; % f D=0.1
0.000104166666666667 2.08333333333333e-05 2.08333333333333e-05 2.08333333333333e-05 0.000104166666666667 0.000104166666666667 0.000125 0.000104166666666667 2.08333333333333e-05 0.9991875 2.08333333333333e-05 2.08333333333333e-05 2.08333333333333e-05 2.08333333333333e-05 0.000104166666666667; % g D=0.1
0.291354166666667 0.000104166666666667 0.000104166666666667 0.000104166666666667 0.000520833333333333 0.158020833333333 0.174791666666667 0.1996875 0.000104166666666667 0.000104166666666667 0.000104166666666667 0.000104166666666667 0.000104166666666667 0.000104166666666667 0.1746875; % k D=0.1
0.1746875 0.000104166666666667 0.000104166666666667 0.000104166666666667 0.2246875 0.208020833333333 0.191458333333333 0.1996875 0.000104166666666667 0.000104166666666667 0.000104166666666667 0.000104166666666667 0.000104166666666667 0.000104166666666667 0.000520833333333333; % n D=0.1
0.000104166666666667 2.08333333333333e-05 2.08333333333333e-05 2.08333333333333e-05 0.000104166666666667 0.000104166666666667 0.000125 0.000104166666666667 2.08333333333333e-05 2.08333333333333e-05 2.08333333333333e-05 0.9991875 2.08333333333333e-05 2.08333333333333e-05 0.000104166666666667; % p D=0.1
0.000104166666666667 0.9991875 2.08333333333333e-05 2.08333333333333e-05 0.000104166666666667 0.000104166666666667 0.000125 0.000104166666666667 2.08333333333333e-05 2.08333333333333e-05 2.08333333333333e-05 2.08333333333333e-05 2.08333333333333e-05 2.08333333333333e-05 0.000104166666666667; % t D=0.1
0.000833333333333333 0.000166666666666667 0.000166666666666667 0.000166666666666667 0.1395 0.2195 0.166333333333333 0.1995 0.000166666666666667 0.000166666666666667 0.000166666666666667 0.000166666666666667 0.000166666666666667 0.000166666666666667 0.272833333333333; % $ D=0.2
0.000208333333333333 4.16666666666667e-05 4.16666666666667e-05 4.16666666666667e-05 0.000208333333333333 0.000208333333333333 0.00025 0.000208333333333333 4.16666666666667e-05 4.16666666666667e-05 4.16666666666667e-05 4.16666666666667e-05 0.998375 4.16666666666667e-05 0.000208333333333333; % D D=0.2
0.282708333333333 0.000208333333333333 0.000208333333333333 0.000208333333333333 0.216041666666667 0.00104166666666667 0.24125 0.149375 0.000208333333333333 0.000208333333333333 0.000208333333333333 0.000208333333333333 0.000208333333333333 0.000208333333333333 0.107708333333333; % J D=0.2
0.299583333333333 0.00025 0.00025 0.00025 0.182916666666667 0.132916666666667 0.00816666666666667 0.199583333333333 0.00025 0.00025 0.00025 0.00025 0.00025 0.00025 0.174583333333333; % K D=0.2
0.000208333333333333 4.16666666666667e-05 4.16666666666667e-05 4.16666666666667e-05 0.000208333333333333 0.000208333333333333 0.00025 0.000208333333333333 4.16666666666667e-05 4.16666666666667e-05 4.16666666666667e-05 4.16666666666667e-05 4.16666666666667e-05 0.998375 0.000208333333333333; % L D=0.2
0.000208333333333333 4.16666666666667e-05 0.998375 4.16666666666667e-05 0.000208333333333333 0.000208333333333333 0.00025 0.000208333333333333 4.16666666666667e-05 4.16666666666667e-05 4.16666666666667e-05 4.16666666666667e-05 4.16666666666667e-05 4.16666666666667e-05 0.000208333333333333; % R D=0.2
0.000208333333333333 4.16666666666667e-05 4.16666666666667e-05 0.998375 0.000208333333333333 0.000208333333333333 0.00025 0.000208333333333333 4.16666666666667e-05 4.16666666666667e-05 4.16666666666667e-05 4.16666666666667e-05 4.16666666666667e-05 4.16666666666667e-05 0.000208333333333333; % V D=0.2
0.000208333333333333 4.16666666666667e-05 4.16666666666667e-05 4.16666666666667e-05 0.000208333333333333 0.000208333333333333 0.00025 0.000208333333333333 0.998375 4.16666666666667e-05 4.16666666666667e-05 4.16666666666667e-05 4.16666666666667e-05 4.16666666666667e-05 0.000208333333333333; % Z D=0.2
0.000208333333333333 4.16666666666667e-05 4.16666666666667e-05 4.16666666666667e-05 0.000208333333333333 0.000208333333333333 0.00025 0.000208333333333333 4.16666666666667e-05 4.16666666666667e-05 0.998375 4.16666666666667e-05 4.16666666666667e-05 4.16666666666667e-05 0.000208333333333333; % b D=0.2
0.199375 0.000208333333333333 0.000208333333333333 0.000208333333333333 0.199375 0.224375 0.174583333333333 0.00104166666666667 0.000208333333333333 0.000208333333333333 0.000208333333333333 0.000208333333333333 0.000208333333333333 0.000208333333333333 0.199375; % f D=0.2
0.000208333333333333 4.16666666666667e-05 4.16666666666667e-05 4.16666666666667e-05 0.000208333333333333 0.000208333333333333 0.00025 0.000208333333333333 4.16666666666667e-05 0.998375 4.16666666666667e-05 4.16666666666667e-05 4.16666666666667e-05 4.16666666666667e-05 0.000208333333333333; % g D=0.2
0.291041666666667 0.000208333333333333 0.000208333333333333 0.000208333333333333 0.00104166666666667 0.157708333333333 0.174583333333333 0.199375 0.000208333333333333 0.000208333333333333 0.000208333333333333 0.000208333333333333 0.000208333333333333 0.000208333333333333 0.174375; % k D=0.2
