syllables = '$DFGMNdlrz';
discounts = [0.1 0.2 0.3 0.4 0.5 0.6 0.7 0.8 0.9 0.95];
kn_probs = [0.000285714285714286 0.259714285714286 9.52380952380953e-05 9.52380952380953e-05 0.379714285714286 9.52380952380953e-05 0.359714285714286 9.52380952380953e-05 9.52380952380953e-05 9.52380952380953e-05; % $ D=0.1
7.14285714285714e-05 9.52380952380952e-05 2.38095238095238e-05 2.38095238095238e-05 9.52380952380952e-05 2.38095238095238e-05 9.52380952380952e-05 0.99952380952381 2.38095238095238e-05 2.38095238095238e-05; % D D=0.1
0.224785714285714 0.299880952380952 9.52380952380952e-05 9.52380952380952e-05 0.194880952380952 9.52380952380952e-05 0.279880952380952 9.52380952380952e-05 9.52380952380952e-05 9.52380952380952e-05; % F D=0.1
7.14285714285714e-05 9.52380952380952e-05 0.99952380952381 2.38095238095238e-05 9.52380952380952e-05 2.38095238095238e-05 9.52380952380952e-05 2.38095238095238e-05 2.38095238095238e-05 2.38095238095238e-05; % G D=0.1
7.14285714285714e-05 9.52380952380952e-05 2.38095238095238e-05 2.38095238095238e-05 9.52380952380952e-05 0.99952380952381 9.52380952380952e-05 2.38095238095238e-05 2.38095238095238e-05 2.38095238095238e-05; % M D=0.1
7.14285714285714e-05 9.52380952380952e-05 2.38095238095238e-05 0.99952380952381 9.52380952380952e-05 2.38095238095238e-05 9.52380952380952e-05 2.38095238095238e-05 2.38095238095238e-05 2.38095238095238e-05; % N D=0.1
7.14285714285714e-05 9.52380952380952e-05 2.38095238095238e-05 2.38095238095238e-05 9.52380952380952e-05 2.38095238095238e-05 9.52380952380952e-05 2.38095238095238e-05 0.99952380952381 2.38095238095238e-05; % d D=0.1
7.14285714285714e-05 9.52380952380952e-05 2.38095238095238e-05 2.38095238095238e-05 9.52380952380952e-05 2.38095238095238e-05 9.52380952380952e-05 2.38095238095238e-05 2.38095238095238e-05 0.99952380952381; % l D=0.1
0.224785714285714 0.294880952380952 9.52380952380952e-05 9.52380952380952e-05 0.259880952380952 9.52380952380952e-05 0.219880952380952 9.52380952380952e-05 9.52380952380952e-05 9.52380952380952e-05; % r D=0.1
0.299785714285714 0.209880952380952 9.52380952380952e-05 9.52380952380952e-05 0.259880952380952 9.52380952380952e-05 0.229880952380952 9.52380952380952e-05 9.52380952380952e-05 9.52380952380952e-05; % z D=0.1
0.000571428571428571 0.259428571428571 0.000190476190476191 0.000190476190476191 0.379428571428571 0.000190476190476191 0.359428571428571 0.000190476190476191 0.000190476190476191 0.000190476190476191; % $ D=0.2
0.000142857142857143 0.00019047619047619 4.76190476190476e-05 4.76190476190476e-05 0.00019047619047619 4.76190476190476e-05 0.00019047619047619 0.999047619047619 4.76190476190476e-05 4.76190476190476e-05; % D D=0.2
0.224571428571429 0.299761904761905 0.00019047619047619 0.00019047619047619 0.194761904761905 0.00019047619047619 0.279761904761905 0.00019047619047619 0.00019047619047619 0.00019047619047619; % F D=0.2
0.000142857142857143 0.00019047619047619 0.999047619047619 4.76190476190476e-05 0.00019047619047619 4.76190476190476e-05 0.00019047619047619 4.76190476190476e-05 4.76190476190476e-05 4.76190476190476e-05; % G D=0.2
0.000142857142857143 0.00019047619047619 4.76190476190476e-05 4.76190476190476e-05 0.00019047619047619 0.999047619047619 0.00019047619047619 4.76190476190476e-05 4.76190476190476e-05 4.76190476190476e-05; % M D=0.2
0.000142857142857143 0.00019047619047619 4.76190476190476e-05 0.999047619047619 0.00019047619047619 4.76190476190476e-05 0.00019047619047619 4.76190476190476e-05 4.76190476190476e-05 4.76190476190476e-05; % N D=0.2
0.000142857142857143 0.00019047619047619 4.76190476190476e-05 4.76190476190476e-05 0.00019047619047619 4.76190476190476e-05 0.00019047619047619 4.76190476190476e-05 0.999047619047619 4.76190476190476e-05; % d D=0.2
0.000142857142857143 0.00019047619047619 4.76190476190476e-05 4.76190476190476e-05 0.00019047619047619 4.76190476190476e-05 0.00019047619047619 4.76190476190476e-05 4.76190476190476e-05 0.999047619047619; % l D=0.2
0.224571428571429 0.294761904761905 0.00019047619047619 0.00019047619047619 0.259761904761905 0.00019047619047619 0.219761904761905 0.00019047619047619 0.00019047619047619 0.00019047619047619; % r D=0.2
0.299571428571429 0.209761904761905 0.00019047619047619 0.00019047619047619 0.259761904761905 0.00019047619047619 0.229761904761905 0.00019047619047619 0.00019047619047619 0.00019047619047619; % z D=0.2
0.000857142857142857 0.259142857142857 0.000285714285714286 0.000285714285714286 0.379142857142857 0.000285714285714286 0.359142857142857 0.000285714285714286 0.000285714285714286 0.000285714285714286; % $ D=0.3
0.000214285714285714 0.000285714285714286 7.14285714285714e-05 7.14285714285714e-05 0.000285714285714286 7.14285714285714e-05 0.000285714285714286 0.998571428571429 7.14285714285714e-05 7.14285714285714e-05; % D D=0.3
0.224357142857143 0.299642857142857 0.000285714285714286 0.000285714285714286 0.194642857142857 0.000285714285714286 0.279642857142857 0.000285714285714286 0.000285714285714286 0.000285714285714286; % F D=0.3
0.000214285714285714 0.000285714285714286 0.998571428571429 7.14285714285714e-05 0.000285714285714286 7.14285714285714e-05 0.000285714285714286 7.14285714285714e-05 7.14285714285714e-05 7.14285714285714e-05; % G D=0.3
0.000214285714285714 0.000285714285714286 7.14285714285714e-05 7.14285714285714e-05 0.000285714285714286 0.998571428571429 0.000285714285714286 7.14285714285714e-05 7.14285714285714e-05 7.14285714285714e-05; % M D=0.3
0.000214285714285714 0.000285714285714286 7.14285714285714e-05 0.998571428571429 0.000285714285714286 7.14285714285714e-05 0.000285714285714286 7.14285714285714e-05 7.14285714285714e-05 7.14285714285714e-05; % N D=0.3
0.000214285714285714 0.000285714285714286 7.14285714285714e-05 7.14285714285714e-05 0.000285714285714286 7.14285714285714e-05 0.000285714285714286 7.14285714285714e-05 0.998571428571429 7.14285714285714e-05; % d D=0.3
0.000214285714285714 0.000285714285714286 7.14285714285714e-05 7.14285714285714e-05 0.000285714285714286 7.14285714285714e-05 0.000285714285714286 7.14285714285714e-05 7.14285714285714e-05 0.998571428571429; % l D=0.3
0.224357142857143 0.294642857142857 0.000285714285714286 0.000285714285714286 0.259642857142857 0.000285714285714286 0.219642857142857 0.000285714285714286 0.000285714285714286 0.000285714285714286; % r D=0.3
0.299357142857143 0.209642857142857 0.000285714285714286 0.000285714285714286 0.259642857142857 0.000285714285714286 0.229642857142857 0.000285714285714286 0.000285714285714286 0.000285714285714286; % z D=0.3
0.00114285714285714 0.258857142857143 0.000380952380952381 0.000380952380952381 0.378857142857143 0.000380952380952381 0.358857142857143 0.000380952380952381 0.000380952380952381 0.000380952380952381; % $ D=0.4
0.000285714285714286 0.000380952380952381 9.52380952380952e-05 9.52380952380952e-05 0.000380952380952381 9.52380952380952e-05 0.000380952380952381 0.998095238095238 9.52380952380952e-05 9.52380952380952e-05; % D D=0.4
0.224142857142857 0.29952380952381 0.000380952380952381 0.000380952380952381 0.19452380952381 0.000380952380952381 0.27952380952381 0.000380952380952381 0.000380952380952381 0.000380952380952381; % F D=0.4
0.000285714285714286 0.000380952380952381 0.998095238095238 9.52380952380952e-05 0.000380952380952381 9.52380952380952e-05 0.000380952380952381 9.52380952380952e-05 9.52380952380952e-05 9.52380952380952e-05; % G D=0.4
0.000285714285714286 0.000380952380952381 9.52380952380952e-05 9.52380952380952e-05 0.000380952380952381 0.998095238095238 0.000380952380952381 9.52380952380952e-05 9.52380952380952e-05 9.52380952380952e-05; % M D=0.4
0.000285714285714286 0.000380952380952381 9.52380952380952e-05 0.998095238095238 0.000380952380952381 9.52380952380952e-05 0.000380952380952381 9.52380952380952e-05 9.52380952380952e-05 9.52380952380952e-05; % N D=0.4
0.000285714285714286 0.000380952380952381 9.52380952380952e-05 9.52380952380952e-05 0.000380952380952381 9.52380952380952e-05 0.000380952380952381 9.52380952380952e-05 0.998095238095238 9.52380952380952e-05; % d D=0.4
