syllables = '$DGVflnrtv';
discounts = [0.1 0.2 0.3 0.4 0.5 0.6 0.7 0.8 0.9 0.95];
kn_probs = [0.000285714285714286 0.299714285714286 9.52380952380953e-05 9.52380952380953e-05 9.52380952380953e-05 9.52380952380953e-05 9.52380952380953e-05 0.299714285714286 9.52380952380953e-05 0.399714285714286; % $ D=0.1
7.14285714285714e-05 9.52380952380952e-05 2.38095238095238e-05 2.38095238095238e-05 0.99952380952381 2.38095238095238e-05 2.38095238095238e-05 9.52380952380952e-05 2.38095238095238e-05 9.52380952380952e-05; % D D=0.1
0.254785714285714 0.194880952380952 9.52380952380952e-05 9.52380952380952e-05 9.52380952380952e-05 9.52380952380952e-05 9.52380952380952e-05 0.259880952380952 9.52380952380952e-05 0.289880952380952; % G D=0.1
7.14285714285714e-05 9.52380952380952e-05 2.38095238095238e-05 2.38095238095238e-05 2.38095238095238e-05 2.38095238095238e-05 0.99952380952381 9.52380952380952e-05 2.38095238095238e-05 9.52380952380952e-05; % V D=0.1
7.14285714285714e-05 9.52380952380952e-05 2.38095238095238e-05 2.38095238095238e-05 2.38095238095238e-05 0.99952380952381 2.38095238095238e-05 9.52380952380952e-05 2.38095238095238e-05 9.52380952380952e-05; % f D=0.1
7.14285714285714e-05 9.52380952380952e-05 0.99952380952381 2.38095238095238e-05 2.38095238095238e-05 2.38095238095238e-05 2.38095238095238e-05 9.52380952380952e-05 2.38095238095238e-05 9.52380952380952e-05; % l D=0.1
0.274785714285714 0.284880952380952 9.52380952380952e-05 9.52380952380952e-05 9.52380952380952e-05 9.52380952380952e-05 9.52380952380952e-05 0.229880952380952 9.52380952380952e-05 0.209880952380952; % n D=0.1
7.14285714285714e-05 9.52380952380952e-05 2.38095238095238e-05 0.99952380952381 2.38095238095238e-05 2.38095238095238e-05 2.38095238095238e-05 9.52380952380952e-05 2.38095238095238e-05 9.52380952380952e-05; % r D=0.1
0.219785714285714 0.294880952380952 9.52380952380952e-05 9.52380952380952e-05 9.52380952380952e-05 9.52380952380952e-05 9.52380952380952e-05 0.284880952380952 9.52380952380952e-05 0.199880952380952; % t D=0.1
7.14285714285714e-05 9.52380952380952e-05 2.38095238095238e-05 2.38095238095238e-05 2.38095238095238e-05 2.38095238095238e-05 2.38095238095238e-05 9.52380952380952e-05 0.99952380952381 9.52380952380952e-05; % v D=0.1
0.000571428571428571 0.299428571428571 0.000190476190476191 0.000190476190476191 0.000190476190476191 0.000190476190476191 0.000190476190476191 0.299428571428571 0.000190476190476191 0.399428571428571; % $ D=0.2
0.000142857142857143 0.00019047619047619 4.76190476190476e-05 4.76190476190476e-05 0.999047619047619 4.76190476190476e-05 4.76190476190476e-05 0.00019047619047619 4.76190476190476e-05 0.00019047619047619; % D D=0.2
0.254571428571429 0.194761904761905 0.00019047619047619 0.00019047619047619 0.00019047619047619 0.00019047619047619 0.00019047619047619 0.259761904761905 0.00019047619047619 0.289761904761905; % G D=0.2
0.000142857142857143 0.00019047619047619 4.76190476190476e-05 4.76190476190476e-05 4.76190476190476e-05 4.76190476190476e-05 0.999047619047619 0.00019047619047619 4.76190476190476e-05 0.00019047619047619; % V D=0.2
0.000142857142857143 0.00019047619047619 4.76190476190476e-05 4.76190476190476e-05 4.76190476190476e-05 0.999047619047619 4.76190476190476e-05 0.00019047619047619 4.76190476190476e-05 0.00019047619047619; % f D=0.2
0.000142857142857143 0.00019047619047619 0.999047619047619 4.76190476190476e-05 4.76190476190476e-05 4.76190476190476e-05 4.76190476190476e-05 0.00019047619047619 4.76190476190476e-05 0.00019047619047619; % l D=0.2
0.274571428571429 0.284761904761905 0.00019047619047619 0.00019047619047619 0.00019047619047619 0.00019047619047619 0.00019047619047619 0.229761904761905 0.00019047619047619 0.209761904761905; % n D=0.2
0.000142857142857143 0.00019047619047619 4.76190476190476e-05 0.999047619047619 4.76190476190476e-05 4.76190476190476e-05 4.76190476190476e-05 0.00019047619047619 4.76190476190476e-05 0.00019047619047619; % r D=0.2
0.219571428571429 0.294761904761905 0.00019047619047619 0.00019047619047619 0.00019047619047619 0.00019047619047619 0.00019047619047619 0.284761904761905 0.00019047619047619 0.199761904761905; % t D=0.2
0.000142857142857143 0.00019047619047619 4.76190476190476e-05 4.76190476190476e-05 4.76190476190476e-05 4.76190476190476e-05 4.76190476190476e-05 0.00019047619047619 0.999047619047619 0.00019047619047619; % v D=0.2
0.000857142857142857 0.299142857142857 0.000285714285714286 0.000285714285714286 0.000285714285714286 0.000285714285714286 0.000285714285714286 0.299142857142857 0.000285714285714286 0.399142857142857; % $ D=0.3
0.000214285714285714 0.000285714285714286 7.14285714285714e-05 7.14285714285714e-05 0.998571428571429 7.14285714285714e-05 7.14285714285714e-05 0.000285714285714286 7.14285714285714e-05 0.000285714285714286; % D D=0.3
0.254357142857143 0.194642857142857 0.000285714285714286 0.000285714285714286 0.000285714285714286 0.000285714285714286 0.000285714285714286 0.259642857142857 0.000285714285714286 0.289642857142857; % G D=0.3
0.000214285714285714 0.000285714285714286 7.14285714285714e-05 7.14285714285714e-05 7.14285714285714e-05 7.14285714285714e-05 0.998571428571429 0.000285714285714286 7.14285714285714e-05 0.000285714285714286; % V D=0.3
0.000214285714285714 0.000285714285714286 7.14285714285714e-05 7.14285714285714e-05 7.14285714285714e-05 0.998571428571429 7.14285714285714e-05 0.000285714285714286 7.14285714285714e-05 0.000285714285714286; % f D=0.3
0.000214285714285714 0.000285714285714286 0.998571428571429 7.14285714285714e-05 7.14285714285714e-05 7.14285714285714e-05 7.14285714285714e-05 0.000285714285714286 7.14285714285714e-05 0.000285714285714286; % l D=0.3
0.274357142857143 0.284642857142857 0.000285714285714286 0.000285714285714286 0.000285714285714286 0.000285714285714286 0.000285714285714286 0.229642857142857 0.000285714285714286 0.209642857142857; % n D=0.3
0.000214285714285714 0.000285714285714286 7.14285714285714e-05 0.998571428571429 7.14285714285714e-05 7.14285714285714e-05 7.14285714285714e-05 0.000285714285714286 7.14285714285714e-05 0.000285714285714286; % r D=0.3
0.219357142857143 0.294642857142857 0.000285714285714286 0.000285714285714286 0.000285714285714286 0.000285714285714286 0.000285714285714286 0.284642857142857 0.000285714285714286 0.199642857142857; % t D=0.3
0.000214285714285714 0.000285714285714286 7.14285714285714e-05 7.14285714285714e-05 7.14285714285714e-05 7.14285714285714e-05 7.14285714285714e-05 0.000285714285714286 0.998571428571429 0.000285714285714286; % v D=0.3
0.00114285714285714 0.298857142857143 0.000380952380952381 0.000380952380952381 0.000380952380952381 0.000380952380952381 0.000380952380952381 0.298857142857143 0.000380952380952381 0.398857142857143; % $ D=0.4
0.000285714285714286 0.000380952380952381 9.52380952380952e-05 9.52380952380952e-05 0.998095238095238 9.52380952380952e-05 9.52380952380952e-05 0.000380952380952381 9.52380952380952e-05 0.000380952380952381; % D D=0.4
0.254142857142857 0.19452380952381 0.000380952380952381 0.000380952380952381 0.000380952380952381 0.000380952380952381 0.000380952380952381 0.25952380952381 0.000380952380952381 0.28952380952381; % G D=0.4
0.000285714285714286 0.000380952380952381 9.52380952380952e-05 9.52380952380952e-05 9.52380952380952e-05 9.52380952380952e-05 0.998095238095238 0.000380952380952381 9.52380952380952e-05 0.000380952380952381; % V D=0.4
0.000285714285714286 0.000380952380952381 9.52380952380952e-05 9.52380952380952e-05 9.52380952380952e-05 0.998095238095238 9.52380952380952e-05 0.000380952380952381 9.52380952380952e-05 0.000380952380952381; % f D=0.4
0.000285714285714286 0.000380952380952381 0.998095238095238 9.52380952380952e-05 9.52380952380952e-05 9.52380952380952e-05 9.52380952380952e-05 0.000380952380952381 9.52380952380952e-05 0.000380952380952381; % l D=0.4
0.274142857142857 0.28452380952381 0.000380952380952381 0.000380952380952381 0.000380952380952381 0.000380952380952381 0.000380952380952381 0.22952380952381 0.000380952380952381 0.20952380952381; % n D=0.4
