syllables = '$GRTdkprvz';
discounts = [0.1 0.2 0.3 0.4 0.5 0.6 0.7 0.8 0.9 0.95];
kn_probs = [0.000315789473684211 0.332982456140351 0.000105263157894737 0.000105263157894737 0.000105263157894737 0.313087719298246 0.000105263157894737 0.000105263157894737 0.352982456140351 0.000105263157894737; % $ D=0.1
7.89473684210526e-05 7.89473684210526e-05 2.63157894736842e-05 0.999526315789474 2.63157894736842e-05 0.000105263157894737 2.63157894736842e-05 2.63157894736842e-05 7.89473684210526e-05 2.63157894736842e-05; % G D=0.1
7.89473684210526e-05 7.89473684210526e-05 2.63157894736842e-05 2.63157894736842e-05 0.999526315789474 0.000105263157894737 2.63157894736842e-05 2.63157894736842e-05 7.89473684210526e-05 2.63157894736842e-05; % R D=0.1
0.239736842105263 0.000236842105263158 7.89473684210526e-05 7.89473684210526e-05 7.89473684210526e-05 0.389815789473684 7.89473684210526e-05 7.89473684210526e-05 0.369736842105263 7.89473684210526e-05; % T D=0.1
0.289815789473684 0.334815789473684 0.000105263157894737 0.000105263157894737 0.000105263157894737 0.00992105263157895 0.000105263157894737 0.000105263157894737 0.364815789473684 0.000105263157894737; % d D=0.1
7.89473684210526e-05 7.89473684210526e-05 2.63157894736842e-05 2.63157894736842e-05 2.63157894736842e-05 0.000105263157894737 2.63157894736842e-05 2.63157894736842e-05 7.89473684210526e-05 0.999526315789474; % k D=0.1
0.219736842105263 0.414736842105263 7.89473684210526e-05 7.89473684210526e-05 7.89473684210526e-05 0.364815789473684 7.89473684210526e-05 7.89473684210526e-05 0.000236842105263158 7.89473684210526e-05; % p D=0.1
7.89473684210526e-05 7.89473684210526e-05 2.63157894736842e-05 2.63157894736842e-05 2.63157894736842e-05 0.000105263157894737 0.999526315789474 2.63157894736842e-05 7.89473684210526e-05 2.63157894736842e-05; % r D=0.1
7.89473684210526e-05 7.89473684210526e-05 2.63157894736842e-05 2.63157894736842e-05 2.63157894736842e-05 0.000105263157894737 2.63157894736842e-05 0.999526315789474 7.89473684210526e-05 2.63157894736842e-05; % v D=0.1
7.89473684210526e-05 7.89473684210526e-05 0.999526315789474 2.63157894736842e-05 2.63157894736842e-05 0.000105263157894737 2.63157894736842e-05 2.63157894736842e-05 7.89473684210526e-05 2.63157894736842e-05; % z D=0.1
0.000631578947368421 0.332631578947368 0.000210526315789474 0.000210526315789474 0.000210526315789474 0.312842105263158 0.000210526315789474 0.000210526315789474 0.352631578947368 0.000210526315789474; % $ D=0.2
0.000157894736842105 0.000157894736842105 5.26315789473684e-05 0.999052631578948 5.26315789473684e-05 0.000210526315789474 5.26315789473684e-05 5.26315789473684e-05 0.000157894736842105 5.26315789473684e-05; % G D=0.2
0.000157894736842105 0.000157894736842105 5.26315789473684e-05 5.26315789473684e-05 0.999052631578948 0.000210526315789474 5.26315789473684e-05 5.26315789473684e-05 0.000157894736842105 5.26315789473684e-05; % R D=0.2
0.239473684210526 0.000473684210526316 0.000157894736842105 0.000157894736842105 0.000157894736842105 0.389631578947368 0.000157894736842105 0.000157894736842105 0.369473684210526 0.000157894736842105; % T D=0.2
0.289631578947368 0.334631578947368 0.000210526315789474 0.000210526315789474 0.000210526315789474 0.0098421052631579 0.000210526315789474 0.000210526315789474 0.364631578947368 0.000210526315789474; % d D=0.2
0.000157894736842105 0.000157894736842105 5.26315789473684e-05 5.26315789473684e-05 5.26315789473684e-05 0.000210526315789474 5.26315789473684e-05 5.26315789473684e-05 0.000157894736842105 0.999052631578948; % k D=0.2
0.219473684210526 0.414473684210526 0.000157894736842105 0.000157894736842105 0.000157894736842105 0.364631578947368 0.000157894736842105 0.000157894736842105 0.000473684210526316 0.000157894736842105; % p D=0.2
0.000157894736842105 0.000157894736842105 5.26315789473684e-05 5.26315789473684e-05 5.26315789473684e-05 0.000210526315789474 0.999052631578948 5.26315789473684e-05 0.000157894736842105 5.26315789473684e-05; % r D=0.2
0.000157894736842105 0.000157894736842105 5.26315789473684e-05 5.26315789473684e-05 5.26315789473684e-05 0.000210526315789474 5.26315789473684e-05 0.999052631578948 0.000157894736842105 5.26315789473684e-05; % v D=0.2
0.000157894736842105 0.000157894736842105 0.999052631578948 5.26315789473684e-05 5.26315789473684e-05 0.000210526315789474 5.26315789473684e-05 5.26315789473684e-05 0.000157894736842105 5.26315789473684e-05; % z D=0.2
0.000947368421052632 0.332280701754386 0.00031578947368421 0.00031578947368421 0.00031578947368421 0.31259649122807 0.00031578947368421 0.00031578947368421 0.352280701754386 0.00031578947368421; % $ D=0.3
0.000236842105263158 0.000236842105263158 7.89473684210526e-05 0.998578947368421 7.89473684210526e-05 0.000315789473684211 7.89473684210526e-05 7.89473684210526e-05 0.000236842105263158 7.89473684210526e-05; % G D=0.3
0.000236842105263158 0.000236842105263158 7.89473684210526e-05 7.89473684210526e-05 0.998578947368421 0.000315789473684211 7.89473684210526e-05 7.89473684210526e-05 0.000236842105263158 7.89473684210526e-05; % R D=0.3
0.239210526315789 0.000710526315789474 0.000236842105263158 0.000236842105263158 0.000236842105263158 0.389447368421053 0.000236842105263158 0.000236842105263158 0.369210526315789 0.000236842105263158; % T D=0.3
0.289447368421053 0.334447368421053 0.000315789473684211 0.000315789473684211 0.000315789473684211 0.00976315789473684 0.000315789473684211 0.000315789473684211 0.364447368421053 0.000315789473684211; % d D=0.3
0.000236842105263158 0.000236842105263158 7.89473684210526e-05 7.89473684210526e-05 7.89473684210526e-05 0.000315789473684211 7.89473684210526e-05 7.89473684210526e-05 0.000236842105263158 0.998578947368421; % k D=0.3
0.219210526315789 0.41421052631579 0.000236842105263158 0.000236842105263158 0.000236842105263158 0.364447368421053 0.000236842105263158 0.000236842105263158 0.000710526315789474 0.000236842105263158; % p D=0.3
0.000236842105263158 0.000236842105263158 7.89473684210526e-05 7.89473684210526e-05 7.89473684210526e-05 0.000315789473684211 0.998578947368421 7.89473684210526e-05 0.000236842105263158 7.89473684210526e-05; % r D=0.3
0.000236842105263158 0.000236842105263158 7.89473684210526e-05 7.89473684210526e-05 7.89473684210526e-05 0.000315789473684211 7.89473684210526e-05 0.998578947368421 0.000236842105263158 7.89473684210526e-05; % v D=0.3
0.000236842105263158 0.000236842105263158 0.998578947368421 7.89473684210526e-05 7.89473684210526e-05 0.000315789473684211 7.89473684210526e-05 7.89473684210526e-05 0.000236842105263158 7.89473684210526e-05; % z D=0.3
0.00126315789473684 0.331929824561404 0.000421052631578947 0.000421052631578947 0.000421052631578947 0.312350877192982 0.000421052631578947 0.000421052631578947 0.351929824561404 0.000421052631578947; % $ D=0.4
0.000315789473684211 0.000315789473684211 0.000105263157894737 0.998105263157895 0.000105263157894737 0.000421052631578947 0.000105263157894737 0.000105263157894737 0.000315789473684211 0.000105263157894737; % G D=0.4
0.000315789473684211 0.000315789473684211 0.000105263157894737 0.000105263157894737 0.998105263157895 0.000421052631578947 0.000105263157894737 0.000105263157894737 0.000315789473684211 0.000105263157894737; % R D=0.4
0.238947368421053 0.000947368421052632 0.000315789473684211 0.000315789473684211 0.000315789473684211 0.389263157894737 0.000315789473684211 0.000315789473684211 0.368947368421053 0.000315789473684211; % T D=0.4
0.289263157894737 0.334263157894737 0.000421052631578947 0.000421052631578947 0.000421052631578947 0.00968421052631579 0.000421052631578947 0.000421052631578947 0.364263157894737 0.000421052631578947; % d D=0.4
0.000315789473684211 0.000315789473684211 0.000105263157894737 0.000105263157894737 0.000105263157894737 0.000421052631578947 0.000105263157894737 0.000105263157894737 0.000315789473684211 0.998105263157895; % k D=0.4
