syllables = '$DJKLMRZbdlmptz';
discounts = [0.1 0.2 0.3 0.4 0.5 0.6 0.7 0.8 0.9 0.95];
kn_probs = [0.000427350427350427 0.173094017094017 8.54700854700855e-05 8.54700854700855e-05 8.54700854700855e-05 0.18642735042735 8.54700854700855e-05 8.54700854700855e-05 8.54700854700855e-05 0.159760683760684 0.233094017094017 0.24642735042735 8.54700854700855e-05 8.54700854700855e-05 8.54700854700855e-05; % $ D=0.1
0.000106837606837607 0.000106837606837607 2.13675213675214e-05 2.13675213675214e-05 2.13675213675214e-05 0.000106837606837607 0.999188034188034 2.13675213675214e-05 2.13675213675214e-05 0.000106837606837607 0.000106837606837607 0.000106837606837607 2.13675213675214e-05 2.13675213675214e-05 2.13675213675214e-05; % D D=0.1
0.183034188034188 0.166367521367521 0.000106837606837607 0.000106837606837607 0.000106837606837607 0.241367521367521 0.000106837606837607 0.000106837606837607 0.000106837606837607 0.000534188034188034 0.199700854700855 0.208034188034188 0.000106837606837607 0.000106837606837607 0.000106837606837607; % J D=0.1
0.224700854700855 0.224700854700855 0.000106837606837607 0.000106837606837607 0.000106837606837607 0.166367521367521 0.000106837606837607 0.000106837606837607 0.000106837606837607 0.233034188034188 0.149700854700855 0.000534188034188034 0.000106837606837607 0.000106837606837607 0.000106837606837607; % K D=0.1
0.000106837606837607 0.000106837606837607 2.13675213675214e-05 0.999188034188034 2.13675213675214e-05 0.000106837606837607 2.13675213675214e-05 2.13675213675214e-05 2.13675213675214e-05 0.000106837606837607 0.000106837606837607 0.000106837606837607 2.13675213675214e-05 2.13675213675214e-05 2.13675213675214e-05; % L D=0.1
0.000106837606837607 0.000106837606837607 2.13675213675214e-05 2.13675213675214e-05 2.13675213675214e-05 0.000106837606837607 2.13675213675214e-05 2.13675213675214e-05 2.13675213675214e-05 0.000106837606837607 0.000106837606837607 0.000106837606837607 0.999188034188034 2.13675213675214e-05 2.13675213675214e-05; % M D=0.1
0.308034188034188 0.000534188034188034 0.000106837606837607 0.000106837606837607 0.000106837606837607 0.166367521367521 0.000106837606837607 0.000106837606837607 0.000106837606837607 0.208034188034188 0.174700854700855 0.141367521367521 0.000106837606837607 0.000106837606837607 0.000106837606837607; % R D=0.1
0.000106837606837607 0.000106837606837607 2.13675213675214e-05 2.13675213675214e-05 2.13675213675214e-05 0.000106837606837607 2.13675213675214e-05 2.13675213675214e-05 0.999188034188034 0.000106837606837607 0.000106837606837607 0.000106837606837607 2.13675213675214e-05 2.13675213675214e-05 2.13675213675214e-05; % Z D=0.1
0.000106837606837607 0.000106837606837607 2.13675213675214e-05 2.13675213675214e-05 2.13675213675214e-05 0.000106837606837607 2.13675213675214e-05 2.13675213675214e-05 2.13675213675214e-05 0.000106837606837607 0.000106837606837607 0.000106837606837607 2.13675213675214e-05 2.13675213675214e-05 0.999188034188034; % b D=0.1
0.000106837606837607 0.000106837606837607 2.13675213675214e-05 2.13675213675214e-05 2.13675213675214e-05 0.000106837606837607 2.13675213675214e-05 2.13675213675214e-05 2.13675213675214e-05 0.000106837606837607 0.000106837606837607 0.000106837606837607 2.13675213675214e-05 0.999188034188034 2.13675213675214e-05; % d D=0.1
0.000106837606837607 0.000106837606837607 2.13675213675214e-05 2.13675213675214e-05 2.13675213675214e-05 0.000106837606837607 2.13675213675214e-05 0.999188034188034 2.13675213675214e-05 0.000106837606837607 0.000106837606837607 0.000106837606837607 2.13675213675214e-05 2.13675213675214e-05 2.13675213675214e-05; % l D=0.1
0.000106837606837607 0.000106837606837607 2.13675213675214e-05 2.13675213675214e-05 0.999188034188034 0.000106837606837607 2.13675213675214e-05 2.13675213675214e-05 2.13675213675214e-05 0.000106837606837607 0.000106837606837607 0.000106837606837607 2.13675213675214e-05 2.13675213675214e-05 2.13675213675214e-05; % m D=0.1
0.249700854700855 0.183034188034188 0.000106837606837607 0.000106837606837607 0.000106837606837607 0.000534188034188034 0.000106837606837607 0.000106837606837607 0.000106837606837607 0.199700854700855 0.183034188034188 0.183034188034188 0.000106837606837607 0.000106837606837607 0.000106837606837607; % p D=0.1
0.000106837606837607 0.000106837606837607 0.999188034188034 2.13675213675214e-05 2.13675213675214e-05 0.000106837606837607 2.13675213675214e-05 2.13675213675214e-05 2.13675213675214e-05 0.000106837606837607 0.000106837606837607 0.000106837606837607 2.13675213675214e-05 2.13675213675214e-05 2.13675213675214e-05; % t D=0.1
0.283034188034188 0.208034188034188 0.000106837606837607 0.000106837606837607 0.000106837606837607 0.191367521367521 0.000106837606837607 0.000106837606837607 0.000106837606837607 0.158034188034188 0.000534188034188034 0.158034188034188 0.000106837606837607 0.000106837606837607 0.000106837606837607; % z D=0.1
0.000854700854700855 0.172854700854701 0.000170940170940171 0.000170940170940171 0.000170940170940171 0.186188034188034 0.000170940170940171 0.000170940170940171 0.000170940170940171 0.159521367521368 0.232854700854701 0.246188034188034 0.000170940170940171 0.000170940170940171 0.000170940170940171; % $ D=0.2
0.000213675213675214 0.000213675213675214 4.27350427350427e-05 4.27350427350427e-05 4.27350427350427e-05 0.000213675213675214 0.998376068376068 4.27350427350427e-05 4.27350427350427e-05 0.000213675213675214 0.000213675213675214 0.000213675213675214 4.27350427350427e-05 4.27350427350427e-05 4.27350427350427e-05; % D D=0.2
0.182735042735043 0.166068376068376 0.000213675213675214 0.000213675213675214 0.000213675213675214 0.241068376068376 0.000213675213675214 0.000213675213675214 0.000213675213675214 0.00106837606837607 0.199401709401709 0.207735042735043 0.000213675213675214 0.000213675213675214 0.000213675213675214; % J D=0.2
0.224401709401709 0.224401709401709 0.000213675213675214 0.000213675213675214 0.000213675213675214 0.166068376068376 0.000213675213675214 0.000213675213675214 0.000213675213675214 0.232735042735043 0.149401709401709 0.00106837606837607 0.000213675213675214 0.000213675213675214 0.000213675213675214; % K D=0.2
0.000213675213675214 0.000213675213675214 4.27350427350427e-05 0.998376068376068 4.27350427350427e-05 0.000213675213675214 4.27350427350427e-05 4.27350427350427e-05 4.27350427350427e-05 0.000213675213675214 0.000213675213675214 0.000213675213675214 4.27350427350427e-05 4.27350427350427e-05 4.27350427350427e-05; % L D=0.2
0.000213675213675214 0.000213675213675214 4.27350427350427e-05 4.27350427350427e-05 4.27350427350427e-05 0.000213675213675214 4.27350427350427e-05 4.27350427350427e-05 4.27350427350427e-05 0.000213675213675214 0.000213675213675214 0.000213675213675214 0.998376068376068 4.27350427350427e-05 4.27350427350427e-05; % M D=0.2
0.307735042735043 0.00106837606837607 0.000213675213675214 0.000213675213675214 0.000213675213675214 0.166068376068376 0.000213675213675214 0.000213675213675214 0.000213675213675214 0.207735042735043 0.174401709401709 0.141068376068376 0.000213675213675214 0.000213675213675214 0.000213675213675214; % R D=0.2
0.000213675213675214 0.000213675213675214 4.27350427350427e-05 4.27350427350427e-05 4.27350427350427e-05 0.000213675213675214 4.27350427350427e-05 4.27350427350427e-05 0.998376068376068 0.000213675213675214 0.000213675213675214 0.000213675213675214 4.27350427350427e-05 4.27350427350427e-05 4.27350427350427e-05; % Z D=0.2
0.000213675213675214 0.000213675213675214 4.27350427350427e-05 4.27350427350427e-05 4.27350427350427e-05 0.000213675213675214 4.27350427350427e-05 4.27350427350427e-05 4.27350427350427e-05 0.000213675213675214 0.000213675213675214 0.000213675213675214 4.27350427350427e-05 4.27350427350427e-05 0.998376068376068; % b D=0.2
0.000213675213675214 0.000213675213675214 4.27350427350427e-05 4.27350427350427e-05 4.27350427350427e-05 0.000213675213675214 4.27350427350427e-05 4.27350427350427e-05 4.27350427350427e-05 0.000213675213675214 0.000213675213675214 0.000213675213675214 4.27350427350427e-05 0.998376068376068 4.27350427350427e-05; % d D=0.2
0.000213675213675214 0.000213675213675214 4.27350427350427e-05 4.27350427350427e-05 4.27350427350427e-05 0.000213675213675214 4.27350427350427e-05 0.998376068376068 4.27350427350427e-05 0.000213675213675214 0.000213675213675214 0.000213675213675214 4.27350427350427e-05 4.27350427350427e-05 4.27350427350427e-05; % l D=0.2
0.000213675213675214 0.000213675213675214 4.27350427350427e-05 4.27350427350427e-05 0.998376068376068 0.000213675213675214 4.27350427350427e-05 4.27350427350427e-05 4.27350427350427e-05 0.000213675213675214 0.000213675213675214 0.000213675213675214 4.27350427350427e-05 4.27350427350427e-05 4.27350427350427e-05; % m D=0.2
0.249401709401709 0.182735042735043 0.000213675213675214 0.000213675213675214 0.000213675213675214 0.00106837606837607 0.000213675213675214 0.000213675213675214 0.000213675213675214 0.199401709401709 0.182735042735043 0.182735042735043 0.000213675213675214 0.000213675213675214 0.000213675213675214; % p D=0.2
0.000213675213675214 0.000213675213675214 0.998376068376068 4.27350427350427e-05 4.27350427350427e-05 0.000213675213675214 4.27350427350427e-05 4.27350427350427e-05 4.27350427350427e-05 0.000213675213675214 0.000213675213675214 0.000213675213675214 4.27350427350427e-05 4.27350427350427e-05 4.27350427350427e-05; % t D=0.2
0.282735042735043 0.207735042735043 0.000213675213675214 0.000213675213675214 0.000213675213675214 0.191068376068376 0.000213675213675214 0.000213675213675214 0.000213675213675214 0.157735042735043 0.00106837606837607 0.157735042735043 0.000213675213675214 0.000213675213675214 0.000213675213675214; % z D=0.2
0.00128205128205128 0.172615384615385 0.000256410256410256 0.000256410256410256 0.000256410256410256 0.185948717948718 0.000256410256410256 0.000256410256410256 0.000256410256410256 0.159282051282051 0.232615384615385 0.245948717948718 0.000256410256410256 0.000256410256410256 0.000256410256410256; % $ D=0.3
0.000320512820512821 0.000320512820512821 6.41025641025641e-05 6.41025641025641e-05 6.41025641025641e-05 0.000320512820512821 0.997564102564103 6.41025641025641e-05 6.41025641025641e-05 0.000320512820512821 0.000320512820512821 0.000320512820512821 6.41025641025641e-05 6.41025641025641e-05 6.41025641025641e-05; % D D=0.3
0.182435897435897 0.165769230769231 0.000320512820512821 0.000320512820512821 0.000320512820512821 0.240769230769231 0.000320512820512821 0.000320512820512821 0.000320512820512821 0.0016025641025641 0.199102564102564 0.207435897435897 0.000320512820512821 0.000320512820512821 0.000320512820512821; % J D=0.3
0.224102564102564 0.224102564102564 0.000320512820512821 0.000320512820512821 0.000320512820512821 0.165769230769231 0.000320512820512821 0.000320512820512821 0.000320512820512821 0.232435897435897 0.149102564102564 0.0016025641025641 0.000320512820512821 0.000320512820512821 0.000320512820512821; % K D=0.3
0.000320512820512821 0.000320512820512821 6.41025641025641e-05 0.997564102564103 6.41025641025641e-05 0.000320512820512821 6.41025641025641e-05 6.41025641025641e-05 6.41025641025641e-05 0.000320512820512821 0.000320512820512821 0.000320512820512821 6.41025641025641e-05 6.41025641025641e-05 6.41025641025641e-05; % L D=0.3
0.000320512820512821 0.000320512820512821 6.41025641025641e-05 6.41025641025641e-05 6.41025641025641e-05 0.000320512820512821 6.41025641025641e-05 6.41025641025641e-05 6.41025641025641e-05 0.000320512820512821 0.000320512820512821 0.000320512820512821 0.997564102564103 6.41025641025641e-05 6.41025641025641e-05; % M D=0.3
0.307435897435897 0.0016025641025641 0.000320512820512821 0.000320512820512821 0.000320512820512821 0.165769230769231 0.000320512820512821 0.000320512820512821 0.000320512820512821 0.207435897435897 0.174102564102564 0.140769230769231 0.000320512820512821 0.000320512820512821 0.000320512820512821; % R D=0.3
0.000320512820512821 0.000320512820512821 6.41025641025641e-05 6.41025641025641e-05 6.41025641025641e-05 0.000320512820512821 6.41025641025641e-05 6.41025641025641e-05 0.997564102564103 0.000320512820512821 0.000320512820512821 0.000320512820512821 6.41025641025641e-05 6.41025641025641e-05 6.41025641025641e-05; % Z D=0.3
0.000320512820512821 0.000320512820512821 6.41025641025641e-05 6.41025641025641e-05 6.41025641025641e-05 0.000320512820512821 6.41025641025641e-05 6.41025641025641e-05 6.41025641025641e-05 0.000320512820512821 0.000320512820512821 0.000320512820512821 6.41025641025641e-05 6.41025641025641e-05 0.997564102564103; % b D=0.3
0.000320512820512821 0.000320512820512821 6.41025641025641e-05 6.41025641025641e-05 6.41025641025641e-05 0.000320512820512821 6.41025641025641e-05 6.41025641025641e-05 6.41025641025641e-05 0.000320512820512821 0.000320512820512821 0.000320512820512821 6.41025641025641e-05 0.997564102564103 6.41025641025641e-05; % d D=0.3
0.000320512820512821 0.000320512820512821 6.41025641025641e-05 6.41025641025641e-05 6.41025641025641e-05 0.000320512820512821 6.41025641025641e-05 0.997564102564103 6.41025641025641e-05 0.000320512820512821 0.000320512820512821 0.000320512820512821 6.41025641025641e-05 6.41025641025641e-05 6.41025641025641e-05; % l D=0.3
0.000320512820512821 0.000320512820512821 6.41025641025641e-05 6.41025641025641e-05 0.997564102564103 0.000320512820512821 6.41025641025641e-05 6.41025641025641e-05 6.41025641025641e-05 0.000320512820512821 0.000320512820512821 0.000320512820512821 6.41025641025641e-05 6.41025641025641e-05 6.41025641025641e-05; % m D=0.3
0.249102564102564 0.182435897435897 0.000320512820512821 0.000320512820512821 0.000320512820512821 0.0016025641025641 0.000320512820512821 0.000320512820512821 0.000320512820512821 0.199102564102564 0.182435897435897 0.182435897435897 0.000320512820512821 0.000320512820512821 0.000320512820512821; % p D=0.3
0.000320512820512821 0.000320512820512821 0.997564102564103 6.41025641025641e-05 6.41025641025641e-05 0.000320512820512821 6.41025641025641e-05 6.41025641025641e-05 6.41025641025641e-05 0.000320512820512821 0.000320512820512821 0.000320512820512821 6.41025641025641e-05 6.41025641025641e-05 6.41025641025641e-05; % t D=0.3
0.282435897435897 0.207435897435897 0.000320512820512821 0.000320512820512821 0.000320512820512821 0.190769230769231 0.000320512820512821 0.000320512820512821 0.000320512820512821 0.157435897435897 0.0016025641025641 0.157435897435897 0.000320512820512821 0.000320512820512821 0.000320512820512821; % z D=0.3
0.00170940170940171 0.172376068376068 0.000341880341880342 0.000341880341880342 0.000341880341880342 0.185709401709402 0.000341880341880342 0.000341880341880342 0.000341880341880342 0.159042735042735 0.232376068376068 0.245709401709402 0.000341880341880342 0.000341880341880342 0.000341880341880342; % $ D=0.4
0.000427350427350427 0.000427350427350427 8.54700854700855e-05 8.54700854700855e-05 8.54700854700855e-05 0.000427350427350427 0.996752136752137 8.54700854700855e-05 8.54700854700855e-05 0.000427350427350427 0.000427350427350427 0.000427350427350427 8.54700854700855e-05 8.54700854700855e-05 8.54700854700855e-05; % D D=0.4
0.182136752136752 0.165470085470085 0.000427350427350427 0.000427350427350427 0.000427350427350427 0.240470085470085 0.000427350427350427 0.000427350427350427 0.000427350427350427 0.00213675213675214 0.198803418803419 0.207136752136752 0.000427350427350427 0.000427350427350427 0.000427350427350427; % J D=0.4
0.223803418803419 0.223803418803419 0.000427350427350427 0.000427350427350427 0.000427350427350427 0.165470085470085 0.000427350427350427 0.000427350427350427 0.000427350427350427 0.232136752136752 0.148803418803419 0.00213675213675214 0.000427350427350427 0.000427350427350427 0.000427350427350427; % K D=0.4
0.000427350427350427 0.000427350427350427 8.54700854700855e-05 0.996752136752137 8.54700854700855e-05 0.000427350427350427 8.54700854700855e-05 8.54700854700855e-05 8.54700854700855e-05 0.000427350427350427 0.000427350427350427 0.000427350427350427 8.54700854700855e-05 8.54700854700855e-05 8.54700854700855e-05; % L D=0.4
0.000427350427350427 0.000427350427350427 8.54700854700855e-05 8.54700854700855e-05 8.54700854700855e-05 0.000427350427350427 8.54700854700855e-05 8.54700854700855e-05 8.54700854700855e-05 0.000427350427350427 0.000427350427350427 0.000427350427350427 0.996752136752137 8.54700854700855e-05 8.54700854700855e-05; % M D=0.4
0.307136752136752 0.00213675213675214 0.000427350427350427 0.000427350427350427 0.000427350427350427 0.165470085470085 0.000427350427350427 0.000427350427350427 0.000427350427350427 0.207136752136752 0.173803418803419 0.140470085470085 0.000427350427350427 0.000427350427350427 0.000427350427350427; % R D=0.4
0.000427350427350427 0.000427350427350427 8.54700854700855e-05 8.54700854700855e-05 8.54700854700855e-05 0.000427350427350427 8.54700854700855e-05 8.54700854700855e-05 0.996752136752137 0.000427350427350427 0.000427350427350427 0.000427350427350427 8.54700854700855e-05 8.54700854700855e-05 8.54700854700855e-05; % Z D=0.4
0.000427350427350427 0.000427350427350427 8.54700854700855e-05 8.54700854700855e-05 8.54700854700855e-05 0.000427350427350427 8.54700854700855e-05 8.54700854700855e-05 8.54700854700855e-05 0.000427350427350427 0.000427350427350427 0.000427350427350427 8.54700854700855e-05 8.54700854700855e-05 0.996752136752137; % b D=0.4
0.000427350427350427 0.000427350427350427 8.54700854700855e-05 8.54700854700855e-05 8.54700854700855e-05 0.000427350427350427 8.54700854700855e-05 8.54700854700855e-05 8.54700854700855e-05 0.000427350427350427 0.000427350427350427 0.000427350427350427 8.54700854700855e-05 0.996752136752137 8.54700854700855e-05; % d D=0.4
0.000427350427350427 0.000427350427350427 8.54700854700855e-05 8.54700854700855e-05 8.54700854700855e-05 0.000427350427350427 8.54700854700855e-05 0.996752136752137 8.54700854700855e-05 0.000427350427350427 0.000427350427350427 0.000427350427350427 8.54700854700855e-05 8.54700854700855e-05 8.54700854700855e-05; % l D=0.4
0.000427350427350427 0.000427350427350427 8.54700854700855e-05 8.54700854700855e-05 0.996752136752137 0.000427350427350427 8.54700854700855e-05 8.54700854700855e-05 8.54700854700855e-05 0.000427350427350427 0.000427350427350427 0.000427350427350427 8.54700854700855e-05 8.54700854700855e-05 8.54700854700855e-05; % m D=0.4
0.248803418803419 0.182136752136752 0.000427350427350427 0.000427350427350427 0.000427350427350427 0.00213675213675214 0.000427350427350427 0.000427350427350427 0.000427350427350427 0.198803418803419 0.182136752136752 0.182136752136752 0.000427350427350427 0.000427350427350427 0.000427350427350427; % p D=0.4
0.000427350427350427 0.000427350427350427 0.996752136752137 8.54700854700855e-05 8.54700854700855e-05 0.000427350427350427 8.54700854700855e-05 8.54700854700855e-05 8.54700854700855e-05 0.000427350427350427 0.000427350427350427 0.000427350427350427 8.54700854700855e-05 8.54700854700855e-05 8.54700854700855e-05; % t D=0.4
0.282136752136752 0.207136752136752 0.000427350427350427 0.000427350427350427 0.000427350427350427 0.190470085470085 0.000427350427350427 0.000427350427350427 0.000427350427350427 0.157136752136752 0.00213675213675214 0.157136752136752 0.000427350427350427 0.000427350427350427 0.000427350427350427; % z D=0.4
0.00213675213675214 0.172136752136752 0.000427350427350427 0.000427350427350427 0.000427350427350427 0.185470085470085 0.000427350427350427 0.000427350427350427 0.000427350427350427 0.158803418803419 0.232136752136752 0.245470085470085 0.000427350427350427 0.000427350427350427 0.000427350427350427; % $ D=0.5
0.000534188034188034 0.000534188034188034 0.000106837606837607 0.000106837606837607 0.000106837606837607 0.000534188034188034 0.995940170940171 0.000106837606837607 0.000106837606837607 0.000534188034188034 0.000534188034188034 0.000534188034188034 0.000106837606837607 0.000106837606837607 0.000106837606837607; % D D=0.5
0.181837606837607 0.16517094017094 0.000534188034188034 0.000534188034188034 0.000534188034188034 0.24017094017094 0.000534188034188034 0.000534188034188034 0.000534188034188034 0.00267094017094017 0.198504273504273 0.206837606837607 0.000534188034188034 0.000534188034188034 0.000534188034188034; % J D=0.5
0.223504273504273 0.223504273504273 0.000534188034188034 0.000534188034188034 0.000534188034188034 0.16517094017094 0.000534188034188034 0.000534188034188034 0.000534188034188034 0.231837606837607 0.148504273504274 0.00267094017094017 0.000534188034188034 0.000534188034188034 0.000534188034188034; % K D=0.5
0.000534188034188034 0.000534188034188034 0.000106837606837607 0.995940170940171 0.000106837606837607 0.000534188034188034 0.000106837606837607 0.000106837606837607 0.000106837606837607 0.000534188034188034 0.000534188034188034 0.000534188034188034 0.000106837606837607 0.000106837606837607 0.000106837606837607; % L D=0.5
0.000534188034188034 0.000534188034188034 0.000106837606837607 0.000106837606837607 0.000106837606837607 0.000534188034188034 0.000106837606837607 0.000106837606837607 0.000106837606837607 0.000534188034188034 0.000534188034188034 0.000534188034188034 0.995940170940171 0.000106837606837607 0.000106837606837607; % M D=0.5
0.306837606837607 0.00267094017094017 0.000534188034188034 0.000534188034188034 0.000534188034188034 0.16517094017094 0.000534188034188034 0.000534188034188034 0.000534188034188034 0.206837606837607 0.173504273504273 0.14017094017094 0.000534188034188034 0.000534188034188034 0.000534188034188034; % R D=0.5
0.000534188034188034 0.000534188034188034 0.000106837606837607 0.000106837606837607 0.000106837606837607 0.000534188034188034 0.000106837606837607 0.000106837606837607 0.995940170940171 0.000534188034188034 0.000534188034188034 0.000534188034188034 0.000106837606837607 0.000106837606837607 0.000106837606837607; % Z D=0.5
0.000534188034188034 0.000534188034188034 0.000106837606837607 0.000106837606837607 0.000106837606837607 0.000534188034188034 0.000106837606837607 0.000106837606837607 0.000106837606837607 0.000534188034188034 0.000534188034188034 0.000534188034188034 0.000106837606837607 0.000106837606837607 0.995940170940171; % b D=0.5
0.000534188034188034 0.000534188034188034 0.000106837606837607 0.000106837606837607 0.000106837606837607 0.000534188034188034 0.000106837606837607 0.000106837606837607 0.000106837606837607 0.000534188034188034 0.000534188034188034 0.000534188034188034 0.000106837606837607 0.995940170940171 0.000106837606837607; % d D=0.5
0.000534188034188034 0.000534188034188034 0.000106837606837607 0.000106837606837607 0.000106837606837607 0.000534188034188034 0.000106837606837607 0.995940170940171 0.000106837606837607 0.000534188034188034 0.000534188034188034 0.000534188034188034 0.000106837606837607 0.000106837606837607 0.000106837606837607; % l D=0.5
0.000534188034188034 0.000534188034188034 0.000106837606837607 0.000106837606837607 0.995940170940171 0.000534188034188034 0.000106837606837607 0.000106837606837607 0.000106837606837607 0.000534188034188034 0.000534188034188034 0.000534188034188034 0.000106837606837607 0.000106837606837607 0.000106837606837607; % m D=0.5
0.248504273504273 0.181837606837607 0.000534188034188034 0.000534188034188034 0.000534188034188034 0.00267094017094017 0.000534188034188034 0.000534188034188034 0.000534188034188034 0.198504273504273 0.181837606837607 0.181837606837607 0.000534188034188034 0.000534188034188034 0.000534188034188034; % p D=0.5
0.000534188034188034 0.000534188034188034 0.995940170940171 0.000106837606837607 0.000106837606837607 0.000534188034188034 0.000106837606837607 0.000106837606837607 0.000106837606837607 0.000534188034188034 0.000534188034188034 0.000534188034188034 0.000106837606837607 0.000106837606837607 0.000106837606837607; % t D=0.5
0.281837606837607 0.206837606837607 0.000534188034188034 0.000534188034188034 0.000534188034188034 0.19017094017094 0.000534188034188034 0.000534188034188034 0.000534188034188034 0.156837606837607 0.00267094017094017 0.156837606837607 0.000534188034188034 0.000534188034188034 0.000534188034188034; % z D=0.5
0.00256410256410256 0.171897435897436 0.000512820512820513 0.000512820512820513 0.000512820512820513 0.185230769230769 0.000512820512820513 0.000512820512820513 0.000512820512820513 0.158564102564103 0.231897435897436 0.245230769230769 0.000512820512820513 0.000512820512820513 0.000512820512820513; % $ D=0.6
0.000641025641025641 0.000641025641025641 0.000128205128205128 0.000128205128205128 0.000128205128205128 0.000641025641025641 0.995128205128205 0.000128205128205128 0.000128205128205128 0.000641025641025641 0.000641025641025641 0.000641025641025641 0.000128205128205128 0.000128205128205128 0.000128205128205128; % D D=0.6
0.181538461538462 0.164871794871795 0.000641025641025641 0.000641025641025641 0.000641025641025641 0.239871794871795 0.000641025641025641 0.000641025641025641 0.000641025641025641 0.00320512820512821 0.198205128205128 0.206538461538462 0.000641025641025641 0.000641025641025641 0.000641025641025641; % J D=0.6
0.223205128205128 0.223205128205128 0.000641025641025641 0.000641025641025641 0.000641025641025641 0.164871794871795 0.000641025641025641 0.000641025641025641 0.000641025641025641 0.231538461538462 0.148205128205128 0.00320512820512821 0.000641025641025641 0.000641025641025641 0.000641025641025641; % K D=0.6
0.000641025641025641 0.000641025641025641 0.000128205128205128 0.995128205128205 0.000128205128205128 0.000641025641025641 0.000128205128205128 0.000128205128205128 0.000128205128205128 0.000641025641025641 0.000641025641025641 0.000641025641025641 0.000128205128205128 0.000128205128205128 0.000128205128205128; % L D=0.6
0.000641025641025641 0.000641025641025641 0.000128205128205128 0.000128205128205128 0.000128205128205128 0.000641025641025641 0.000128205128205128 0.000128205128205128 0.000128205128205128 0.000641025641025641 0.000641025641025641 0.000641025641025641 0.995128205128205 0.000128205128205128 0.000128205128205128; % M D=0.6
0.306538461538462 0.00320512820512821 0.000641025641025641 0.000641025641025641 0.000641025641025641 0.164871794871795 0.000641025641025641 0.000641025641025641 0.000641025641025641 0.206538461538462 0.173205128205128 0.139871794871795 0.000641025641025641 0.000641025641025641 0.000641025641025641; % R D=0.6
0.000641025641025641 0.000641025641025641 0.000128205128205128 0.000128205128205128 0.000128205128205128 0.000641025641025641 0.000128205128205128 0.000128205128205128 0.995128205128205 0.000641025641025641 0.000641025641025641 0.000641025641025641 0.000128205128205128 0.000128205128205128 0.000128205128205128; % Z D=0.6
0.000641025641025641 0.000641025641025641 0.000128205128205128 0.000128205128205128 0.000128205128205128 0.000641025641025641 0.000128205128205128 0.000128205128205128 0.000128205128205128 0.000641025641025641 0.000641025641025641 0.000641025641025641 0.000128205128205128 0.000128205128205128 0.995128205128205; % b D=0.6
0.000641025641025641 0.000641025641025641 0.000128205128205128 0.000128205128205128 0.000128205128205128 0.000641025641025641 0.000128205128205128 0.000128205128205128 0.000128205128205128 0.000641025641025641 0.000641025641025641 0.000641025641025641 0.000128205128205128 0.995128205128205 0.000128205128205128; % d D=0.6
0.000641025641025641 0.000641025641025641 0.000128205128205128 0.000128205128205128 0.000128205128205128 0.000641025641025641 0.000128205128205128 0.995128205128205 0.000128205128205128 0.000641025641025641 0.000641025641025641 0.000641025641025641 0.000128205128205128 0.000128205128205128 0.000128205128205128; % l D=0.6
0.000641025641025641 0.000641025641025641 0.000128205128205128 0.000128205128205128 0.995128205128205 0.000641025641025641 0.000128205128205128 0.000128205128205128 0.000128205128205128 0.000641025641025641 0.000641025641025641 0.000641025641025641 0.000128205128205128 0.000128205128205128 0.000128205128205128; % m D=0.6
0.248205128205128 0.181538461538462 0.000641025641025641 0.000641025641025641 0.000641025641025641 0.00320512820512821 0.000641025641025641 0.000641025641025641 0.000641025641025641 0.198205128205128 0.181538461538462 0.181538461538462 0.000641025641025641 0.000641025641025641 0.000641025641025641; % p D=0.6
0.000641025641025641 0.000641025641025641 0.995128205128205 0.000128205128205128 0.000128205128205128 0.000641025641025641 0.000128205128205128 0.000128205128205128 0.000128205128205128 0.000641025641025641 0.000641025641025641 0.000641025641025641 0.000128205128205128 0.000128205128205128 0.000128205128205128; % t D=0.6
0.281538461538462 0.206538461538462 0.000641025641025641 0.000641025641025641 0.000641025641025641 0.189871794871795 0.000641025641025641 0.000641025641025641 0.000641025641025641 0.156538461538462 0.00320512820512821 0.156538461538462 0.000641025641025641 0.000641025641025641 0.000641025641025641; % z D=0.6
0.00299145299145299 0.17165811965812 0.000598290598290598 0.000598290598290598 0.000598290598290598 0.184991452991453 0.000598290598290598 0.000598290598290598 0.000598290598290598 0.158324786324786 0.23165811965812 0.244991452991453 0.000598290598290598 0.000598290598290598 0.000598290598290598; % $ D=0.7
0.000747863247863248 0.000747863247863248 0.00014957264957265 0.00014957264957265 0.00014957264957265 0.000747863247863248 0.994316239316239 0.00014957264957265 0.00014957264957265 0.000747863247863248 0.000747863247863248 0.000747863247863248 0.00014957264957265 0.00014957264957265 0.00014957264957265; % D D=0.7
0.181239316239316 0.16457264957265 0.000747863247863248 0.000747863247863248 0.000747863247863248 0.23957264957265 0.000747863247863248 0.000747863247863248 0.000747863247863248 0.00373931623931624 0.197905982905983 0.206239316239316 0.000747863247863248 0.000747863247863248 0.000747863247863248; % J D=0.7
0.222905982905983 0.222905982905983 0.000747863247863248 0.000747863247863248 0.000747863247863248 0.16457264957265 0.000747863247863248 0.000747863247863248 0.000747863247863248 0.231239316239316 0.147905982905983 0.00373931623931624 0.000747863247863248 0.000747863247863248 0.000747863247863248; % K D=0.7
0.000747863247863248 0.000747863247863248 0.00014957264957265 0.994316239316239 0.00014957264957265 0.000747863247863248 0.00014957264957265 0.00014957264957265 0.00014957264957265 0.000747863247863248 0.000747863247863248 0.000747863247863248 0.00014957264957265 0.00014957264957265 0.00014957264957265; % L D=0.7
0.000747863247863248 0.000747863247863248 0.00014957264957265 0.00014957264957265 0.00014957264957265 0.000747863247863248 0.00014957264957265 0.00014957264957265 0.00014957264957265 0.000747863247863248 0.000747863247863248 0.000747863247863248 0.994316239316239 0.00014957264957265 0.00014957264957265; % M D=0.7
0.306239316239316 0.00373931623931624 0.000747863247863248 0.000747863247863248 0.000747863247863248 0.16457264957265 0.000747863247863248 0.000747863247863248 0.000747863247863248 0.206239316239316 0.172905982905983 0.13957264957265 0.000747863247863248 0.000747863247863248 0.000747863247863248; % R D=0.7
0.000747863247863248 0.000747863247863248 0.00014957264957265 0.00014957264957265 0.00014957264957265 0.000747863247863248 0.00014957264957265 0.00014957264957265 0.994316239316239 0.000747863247863248 0.000747863247863248 0.000747863247863248 0.00014957264957265 0.00014957264957265 0.00014957264957265; % Z D=0.7
0.000747863247863248 0.000747863247863248 0.00014957264957265 0.00014957264957265 0.00014957264957265 0.000747863247863248 0.00014957264957265 0.00014957264957265 0.00014957264957265 0.000747863247863248 0.000747863247863248 0.000747863247863248 0.00014957264957265 0.00014957264957265 0.994316239316239; % b D=0.7
0.000747863247863248 0.000747863247863248 0.00014957264957265 0.00014957264957265 0.00014957264957265 0.000747863247863248 0.00014957264957265 0.00014957264957265 0.00014957264957265 0.000747863247863248 0.000747863247863248 0.000747863247863248 0.00014957264957265 0.994316239316239 0.00014957264957265; % d D=0.7
0.000747863247863248 0.000747863247863248 0.00014957264957265 0.00014957264957265 0.00014957264957265 0.000747863247863248 0.00014957264957265 0.994316239316239 0.00014957264957265 0.000747863247863248 0.000747863247863248 0.000747863247863248 0.00014957264957265 0.00014957264957265 0.00014957264957265; % l D=0.7
0.000747863247863248 0.000747863247863248 0.00014957264957265 0.00014957264957265 0.994316239316239 0.000747863247863248 0.00014957264957265 0.00014957264957265 0.00014957264957265 0.000747863247863248 0.000747863247863248 0.000747863247863248 0.00014957264957265 0.00014957264957265 0.00014957264957265; % m D=0.7
0.247905982905983 0.181239316239316 0.000747863247863248 0.000747863247863248 0.000747863247863248 0.00373931623931624 0.000747863247863248 0.000747863247863248 0.000747863247863248 0.197905982905983 0.181239316239316 0.181239316239316 0.000747863247863248 0.000747863247863248 0.000747863247863248; % p D=0.7
0.000747863247863248 0.000747863247863248 0.994316239316239 0.00014957264957265 0.00014957264957265 0.000747863247863248 0.00014957264957265 0.00014957264957265 0.00014957264957265 0.000747863247863248 0.000747863247863248 0.000747863247863248 0.00014957264957265 0.00014957264957265 0.00014957264957265; % t D=0.7
0.281239316239316 0.206239316239316 0.000747863247863248 0.000747863247863248 0.000747863247863248 0.18957264957265 0.000747863247863248 0.000747863247863248 0.000747863247863248 0.156239316239316 0.00373931623931624 0.156239316239316 0.000747863247863248 0.000747863247863248 0.000747863247863248; % z D=0.7
0.00341880341880342 0.171418803418803 0.000683760683760684 0.000683760683760684 0.000683760683760684 0.184752136752137 0.000683760683760684 0.000683760683760684 0.000683760683760684 0.15808547008547 0.231418803418803 0.244752136752137 0.000683760683760684 0.000683760683760684 0.000683760683760684; % $ D=0.8
0.000854700854700855 0.000854700854700855 0.000170940170940171 0.000170940170940171 0.000170940170940171 0.000854700854700855 0.993504273504274 0.000170940170940171 0.000170940170940171 0.000854700854700855 0.000854700854700855 0.000854700854700855 0.000170940170940171 0.000170940170940171 0.000170940170940171; % D D=0.8
0.180940170940171 0.164273504273504 0.000854700854700855 0.000854700854700855 0.000854700854700855 0.239273504273504 0.000854700854700855 0.000854700854700855 0.000854700854700855 0.00427350427350427 0.197606837606838 0.205940170940171 0.000854700854700855 0.000854700854700855 0.000854700854700855; % J D=0.8
0.222606837606838 0.222606837606838 0.000854700854700855 0.000854700854700855 0.000854700854700855 0.164273504273504 0.000854700854700855 0.000854700854700855 0.000854700854700855 0.230940170940171 0.147606837606838 0.00427350427350427 0.000854700854700855 0.000854700854700855 0.000854700854700855; % K D=0.8
0.000854700854700855 0.000854700854700855 0.000170940170940171 0.993504273504274 0.000170940170940171 0.000854700854700855 0.000170940170940171 0.000170940170940171 0.000170940170940171 0.000854700854700855 0.000854700854700855 0.000854700854700855 0.000170940170940171 0.000170940170940171 0.000170940170940171; % L D=0.8
0.000854700854700855 0.000854700854700855 0.000170940170940171 0.000170940170940171 0.000170940170940171 0.000854700854700855 0.000170940170940171 0.000170940170940171 0.000170940170940171 0.000854700854700855 0.000854700854700855 0.000854700854700855 0.993504273504274 0.000170940170940171 0.000170940170940171; % M D=0.8
0.305940170940171 0.00427350427350427 0.000854700854700855 0.000854700854700855 0.000854700854700855 0.164273504273504 0.000854700854700855 0.000854700854700855 0.000854700854700855 0.205940170940171 0.172606837606838 0.139273504273504 0.000854700854700855 0.000854700854700855 0.000854700854700855; % R D=0.8
0.000854700854700855 0.000854700854700855 0.000170940170940171 0.000170940170940171 0.000170940170940171 0.000854700854700855 0.000170940170940171 0.000170940170940171 0.993504273504274 0.000854700854700855 0.000854700854700855 0.000854700854700855 0.000170940170940171 0.000170940170940171 0.000170940170940171; % Z D=0.8
0.000854700854700855 0.000854700854700855 0.000170940170940171 0.000170940170940171 0.000170940170940171 0.000854700854700855 0.000170940170940171 0.000170940170940171 0.000170940170940171 0.000854700854700855 0.000854700854700855 0.000854700854700855 0.000170940170940171 0.000170940170940171 0.993504273504274; % b D=0.8
0.000854700854700855 0.000854700854700855 0.000170940170940171 0.000170940170940171 0.000170940170940171 0.000854700854700855 0.000170940170940171 0.000170940170940171 0.000170940170940171 0.000854700854700855 0.000854700854700855 0.000854700854700855 0.000170940170940171 0.993504273504274 0.000170940170940171; % d D=0.8
0.000854700854700855 0.000854700854700855 0.000170940170940171 0.000170940170940171 0.000170940170940171 0.000854700854700855 0.000170940170940171 0.993504273504274 0.000170940170940171 0.000854700854700855 0.000854700854700855 0.000854700854700855 0.000170940170940171 0.000170940170940171 0.000170940170940171; % l D=0.8
0.000854700854700855 0.000854700854700855 0.000170940170940171 0.000170940170940171 0.993504273504274 0.000854700854700855 0.000170940170940171 0.000170940170940171 0.000170940170940171 0.000854700854700855 0.000854700854700855 0.000854700854700855 0.000170940170940171 0.000170940170940171 0.000170940170940171; % m D=0.8
0.247606837606838 0.180940170940171 0.000854700854700855 0.000854700854700855 0.000854700854700855 0.00427350427350427 0.000854700854700855 0.000854700854700855 0.000854700854700855 0.197606837606838 0.180940170940171 0.180940170940171 0.000854700854700855 0.000854700854700855 0.000854700854700855; % p D=0.8
0.000854700854700855 0.000854700854700855 0.993504273504274 0.000170940170940171 0.000170940170940171 0.000854700854700855 0.000170940170940171 0.000170940170940171 0.000170940170940171 0.000854700854700855 0.000854700854700855 0.000854700854700855 0.000170940170940171 0.000170940170940171 0.000170940170940171; % t D=0.8
0.280940170940171 0.205940170940171 0.000854700854700855 0.000854700854700855 0.000854700854700855 0.189273504273504 0.000854700854700855 0.000854700854700855 0.000854700854700855 0.155940170940171 0.00427350427350427 0.155940170940171 0.000854700854700855 0.000854700854700855 0.000854700854700855; % z D=0.8
0.00384615384615385 0.171179487179487 0.000769230769230769 0.000769230769230769 0.000769230769230769 0.184512820512821 0.000769230769230769 0.000769230769230769 0.000769230769230769 0.157846153846154 0.231179487179487 0.244512820512821 0.000769230769230769 0.000769230769230769 0.000769230769230769; % $ D=0.9
0.000961538461538462 0.000961538461538462 0.000192307692307692 0.000192307692307692 0.000192307692307692 0.000961538461538462 0.992692307692308 0.000192307692307692 0.000192307692307692 0.000961538461538462 0.000961538461538462 0.000961538461538462 0.000192307692307692 0.000192307692307692 0.000192307692307692; % D D=0.9
0.180641025641026 0.163974358974359 0.000961538461538462 0.000961538461538462 0.000961538461538462 0.238974358974359 0.000961538461538462 0.000961538461538462 0.000961538461538462 0.00480769230769231 0.197307692307692 0.205641025641026 0.000961538461538462 0.000961538461538462 0.000961538461538462; % J D=0.9
0.222307692307692 0.222307692307692 0.000961538461538462 0.000961538461538462 0.000961538461538462 0.163974358974359 0.000961538461538462 0.000961538461538462 0.000961538461538462 0.230641025641026 0.147307692307692 0.00480769230769231 0.000961538461538462 0.000961538461538462 0.000961538461538462; % K D=0.9
0.000961538461538462 0.000961538461538462 0.000192307692307692 0.992692307692308 0.000192307692307692 0.000961538461538462 0.000192307692307692 0.000192307692307692 0.000192307692307692 0.000961538461538462 0.000961538461538462 0.000961538461538462 0.000192307692307692 0.000192307692307692 0.000192307692307692; % L D=0.9
