syllables = '$BDKLMNPTfgmnpr';
discounts = [0.1 0.2 0.3 0.4 0.5 0.6 0.7 0.8 0.9 0.95];
kn_probs = [0.000427350427350427 8.54700854700855e-05 0.213094017094017 8.54700854700855e-05 8.54700854700855e-05 8.54700854700855e-05 8.54700854700855e-05 0.199760683760684 8.54700854700855e-05 0.179760683760684 0.16642735042735 8.54700854700855e-05 0.239760683760684 8.54700854700855e-05 8.54700854700855e-05; % $ D=0.1
0.316367521367521 0.000106837606837607 0.141367521367521 0.000106837606837607 0.000106837606837607 0.000106837606837607 0.000106837606837607 0.166367521367521 0.000106837606837607 0.158034188034188 0.000534188034188034 0.000106837606837607 0.216367521367521 0.000106837606837607 0.000106837606837607; % B D=0.1
0.000106837606837607 2.13675213675214e-05 0.000106837606837607 2.13675213675214e-05 2.13675213675214e-05 2.13675213675214e-05 0.999188034188034 0.000106837606837607 2.13675213675214e-05 0.000106837606837607 0.000106837606837607 2.13675213675214e-05 0.000106837606837607 2.13675213675214e-05 2.13675213675214e-05; % D D=0.1
0.258034188034188 0.000106837606837607 0.233034188034188 0.000106837606837607 0.000106837606837607 0.000106837606837607 0.000106837606837607 0.174700854700855 0.000106837606837607 0.000534188034188034 0.208034188034188 0.000106837606837607 0.124700854700855 0.000106837606837607 0.000106837606837607; % K D=0.1
0.241367521367521 0.000106837606837607 0.208034188034188 0.000106837606837607 0.000106837606837607 0.000106837606837607 0.000106837606837607 0.141367521367521 0.000106837606837607 0.283034188034188 0.124700854700855 0.000106837606837607 0.000534188034188034 0.000106837606837607 0.000106837606837607; % L D=0.1
0.191367521367521 0.000106837606837607 0.149700854700855 0.000106837606837607 0.000106837606837607 0.000106837606837607 0.000106837606837607 0.000534188034188034 0.000106837606837607 0.183034188034188 0.258034188034188 0.000106837606837607 0.216367521367521 0.000106837606837607 0.000106837606837607; % M D=0.1
0.000106837606837607 2.13675213675214e-05 0.000106837606837607 2.13675213675214e-05 2.13675213675214e-05 2.13675213675214e-05 2.13675213675214e-05 0.000106837606837607 2.13675213675214e-05 0.000106837606837607 0.000106837606837607 0.999188034188034 0.000106837606837607 2.13675213675214e-05 2.13675213675214e-05; % N D=0.1
0.000106837606837607 2.13675213675214e-05 0.000106837606837607 2.13675213675214e-05 2.13675213675214e-05 2.13675213675214e-05 2.13675213675214e-05 0.000106837606837607 2.13675213675214e-05 0.000106837606837607 0.000106837606837607 2.13675213675214e-05 0.000106837606837607 2.13675213675214e-05 0.999188034188034; % P D=0.1
0.000106837606837607 2.13675213675214e-05 0.000106837606837607 2.13675213675214e-05 2.13675213675214e-05 0.999188034188034 2.13675213675214e-05 0.000106837606837607 2.13675213675214e-05 0.000106837606837607 0.000106837606837607 2.13675213675214e-05 0.000106837606837607 2.13675213675214e-05 2.13675213675214e-05; % T D=0.1
0.000106837606837607 2.13675213675214e-05 0.000106837606837607 0.999188034188034 2.13675213675214e-05 2.13675213675214e-05 2.13675213675214e-05 0.000106837606837607 2.13675213675214e-05 0.000106837606837607 0.000106837606837607 2.13675213675214e-05 0.000106837606837607 2.13675213675214e-05 2.13675213675214e-05; % f D=0.1
0.000106837606837607 2.13675213675214e-05 0.000106837606837607 2.13675213675214e-05 2.13675213675214e-05 2.13675213675214e-05 2.13675213675214e-05 0.000106837606837607 2.13675213675214e-05 0.000106837606837607 0.000106837606837607 2.13675213675214e-05 0.000106837606837607 0.999188034188034 2.13675213675214e-05; % g D=0.1
0.241367521367521 0.000106837606837607 0.000534188034188034 0.000106837606837607 0.000106837606837607 0.000106837606837607 0.000106837606837607 0.266367521367521 0.000106837606837607 0.149700854700855 0.199700854700855 0.000106837606837607 0.141367521367521 0.000106837606837607 0.000106837606837607; % m D=0.1
0.000106837606837607 2.13675213675214e-05 0.000106837606837607 2.13675213675214e-05 0.999188034188034 2.13675213675214e-05 2.13675213675214e-05 0.000106837606837607 2.13675213675214e-05 0.000106837606837607 0.000106837606837607 2.13675213675214e-05 0.000106837606837607 2.13675213675214e-05 2.13675213675214e-05; % n D=0.1
0.000106837606837607 0.999188034188034 0.000106837606837607 2.13675213675214e-05 2.13675213675214e-05 2.13675213675214e-05 2.13675213675214e-05 0.000106837606837607 2.13675213675214e-05 0.000106837606837607 0.000106837606837607 2.13675213675214e-05 0.000106837606837607 2.13675213675214e-05 2.13675213675214e-05; % p D=0.1
0.000106837606837607 2.13675213675214e-05 0.000106837606837607 2.13675213675214e-05 2.13675213675214e-05 2.13675213675214e-05 2.13675213675214e-05 0.000106837606837607 0.999188034188034 0.000106837606837607 0.000106837606837607 2.13675213675214e-05 0.000106837606837607 2.13675213675214e-05 2.13675213675214e-05; % r D=0.1
0.000854700854700855 0.000170940170940171 0.212854700854701 0.000170940170940171 0.000170940170940171 0.000170940170940171 0.000170940170940171 0.199521367521368 0.000170940170940171 0.179521367521368 0.166188034188034 0.000170940170940171 0.239521367521367 0.000170940170940171 0.000170940170940171; % $ D=0.2
0.316068376068376 0.000213675213675214 0.141068376068376 0.000213675213675214 0.000213675213675214 0.000213675213675214 0.000213675213675214 0.166068376068376 0.000213675213675214 0.157735042735043 0.00106837606837607 0.000213675213675214 0.216068376068376 0.000213675213675214 0.000213675213675214; % B D=0.2
0.000213675213675214 4.27350427350427e-05 0.000213675213675214 4.27350427350427e-05 4.27350427350427e-05 4.27350427350427e-05 0.998376068376068 0.000213675213675214 4.27350427350427e-05 0.000213675213675214 0.000213675213675214 4.27350427350427e-05 0.000213675213675214 4.27350427350427e-05 4.27350427350427e-05; % D D=0.2
0.257735042735043 0.000213675213675214 0.232735042735043 0.000213675213675214 0.000213675213675214 0.000213675213675214 0.000213675213675214 0.174401709401709 0.000213675213675214 0.00106837606837607 0.207735042735043 0.000213675213675214 0.124401709401709 0.000213675213675214 0.000213675213675214; % K D=0.2
0.241068376068376 0.000213675213675214 0.207735042735043 0.000213675213675214 0.000213675213675214 0.000213675213675214 0.000213675213675214 0.141068376068376 0.000213675213675214 0.282735042735043 0.124401709401709 0.000213675213675214 0.00106837606837607 0.000213675213675214 0.000213675213675214; % L D=0.2
0.191068376068376 0.000213675213675214 0.149401709401709 0.000213675213675214 0.000213675213675214 0.000213675213675214 0.000213675213675214 0.00106837606837607 0.000213675213675214 0.182735042735043 0.257735042735043 0.000213675213675214 0.216068376068376 0.000213675213675214 0.000213675213675214; % M D=0.2
0.000213675213675214 4.27350427350427e-05 0.000213675213675214 4.27350427350427e-05 4.27350427350427e-05 4.27350427350427e-05 4.27350427350427e-05 0.000213675213675214 4.27350427350427e-05 0.000213675213675214 0.000213675213675214 0.998376068376068 0.000213675213675214 4.27350427350427e-05 4.27350427350427e-05; % N D=0.2
0.000213675213675214 4.27350427350427e-05 0.000213675213675214 4.27350427350427e-05 4.27350427350427e-05 4.27350427350427e-05 4.27350427350427e-05 0.000213675213675214 4.27350427350427e-05 0.000213675213675214 0.000213675213675214 4.27350427350427e-05 0.000213675213675214 4.27350427350427e-05 0.998376068376068; % P D=0.2
0.000213675213675214 4.27350427350427e-05 0.000213675213675214 4.27350427350427e-05 4.27350427350427e-05 0.998376068376068 4.27350427350427e-05 0.000213675213675214 4.27350427350427e-05 0.000213675213675214 0.000213675213675214 4.27350427350427e-05 0.000213675213675214 4.27350427350427e-05 4.27350427350427e-05; % T D=0.2
