syllables = '$LMNPRZfnv';
discounts = [0.1 0.2 0.3 0.4 0.5 0.6 0.7 0.8 0.9 0.95];
kn_probs = [0.000285714285714286 0.319714285714286 9.52380952380953e-05 9.52380952380953e-05 9.52380952380953e-05 9.52380952380953e-05 0.299714285714286 9.52380952380953e-05 0.379714285714286 9.52380952380953e-05; % $ D=0.1
7.14285714285714e-05 9.52380952380952e-05 0.99952380952381 2.38095238095238e-05 2.38095238095238e-05 2.38095238095238e-05 9.52380952380952e-05 2.38095238095238e-05 9.52380952380952e-05 2.38095238095238e-05; % L D=0.1
7.14285714285714e-05 9.52380952380952e-05 2.38095238095238e-05 2.38095238095238e-05 2.38095238095238e-05 2.38095238095238e-05 9.52380952380952e-05 0.99952380952381 9.52380952380952e-05 2.38095238095238e-05; % M D=0.1
0.234785714285714 0.264880952380952 9.52380952380952e-05 9.52380952380952e-05 9.52380952380952e-05 9.52380952380952e-05 0.209880952380952 9.52380952380952e-05 0.289880952380952 9.52380952380952e-05; % N D=0.1
0.299785714285714 0.174880952380952 9.52380952380952e-05 9.52380952380952e-05 9.52380952380952e-05 9.52380952380952e-05 0.279880952380952 9.52380952380952e-05 0.244880952380952 9.52380952380952e-05; % P D=0.1
7.14285714285714e-05 9.52380952380952e-05 2.38095238095238e-05 0.99952380952381 2.38095238095238e-05 2.38095238095238e-05 9.52380952380952e-05 2.38095238095238e-05 9.52380952380952e-05 2.38095238095238e-05; % R D=0.1
7.14285714285714e-05 9.52380952380952e-05 2.38095238095238e-05 2.38095238095238e-05 2.38095238095238e-05 0.99952380952381 9.52380952380952e-05 2.38095238095238e-05 9.52380952380952e-05 2.38095238095238e-05; % Z D=0.1
7.14285714285714e-05 9.52380952380952e-05 2.38095238095238e-05 2.38095238095238e-05 0.99952380952381 2.38095238095238e-05 9.52380952380952e-05 2.38095238095238e-05 9.52380952380952e-05 2.38095238095238e-05; % f D=0.1
7.14285714285714e-05 9.52380952380952e-05 2.38095238095238e-05 2.38095238095238e-05 2.38095238095238e-05 2.38095238095238e-05 9.52380952380952e-05 2.38095238095238e-05 9.52380952380952e-05 0.99952380952381; % n D=0.1
0.214785714285714 0.319880952380952 9.52380952380952e-05 9.52380952380952e-05 9.52380952380952e-05 9.52380952380952e-05 0.284880952380952 9.52380952380952e-05 0.179880952380952 9.52380952380952e-05; % v D=0.1
0.000571428571428571 0.319428571428571 0.000190476190476191 0.000190476190476191 0.000190476190476191 0.000190476190476191 0.299428571428571 0.000190476190476191 0.379428571428571 0.000190476190476191; % $ D=0.2
0.000142857142857143 0.00019047619047619 0.999047619047619 4.76190476190476e-05 4.76190476190476e-05 4.76190476190476e-05 0.00019047619047619 4.76190476190476e-05 0.00019047619047619 4.76190476190476e-05; % L D=0.2
0.000142857142857143 0.00019047619047619 4.76190476190476e-05 4.76190476190476e-05 4.76190476190476e-05 4.76190476190476e-05 0.00019047619047619 0.999047619047619 0.00019047619047619 4.76190476190476e-05; % M D=0.2
0.234571428571429 0.264761904761905 0.00019047619047619 0.00019047619047619 0.00019047619047619 0.00019047619047619 0.209761904761905 0.00019047619047619 0.289761904761905 0.00019047619047619; % N D=0.2
0.299571428571429 0.174761904761905 0.00019047619047619 0.00019047619047619 0.00019047619047619 0.00019047619047619 0.279761904761905 0.00019047619047619 0.244761904761905 0.00019047619047619; % P D=0.2
0.000142857142857143 0.00019047619047619 4.76190476190476e-05 0.999047619047619 4.76190476190476e-05 4.76190476190476e-05 0.00019047619047619 4.76190476190476e-05 0.00019047619047619 4.76190476190476e-05; % R D=0.2
0.000142857142857143 0.00019047619047619 4.76190476190476e-05 4.76190476190476e-05 4.76190476190476e-05 0.999047619047619 0.00019047619047619 4.76190476190476e-05 0.00019047619047619 4.76190476190476e-05; % Z D=0.2
0.000142857142857143 0.00019047619047619 4.76190476190476e-05 4.76190476190476e-05 0.999047619047619 4.76190476190476e-05 0.00019047619047619 4.76190476190476e-05 0.00019047619047619 4.76190476190476e-05; % f D=0.2
0.000142857142857143 0.00019047619047619 4.76190476190476e-05 4.76190476190476e-05 4.76190476190476e-05 4.76190476190476e-05 0.00019047619047619 4.76190476190476e-05 0.00019047619047619 0.999047619047619; % n D=0.2
0.214571428571429 0.319761904761905 0.00019047619047619 0.00019047619047619 0.00019047619047619 0.00019047619047619 0.284761904761905 0.00019047619047619 0.179761904761905 0.00019047619047619; % v D=0.2
0.000857142857142857 0.319142857142857 0.000285714285714286 0.000285714285714286 0.000285714285714286 0.000285714285714286 0.299142857142857 0.000285714285714286 0.379142857142857 0.000285714285714286; % $ D=0.3
0.000214285714285714 0.000285714285714286 0.998571428571429 7.14285714285714e-05 7.14285714285714e-05 7.14285714285714e-05 0.000285714285714286 7.14285714285714e-05 0.000285714285714286 7.14285714285714e-05; % L D=0.3
0.000214285714285714 0.000285714285714286 7.14285714285714e-05 7.14285714285714e-05 7.14285714285714e-05 7.14285714285714e-05 0.000285714285714286 0.998571428571429 0.000285714285714286 7.14285714285714e-05; % M D=0.3
0.234357142857143 0.264642857142857 0.000285714285714286 0.000285714285714286 0.000285714285714286 0.000285714285714286 0.209642857142857 0.000285714285714286 0.289642857142857 0.000285714285714286; % N D=0.3
0.299357142857143 0.174642857142857 0.000285714285714286 0.000285714285714286 0.000285714285714286 0.000285714285714286 0.279642857142857 0.000285714285714286 0.244642857142857 0.000285714285714286; % P D=0.3
0.000214285714285714 0.000285714285714286 7.14285714285714e-05 0.998571428571429 7.14285714285714e-05 7.14285714285714e-05 0.000285714285714286 7.14285714285714e-05 0.000285714285714286 7.14285714285714e-05; % R D=0.3
0.000214285714285714 0.000285714285714286 7.14285714285714e-05 7.14285714285714e-05 7.14285714285714e-05 0.998571428571429 0.000285714285714286 7.14285714285714e-05 0.000285714285714286 7.14285714285714e-05; % Z D=0.3
0.000214285714285714 0.000285714285714286 7.14285714285714e-05 7.14285714285714e-05 0.998571428571429 7.14285714285714e-05 0.000285714285714286 7.14285714285714e-05 0.000285714285714286 7.14285714285714e-05; % f D=0.3
0.000214285714285714 0.000285714285714286 7.14285714285714e-05 7.14285714285714e-05 7.14285714285714e-05 7.14285714285714e-05 0.000285714285714286 7.14285714285714e-05 0.000285714285714286 0.998571428571429; % n D=0.3
0.214357142857143 0.319642857142857 0.000285714285714286 0.000285714285714286 0.000285714285714286 0.000285714285714286 0.284642857142857 0.000285714285714286 0.179642857142857 0.000285714285714286; % v D=0.3
0.00114285714285714 0.318857142857143 0.000380952380952381 0.000380952380952381 0.000380952380952381 0.000380952380952381 0.298857142857143 0.000380952380952381 0.378857142857143 0.000380952380952381; % $ D=0.4
0.000285714285714286 0.000380952380952381 0.998095238095238 9.52380952380952e-05 9.52380952380952e-05 9.52380952380952e-05 0.000380952380952381 9.52380952380952e-05 0.000380952380952381 9.52380952380952e-05; % L D=0.4
0.000285714285714286 0.000380952380952381 9.52380952380952e-05 9.52380952380952e-05 9.52380952380952e-05 9.52380952380952e-05 0.000380952380952381 0.998095238095238 0.000380952380952381 9.52380952380952e-05; % M D=0.4
0.234142857142857 0.26452380952381 0.000380952380952381 0.000380952380952381 0.000380952380952381 0.000380952380952381 0.20952380952381 0.000380952380952381 0.28952380952381 0.000380952380952381; % N D=0.4
0.299142857142857 0.17452380952381 0.000380952380952381 0.000380952380952381 0.000380952380952381 0.000380952380952381 0.27952380952381 0.000380952380952381 0.24452380952381 0.000380952380952381; % P D=0.4
0.000285714285714286 0.000380952380952381 9.52380952380952e-05 0.998095238095238 9.52380952380952e-05 9.52380952380952e-05 0.000380952380952381 9.52380952380952e-05 0.000380952380952381 9.52380952380952e-05; % R D=0.4
0.000285714285714286 0.000380952380952381 9.52380952380952e-05 9.52380952380952e-05 9.52380952380952e-05 0.998095238095238 0.000380952380952381 9.52380952380952e-05 0.000380952380952381 9.52380952380952e-05; % Z D=0.4
0.000285714285714286 0.000380952380952381 9.52380952380952e-05 9.52380952380952e-05 0.998095238095238 9.52380952380952e-05 0.000380952380952381 9.52380952380952e-05 0.000380952380952381 9.52380952380952e-05; % f D=0.4
0.000285714285714286 0.000380952380952381 9.52380952380952e-05 9.52380952380952e-05 9.52380952380952e-05 9.52380952380952e-05 0.000380952380952381 9.52380952380952e-05 0.000380952380952381 0.998095238095238; % n D=0.4
0.214142857142857 0.31952380952381 0.000380952380952381 0.000380952380952381 0.000380952380952381 0.000380952380952381 0.28452380952381 0.000380952380952381 0.17952380952381 0.000380952380952381; % v D=0.4
0.00142857142857143 0.318571428571429 0.000476190476190476 0.000476190476190476 0.000476190476190476 0.000476190476190476 0.298571428571429 0.000476190476190476 0.378571428571429 0.000476190476190476; % $ D=0.5
0.000357142857142857 0.000476190476190476 0.997619047619048 0.000119047619047619 0.000119047619047619 0.000119047619047619 0.000476190476190476 0.000119047619047619 0.000476190476190476 0.000119047619047619; % L D=0.5
0.000357142857142857 0.000476190476190476 0.000119047619047619 0.000119047619047619 0.000119047619047619 0.000119047619047619 0.000476190476190476 0.997619047619048 0.000476190476190476 0.000119047619047619; % M D=0.5
0.233928571428571 0.264404761904762 0.000476190476190476 0.000476190476190476 0.000476190476190476 0.000476190476190476 0.209404761904762 0.000476190476190476 0.289404761904762 0.000476190476190476; % N D=0.5
0.298928571428571 0.174404761904762 0.000476190476190476 0.000476190476190476 0.000476190476190476 0.000476190476190476 0.279404761904762 0.000476190476190476 0.244404761904762 0.000476190476190476; % P D=0.5
0.000357142857142857 0.000476190476190476 0.000119047619047619 0.997619047619048 0.000119047619047619 0.000119047619047619 0.000476190476190476 0.000119047619047619 0.000476190476190476 0.000119047619047619; % R D=0.5
0.000357142857142857 0.000476190476190476 0.000119047619047619 0.000119047619047619 0.000119047619047619 0.997619047619048 0.000476190476190476 0.000119047619047619 0.000476190476190476 0.000119047619047619; % Z D=0.5
0.000357142857142857 0.000476190476190476 0.000119047619047619 0.000119047619047619 0.997619047619048 0.000119047619047619 0.000476190476190476 0.000119047619047619 0.000476190476190476 0.000119047619047619; % f D=0.5
0.000357142857142857 0.000476190476190476 0.000119047619047619 0.000119047619047619 0.000119047619047619 0.000119047619047619 0.000476190476190476 0.000119047619047619 0.000476190476190476 0.997619047619048; % n D=0.5
0.213928571428571 0.319404761904762 0.000476190476190476 0.000476190476190476 0.000476190476190476 0.000476190476190476 0.284404761904762 0.000476190476190476 0.179404761904762 0.000476190476190476; % v D=0.5
0.00171428571428571 0.318285714285714 0.000571428571428571 0.000571428571428571 0.000571428571428571 0.000571428571428571 0.298285714285714 0.000571428571428571 0.378285714285714 0.000571428571428571; % $ D=0.6
0.000428571428571429 0.000571428571428571 0.997142857142857 0.000142857142857143 0.000142857142857143 0.000142857142857143 0.000571428571428571 0.000142857142857143 0.000571428571428571 0.000142857142857143; % L D=0.6
0.000428571428571429 0.000571428571428571 0.000142857142857143 0.000142857142857143 0.000142857142857143 0.000142857142857143 0.000571428571428571 0.997142857142857 0.000571428571428571 0.000142857142857143; % M D=0.6
0.233714285714286 0.264285714285714 0.000571428571428571 0.000571428571428571 0.000571428571428571 0.000571428571428571 0.209285714285714 0.000571428571428571 0.289285714285714 0.000571428571428571; % N D=0.6
0.298714285714286 0.174285714285714 0.000571428571428571 0.000571428571428571 0.000571428571428571 0.000571428571428571 0.279285714285714 0.000571428571428571 0.244285714285714 0.000571428571428571; % P D=0.6
0.000428571428571429 0.000571428571428571 0.000142857142857143 0.997142857142857 0.000142857142857143 0.000142857142857143 0.000571428571428571 0.000142857142857143 0.000571428571428571 0.000142857142857143; % R D=0.6
0.000428571428571429 0.000571428571428571 0.000142857142857143 0.000142857142857143 0.000142857142857143 0.997142857142857 0.000571428571428571 0.000142857142857143 0.000571428571428571 0.000142857142857143; % Z D=0.6
0.000428571428571429 0.000571428571428571 0.000142857142857143 0.000142857142857143 0.997142857142857 0.000142857142857143 0.000571428571428571 0.000142857142857143 0.000571428571428571 0.000142857142857143; % f D=0.6
0.000428571428571429 0.000571428571428571 0.000142857142857143 0.000142857142857143 0.000142857142857143 0.000142857142857143 0.000571428571428571 0.000142857142857143 0.000571428571428571 0.997142857142857; % n D=0.6
0.213714285714286 0.319285714285714 0.000571428571428571 0.000571428571428571 0.000571428571428571 0.000571428571428571 0.284285714285714 0.000571428571428571 0.179285714285714 0.000571428571428571; % v D=0.6
0.002 0.318 0.000666666666666667 0.000666666666666667 0.000666666666666667 0.000666666666666667 0.298 0.000666666666666667 0.378 0.000666666666666667; % $ D=0.7
0.0005 0.000666666666666667 0.996666666666667 0.000166666666666667 0.000166666666666667 0.000166666666666667 0.000666666666666667 0.000166666666666667 0.000666666666666667 0.000166666666666667; % L D=0.7
0.0005 0.000666666666666667 0.000166666666666667 0.000166666666666667 0.000166666666666667 0.000166666666666667 0.000666666666666667 0.996666666666667 0.000666666666666667 0.000166666666666667; % M D=0.7
0.2335 0.264166666666667 0.000666666666666667 0.000666666666666667 0.000666666666666667 0.000666666666666667 0.209166666666667 0.000666666666666667 0.289166666666667 0.000666666666666667; % N D=0.7
0.2985 0.174166666666667 0.000666666666666667 0.000666666666666667 0.000666666666666667 0.000666666666666667 0.279166666666667 0.000666666666666667 0.244166666666667 0.000666666666666667; % P D=0.7
0.0005 0.000666666666666667 0.000166666666666667 0.996666666666667 0.000166666666666667 0.000166666666666667 0.000666666666666667 0.000166666666666667 0.000666666666666667 0.000166666666666667; % R D=0.7
0.0005 0.000666666666666667 0.000166666666666667 0.000166666666666667 0.000166666666666667 0.996666666666667 0.000666666666666667 0.000166666666666667 0.000666666666666667 0.000166666666666667; % Z D=0.7
0.0005 0.000666666666666667 0.000166666666666667 0.000166666666666667 0.996666666666667 0.000166666666666667 0.000666666666666667 0.000166666666666667 0.000666666666666667 0.000166666666666667; % f D=0.7
0.0005 0.000666666666666667 0.000166666666666667 0.000166666666666667 0.000166666666666667 0.000166666666666667 0.000666666666666667 0.000166666666666667 0.000666666666666667 0.996666666666667; % n D=0.7
0.2135 0.319166666666667 0.000666666666666667 0.000666666666666667 0.000666666666666667 0.000666666666666667 0.284166666666667 0.000666666666666667 0.179166666666667 0.000666666666666667; % v D=0.7
0.00228571428571429 0.317714285714286 0.000761904761904762 0.000761904761904762 0.000761904761904762 0.000761904761904762 0.297714285714286 0.000761904761904762 0.377714285714286 0.000761904761904762; % $ D=0.8
0.000571428571428571 0.000761904761904762 0.996190476190476 0.00019047619047619 0.00019047619047619 0.00019047619047619 0.000761904761904762 0.00019047619047619 0.000761904761904762 0.00019047619047619; % L D=0.8
0.000571428571428571 0.000761904761904762 0.00019047619047619 0.00019047619047619 0.00019047619047619 0.00019047619047619 0.000761904761904762 0.996190476190476 0.000761904761904762 0.00019047619047619; % M D=0.8
0.233285714285714 0.264047619047619 0.000761904761904762 0.000761904761904762 0.000761904761904762 0.000761904761904762 0.209047619047619 0.000761904761904762 0.289047619047619 0.000761904761904762; % N D=0.8
0.298285714285714 0.174047619047619 0.000761904761904762 0.000761904761904762 0.000761904761904762 0.000761904761904762 0.279047619047619 0.000761904761904762 0.244047619047619 0.000761904761904762; % P D=0.8
0.000571428571428571 0.000761904761904762 0.00019047619047619 0.996190476190476 0.00019047619047619 0.00019047619047619 0.000761904761904762 0.00019047619047619 0.000761904761904762 0.00019047619047619; % R D=0.8
0.000571428571428571 0.000761904761904762 0.00019047619047619 0.00019047619047619 0.00019047619047619 0.996190476190476 0.000761904761904762 0.00019047619047619 0.000761904761904762 0.00019047619047619; % Z D=0.8
0.000571428571428571 0.000761904761904762 0.00019047619047619 0.00019047619047619 0.996190476190476 0.00019047619047619 0.000761904761904762 0.00019047619047619 0.000761904761904762 0.00019047619047619; % f D=0.8
0.000571428571428571 0.000761904761904762 0.00019047619047619 0.00019047619047619 0.00019047619047619 0.00019047619047619 0.000761904761904762 0.00019047619047619 0.000761904761904762 0.996190476190476; % n D=0.8
0.213285714285714 0.319047619047619 0.000761904761904762 0.000761904761904762 0.000761904761904762 0.000761904761904762 0.284047619047619 0.000761904761904762 0.179047619047619 0.000761904761904762; % v D=0.8
0.00257142857142857 0.317428571428571 0.000857142857142857 0.000857142857142857 0.000857142857142857 0.000857142857142857 0.297428571428571 0.000857142857142857 0.377428571428571 0.000857142857142857; % $ D=0.9
0.000642857142857143 0.000857142857142857 0.995714285714286 0.000214285714285714 0.000214285714285714 0.000214285714285714 0.000857142857142857 0.000214285714285714 0.000857142857142857 0.000214285714285714; % L D=0.9
0.000642857142857143 0.000857142857142857 0.000214285714285714 0.000214285714285714 0.000214285714285714 0.000214285714285714 0.000857142857142857 0.995714285714286 0.000857142857142857 0.000214285714285714; % M D=0.9
0.233071428571429 0.263928571428571 0.000857142857142857 0.000857142857142857 0.000857142857142857 0.000857142857142857 0.208928571428571 0.000857142857142857 0.288928571428571 0.000857142857142857; % N D=0.9
0.298071428571429 0.173928571428571 0.000857142857142857 0.000857142857142857 0.000857142857142857 0.000857142857142857 0.278928571428571 0.000857142857142857 0.243928571428571 0.000857142857142857; % P D=0.9
0.000642857142857143 0.000857142857142857 0.000214285714285714 0.995714285714286 0.000214285714285714 0.000214285714285714 0.000857142857142857 0.000214285714285714 0.000857142857142857 0.000214285714285714; % R D=0.9
0.000642857142857143 0.000857142857142857 0.000214285714285714 0.000214285714285714 0.000214285714285714 0.995714285714286 0.000857142857142857 0.000214285714285714 0.000857142857142857 0.000214285714285714; % Z D=0.9
0.000642857142857143 0.000857142857142857 0.000214285714285714 0.000214285714285714 0.995714285714286 0.000214285714285714 0.000857142857142857 0.000214285714285714 0.000857142857142857 0.000214285714285714; % f D=0.9
0.000642857142857143 0.000857142857142857 0.000214285714285714 0.000214285714285714 0.000214285714285714 0.000214285714285714 0.000857142857142857 0.000214285714285714 0.000857142857142857 0.995714285714286; % n D=0.9
0.213071428571429 0.318928571428571 0.000857142857142857 0.000857142857142857 0.000857142857142857 0.000857142857142857 0.283928571428571 0.000857142857142857 0.178928571428571 0.000857142857142857; % v D=0.9
0.00271428571428571 0.317285714285714 0.000904761904761905 0.000904761904761905 0.000904761904761905 0.000904761904761905 0.297285714285714 0.000904761904761905 0.377285714285714 0.000904761904761905; % $ D=0.95
0.000678571428571428 0.000904761904761905 0.995476190476191 0.000226190476190476 0.000226190476190476 0.000226190476190476 0.000904761904761905 0.000226190476190476 0.000904761904761905 0.000226190476190476; % L D=0.95
0.000678571428571428 0.000904761904761905 0.000226190476190476 0.000226190476190476 0.000226190476190476 0.000226190476190476 0.000904761904761905 0.995476190476191 0.000904761904761905 0.000226190476190476; % M D=0.95
0.232964285714286 0.263869047619048 0.000904761904761905 0.000904761904761905 0.000904761904761905 0.000904761904761905 0.208869047619048 0.000904761904761905 0.288869047619048 0.000904761904761905; % N D=0.95
0.297964285714286 0.173869047619048 0.000904761904761905 0.000904761904761905 0.000904761904761905 0.000904761904761905 0.278869047619048 0.000904761904761905 0.243869047619048 0.000904761904761905; % P D=0.95
0.000678571428571428 0.000904761904761905 0.000226190476190476 0.995476190476191 0.000226190476190476 0.000226190476190476 0.000904761904761905 0.000226190476190476 0.000904761904761905 0.000226190476190476; % R D=0.95
0.000678571428571428 0.000904761904761905 0.000226190476190476 0.000226190476190476 0.000226190476190476 0.995476190476191 0.000904761904761905 0.000226190476190476 0.000904761904761905 0.000226190476190476; % Z D=0.95
0.000678571428571428 0.000904761904761905 0.000226190476190476 0.000226190476190476 0.995476190476191 0.000226190476190476 0.000904761904761905 0.000226190476190476 0.000904761904761905 0.000226190476190476; % f D=0.95
0.000678571428571428 0.000904761904761905 0.000226190476190476 0.000226190476190476 0.000226190476190476 0.000226190476190476 0.000904761904761905 0.000226190476190476 0.000904761904761905 0.995476190476191; % n D=0.95
0.212964285714286 0.318869047619048 0.000904761904761905 0.000904761904761905 0.000904761904761905 0.000904761904761905 0.283869047619048 0.000904761904761905 0.178869047619048 0.000904761904761905]; % v D=0.95
