syllables = '$FGJKMNTVdfgmpr';
discounts = [0.1 0.2 0.3 0.4 0.5 0.6 0.7 0.8 0.9 0.95];
kn_probs = [0.000416666666666667 0.19975 8.33333333333333e-05 0.239833333333333 8.33333333333333e-05 8.33333333333333e-05 8.33333333333333e-05 8.33333333333333e-05 0.153083333333333 8.33333333333333e-05 8.33333333333333e-05 0.233083333333333 8.33333333333333e-05 8.33333333333333e-05 0.173083333333333; % $ D=0.1
0.000104166666666667 0.000104166666666667 0.9991875 0.000125 2.08333333333333e-05 2.08333333333333e-05 2.08333333333333e-05 2.08333333333333e-05 0.000104166666666667 2.08333333333333e-05 2.08333333333333e-05 0.000104166666666667 2.08333333333333e-05 2.08333333333333e-05 0.000104166666666667; % F D=0.1
0.000104166666666667 0.000104166666666667 2.08333333333333e-05 0.000125 2.08333333333333e-05 2.08333333333333e-05 2.08333333333333e-05 2.08333333333333e-05 0.000104166666666667 0.9991875 2.08333333333333e-05 0.000104166666666667 2.08333333333333e-05 2.08333333333333e-05 0.000104166666666667; % G D=0.1
0.000104166666666667 0.000104166666666667 2.08333333333333e-05 0.000125 2.08333333333333e-05 0.9991875 2.08333333333333e-05 2.08333333333333e-05 0.000104166666666667 2.08333333333333e-05 2.08333333333333e-05 0.000104166666666667 2.08333333333333e-05 2.08333333333333e-05 0.000104166666666667; % J D=0.1
0.233020833333333 0.141354166666667 0.000104166666666667 0.199791666666667 0.000104166666666667 0.000104166666666667 0.000104166666666667 0.000104166666666667 0.191354166666667 0.000104166666666667 0.000104166666666667 0.000520833333333333 0.000104166666666667 0.000104166666666667 0.233020833333333; % K D=0.1
0.258125 0.183125 0.000125 0.00825 0.000125 0.000125 0.000125 0.000125 0.224791666666667 0.000125 0.000125 0.158125 0.000125 0.000125 0.166458333333333; % M D=0.1
0.266354166666667 0.183020833333333 0.000104166666666667 0.149791666666667 0.000104166666666667 0.000104166666666667 0.000104166666666667 0.000104166666666667 0.000520833333333333 0.000104166666666667 0.000104166666666667 0.208020833333333 0.000104166666666667 0.000104166666666667 0.191354166666667; % N D=0.1
0.2246875 0.241354166666667 0.000104166666666667 0.174791666666667 0.000104166666666667 0.000104166666666667 0.000104166666666667 0.000104166666666667 0.183020833333333 0.000104166666666667 0.000104166666666667 0.1746875 0.000104166666666667 0.000104166666666667 0.000520833333333333; % T D=0.1
0.000104166666666667 0.000104166666666667 2.08333333333333e-05 0.000125 2.08333333333333e-05 2.08333333333333e-05 2.08333333333333e-05 2.08333333333333e-05 0.000104166666666667 2.08333333333333e-05 2.08333333333333e-05 0.000104166666666667 2.08333333333333e-05 0.9991875 0.000104166666666667; % V D=0.1
0.266354166666667 0.000520833333333333 0.000104166666666667 0.166458333333333 0.000104166666666667 0.000104166666666667 0.000104166666666667 0.000104166666666667 0.208020833333333 0.000104166666666667 0.000104166666666667 0.166354166666667 0.000104166666666667 0.000104166666666667 0.191354166666667; % d D=0.1
0.000104166666666667 0.000104166666666667 2.08333333333333e-05 0.000125 2.08333333333333e-05 2.08333333333333e-05 2.08333333333333e-05 0.9991875 0.000104166666666667 2.08333333333333e-05 2.08333333333333e-05 0.000104166666666667 2.08333333333333e-05 2.08333333333333e-05 0.000104166666666667; % f D=0.1
0.000104166666666667 0.000104166666666667 2.08333333333333e-05 0.000125 0.9991875 2.08333333333333e-05 2.08333333333333e-05 2.08333333333333e-05 0.000104166666666667 2.08333333333333e-05 2.08333333333333e-05 0.000104166666666667 2.08333333333333e-05 2.08333333333333e-05 0.000104166666666667; % g D=0.1
0.000104166666666667 0.000104166666666667 2.08333333333333e-05 0.000125 2.08333333333333e-05 2.08333333333333e-05 2.08333333333333e-05 2.08333333333333e-05 0.000104166666666667 2.08333333333333e-05 0.9991875 0.000104166666666667 2.08333333333333e-05 2.08333333333333e-05 0.000104166666666667; % m D=0.1
0.000104166666666667 0.000104166666666667 2.08333333333333e-05 0.000125 2.08333333333333e-05 2.08333333333333e-05 0.9991875 2.08333333333333e-05 0.000104166666666667 2.08333333333333e-05 2.08333333333333e-05 0.000104166666666667 2.08333333333333e-05 2.08333333333333e-05 0.000104166666666667; % p D=0.1
0.000104166666666667 0.000104166666666667 2.08333333333333e-05 0.000125 2.08333333333333e-05 2.08333333333333e-05 2.08333333333333e-05 2.08333333333333e-05 0.000104166666666667 2.08333333333333e-05 2.08333333333333e-05 0.000104166666666667 0.9991875 2.08333333333333e-05 0.000104166666666667; % r D=0.1
0.000833333333333333 0.1995 0.000166666666666667 0.239666666666667 0.000166666666666667 0.000166666666666667 0.000166666666666667 0.000166666666666667 0.152833333333333 0.000166666666666667 0.000166666666666667 0.232833333333333 0.000166666666666667 0.000166666666666667 0.172833333333333; % $ D=0.2
0.000208333333333333 0.000208333333333333 0.998375 0.00025 4.16666666666667e-05 4.16666666666667e-05 4.16666666666667e-05 4.16666666666667e-05 0.000208333333333333 4.16666666666667e-05 4.16666666666667e-05 0.000208333333333333 4.16666666666667e-05 4.16666666666667e-05 0.000208333333333333; % F D=0.2
0.000208333333333333 0.000208333333333333 4.16666666666667e-05 0.00025 4.16666666666667e-05 4.16666666666667e-05 4.16666666666667e-05 4.16666666666667e-05 0.000208333333333333 0.998375 4.16666666666667e-05 0.000208333333333333 4.16666666666667e-05 4.16666666666667e-05 0.000208333333333333; % G D=0.2
0.000208333333333333 0.000208333333333333 4.16666666666667e-05 0.00025 4.16666666666667e-05 0.998375 4.16666666666667e-05 4.16666666666667e-05 0.000208333333333333 4.16666666666667e-05 4.16666666666667e-05 0.000208333333333333 4.16666666666667e-05 4.16666666666667e-05 0.000208333333333333; % J D=0.2
0.232708333333333 0.141041666666667 0.000208333333333333 0.199583333333333 0.000208333333333333 0.000208333333333333 0.000208333333333333 0.000208333333333333 0.191041666666667 0.000208333333333333 0.000208333333333333 0.00104166666666667 0.000208333333333333 0.000208333333333333 0.232708333333333; % K D=0.2
0.257916666666667 0.182916666666667 0.00025 0.00816666666666667 0.00025 0.00025 0.00025 0.00025 0.224583333333333 0.00025 0.00025 0.157916666666667 0.00025 0.00025 0.16625; % M D=0.2
0.266041666666667 0.182708333333333 0.000208333333333333 0.149583333333333 0.000208333333333333 0.000208333333333333 0.000208333333333333 0.000208333333333333 0.00104166666666667 0.000208333333333333 0.000208333333333333 0.207708333333333 0.000208333333333333 0.000208333333333333 0.191041666666667; % N D=0.2
0.224375 0.241041666666667 0.000208333333333333 0.174583333333333 0.000208333333333333 0.000208333333333333 0.000208333333333333 0.000208333333333333 0.182708333333333 0.000208333333333333 0.000208333333333333 0.174375 0.000208333333333333 0.000208333333333333 0.00104166666666667; % T D=0.2
0.000208333333333333 0.000208333333333333 4.16666666666667e-05 0.00025 4.16666666666667e-05 4.16666666666667e-05 4.16666666666667e-05 4.16666666666667e-05 0.000208333333333333 4.16666666666667e-05 4.16666666666667e-05 0.000208333333333333 4.16666666666667e-05 0.998375 0.000208333333333333; % V D=0.2
0.266041666666667 0.00104166666666667 0.000208333333333333 0.16625 0.000208333333333333 0.000208333333333333 0.000208333333333333 0.000208333333333333 0.207708333333333 0.000208333333333333 0.000208333333333333 0.166041666666667 0.000208333333333333 0.000208333333333333 0.191041666666667; % d D=0.2
0.000208333333333333 0.000208333333333333 4.16666666666667e-05 0.00025 4.16666666666667e-05 4.16666666666667e-05 4.16666666666667e-05 0.998375 0.000208333333333333 4.16666666666667e-05 4.16666666666667e-05 0.000208333333333333 4.16666666666667e-05 4.16666666666667e-05 0.000208333333333333; % f D=0.2
