syllables = '$BDFKNRVZdgklmnrtvz';
discounts = [0.1 0.2 0.3 0.4 0.5 0.6 0.7 0.8 0.9 0.95];
kn_probs = [0.000444444444444445 7.40740740740741e-05 0.159777777777778 0.159777777777778 7.40740740740741e-05 7.40740740740741e-05 7.40740740740741e-05 0.139777777777778 7.40740740740741e-05 7.40740740740741e-05 7.40740740740741e-05 7.40740740740741e-05 7.40740740740741e-05 0.146444444444444 7.40740740740741e-05 7.40740740740741e-05 7.40740740740741e-05 0.146444444444444 0.246444444444444; % $ D=0.1
0.179666666666667 0.000111111111111111 0.000666666666666667 0.179666666666667 0.000111111111111111 0.000111111111111111 0.000111111111111111 0.179666666666667 0.000111111111111111 0.000111111111111111 0.000111111111111111 0.000111111111111111 0.000111111111111111 0.179666666666667 0.000111111111111111 0.000111111111111111 0.000111111111111111 0.149666666666667 0.129666666666667; % B D=0.1
0.000111111111111111 1.85185185185185e-05 0.000111111111111111 0.000111111111111111 1.85185185185185e-05 1.85185185185185e-05 1.85185185185185e-05 0.000111111111111111 1.85185185185185e-05 1.85185185185185e-05 1.85185185185185e-05 1.85185185185185e-05 1.85185185185185e-05 0.000111111111111111 0.999018518518519 1.85185185185185e-05 1.85185185185185e-05 0.000111111111111111 0.000111111111111111; % D D=0.1
0.000111111111111111 1.85185185185185e-05 0.000111111111111111 0.000111111111111111 1.85185185185185e-05 1.85185185185185e-05 1.85185185185185e-05 0.000111111111111111 1.85185185185185e-05 1.85185185185185e-05 0.999018518518519 1.85185185185185e-05 1.85185185185185e-05 0.000111111111111111 1.85185185185185e-05 1.85185185185185e-05 1.85185185185185e-05 0.000111111111111111 0.000111111111111111; % F D=0.1
0.000111111111111111 1.85185185185185e-05 0.000111111111111111 0.000111111111111111 1.85185185185185e-05 1.85185185185185e-05 1.85185185185185e-05 0.000111111111111111 1.85185185185185e-05 1.85185185185185e-05 1.85185185185185e-05 1.85185185185185e-05 0.999018518518519 0.000111111111111111 1.85185185185185e-05 1.85185185185185e-05 1.85185185185185e-05 0.000111111111111111 0.000111111111111111; % K D=0.1
0.000111111111111111 1.85185185185185e-05 0.000111111111111111 0.000111111111111111 1.85185185185185e-05 1.85185185185185e-05 1.85185185185185e-05 0.000111111111111111 1.85185185185185e-05 1.85185185185185e-05 1.85185185185185e-05 1.85185185185185e-05 1.85185185185185e-05 0.000111111111111111 1.85185185185185e-05 1.85185185185185e-05 0.999018518518519 0.000111111111111111 0.000111111111111111; % N D=0.1
0.259666666666667 0.000111111111111111 0.189666666666667 0.0996666666666667 0.000111111111111111 0.000111111111111111 0.000111111111111111 0.109666666666667 0.000111111111111111 0.000111111111111111 0.000111111111111111 0.000111111111111111 0.000111111111111111 0.000666666666666667 0.000111111111111111 0.000111111111111111 0.000111111111111111 0.199666666666667 0.139666666666667; % R D=0.1
0.000111111111111111 1.85185185185185e-05 0.000111111111111111 0.000111111111111111 1.85185185185185e-05 0.999018518518519 1.85185185185185e-05 0.000111111111111111 1.85185185185185e-05 1.85185185185185e-05 1.85185185185185e-05 1.85185185185185e-05 1.85185185185185e-05 0.000111111111111111 1.85185185185185e-05 1.85185185185185e-05 1.85185185185185e-05 0.000111111111111111 0.000111111111111111; % V D=0.1
0.000111111111111111 1.85185185185185e-05 0.000111111111111111 0.000111111111111111 1.85185185185185e-05 1.85185185185185e-05 1.85185185185185e-05 0.000111111111111111 1.85185185185185e-05 1.85185185185185e-05 1.85185185185185e-05 0.999018518518519 1.85185185185185e-05 0.000111111111111111 1.85185185185185e-05 1.85185185185185e-05 1.85185185185185e-05 0.000111111111111111 0.000111111111111111; % Z D=0.1
0.259666666666667 0.000111111111111111 0.209666666666667 0.199666666666667 0.000111111111111111 0.000111111111111111 0.000111111111111111 0.000666666666666667 0.000111111111111111 0.000111111111111111 0.000111111111111111 0.000111111111111111 0.000111111111111111 0.139666666666667 0.000111111111111111 0.000111111111111111 0.000111111111111111 0.0796666666666667 0.109666666666667; % d D=0.1
0.209666666666667 0.000111111111111111 0.0996666666666667 0.000666666666666667 0.000111111111111111 0.000111111111111111 0.000111111111111111 0.139666666666667 0.000111111111111111 0.000111111111111111 0.000111111111111111 0.000111111111111111 0.000111111111111111 0.249666666666667 0.000111111111111111 0.000111111111111111 0.000111111111111111 0.169666666666667 0.129666666666667; % g D=0.1
0.259666666666667 0.000111111111111111 0.139666666666667 0.139666666666667 0.000111111111111111 0.000111111111111111 0.000111111111111111 0.129666666666667 0.000111111111111111 0.000111111111111111 0.000111111111111111 0.000111111111111111 0.000111111111111111 0.149666666666667 0.000111111111111111 0.000111111111111111 0.000111111111111111 0.179666666666667 0.000666666666666667; % k D=0.1
0.329666666666667 0.000111111111111111 0.119666666666667 0.139666666666667 0.000111111111111111 0.000111111111111111 0.000111111111111111 0.229666666666667 0.000111111111111111 0.000111111111111111 0.000111111111111111 0.000111111111111111 0.000111111111111111 0.0596666666666667 0.000111111111111111 0.000111111111111111 0.000111111111111111 0.000666666666666667 0.119666666666667; % l D=0.1
0.000111111111111111 1.85185185185185e-05 0.000111111111111111 0.000111111111111111 1.85185185185185e-05 1.85185185185185e-05 0.999018518518519 0.000111111111111111 1.85185185185185e-05 1.85185185185185e-05 1.85185185185185e-05 1.85185185185185e-05 1.85185185185185e-05 0.000111111111111111 1.85185185185185e-05 1.85185185185185e-05 1.85185185185185e-05 0.000111111111111111 0.000111111111111111; % m D=0.1
0.000111111111111111 1.85185185185185e-05 0.000111111111111111 0.000111111111111111 1.85185185185185e-05 1.85185185185185e-05 1.85185185185185e-05 0.000111111111111111 1.85185185185185e-05 1.85185185185185e-05 1.85185185185185e-05 1.85185185185185e-05 1.85185185185185e-05 0.000111111111111111 1.85185185185185e-05 0.999018518518519 1.85185185185185e-05 0.000111111111111111 0.000111111111111111; % n D=0.1
0.000111111111111111 0.999018518518519 0.000111111111111111 0.000111111111111111 1.85185185185185e-05 1.85185185185185e-05 1.85185185185185e-05 0.000111111111111111 1.85185185185185e-05 1.85185185185185e-05 1.85185185185185e-05 1.85185185185185e-05 1.85185185185185e-05 0.000111111111111111 1.85185185185185e-05 1.85185185185185e-05 1.85185185185185e-05 0.000111111111111111 0.000111111111111111; % r D=0.1
0.000111111111111111 1.85185185185185e-05 0.000111111111111111 0.000111111111111111 1.85185185185185e-05 1.85185185185185e-05 1.85185185185185e-05 0.000111111111111111 1.85185185185185e-05 0.999018518518519 1.85185185185185e-05 1.85185185185185e-05 1.85185185185185e-05 0.000111111111111111 1.85185185185185e-05 1.85185185185185e-05 1.85185185185185e-05 0.000111111111111111 0.000111111111111111; % t D=0.1
0.000111111111111111 1.85185185185185e-05 0.000111111111111111 0.000111111111111111 0.999018518518519 1.85185185185185e-05 1.85185185185185e-05 0.000111111111111111 1.85185185185185e-05 1.85185185185185e-05 1.85185185185185e-05 1.85185185185185e-05 1.85185185185185e-05 0.000111111111111111 1.85185185185185e-05 1.85185185185185e-05 1.85185185185185e-05 0.000111111111111111 0.000111111111111111; % v D=0.1
0.000111111111111111 1.85185185185185e-05 0.000111111111111111 0.000111111111111111 1.85185185185185e-05 1.85185185185185e-05 1.85185185185185e-05 0.000111111111111111 0.999018518518519 1.85185185185185e-05 1.85185185185185e-05 1.85185185185185e-05 1.85185185185185e-05 0.000111111111111111 1.85185185185185e-05 1.85185185185185e-05 1.85185185185185e-05 0.000111111111111111 0.000111111111111111; % z D=0.1
