syllables = '$JKLdflnrv';
discounts = [0.1 0.2 0.3 0.4 0.5 0.6 0.7 0.8 0.9 0.95];
kn_probs = [0.000285714285714286 9.52380952380953e-05 0.333047619047619 9.52380952380953e-05 0.339714285714286 9.52380952380953e-05 0.326380952380952 9.52380952380953e-05 9.52380952380953e-05 9.52380952380953e-05; % $ D=0.1
7.14285714285714e-05 2.38095238095238e-05 9.52380952380952e-05 2.38095238095238e-05 9.52380952380952e-05 0.99952380952381 9.52380952380952e-05 2.38095238095238e-05 2.38095238095238e-05 2.38095238095238e-05; % J D=0.1
7.14285714285714e-05 2.38095238095238e-05 9.52380952380952e-05 2.38095238095238e-05 9.52380952380952e-05 2.38095238095238e-05 9.52380952380952e-05 0.99952380952381 2.38095238095238e-05 2.38095238095238e-05; % K D=0.1
7.14285714285714e-05 0.99952380952381 9.52380952380952e-05 2.38095238095238e-05 9.52380952380952e-05 2.38095238095238e-05 9.52380952380952e-05 2.38095238095238e-05 2.38095238095238e-05 2.38095238095238e-05; % L D=0.1
7.14285714285714e-05 2.38095238095238e-05 9.52380952380952e-05 2.38095238095238e-05 9.52380952380952e-05 2.38095238095238e-05 9.52380952380952e-05 2.38095238095238e-05 2.38095238095238e-05 0.99952380952381; % d D=0.1
0.244785714285714 9.52380952380952e-05 0.304880952380952 9.52380952380952e-05 0.229880952380952 9.52380952380952e-05 0.219880952380952 9.52380952380952e-05 9.52380952380952e-05 9.52380952380952e-05; % f D=0.1
7.14285714285714e-05 2.38095238095238e-05 9.52380952380952e-05 0.99952380952381 9.52380952380952e-05 2.38095238095238e-05 9.52380952380952e-05 2.38095238095238e-05 2.38095238095238e-05 2.38095238095238e-05; % l D=0.1
0.264785714285714 9.52380952380952e-05 0.194880952380952 9.52380952380952e-05 0.299880952380952 9.52380952380952e-05 0.239880952380952 9.52380952380952e-05 9.52380952380952e-05 9.52380952380952e-05; % n D=0.1
0.239785714285714 9.52380952380952e-05 0.249880952380952 9.52380952380952e-05 0.214880952380952 9.52380952380952e-05 0.294880952380952 9.52380952380952e-05 9.52380952380952e-05 9.52380952380952e-05; % r D=0.1
7.14285714285714e-05 2.38095238095238e-05 9.52380952380952e-05 2.38095238095238e-05 9.52380952380952e-05 2.38095238095238e-05 9.52380952380952e-05 2.38095238095238e-05 0.99952380952381 2.38095238095238e-05; % v D=0.1
0.000571428571428571 0.000190476190476191 0.332761904761905 0.000190476190476191 0.339428571428571 0.000190476190476191 0.326095238095238 0.000190476190476191 0.000190476190476191 0.000190476190476191; % $ D=0.2
0.000142857142857143 4.76190476190476e-05 0.00019047619047619 4.76190476190476e-05 0.00019047619047619 0.999047619047619 0.00019047619047619 4.76190476190476e-05 4.76190476190476e-05 4.76190476190476e-05; % J D=0.2
0.000142857142857143 4.76190476190476e-05 0.00019047619047619 4.76190476190476e-05 0.00019047619047619 4.76190476190476e-05 0.00019047619047619 0.999047619047619 4.76190476190476e-05 4.76190476190476e-05; % K D=0.2
0.000142857142857143 0.999047619047619 0.00019047619047619 4.76190476190476e-05 0.00019047619047619 4.76190476190476e-05 0.00019047619047619 4.76190476190476e-05 4.76190476190476e-05 4.76190476190476e-05; % L D=0.2
0.000142857142857143 4.76190476190476e-05 0.00019047619047619 4.76190476190476e-05 0.00019047619047619 4.76190476190476e-05 0.00019047619047619 4.76190476190476e-05 4.76190476190476e-05 0.999047619047619; % d D=0.2
0.244571428571429 0.00019047619047619 0.304761904761905 0.00019047619047619 0.229761904761905 0.00019047619047619 0.219761904761905 0.00019047619047619 0.00019047619047619 0.00019047619047619; % f D=0.2
0.000142857142857143 4.76190476190476e-05 0.00019047619047619 0.999047619047619 0.00019047619047619 4.76190476190476e-05 0.00019047619047619 4.76190476190476e-05 4.76190476190476e-05 4.76190476190476e-05; % l D=0.2
0.264571428571429 0.00019047619047619 0.194761904761905 0.00019047619047619 0.299761904761905 0.00019047619047619 0.239761904761905 0.00019047619047619 0.00019047619047619 0.00019047619047619; % n D=0.2
0.239571428571429 0.00019047619047619 0.249761904761905 0.00019047619047619 0.214761904761905 0.00019047619047619 0.294761904761905 0.00019047619047619 0.00019047619047619 0.00019047619047619; % r D=0.2
0.000142857142857143 4.76190476190476e-05 0.00019047619047619 4.76190476190476e-05 0.00019047619047619 4.76190476190476e-05 0.00019047619047619 4.76190476190476e-05 0.999047619047619 4.76190476190476e-05; % v D=0.2
0.000857142857142857 0.000285714285714286 0.332476190476191 0.000285714285714286 0.339142857142857 0.000285714285714286 0.325809523809524 0.000285714285714286 0.000285714285714286 0.000285714285714286; % $ D=0.3
0.000214285714285714 7.14285714285714e-05 0.000285714285714286 7.14285714285714e-05 0.000285714285714286 0.998571428571429 0.000285714285714286 7.14285714285714e-05 7.14285714285714e-05 7.14285714285714e-05; % J D=0.3
0.000214285714285714 7.14285714285714e-05 0.000285714285714286 7.14285714285714e-05 0.000285714285714286 7.14285714285714e-05 0.000285714285714286 0.998571428571429 7.14285714285714e-05 7.14285714285714e-05; % K D=0.3
0.000214285714285714 0.998571428571429 0.000285714285714286 7.14285714285714e-05 0.000285714285714286 7.14285714285714e-05 0.000285714285714286 7.14285714285714e-05 7.14285714285714e-05 7.14285714285714e-05; % L D=0.3
0.000214285714285714 7.14285714285714e-05 0.000285714285714286 7.14285714285714e-05 0.000285714285714286 7.14285714285714e-05 0.000285714285714286 7.14285714285714e-05 7.14285714285714e-05 0.998571428571429; % d D=0.3
0.244357142857143 0.000285714285714286 0.304642857142857 0.000285714285714286 0.229642857142857 0.000285714285714286 0.219642857142857 0.000285714285714286 0.000285714285714286 0.000285714285714286; % f D=0.3
0.000214285714285714 7.14285714285714e-05 0.000285714285714286 0.998571428571429 0.000285714285714286 7.14285714285714e-05 0.000285714285714286 7.14285714285714e-05 7.14285714285714e-05 7.14285714285714e-05; % l D=0.3
0.264357142857143 0.000285714285714286 0.194642857142857 0.000285714285714286 0.299642857142857 0.000285714285714286 0.239642857142857 0.000285714285714286 0.000285714285714286 0.000285714285714286; % n D=0.3
0.239357142857143 0.000285714285714286 0.249642857142857 0.000285714285714286 0.214642857142857 0.000285714285714286 0.294642857142857 0.000285714285714286 0.000285714285714286 0.000285714285714286; % r D=0.3
0.000214285714285714 7.14285714285714e-05 0.000285714285714286 7.14285714285714e-05 0.000285714285714286 7.14285714285714e-05 0.000285714285714286 7.14285714285714e-05 0.998571428571429 7.14285714285714e-05; % v D=0.3
0.00114285714285714 0.000380952380952381 0.332190476190476 0.000380952380952381 0.338857142857143 0.000380952380952381 0.32552380952381 0.000380952380952381 0.000380952380952381 0.000380952380952381; % $ D=0.4
0.000285714285714286 9.52380952380952e-05 0.000380952380952381 9.52380952380952e-05 0.000380952380952381 0.998095238095238 0.000380952380952381 9.52380952380952e-05 9.52380952380952e-05 9.52380952380952e-05; % J D=0.4
0.000285714285714286 9.52380952380952e-05 0.000380952380952381 9.52380952380952e-05 0.000380952380952381 9.52380952380952e-05 0.000380952380952381 0.998095238095238 9.52380952380952e-05 9.52380952380952e-05; % K D=0.4
0.000285714285714286 0.998095238095238 0.000380952380952381 9.52380952380952e-05 0.000380952380952381 9.52380952380952e-05 0.000380952380952381 9.52380952380952e-05 9.52380952380952e-05 9.52380952380952e-05; % L D=0.4
0.000285714285714286 9.52380952380952e-05 0.000380952380952381 9.52380952380952e-05 0.000380952380952381 9.52380952380952e-05 0.000380952380952381 9.52380952380952e-05 9.52380952380952e-05 0.998095238095238; % d D=0.4
0.244142857142857 0.000380952380952381 0.30452380952381 0.000380952380952381 0.22952380952381 0.000380952380952381 0.21952380952381 0.000380952380952381 0.000380952380952381 0.000380952380952381; % f D=0.4
0.000285714285714286 9.52380952380952e-05 0.000380952380952381 0.998095238095238 0.000380952380952381 9.52380952380952e-05 0.000380952380952381 9.52380952380952e-05 9.52380952380952e-05 9.52380952380952e-05; % l D=0.4
0.264142857142857 0.000380952380952381 0.19452380952381 0.000380952380952381 0.29952380952381 0.000380952380952381 0.23952380952381 0.000380952380952381 0.000380952380952381 0.000380952380952381; % n D=0.4
0.239142857142857 0.000380952380952381 0.24952380952381 0.000380952380952381 0.21452380952381 0.000380952380952381 0.29452380952381 0.000380952380952381 0.000380952380952381 0.000380952380952381; % r D=0.4
0.000285714285714286 9.52380952380952e-05 0.000380952380952381 9.52380952380952e-05 0.000380952380952381 9.52380952380952e-05 0.000380952380952381 9.52380952380952e-05 0.998095238095238 9.52380952380952e-05; % v D=0.4
0.00142857142857143 0.000476190476190476 0.331904761904762 0.000476190476190476 0.338571428571429 0.000476190476190476 0.325238095238095 0.000476190476190476 0.000476190476190476 0.000476190476190476; % $ D=0.5
0.000357142857142857 0.000119047619047619 0.000476190476190476 0.000119047619047619 0.000476190476190476 0.997619047619048 0.000476190476190476 0.000119047619047619 0.000119047619047619 0.000119047619047619; % J D=0.5
0.000357142857142857 0.000119047619047619 0.000476190476190476 0.000119047619047619 0.000476190476190476 0.000119047619047619 0.000476190476190476 0.997619047619048 0.000119047619047619 0.000119047619047619; % K D=0.5
0.000357142857142857 0.997619047619048 0.000476190476190476 0.000119047619047619 0.000476190476190476 0.000119047619047619 0.000476190476190476 0.000119047619047619 0.000119047619047619 0.000119047619047619; % L D=0.5
0.000357142857142857 0.000119047619047619 0.000476190476190476 0.000119047619047619 0.000476190476190476 0.000119047619047619 0.000476190476190476 0.000119047619047619 0.000119047619047619 0.997619047619048; % d D=0.5
0.243928571428571 0.000476190476190476 0.304404761904762 0.000476190476190476 0.229404761904762 0.000476190476190476 0.219404761904762 0.000476190476190476 0.000476190476190476 0.000476190476190476; % f D=0.5
0.000357142857142857 0.000119047619047619 0.000476190476190476 0.997619047619048 0.000476190476190476 0.000119047619047619 0.000476190476190476 0.000119047619047619 0.000119047619047619 0.000119047619047619; % l D=0.5
0.263928571428571 0.000476190476190476 0.194404761904762 0.000476190476190476 0.299404761904762 0.000476190476190476 0.239404761904762 0.000476190476190476 0.000476190476190476 0.000476190476190476; % n D=0.5
0.238928571428571 0.000476190476190476 0.249404761904762 0.000476190476190476 0.214404761904762 0.000476190476190476 0.294404761904762 0.000476190476190476 0.000476190476190476 0.000476190476190476; % r D=0.5
0.000357142857142857 0.000119047619047619 0.000476190476190476 0.000119047619047619 0.000476190476190476 0.000119047619047619 0.000476190476190476 0.000119047619047619 0.997619047619048 0.000119047619047619; % v D=0.5
0.00171428571428571 0.000571428571428571 0.331619047619048 0.000571428571428571 0.338285714285714 0.000571428571428571 0.324952380952381 0.000571428571428571 0.000571428571428571 0.000571428571428571; % $ D=0.6
0.000428571428571429 0.000142857142857143 0.000571428571428571 0.000142857142857143 0.000571428571428571 0.997142857142857 0.000571428571428571 0.000142857142857143 0.000142857142857143 0.000142857142857143; % J D=0.6
0.000428571428571429 0.000142857142857143 0.000571428571428571 0.000142857142857143 0.000571428571428571 0.000142857142857143 0.000571428571428571 0.997142857142857 0.000142857142857143 0.000142857142857143; % K D=0.6
0.000428571428571429 0.997142857142857 0.000571428571428571 0.000142857142857143 0.000571428571428571 0.000142857142857143 0.000571428571428571 0.000142857142857143 0.000142857142857143 0.000142857142857143; % L D=0.6
0.000428571428571429 0.000142857142857143 0.000571428571428571 0.000142857142857143 0.000571428571428571 0.000142857142857143 0.000571428571428571 0.000142857142857143 0.000142857142857143 0.997142857142857; % d D=0.6
0.243714285714286 0.000571428571428571 0.304285714285714 0.000571428571428571 0.229285714285714 0.000571428571428571 0.219285714285714 0.000571428571428571 0.000571428571428571 0.000571428571428571; % f D=0.6
0.000428571428571429 0.000142857142857143 0.000571428571428571 0.997142857142857 0.000571428571428571 0.000142857142857143 0.000571428571428571 0.000142857142857143 0.000142857142857143 0.000142857142857143; % l D=0.6
0.263714285714286 0.000571428571428571 0.194285714285714 0.000571428571428571 0.299285714285714 0.000571428571428571 0.239285714285714 0.000571428571428571 0.000571428571428571 0.000571428571428571; % n D=0.6
0.238714285714286 0.000571428571428571 0.249285714285714 0.000571428571428571 0.214285714285714 0.000571428571428571 0.294285714285714 0.000571428571428571 0.000571428571428571 0.000571428571428571; % r D=0.6
0.000428571428571429 0.000142857142857143 0.000571428571428571 0.000142857142857143 0.000571428571428571 0.000142857142857143 0.000571428571428571 0.000142857142857143 0.997142857142857 0.000142857142857143; % v D=0.6
0.002 0.000666666666666667 0.331333333333333 0.000666666666666667 0.338 0.000666666666666667 0.324666666666667 0.000666666666666667 0.000666666666666667 0.000666666666666667; % $ D=0.7
0.0005 0.000166666666666667 0.000666666666666667 0.000166666666666667 0.000666666666666667 0.996666666666667 0.000666666666666667 0.000166666666666667 0.000166666666666667 0.000166666666666667; % J D=0.7
0.0005 0.000166666666666667 0.000666666666666667 0.000166666666666667 0.000666666666666667 0.000166666666666667 0.000666666666666667 0.996666666666667 0.000166666666666667 0.000166666666666667; % K D=0.7
0.0005 0.996666666666667 0.000666666666666667 0.000166666666666667 0.000666666666666667 0.000166666666666667 0.000666666666666667 0.000166666666666667 0.000166666666666667 0.000166666666666667; % L D=0.7
0.0005 0.000166666666666667 0.000666666666666667 0.000166666666666667 0.000666666666666667 0.000166666666666667 0.000666666666666667 0.000166666666666667 0.000166666666666667 0.996666666666667; % d D=0.7
0.2435 0.000666666666666667 0.304166666666667 0.000666666666666667 0.229166666666667 0.000666666666666667 0.219166666666667 0.000666666666666667 0.000666666666666667 0.000666666666666667; % f D=0.7
0.0005 0.000166666666666667 0.000666666666666667 0.996666666666667 0.000666666666666667 0.000166666666666667 0.000666666666666667 0.000166666666666667 0.000166666666666667 0.000166666666666667; % l D=0.7
0.2635 0.000666666666666667 0.194166666666667 0.000666666666666667 0.299166666666667 0.000666666666666667 0.239166666666667 0.000666666666666667 0.000666666666666667 0.000666666666666667; % n D=0.7
0.2385 0.000666666666666667 0.249166666666667 0.000666666666666667 0.214166666666667 0.000666666666666667 0.294166666666667 0.000666666666666667 0.000666666666666667 0.000666666666666667; % r D=0.7
0.0005 0.000166666666666667 0.000666666666666667 0.000166666666666667 0.000666666666666667 0.000166666666666667 0.000666666666666667 0.000166666666666667 0.996666666666667 0.000166666666666667; % v D=0.7
0.00228571428571429 0.000761904761904762 0.331047619047619 0.000761904761904762 0.337714285714286 0.000761904761904762 0.324380952380952 0.000761904761904762 0.000761904761904762 0.000761904761904762; % $ D=0.8
0.000571428571428571 0.00019047619047619 0.000761904761904762 0.00019047619047619 0.000761904761904762 0.996190476190476 0.000761904761904762 0.00019047619047619 0.00019047619047619 0.00019047619047619; % J D=0.8
0.000571428571428571 0.00019047619047619 0.000761904761904762 0.00019047619047619 0.000761904761904762 0.00019047619047619 0.000761904761904762 0.996190476190476 0.00019047619047619 0.00019047619047619; % K D=0.8
0.000571428571428571 0.996190476190476 0.000761904761904762 0.00019047619047619 0.000761904761904762 0.00019047619047619 0.000761904761904762 0.00019047619047619 0.00019047619047619 0.00019047619047619; % L D=0.8
0.000571428571428571 0.00019047619047619 0.000761904761904762 0.00019047619047619 0.000761904761904762 0.00019047619047619 0.000761904761904762 0.00019047619047619 0.00019047619047619 0.996190476190476; % d D=0.8
0.243285714285714 0.000761904761904762 0.304047619047619 0.000761904761904762 0.229047619047619 0.000761904761904762 0.219047619047619 0.000761904761904762 0.000761904761904762 0.000761904761904762; % f D=0.8
0.000571428571428571 0.00019047619047619 0.000761904761904762 0.996190476190476 0.000761904761904762 0.00019047619047619 0.000761904761904762 0.00019047619047619 0.00019047619047619 0.00019047619047619; % l D=0.8
0.263285714285714 0.000761904761904762 0.194047619047619 0.000761904761904762 0.299047619047619 0.000761904761904762 0.239047619047619 0.000761904761904762 0.000761904761904762 0.000761904761904762; % n D=0.8
0.238285714285714 0.000761904761904762 0.249047619047619 0.000761904761904762 0.214047619047619 0.000761904761904762 0.294047619047619 0.000761904761904762 0.000761904761904762 0.000761904761904762; % r D=0.8
0.000571428571428571 0.00019047619047619 0.000761904761904762 0.00019047619047619 0.000761904761904762 0.00019047619047619 0.000761904761904762 0.00019047619047619 0.996190476190476 0.00019047619047619; % v D=0.8
0.00257142857142857 0.000857142857142857 0.330761904761905 0.000857142857142857 0.337428571428571 0.000857142857142857 0.324095238095238 0.000857142857142857 0.000857142857142857 0.000857142857142857; % $ D=0.9
0.000642857142857143 0.000214285714285714 0.000857142857142857 0.000214285714285714 0.000857142857142857 0.995714285714286 0.000857142857142857 0.000214285714285714 0.000214285714285714 0.000214285714285714; % J D=0.9
0.000642857142857143 0.000214285714285714 0.000857142857142857 0.000214285714285714 0.000857142857142857 0.000214285714285714 0.000857142857142857 0.995714285714286 0.000214285714285714 0.000214285714285714; % K D=0.9
0.000642857142857143 0.995714285714286 0.000857142857142857 0.000214285714285714 0.000857142857142857 0.000214285714285714 0.000857142857142857 0.000214285714285714 0.000214285714285714 0.000214285714285714; % L D=0.9
0.000642857142857143 0.000214285714285714 0.000857142857142857 0.000214285714285714 0.000857142857142857 0.000214285714285714 0.000857142857142857 0.000214285714285714 0.000214285714285714 0.995714285714286; % d D=0.9
0.243071428571429 0.000857142857142857 0.303928571428571 0.000857142857142857 0.228928571428571 0.000857142857142857 0.218928571428571 0.000857142857142857 0.000857142857142857 0.000857142857142857; % f D=0.9
0.000642857142857143 0.000214285714285714 0.000857142857142857 0.995714285714286 0.000857142857142857 0.000214285714285714 0.000857142857142857 0.000214285714285714 0.000214285714285714 0.000214285714285714; % l D=0.9
0.263071428571429 0.000857142857142857 0.193928571428571 0.000857142857142857 0.298928571428571 0.000857142857142857 0.238928571428571 0.000857142857142857 0.000857142857142857 0.000857142857142857; % n D=0.9
0.238071428571429 0.000857142857142857 0.248928571428571 0.000857142857142857 0.213928571428571 0.000857142857142857 0.293928571428571 0.000857142857142857 0.000857142857142857 0.000857142857142857; % r D=0.9
0.000642857142857143 0.000214285714285714 0.000857142857142857 0.000214285714285714 0.000857142857142857 0.000214285714285714 0.000857142857142857 0.000214285714285714 0.995714285714286 0.000214285714285714; % v D=0.9
0.00271428571428571 0.000904761904761905 0.330619047619048 0.000904761904761905 0.337285714285714 0.000904761904761905 0.323952380952381 0.000904761904761905 0.000904761904761905 0.000904761904761905; % $ D=0.95
0.000678571428571428 0.000226190476190476 0.000904761904761905 0.000226190476190476 0.000904761904761905 0.995476190476191 0.000904761904761905 0.000226190476190476 0.000226190476190476 0.000226190476190476; % J D=0.95
0.000678571428571428 0.000226190476190476 0.000904761904761905 0.000226190476190476 0.000904761904761905 0.000226190476190476 0.000904761904761905 0.995476190476191 0.000226190476190476 0.000226190476190476; % K D=0.95
0.000678571428571428 0.995476190476191 0.000904761904761905 0.000226190476190476 0.000904761904761905 0.000226190476190476 0.000904761904761905 0.000226190476190476 0.000226190476190476 0.000226190476190476; % L D=0.95
0.000678571428571428 0.000226190476190476 0.000904761904761905 0.000226190476190476 0.000904761904761905 0.000226190476190476 0.000904761904761905 0.000226190476190476 0.000226190476190476 0.995476190476191; % d D=0.95
0.242964285714286 0.000904761904761905 0.303869047619048 0.000904761904761905 0.228869047619048 0.000904761904761905 0.218869047619048 0.000904761904761905 0.000904761904761905 0.000904761904761905; % f D=0.95
0.000678571428571428 0.000226190476190476 0.000904761904761905 0.995476190476191 0.000904761904761905 0.000226190476190476 0.000904761904761905 0.000226190476190476 0.000226190476190476 0.000226190476190476; % l D=0.95
0.262964285714286 0.000904761904761905 0.193869047619048 0.000904761904761905 0.298869047619048 0.000904761904761905 0.238869047619048 0.000904761904761905 0.000904761904761905 0.000904761904761905; % n D=0.95
0.237964285714286 0.000904761904761905 0.248869047619048 0.000904761904761905 0.213869047619048 0.000904761904761905 0.293869047619048 0.000904761904761905 0.000904761904761905 0.000904761904761905; % r D=0.95
0.000678571428571428 0.000226190476190476 0.000904761904761905 0.000226190476190476 0.000904761904761905 0.000226190476190476 0.000904761904761905 0.000226190476190476 0.995476190476191 0.000226190476190476]; % v D=0.95
