syllables = '$GRTdkprvz';
discounts = [0.1 0.2 0.3 0.4 0.5 0.6 0.7 0.8 0.9 0.95];
kn_probs = [0.000315789473684211 0.332982456140351 0.000105263157894737 0.000105263157894737 0.000105263157894737 0.313087719298246 0.000105263157894737 0.000105263157894737 0.352982456140351 0.000105263157894737; % $ D=0.1
7.89473684210526e-05 7.89473684210526e-05 2.63157894736842e-05 0.999526315789474 2.63157894736842e-05 0.000105263157894737 2.63157894736842e-05 2.63157894736842e-05 7.89473684210526e-05 2.63157894736842e-05; % G D=0.1
7.89473684210526e-05 7.89473684210526e-05 2.63157894736842e-05 2.63157894736842e-05 0.999526315789474 0.000105263157894737 2.63157894736842e-05 2.63157894736842e-05 7.89473684210526e-05 2.63157894736842e-05; % R D=0.1
0.239736842105263 0.000236842105263158 7.89473684210526e-05 7.89473684210526e-05 7.89473684210526e-05 0.389815789473684 7.89473684210526e-05 7.89473684210526e-05 0.369736842105263 7.89473684210526e-05; % T D=0.1
0.289815789473684 0.334815789473684 0.000105263157894737 0.000105263157894737 0.000105263157894737 0.00992105263157895 0.000105263157894737 0.000105263157894737 0.364815789473684 0.000105263157894737; % d D=0.1
7.89473684210526e-05 7.89473684210526e-05 2.63157894736842e-05 2.63157894736842e-05 2.63157894736842e-05 0.000105263157894737 2.63157894736842e-05 2.63157894736842e-05 7.89473684210526e-05 0.999526315789474; % k D=0.1
0.219736842105263 0.414736842105263 7.89473684210526e-05 7.89473684210526e-05 7.89473684210526e-05 0.364815789473684 7.89473684210526e-05 7.89473684210526e-05 0.000236842105263158 7.89473684210526e-05; % p D=0.1
7.89473684210526e-05 7.89473684210526e-05 2.63157894736842e-05 2.63157894736842e-05 2.63157894736842e-05 0.000105263157894737 0.999526315789474 2.63157894736842e-05 7.89473684210526e-05 2.63157894736842e-05; % r D=0.1
7.89473684210526e-05 7.89473684210526e-05 2.63157894736842e-05 2.63157894736842e-05 2.63157894736842e-05 0.000105263157894737 2.63157894736842e-05 0.999526315789474 7.89473684210526e-05 2.63157894736842e-05; % v D=0.1
7.89473684210526e-05 7.89473684210526e-05 0.999526315789474 2.63157894736842e-05 2.63157894736842e-05 0.000105263157894737 2.63157894736842e-05 2.63157894736842e-05 7.89473684210526e-05 2.63157894736842e-05; % z D=0.1
0.000631578947368421 0.332631578947368 0.000210526315789474 0.000210526315789474 0.000210526315789474 0.312842105263158 0.000210526315789474 0.000210526315789474 0.352631578947368 0.000210526315789474; % $ D=0.2
0.000157894736842105 0.000157894736842105 5.26315789473684e-05 0.999052631578948 5.26315789473684e-05 0.000210526315789474 5.26315789473684e-05 5.26315789473684e-05 0.000157894736842105 5.26315789473684e-05; % G D=0.2
0.000157894736842105 0.000157894736842105 5.26315789473684e-05 5.26315789473684e-05 0.999052631578948 0.000210526315789474 5.26315789473684e-05 5.26315789473684e-05 0.000157894736842105 5.26315789473684e-05; % R D=0.2
0.239473684210526 0.000473684210526316 0.000157894736842105 0.000157894736842105 0.000157894736842105 0.389631578947368 0.000157894736842105 0.000157894736842105 0.369473684210526 0.000157894736842105; % T D=0.2
0.289631578947368 0.334631578947368 0.000210526315789474 0.000210526315789474 0.000210526315789474 0.0098421052631579 0.000210526315789474 0.000210526315789474 0.364631578947368 0.000210526315789474; % d D=0.2
0.000157894736842105 0.000157894736842105 5.26315789473684e-05 5.26315789473684e-05 5.26315789473684e-05 0.000210526315789474 5.26315789473684e-05 5.26315789473684e-05 0.000157894736842105 0.999052631578948; % k D=0.2
0.219473684210526 0.414473684210526 0.000157894736842105 0.000157894736842105 0.000157894736842105 0.364631578947368 0.000157894736842105 0.000157894736842105 0.000473684210526316 0.000157894736842105; % p D=0.2
0.000157894736842105 0.000157894736842105 5.26315789473684e-05 5.26315789473684e-05 5.26315789473684e-05 0.000210526315789474 0.999052631578948 5.26315789473684e-05 0.000157894736842105 5.26315789473684e-05; % r D=0.2
0.000157894736842105 0.000157894736842105 5.26315789473684e-05 5.26315789473684e-05 5.26315789473684e-05 0.000210526315789474 5.26315789473684e-05 0.999052631578948 0.000157894736842105 5.26315789473684e-05; % v D=0.2
0.000157894736842105 0.000157894736842105 0.999052631578948 5.26315789473684e-05 5.26315789473684e-05 0.000210526315789474 5.26315789473684e-05 5.26315789473684e-05 0.000157894736842105 5.26315789473684e-05; % z D=0.2
0.000947368421052632 0.332280701754386 0.00031578947368421 0.00031578947368421 0.00031578947368421 0.31259649122807 0.00031578947368421 0.00031578947368421 0.352280701754386 0.00031578947368421; % $ D=0.3
0.000236842105263158 0.000236842105263158 7.89473684210526e-05 0.998578947368421 7.89473684210526e-05 0.000315789473684211 7.89473684210526e-05 7.89473684210526e-05 0.000236842105263158 7.89473684210526e-05; % G D=0.3
0.000236842105263158 0.000236842105263158 7.89473684210526e-05 7.89473684210526e-05 0.998578947368421 0.000315789473684211 7.89473684210526e-05 7.89473684210526e-05 0.000236842105263158 7.89473684210526e-05; % R D=0.3
0.239210526315789 0.000710526315789474 0.000236842105263158 0.000236842105263158 0.000236842105263158 0.389447368421053 0.000236842105263158 0.000236842105263158 0.369210526315789 0.000236842105263158; % T D=0.3
0.289447368421053 0.334447368421053 0.000315789473684211 0.000315789473684211 0.000315789473684211 0.00976315789473684 0.000315789473684211 0.000315789473684211 0.364447368421053 0.000315789473684211; % d D=0.3
0.000236842105263158 0.000236842105263158 7.89473684210526e-05 7.89473684210526e-05 7.89473684210526e-05 0.000315789473684211 7.89473684210526e-05 7.89473684210526e-05 0.000236842105263158 0.998578947368421; % k D=0.3
0.219210526315789 0.41421052631579 0.000236842105263158 0.000236842105263158 0.000236842105263158 0.364447368421053 0.000236842105263158 0.000236842105263158 0.000710526315789474 0.000236842105263158; % p D=0.3
0.000236842105263158 0.000236842105263158 7.89473684210526e-05 7.89473684210526e-05 7.89473684210526e-05 0.000315789473684211 0.998578947368421 7.89473684210526e-05 0.000236842105263158 7.89473684210526e-05; % r D=0.3
0.000236842105263158 0.000236842105263158 7.89473684210526e-05 7.89473684210526e-05 7.89473684210526e-05 0.000315789473684211 7.89473684210526e-05 0.998578947368421 0.000236842105263158 7.89473684210526e-05; % v D=0.3
0.000236842105263158 0.000236842105263158 0.998578947368421 7.89473684210526e-05 7.89473684210526e-05 0.000315789473684211 7.89473684210526e-05 7.89473684210526e-05 0.000236842105263158 7.89473684210526e-05; % z D=0.3
0.00126315789473684 0.331929824561404 0.000421052631578947 0.000421052631578947 0.000421052631578947 0.312350877192982 0.000421052631578947 0.000421052631578947 0.351929824561404 0.000421052631578947; % $ D=0.4
0.000315789473684211 0.000315789473684211 0.000105263157894737 0.998105263157895 0.000105263157894737 0.000421052631578947 0.000105263157894737 0.000105263157894737 0.000315789473684211 0.000105263157894737; % G D=0.4
0.000315789473684211 0.000315789473684211 0.000105263157894737 0.000105263157894737 0.998105263157895 0.000421052631578947 0.000105263157894737 0.000105263157894737 0.000315789473684211 0.000105263157894737; % R D=0.4
0.238947368421053 0.000947368421052632 0.000315789473684211 0.000315789473684211 0.000315789473684211 0.389263157894737 0.000315789473684211 0.000315789473684211 0.368947368421053 0.000315789473684211; % T D=0.4
0.289263157894737 0.334263157894737 0.000421052631578947 0.000421052631578947 0.000421052631578947 0.00968421052631579 0.000421052631578947 0.000421052631578947 0.364263157894737 0.000421052631578947; % d D=0.4
0.000315789473684211 0.000315789473684211 0.000105263157894737 0.000105263157894737 0.000105263157894737 0.000421052631578947 0.000105263157894737 0.000105263157894737 0.000315789473684211 0.998105263157895; % k D=0.4
0.218947368421053 0.413947368421053 0.000315789473684211 0.000315789473684211 0.000315789473684211 0.364263157894737 0.000315789473684211 0.000315789473684211 0.000947368421052632 0.000315789473684211; % p D=0.4
0.000315789473684211 0.000315789473684211 0.000105263157894737 0.000105263157894737 0.000105263157894737 0.000421052631578947 0.998105263157895 0.000105263157894737 0.000315789473684211 0.000105263157894737; % r D=0.4
0.000315789473684211 0.000315789473684211 0.000105263157894737 0.000105263157894737 0.000105263157894737 0.000421052631578947 0.000105263157894737 0.998105263157895 0.000315789473684211 0.000105263157894737; % v D=0.4
0.000315789473684211 0.000315789473684211 0.998105263157895 0.000105263157894737 0.000105263157894737 0.000421052631578947 0.000105263157894737 0.000105263157894737 0.000315789473684211 0.000105263157894737; % z D=0.4
0.00157894736842105 0.331578947368421 0.000526315789473684 0.000526315789473684 0.000526315789473684 0.312105263157895 0.000526315789473684 0.000526315789473684 0.351578947368421 0.000526315789473684; % $ D=0.5
0.000394736842105263 0.000394736842105263 0.000131578947368421 0.997631578947368 0.000131578947368421 0.000526315789473684 0.000131578947368421 0.000131578947368421 0.000394736842105263 0.000131578947368421; % G D=0.5
0.000394736842105263 0.000394736842105263 0.000131578947368421 0.000131578947368421 0.997631578947368 0.000526315789473684 0.000131578947368421 0.000131578947368421 0.000394736842105263 0.000131578947368421; % R D=0.5
0.238684210526316 0.00118421052631579 0.000394736842105263 0.000394736842105263 0.000394736842105263 0.389078947368421 0.000394736842105263 0.000394736842105263 0.368684210526316 0.000394736842105263; % T D=0.5
0.289078947368421 0.334078947368421 0.000526315789473684 0.000526315789473684 0.000526315789473684 0.00960526315789474 0.000526315789473684 0.000526315789473684 0.364078947368421 0.000526315789473684; % d D=0.5
0.000394736842105263 0.000394736842105263 0.000131578947368421 0.000131578947368421 0.000131578947368421 0.000526315789473684 0.000131578947368421 0.000131578947368421 0.000394736842105263 0.997631578947368; % k D=0.5
0.218684210526316 0.413684210526316 0.000394736842105263 0.000394736842105263 0.000394736842105263 0.364078947368421 0.000394736842105263 0.000394736842105263 0.00118421052631579 0.000394736842105263; % p D=0.5
0.000394736842105263 0.000394736842105263 0.000131578947368421 0.000131578947368421 0.000131578947368421 0.000526315789473684 0.997631578947368 0.000131578947368421 0.000394736842105263 0.000131578947368421; % r D=0.5
0.000394736842105263 0.000394736842105263 0.000131578947368421 0.000131578947368421 0.000131578947368421 0.000526315789473684 0.000131578947368421 0.997631578947368 0.000394736842105263 0.000131578947368421; % v D=0.5
0.000394736842105263 0.000394736842105263 0.997631578947368 0.000131578947368421 0.000131578947368421 0.000526315789473684 0.000131578947368421 0.000131578947368421 0.000394736842105263 0.000131578947368421; % z D=0.5
0.00189473684210526 0.331228070175439 0.000631578947368421 0.000631578947368421 0.000631578947368421 0.311859649122807 0.000631578947368421 0.000631578947368421 0.351228070175439 0.000631578947368421; % $ D=0.6
0.000473684210526316 0.000473684210526316 0.000157894736842105 0.997157894736842 0.000157894736842105 0.000631578947368421 0.000157894736842105 0.000157894736842105 0.000473684210526316 0.000157894736842105; % G D=0.6
0.000473684210526316 0.000473684210526316 0.000157894736842105 0.000157894736842105 0.997157894736842 0.000631578947368421 0.000157894736842105 0.000157894736842105 0.000473684210526316 0.000157894736842105; % R D=0.6
0.238421052631579 0.00142105263157895 0.000473684210526316 0.000473684210526316 0.000473684210526316 0.388894736842105 0.000473684210526316 0.000473684210526316 0.368421052631579 0.000473684210526316; % T D=0.6
0.288894736842105 0.333894736842105 0.000631578947368421 0.000631578947368421 0.000631578947368421 0.00952631578947368 0.000631578947368421 0.000631578947368421 0.363894736842105 0.000631578947368421; % d D=0.6
0.000473684210526316 0.000473684210526316 0.000157894736842105 0.000157894736842105 0.000157894736842105 0.000631578947368421 0.000157894736842105 0.000157894736842105 0.000473684210526316 0.997157894736842; % k D=0.6
0.218421052631579 0.413421052631579 0.000473684210526316 0.000473684210526316 0.000473684210526316 0.363894736842105 0.000473684210526316 0.000473684210526316 0.00142105263157895 0.000473684210526316; % p D=0.6
0.000473684210526316 0.000473684210526316 0.000157894736842105 0.000157894736842105 0.000157894736842105 0.000631578947368421 0.997157894736842 0.000157894736842105 0.000473684210526316 0.000157894736842105; % r D=0.6
0.000473684210526316 0.000473684210526316 0.000157894736842105 0.000157894736842105 0.000157894736842105 0.000631578947368421 0.000157894736842105 0.997157894736842 0.000473684210526316 0.000157894736842105; % v D=0.6
0.000473684210526316 0.000473684210526316 0.997157894736842 0.000157894736842105 0.000157894736842105 0.000631578947368421 0.000157894736842105 0.000157894736842105 0.000473684210526316 0.000157894736842105; % z D=0.6
0.00221052631578947 0.330877192982456 0.000736842105263158 0.000736842105263158 0.000736842105263158 0.311614035087719 0.000736842105263158 0.000736842105263158 0.350877192982456 0.000736842105263158; % $ D=0.7
0.000552631578947368 0.000552631578947368 0.000184210526315789 0.996684210526316 0.000184210526315789 0.000736842105263158 0.000184210526315789 0.000184210526315789 0.000552631578947368 0.000184210526315789; % G D=0.7
0.000552631578947368 0.000552631578947368 0.000184210526315789 0.000184210526315789 0.996684210526316 0.000736842105263158 0.000184210526315789 0.000184210526315789 0.000552631578947368 0.000184210526315789; % R D=0.7
0.238157894736842 0.0016578947368421 0.000552631578947368 0.000552631578947368 0.000552631578947368 0.38871052631579 0.000552631578947368 0.000552631578947368 0.368157894736842 0.000552631578947368; % T D=0.7
0.288710526315789 0.333710526315789 0.000736842105263158 0.000736842105263158 0.000736842105263158 0.00944736842105263 0.000736842105263158 0.000736842105263158 0.363710526315789 0.000736842105263158; % d D=0.7
0.000552631578947368 0.000552631578947368 0.000184210526315789 0.000184210526315789 0.000184210526315789 0.000736842105263158 0.000184210526315789 0.000184210526315789 0.000552631578947368 0.996684210526316; % k D=0.7
0.218157894736842 0.413157894736842 0.000552631578947368 0.000552631578947368 0.000552631578947368 0.363710526315789 0.000552631578947368 0.000552631578947368 0.0016578947368421 0.000552631578947368; % p D=0.7
0.000552631578947368 0.000552631578947368 0.000184210526315789 0.000184210526315789 0.000184210526315789 0.000736842105263158 0.996684210526316 0.000184210526315789 0.000552631578947368 0.000184210526315789; % r D=0.7
0.000552631578947368 0.000552631578947368 0.000184210526315789 0.000184210526315789 0.000184210526315789 0.000736842105263158 0.000184210526315789 0.996684210526316 0.000552631578947368 0.000184210526315789; % v D=0.7
0.000552631578947368 0.000552631578947368 0.996684210526316 0.000184210526315789 0.000184210526315789 0.000736842105263158 0.000184210526315789 0.000184210526315789 0.000552631578947368 0.000184210526315789; % z D=0.7
0.00252631578947368 0.330526315789474 0.000842105263157895 0.000842105263157895 0.000842105263157895 0.311368421052632 0.000842105263157895 0.000842105263157895 0.350526315789474 0.000842105263157895; % $ D=0.8
0.000631578947368421 0.000631578947368421 0.000210526315789474 0.996210526315789 0.000210526315789474 0.000842105263157895 0.000210526315789474 0.000210526315789474 0.000631578947368421 0.000210526315789474; % G D=0.8
0.000631578947368421 0.000631578947368421 0.000210526315789474 0.000210526315789474 0.996210526315789 0.000842105263157895 0.000210526315789474 0.000210526315789474 0.000631578947368421 0.000210526315789474; % R D=0.8
0.237894736842105 0.00189473684210526 0.000631578947368421 0.000631578947368421 0.000631578947368421 0.388526315789474 0.000631578947368421 0.000631578947368421 0.367894736842105 0.000631578947368421; % T D=0.8
0.288526315789474 0.333526315789474 0.000842105263157895 0.000842105263157895 0.000842105263157895 0.00936842105263158 0.000842105263157895 0.000842105263157895 0.363526315789474 0.000842105263157895; % d D=0.8
0.000631578947368421 0.000631578947368421 0.000210526315789474 0.000210526315789474 0.000210526315789474 0.000842105263157895 0.000210526315789474 0.000210526315789474 0.000631578947368421 0.996210526315789; % k D=0.8
0.217894736842105 0.412894736842105 0.000631578947368421 0.000631578947368421 0.000631578947368421 0.363526315789474 0.000631578947368421 0.000631578947368421 0.00189473684210526 0.000631578947368421; % p D=0.8
0.000631578947368421 0.000631578947368421 0.000210526315789474 0.000210526315789474 0.000210526315789474 0.000842105263157895 0.996210526315789 0.000210526315789474 0.000631578947368421 0.000210526315789474; % r D=0.8
0.000631578947368421 0.000631578947368421 0.000210526315789474 0.000210526315789474 0.000210526315789474 0.000842105263157895 0.000210526315789474 0.996210526315789 0.000631578947368421 0.000210526315789474; % v D=0.8
0.000631578947368421 0.000631578947368421 0.996210526315789 0.000210526315789474 0.000210526315789474 0.000842105263157895 0.000210526315789474 0.000210526315789474 0.000631578947368421 0.000210526315789474; % z D=0.8
0.0028421052631579 0.330175438596491 0.000947368421052632 0.000947368421052632 0.000947368421052632 0.311122807017544 0.000947368421052632 0.000947368421052632 0.350175438596491 0.000947368421052632; % $ D=0.9
0.000710526315789474 0.000710526315789474 0.000236842105263158 0.995736842105263 0.000236842105263158 0.000947368421052632 0.000236842105263158 0.000236842105263158 0.000710526315789474 0.000236842105263158; % G D=0.9
0.000710526315789474 0.000710526315789474 0.000236842105263158 0.000236842105263158 0.995736842105263 0.000947368421052632 0.000236842105263158 0.000236842105263158 0.000710526315789474 0.000236842105263158; % R D=0.9
0.237631578947368 0.00213157894736842 0.000710526315789474 0.000710526315789474 0.000710526315789474 0.388342105263158 0.000710526315789474 0.000710526315789474 0.367631578947368 0.000710526315789474; % T D=0.9
0.288342105263158 0.333342105263158 0.000947368421052632 0.000947368421052632 0.000947368421052632 0.00928947368421053 0.000947368421052632 0.000947368421052632 0.363342105263158 0.000947368421052632; % d D=0.9
0.000710526315789474 0.000710526315789474 0.000236842105263158 0.000236842105263158 0.000236842105263158 0.000947368421052632 0.000236842105263158 0.000236842105263158 0.000710526315789474 0.995736842105263; % k D=0.9
0.217631578947368 0.412631578947368 0.000710526315789474 0.000710526315789474 0.000710526315789474 0.363342105263158 0.000710526315789474 0.000710526315789474 0.00213157894736842 0.000710526315789474; % p D=0.9
0.000710526315789474 0.000710526315789474 0.000236842105263158 0.000236842105263158 0.000236842105263158 0.000947368421052632 0.995736842105263 0.000236842105263158 0.000710526315789474 0.000236842105263158; % r D=0.9
0.000710526315789474 0.000710526315789474 0.000236842105263158 0.000236842105263158 0.000236842105263158 0.000947368421052632 0.000236842105263158 0.995736842105263 0.000710526315789474 0.000236842105263158; % v D=0.9
0.000710526315789474 0.000710526315789474 0.995736842105263 0.000236842105263158 0.000236842105263158 0.000947368421052632 0.000236842105263158 0.000236842105263158 0.000710526315789474 0.000236842105263158; % z D=0.9
0.003 0.33 0.001 0.001 0.001 0.311 0.001 0.001 0.35 0.001; % $ D=0.95
0.00075 0.00075 0.00025 0.9955 0.00025 0.001 0.00025 0.00025 0.00075 0.00025; % G D=0.95
0.00075 0.00075 0.00025 0.00025 0.9955 0.001 0.00025 0.00025 0.00075 0.00025; % R D=0.95
0.2375 0.00225 0.00075 0.00075 0.00075 0.38825 0.00075 0.00075 0.3675 0.00075; % T D=0.95
0.28825 0.33325 0.001 0.001 0.001 0.00925 0.001 0.001 0.36325 0.001; % d D=0.95
0.00075 0.00075 0.00025 0.00025 0.00025 0.001 0.00025 0.00025 0.00075 0.9955; % k D=0.95
0.2175 0.4125 0.00075 0.00075 0.00075 0.36325 0.00075 0.00075 0.00225 0.00075; % p D=0.95
0.00075 0.00075 0.00025 0.00025 0.00025 0.001 0.9955 0.00025 0.00075 0.00025; % r D=0.95
0.00075 0.00075 0.00025 0.00025 0.00025 0.001 0.00025 0.9955 0.00075 0.00025; % v D=0.95
0.00075 0.00075 0.9955 0.00025 0.00025 0.001 0.00025 0.00025 0.00075 0.00025]; % z D=0.95
