syllables = '$DGTVblnpz';
discounts = [0.1 0.2 0.3 0.4 0.5 0.6 0.7 0.8 0.9 0.95];
kn_probs = [0.000285714285714286 0.313047619047619 9.52380952380953e-05 9.52380952380953e-05 9.52380952380953e-05 0.306380952380952 9.52380952380953e-05 9.52380952380953e-05 9.52380952380953e-05 0.379714285714286; % $ D=0.1
7.14285714285714e-05 9.52380952380952e-05 2.38095238095238e-05 2.38095238095238e-05 2.38095238095238e-05 9.52380952380952e-05 2.38095238095238e-05 2.38095238095238e-05 0.99952380952381 9.52380952380952e-05; % D D=0.1
7.14285714285714e-05 9.52380952380952e-05 2.38095238095238e-05 2.38095238095238e-05 2.38095238095238e-05 9.52380952380952e-05 0.99952380952381 2.38095238095238e-05 2.38095238095238e-05 9.52380952380952e-05; % G D=0.1
7.14285714285714e-05 9.52380952380952e-05 0.99952380952381 2.38095238095238e-05 2.38095238095238e-05 9.52380952380952e-05 2.38095238095238e-05 2.38095238095238e-05 2.38095238095238e-05 9.52380952380952e-05; % T D=0.1
0.254785714285714 0.279880952380952 9.52380952380952e-05 9.52380952380952e-05 9.52380952380952e-05 0.269880952380952 9.52380952380952e-05 9.52380952380952e-05 9.52380952380952e-05 0.194880952380952; % V D=0.1
7.14285714285714e-05 9.52380952380952e-05 2.38095238095238e-05 0.99952380952381 2.38095238095238e-05 9.52380952380952e-05 2.38095238095238e-05 2.38095238095238e-05 2.38095238095238e-05 9.52380952380952e-05; % b D=0.1
0.244785714285714 0.279880952380952 9.52380952380952e-05 9.52380952380952e-05 9.52380952380952e-05 0.184880952380952 9.52380952380952e-05 9.52380952380952e-05 9.52380952380952e-05 0.289880952380952; % l D=0.1
0.249785714285714 0.204880952380952 9.52380952380952e-05 9.52380952380952e-05 9.52380952380952e-05 0.314880952380952 9.52380952380952e-05 9.52380952380952e-05 9.52380952380952e-05 0.229880952380952; % n D=0.1
7.14285714285714e-05 9.52380952380952e-05 2.38095238095238e-05 2.38095238095238e-05 2.38095238095238e-05 9.52380952380952e-05 2.38095238095238e-05 0.99952380952381 2.38095238095238e-05 9.52380952380952e-05; % p D=0.1
7.14285714285714e-05 9.52380952380952e-05 2.38095238095238e-05 2.38095238095238e-05 0.99952380952381 9.52380952380952e-05 2.38095238095238e-05 2.38095238095238e-05 2.38095238095238e-05 9.52380952380952e-05; % z D=0.1
0.000571428571428571 0.312761904761905 0.000190476190476191 0.000190476190476191 0.000190476190476191 0.306095238095238 0.000190476190476191 0.000190476190476191 0.000190476190476191 0.379428571428571; % $ D=0.2
0.000142857142857143 0.00019047619047619 4.76190476190476e-05 4.76190476190476e-05 4.76190476190476e-05 0.00019047619047619 4.76190476190476e-05 4.76190476190476e-05 0.999047619047619 0.00019047619047619; % D D=0.2
0.000142857142857143 0.00019047619047619 4.76190476190476e-05 4.76190476190476e-05 4.76190476190476e-05 0.00019047619047619 0.999047619047619 4.76190476190476e-05 4.76190476190476e-05 0.00019047619047619; % G D=0.2
0.000142857142857143 0.00019047619047619 0.999047619047619 4.76190476190476e-05 4.76190476190476e-05 0.00019047619047619 4.76190476190476e-05 4.76190476190476e-05 4.76190476190476e-05 0.00019047619047619; % T D=0.2
0.254571428571429 0.279761904761905 0.00019047619047619 0.00019047619047619 0.00019047619047619 0.269761904761905 0.00019047619047619 0.00019047619047619 0.00019047619047619 0.194761904761905; % V D=0.2
0.000142857142857143 0.00019047619047619 4.76190476190476e-05 0.999047619047619 4.76190476190476e-05 0.00019047619047619 4.76190476190476e-05 4.76190476190476e-05 4.76190476190476e-05 0.00019047619047619; % b D=0.2
0.244571428571429 0.279761904761905 0.00019047619047619 0.00019047619047619 0.00019047619047619 0.184761904761905 0.00019047619047619 0.00019047619047619 0.00019047619047619 0.289761904761905; % l D=0.2
0.249571428571429 0.204761904761905 0.00019047619047619 0.00019047619047619 0.00019047619047619 0.314761904761905 0.00019047619047619 0.00019047619047619 0.00019047619047619 0.229761904761905; % n D=0.2
0.000142857142857143 0.00019047619047619 4.76190476190476e-05 4.76190476190476e-05 4.76190476190476e-05 0.00019047619047619 4.76190476190476e-05 0.999047619047619 4.76190476190476e-05 0.00019047619047619; % p D=0.2
0.000142857142857143 0.00019047619047619 4.76190476190476e-05 4.76190476190476e-05 0.999047619047619 0.00019047619047619 4.76190476190476e-05 4.76190476190476e-05 4.76190476190476e-05 0.00019047619047619; % z D=0.2
0.000857142857142857 0.312476190476191 0.000285714285714286 0.000285714285714286 0.000285714285714286 0.305809523809524 0.000285714285714286 0.000285714285714286 0.000285714285714286 0.379142857142857; % $ D=0.3
0.000214285714285714 0.000285714285714286 7.14285714285714e-05 7.14285714285714e-05 7.14285714285714e-05 0.000285714285714286 7.14285714285714e-05 7.14285714285714e-05 0.998571428571429 0.000285714285714286; % D D=0.3
0.000214285714285714 0.000285714285714286 7.14285714285714e-05 7.14285714285714e-05 7.14285714285714e-05 0.000285714285714286 0.998571428571429 7.14285714285714e-05 7.14285714285714e-05 0.000285714285714286; % G D=0.3
0.000214285714285714 0.000285714285714286 0.998571428571429 7.14285714285714e-05 7.14285714285714e-05 0.000285714285714286 7.14285714285714e-05 7.14285714285714e-05 7.14285714285714e-05 0.000285714285714286; % T D=0.3
0.254357142857143 0.279642857142857 0.000285714285714286 0.000285714285714286 0.000285714285714286 0.269642857142857 0.000285714285714286 0.000285714285714286 0.000285714285714286 0.194642857142857; % V D=0.3
0.000214285714285714 0.000285714285714286 7.14285714285714e-05 0.998571428571429 7.14285714285714e-05 0.000285714285714286 7.14285714285714e-05 7.14285714285714e-05 7.14285714285714e-05 0.000285714285714286; % b D=0.3
0.244357142857143 0.279642857142857 0.000285714285714286 0.000285714285714286 0.000285714285714286 0.184642857142857 0.000285714285714286 0.000285714285714286 0.000285714285714286 0.289642857142857; % l D=0.3
0.249357142857143 0.204642857142857 0.000285714285714286 0.000285714285714286 0.000285714285714286 0.314642857142857 0.000285714285714286 0.000285714285714286 0.000285714285714286 0.229642857142857; % n D=0.3
0.000214285714285714 0.000285714285714286 7.14285714285714e-05 7.14285714285714e-05 7.14285714285714e-05 0.000285714285714286 7.14285714285714e-05 0.998571428571429 7.14285714285714e-05 0.000285714285714286; % p D=0.3
0.000214285714285714 0.000285714285714286 7.14285714285714e-05 7.14285714285714e-05 0.998571428571429 0.000285714285714286 7.14285714285714e-05 7.14285714285714e-05 7.14285714285714e-05 0.000285714285714286; % z D=0.3
0.00114285714285714 0.312190476190476 0.000380952380952381 0.000380952380952381 0.000380952380952381 0.30552380952381 0.000380952380952381 0.000380952380952381 0.000380952380952381 0.378857142857143; % $ D=0.4
0.000285714285714286 0.000380952380952381 9.52380952380952e-05 9.52380952380952e-05 9.52380952380952e-05 0.000380952380952381 9.52380952380952e-05 9.52380952380952e-05 0.998095238095238 0.000380952380952381; % D D=0.4
0.000285714285714286 0.000380952380952381 9.52380952380952e-05 9.52380952380952e-05 9.52380952380952e-05 0.000380952380952381 0.998095238095238 9.52380952380952e-05 9.52380952380952e-05 0.000380952380952381; % G D=0.4
0.000285714285714286 0.000380952380952381 0.998095238095238 9.52380952380952e-05 9.52380952380952e-05 0.000380952380952381 9.52380952380952e-05 9.52380952380952e-05 9.52380952380952e-05 0.000380952380952381; % T D=0.4
0.254142857142857 0.27952380952381 0.000380952380952381 0.000380952380952381 0.000380952380952381 0.26952380952381 0.000380952380952381 0.000380952380952381 0.000380952380952381 0.19452380952381; % V D=0.4
0.000285714285714286 0.000380952380952381 9.52380952380952e-05 0.998095238095238 9.52380952380952e-05 0.000380952380952381 9.52380952380952e-05 9.52380952380952e-05 9.52380952380952e-05 0.000380952380952381; % b D=0.4
0.244142857142857 0.27952380952381 0.000380952380952381 0.000380952380952381 0.000380952380952381 0.18452380952381 0.000380952380952381 0.000380952380952381 0.000380952380952381 0.28952380952381; % l D=0.4
