syllables = '$DGMNRVflnpr';
discounts = [0.1 0.2 0.3 0.4 0.5 0.6 0.7 0.8 0.9 0.95];
kn_probs = [0.000395061728395062 9.87654320987654e-05 9.87654320987654e-05 9.87654320987654e-05 9.87654320987654e-05 9.87654320987654e-05 9.87654320987654e-05 0.246395061728395 0.233061728395062 0.239728395061728 9.87654320987654e-05 0.279728395061728; % $ D=0.1
9.87654320987654e-05 2.46913580246914e-05 2.46913580246914e-05 2.46913580246914e-05 2.46913580246914e-05 2.46913580246914e-05 2.46913580246914e-05 9.87654320987654e-05 9.87654320987654e-05 9.87654320987654e-05 0.999358024691358 9.87654320987654e-05; % D D=0.1
9.87654320987654e-05 0.999358024691358 2.46913580246914e-05 2.46913580246914e-05 2.46913580246914e-05 2.46913580246914e-05 2.46913580246914e-05 9.87654320987654e-05 9.87654320987654e-05 9.87654320987654e-05 2.46913580246914e-05 9.87654320987654e-05; % G D=0.1
0.266395061728395 9.87654320987654e-05 9.87654320987654e-05 9.87654320987654e-05 9.87654320987654e-05 9.87654320987654e-05 9.87654320987654e-05 0.000395061728395062 0.299728395061728 0.233061728395062 9.87654320987654e-05 0.199728395061728; % M D=0.1
0.259728395061728 9.87654320987654e-05 9.87654320987654e-05 9.87654320987654e-05 9.87654320987654e-05 9.87654320987654e-05 9.87654320987654e-05 0.213061728395062 0.000395061728395062 0.253061728395062 9.87654320987654e-05 0.273061728395062; % N D=0.1
9.87654320987654e-05 2.46913580246914e-05 2.46913580246914e-05 2.46913580246914e-05 0.999358024691358 2.46913580246914e-05 2.46913580246914e-05 9.87654320987654e-05 9.87654320987654e-05 9.87654320987654e-05 2.46913580246914e-05 9.87654320987654e-05; % R D=0.1
0.239728395061728 9.87654320987654e-05 9.87654320987654e-05 9.87654320987654e-05 9.87654320987654e-05 9.87654320987654e-05 9.87654320987654e-05 0.279728395061728 0.206395061728395 0.273061728395062 9.87654320987654e-05 0.000395061728395062; % V D=0.1
9.87654320987654e-05 2.46913580246914e-05 2.46913580246914e-05 0.999358024691358 2.46913580246914e-05 2.46913580246914e-05 2.46913580246914e-05 9.87654320987654e-05 9.87654320987654e-05 9.87654320987654e-05 2.46913580246914e-05 9.87654320987654e-05; % f D=0.1
9.87654320987654e-05 2.46913580246914e-05 2.46913580246914e-05 2.46913580246914e-05 2.46913580246914e-05 0.999358024691358 2.46913580246914e-05 9.87654320987654e-05 9.87654320987654e-05 9.87654320987654e-05 2.46913580246914e-05 9.87654320987654e-05; % l D=0.1
9.87654320987654e-05 2.46913580246914e-05 0.999358024691358 2.46913580246914e-05 2.46913580246914e-05 2.46913580246914e-05 2.46913580246914e-05 9.87654320987654e-05 9.87654320987654e-05 9.87654320987654e-05 2.46913580246914e-05 9.87654320987654e-05; % n D=0.1
0.233061728395062 9.87654320987654e-05 9.87654320987654e-05 9.87654320987654e-05 9.87654320987654e-05 9.87654320987654e-05 9.87654320987654e-05 0.259728395061728 0.259728395061728 0.000395061728395062 9.87654320987654e-05 0.246395061728395; % p D=0.1
9.87654320987654e-05 2.46913580246914e-05 2.46913580246914e-05 2.46913580246914e-05 2.46913580246914e-05 2.46913580246914e-05 0.999358024691358 9.87654320987654e-05 9.87654320987654e-05 9.87654320987654e-05 2.46913580246914e-05 9.87654320987654e-05; % r D=0.1
0.000790123456790124 0.000197530864197531 0.000197530864197531 0.000197530864197531 0.000197530864197531 0.000197530864197531 0.000197530864197531 0.246123456790123 0.23279012345679 0.239456790123457 0.000197530864197531 0.279456790123457; % $ D=0.2
0.000197530864197531 4.93827160493827e-05 4.93827160493827e-05 4.93827160493827e-05 4.93827160493827e-05 4.93827160493827e-05 4.93827160493827e-05 0.000197530864197531 0.000197530864197531 0.000197530864197531 0.998716049382716 0.000197530864197531; % D D=0.2
0.000197530864197531 0.998716049382716 4.93827160493827e-05 4.93827160493827e-05 4.93827160493827e-05 4.93827160493827e-05 4.93827160493827e-05 0.000197530864197531 0.000197530864197531 0.000197530864197531 4.93827160493827e-05 0.000197530864197531; % G D=0.2
0.266123456790123 0.000197530864197531 0.000197530864197531 0.000197530864197531 0.000197530864197531 0.000197530864197531 0.000197530864197531 0.000790123456790124 0.299456790123457 0.23279012345679 0.000197530864197531 0.199456790123457; % M D=0.2
0.259456790123457 0.000197530864197531 0.000197530864197531 0.000197530864197531 0.000197530864197531 0.000197530864197531 0.000197530864197531 0.21279012345679 0.000790123456790124 0.25279012345679 0.000197530864197531 0.27279012345679; % N D=0.2
0.000197530864197531 4.93827160493827e-05 4.93827160493827e-05 4.93827160493827e-05 0.998716049382716 4.93827160493827e-05 4.93827160493827e-05 0.000197530864197531 0.000197530864197531 0.000197530864197531 4.93827160493827e-05 0.000197530864197531; % R D=0.2
0.239456790123457 0.000197530864197531 0.000197530864197531 0.000197530864197531 0.000197530864197531 0.000197530864197531 0.000197530864197531 0.279456790123457 0.206123456790123 0.27279012345679 0.000197530864197531 0.000790123456790124; % V D=0.2
0.000197530864197531 4.93827160493827e-05 4.93827160493827e-05 0.998716049382716 4.93827160493827e-05 4.93827160493827e-05 4.93827160493827e-05 0.000197530864197531 0.000197530864197531 0.000197530864197531 4.93827160493827e-05 0.000197530864197531; % f D=0.2
0.000197530864197531 4.93827160493827e-05 4.93827160493827e-05 4.93827160493827e-05 4.93827160493827e-05 0.998716049382716 4.93827160493827e-05 0.000197530864197531 0.000197530864197531 0.000197530864197531 4.93827160493827e-05 0.000197530864197531; % l D=0.2
0.000197530864197531 4.93827160493827e-05 0.998716049382716 4.93827160493827e-05 4.93827160493827e-05 4.93827160493827e-05 4.93827160493827e-05 0.000197530864197531 0.000197530864197531 0.000197530864197531 4.93827160493827e-05 0.000197530864197531; % n D=0.2
0.23279012345679 0.000197530864197531 0.000197530864197531 0.000197530864197531 0.000197530864197531 0.000197530864197531 0.000197530864197531 0.259456790123457 0.259456790123457 0.000790123456790124 0.000197530864197531 0.246123456790123; % p D=0.2
0.000197530864197531 4.93827160493827e-05 4.93827160493827e-05 4.93827160493827e-05 4.93827160493827e-05 4.93827160493827e-05 0.998716049382716 0.000197530864197531 0.000197530864197531 0.000197530864197531 4.93827160493827e-05 0.000197530864197531; % r D=0.2
0.00118518518518519 0.000296296296296296 0.000296296296296296 0.000296296296296296 0.000296296296296296 0.000296296296296296 0.000296296296296296 0.245851851851852 0.232518518518519 0.239185185185185 0.000296296296296296 0.279185185185185; % $ D=0.3
0.000296296296296296 7.40740740740741e-05 7.40740740740741e-05 7.40740740740741e-05 7.40740740740741e-05 7.40740740740741e-05 7.40740740740741e-05 0.000296296296296296 0.000296296296296296 0.000296296296296296 0.998074074074074 0.000296296296296296; % D D=0.3
0.000296296296296296 0.998074074074074 7.40740740740741e-05 7.40740740740741e-05 7.40740740740741e-05 7.40740740740741e-05 7.40740740740741e-05 0.000296296296296296 0.000296296296296296 0.000296296296296296 7.40740740740741e-05 0.000296296296296296; % G D=0.3
0.265851851851852 0.000296296296296296 0.000296296296296296 0.000296296296296296 0.000296296296296296 0.000296296296296296 0.000296296296296296 0.00118518518518519 0.299185185185185 0.232518518518519 0.000296296296296296 0.199185185185185; % M D=0.3
0.259185185185185 0.000296296296296296 0.000296296296296296 0.000296296296296296 0.000296296296296296 0.000296296296296296 0.000296296296296296 0.212518518518518 0.00118518518518519 0.252518518518519 0.000296296296296296 0.272518518518519; % N D=0.3
0.000296296296296296 7.40740740740741e-05 7.40740740740741e-05 7.40740740740741e-05 0.998074074074074 7.40740740740741e-05 7.40740740740741e-05 0.000296296296296296 0.000296296296296296 0.000296296296296296 7.40740740740741e-05 0.000296296296296296; % R D=0.3
