syllables = '$FLNTVZblmvz';
discounts = [0.1 0.2 0.3 0.4 0.5 0.6 0.7 0.8 0.9 0.95];
kn_probs = [0.000395061728395062 9.87654320987654e-05 9.87654320987654e-05 9.87654320987654e-05 0.206395061728395 9.87654320987654e-05 0.273061728395062 0.213061728395062 9.87654320987654e-05 9.87654320987654e-05 9.87654320987654e-05 0.306395061728395; % $ D=0.1
0.213061728395062 9.87654320987654e-05 9.87654320987654e-05 9.87654320987654e-05 0.273061728395062 9.87654320987654e-05 0.273061728395062 0.239728395061728 9.87654320987654e-05 9.87654320987654e-05 9.87654320987654e-05 0.000395061728395062; % F D=0.1
0.259728395061728 9.87654320987654e-05 9.87654320987654e-05 9.87654320987654e-05 0.000395061728395062 9.87654320987654e-05 0.233061728395062 0.259728395061728 9.87654320987654e-05 9.87654320987654e-05 9.87654320987654e-05 0.246395061728395; % L D=0.1
9.87654320987654e-05 2.46913580246914e-05 2.46913580246914e-05 2.46913580246914e-05 9.87654320987654e-05 2.46913580246914e-05 9.87654320987654e-05 9.87654320987654e-05 0.999358024691358 2.46913580246914e-05 2.46913580246914e-05 9.87654320987654e-05; % N D=0.1
9.87654320987654e-05 2.46913580246914e-05 0.999358024691358 2.46913580246914e-05 9.87654320987654e-05 2.46913580246914e-05 9.87654320987654e-05 9.87654320987654e-05 2.46913580246914e-05 2.46913580246914e-05 2.46913580246914e-05 9.87654320987654e-05; % T D=0.1
0.286395061728395 9.87654320987654e-05 9.87654320987654e-05 9.87654320987654e-05 0.239728395061728 9.87654320987654e-05 0.219728395061728 0.000395061728395062 9.87654320987654e-05 9.87654320987654e-05 9.87654320987654e-05 0.253061728395062; % V D=0.1
9.87654320987654e-05 2.46913580246914e-05 2.46913580246914e-05 0.999358024691358 9.87654320987654e-05 2.46913580246914e-05 9.87654320987654e-05 9.87654320987654e-05 2.46913580246914e-05 2.46913580246914e-05 2.46913580246914e-05 9.87654320987654e-05; % Z D=0.1
9.87654320987654e-05 2.46913580246914e-05 2.46913580246914e-05 2.46913580246914e-05 9.87654320987654e-05 0.999358024691358 9.87654320987654e-05 9.87654320987654e-05 2.46913580246914e-05 2.46913580246914e-05 2.46913580246914e-05 9.87654320987654e-05; % b D=0.1
9.87654320987654e-05 2.46913580246914e-05 2.46913580246914e-05 2.46913580246914e-05 9.87654320987654e-05 2.46913580246914e-05 9.87654320987654e-05 9.87654320987654e-05 2.46913580246914e-05 0.999358024691358 2.46913580246914e-05 9.87654320987654e-05; % l D=0.1
0.239728395061728 9.87654320987654e-05 9.87654320987654e-05 9.87654320987654e-05 0.279728395061728 9.87654320987654e-05 0.000395061728395062 0.286395061728395 9.87654320987654e-05 9.87654320987654e-05 9.87654320987654e-05 0.193061728395062; % m D=0.1
9.87654320987654e-05 0.999358024691358 2.46913580246914e-05 2.46913580246914e-05 9.87654320987654e-05 2.46913580246914e-05 9.87654320987654e-05 9.87654320987654e-05 2.46913580246914e-05 2.46913580246914e-05 2.46913580246914e-05 9.87654320987654e-05; % v D=0.1
9.87654320987654e-05 2.46913580246914e-05 2.46913580246914e-05 2.46913580246914e-05 9.87654320987654e-05 2.46913580246914e-05 9.87654320987654e-05 9.87654320987654e-05 2.46913580246914e-05 2.46913580246914e-05 0.999358024691358 9.87654320987654e-05; % z D=0.1
0.000790123456790124 0.000197530864197531 0.000197530864197531 0.000197530864197531 0.206123456790123 0.000197530864197531 0.27279012345679 0.21279012345679 0.000197530864197531 0.000197530864197531 0.000197530864197531 0.306123456790123; % $ D=0.2
0.21279012345679 0.000197530864197531 0.000197530864197531 0.000197530864197531 0.27279012345679 0.000197530864197531 0.27279012345679 0.239456790123457 0.000197530864197531 0.000197530864197531 0.000197530864197531 0.000790123456790124; % F D=0.2
0.259456790123457 0.000197530864197531 0.000197530864197531 0.000197530864197531 0.000790123456790124 0.000197530864197531 0.23279012345679 0.259456790123457 0.000197530864197531 0.000197530864197531 0.000197530864197531 0.246123456790123; % L D=0.2
0.000197530864197531 4.93827160493827e-05 4.93827160493827e-05 4.93827160493827e-05 0.000197530864197531 4.93827160493827e-05 0.000197530864197531 0.000197530864197531 0.998716049382716 4.93827160493827e-05 4.93827160493827e-05 0.000197530864197531; % N D=0.2
0.000197530864197531 4.93827160493827e-05 0.998716049382716 4.93827160493827e-05 0.000197530864197531 4.93827160493827e-05 0.000197530864197531 0.000197530864197531 4.93827160493827e-05 4.93827160493827e-05 4.93827160493827e-05 0.000197530864197531; % T D=0.2
0.286123456790123 0.000197530864197531 0.000197530864197531 0.000197530864197531 0.239456790123457 0.000197530864197531 0.219456790123457 0.000790123456790124 0.000197530864197531 0.000197530864197531 0.000197530864197531 0.25279012345679; % V D=0.2
0.000197530864197531 4.93827160493827e-05 4.93827160493827e-05 0.998716049382716 0.000197530864197531 4.93827160493827e-05 0.000197530864197531 0.000197530864197531 4.93827160493827e-05 4.93827160493827e-05 4.93827160493827e-05 0.000197530864197531; % Z D=0.2
0.000197530864197531 4.93827160493827e-05 4.93827160493827e-05 4.93827160493827e-05 0.000197530864197531 0.998716049382716 0.000197530864197531 0.000197530864197531 4.93827160493827e-05 4.93827160493827e-05 4.93827160493827e-05 0.000197530864197531; % b D=0.2
0.000197530864197531 4.93827160493827e-05 4.93827160493827e-05 4.93827160493827e-05 0.000197530864197531 4.93827160493827e-05 0.000197530864197531 0.000197530864197531 4.93827160493827e-05 0.998716049382716 4.93827160493827e-05 0.000197530864197531; % l D=0.2
0.239456790123457 0.000197530864197531 0.000197530864197531 0.000197530864197531 0.279456790123457 0.000197530864197531 0.000790123456790124 0.286123456790123 0.000197530864197531 0.000197530864197531 0.000197530864197531 0.19279012345679; % m D=0.2
0.000197530864197531 0.998716049382716 4.93827160493827e-05 4.93827160493827e-05 0.000197530864197531 4.93827160493827e-05 0.000197530864197531 0.000197530864197531 4.93827160493827e-05 4.93827160493827e-05 4.93827160493827e-05 0.000197530864197531; % v D=0.2
0.000197530864197531 4.93827160493827e-05 4.93827160493827e-05 4.93827160493827e-05 0.000197530864197531 4.93827160493827e-05 0.000197530864197531 0.000197530864197531 4.93827160493827e-05 4.93827160493827e-05 0.998716049382716 0.000197530864197531; % z D=0.2
0.00118518518518519 0.000296296296296296 0.000296296296296296 0.000296296296296296 0.205851851851852 0.000296296296296296 0.272518518518519 0.212518518518518 0.000296296296296296 0.000296296296296296 0.000296296296296296 0.305851851851852; % $ D=0.3
0.212518518518518 0.000296296296296296 0.000296296296296296 0.000296296296296296 0.272518518518519 0.000296296296296296 0.272518518518519 0.239185185185185 0.000296296296296296 0.000296296296296296 0.000296296296296296 0.00118518518518519; % F D=0.3
0.259185185185185 0.000296296296296296 0.000296296296296296 0.000296296296296296 0.00118518518518519 0.000296296296296296 0.232518518518519 0.259185185185185 0.000296296296296296 0.000296296296296296 0.000296296296296296 0.245851851851852; % L D=0.3
0.000296296296296296 7.40740740740741e-05 7.40740740740741e-05 7.40740740740741e-05 0.000296296296296296 7.40740740740741e-05 0.000296296296296296 0.000296296296296296 0.998074074074074 7.40740740740741e-05 7.40740740740741e-05 0.000296296296296296; % N D=0.3
0.000296296296296296 7.40740740740741e-05 0.998074074074074 7.40740740740741e-05 0.000296296296296296 7.40740740740741e-05 0.000296296296296296 0.000296296296296296 7.40740740740741e-05 7.40740740740741e-05 7.40740740740741e-05 0.000296296296296296; % T D=0.3
0.285851851851852 0.000296296296296296 0.000296296296296296 0.000296296296296296 0.239185185185185 0.000296296296296296 0.219185185185185 0.00118518518518519 0.000296296296296296 0.000296296296296296 0.000296296296296296 0.252518518518519; % V D=0.3
