syllables = '$BDFJPRZbgknrtv';
discounts = [0.1 0.2 0.3 0.4 0.5 0.6 0.7 0.8 0.9 0.95];
kn_probs = [0.000416666666666667 8.33333333333333e-05 8.33333333333333e-05 0.21975 8.33333333333333e-05 0.17975 8.33333333333333e-05 8.33333333333333e-05 8.33333333333333e-05 0.166416666666667 8.33333333333333e-05 0.193083333333333 8.33333333333333e-05 0.239833333333333 8.33333333333333e-05; % $ D=0.1
0.000104166666666667 2.08333333333333e-05 2.08333333333333e-05 0.000104166666666667 2.08333333333333e-05 0.000104166666666667 2.08333333333333e-05 0.9991875 2.08333333333333e-05 0.000104166666666667 2.08333333333333e-05 0.000104166666666667 2.08333333333333e-05 0.000125 2.08333333333333e-05; % B D=0.1
0.2996875 0.000104166666666667 0.000104166666666667 0.000520833333333333 0.000104166666666667 0.1496875 0.000104166666666667 0.000104166666666667 0.000104166666666667 0.1746875 0.000104166666666667 0.208020833333333 0.000104166666666667 0.166458333333333 0.000104166666666667; % D D=0.1
0.000104166666666667 0.9991875 2.08333333333333e-05 0.000104166666666667 2.08333333333333e-05 0.000104166666666667 2.08333333333333e-05 2.08333333333333e-05 2.08333333333333e-05 0.000104166666666667 2.08333333333333e-05 0.000104166666666667 2.08333333333333e-05 0.000125 2.08333333333333e-05; % F D=0.1
0.258020833333333 0.000104166666666667 0.000104166666666667 0.1746875 0.000104166666666667 0.1746875 0.000104166666666667 0.000104166666666667 0.000104166666666667 0.183020833333333 0.000104166666666667 0.000520833333333333 0.000104166666666667 0.208125 0.000104166666666667; % J D=0.1
0.000104166666666667 2.08333333333333e-05 2.08333333333333e-05 0.000104166666666667 2.08333333333333e-05 0.000104166666666667 2.08333333333333e-05 2.08333333333333e-05 2.08333333333333e-05 0.000104166666666667 0.9991875 0.000104166666666667 2.08333333333333e-05 0.000125 2.08333333333333e-05; % P D=0.1
0.000104166666666667 2.08333333333333e-05 2.08333333333333e-05 0.000104166666666667 0.9991875 0.000104166666666667 2.08333333333333e-05 2.08333333333333e-05 2.08333333333333e-05 0.000104166666666667 2.08333333333333e-05 0.000104166666666667 2.08333333333333e-05 0.000125 2.08333333333333e-05; % R D=0.1
0.000104166666666667 2.08333333333333e-05 0.9991875 0.000104166666666667 2.08333333333333e-05 0.000104166666666667 2.08333333333333e-05 2.08333333333333e-05 2.08333333333333e-05 0.000104166666666667 2.08333333333333e-05 0.000104166666666667 2.08333333333333e-05 0.000125 2.08333333333333e-05; % Z D=0.1
0.000104166666666667 2.08333333333333e-05 2.08333333333333e-05 0.000104166666666667 2.08333333333333e-05 0.000104166666666667 2.08333333333333e-05 2.08333333333333e-05 2.08333333333333e-05 0.000104166666666667 2.08333333333333e-05 0.000104166666666667 0.9991875 0.000125 2.08333333333333e-05; % b D=0.1
0.000104166666666667 2.08333333333333e-05 2.08333333333333e-05 0.000104166666666667 2.08333333333333e-05 0.000104166666666667 2.08333333333333e-05 2.08333333333333e-05 2.08333333333333e-05 0.000104166666666667 2.08333333333333e-05 0.000104166666666667 2.08333333333333e-05 0.000125 0.9991875; % g D=0.1
0.233020833333333 0.000104166666666667 0.000104166666666667 0.208020833333333 0.000104166666666667 0.000520833333333333 0.000104166666666667 0.000104166666666667 0.000104166666666667 0.216354166666667 0.000104166666666667 0.1996875 0.000104166666666667 0.141458333333333 0.000104166666666667; % k D=0.1
0.000104166666666667 2.08333333333333e-05 2.08333333333333e-05 0.000104166666666667 2.08333333333333e-05 0.000104166666666667 0.9991875 2.08333333333333e-05 2.08333333333333e-05 0.000104166666666667 2.08333333333333e-05 0.000104166666666667 2.08333333333333e-05 0.000125 2.08333333333333e-05; % n D=0.1
0.191458333333333 0.000125 0.000125 0.166458333333333 0.000125 0.216458333333333 0.000125 0.000125 0.000125 0.216458333333333 0.000125 0.191458333333333 0.000125 0.0165833333333333 0.000125; % r D=0.1
0.000104166666666667 2.08333333333333e-05 2.08333333333333e-05 0.000104166666666667 2.08333333333333e-05 0.000104166666666667 2.08333333333333e-05 2.08333333333333e-05 0.9991875 0.000104166666666667 2.08333333333333e-05 0.000104166666666667 2.08333333333333e-05 0.000125 2.08333333333333e-05; % t D=0.1
0.266354166666667 0.000104166666666667 0.000104166666666667 0.1746875 0.000104166666666667 0.233020833333333 0.000104166666666667 0.000104166666666667 0.000104166666666667 0.000520833333333333 0.000104166666666667 0.158020833333333 0.000104166666666667 0.166458333333333 0.000104166666666667; % v D=0.1
0.000833333333333333 0.000166666666666667 0.000166666666666667 0.2195 0.000166666666666667 0.1795 0.000166666666666667 0.000166666666666667 0.000166666666666667 0.166166666666667 0.000166666666666667 0.192833333333333 0.000166666666666667 0.239666666666667 0.000166666666666667; % $ D=0.2
0.000208333333333333 4.16666666666667e-05 4.16666666666667e-05 0.000208333333333333 4.16666666666667e-05 0.000208333333333333 4.16666666666667e-05 0.998375 4.16666666666667e-05 0.000208333333333333 4.16666666666667e-05 0.000208333333333333 4.16666666666667e-05 0.00025 4.16666666666667e-05; % B D=0.2
0.299375 0.000208333333333333 0.000208333333333333 0.00104166666666667 0.000208333333333333 0.149375 0.000208333333333333 0.000208333333333333 0.000208333333333333 0.174375 0.000208333333333333 0.207708333333333 0.000208333333333333 0.16625 0.000208333333333333; % D D=0.2
0.000208333333333333 0.998375 4.16666666666667e-05 0.000208333333333333 4.16666666666667e-05 0.000208333333333333 4.16666666666667e-05 4.16666666666667e-05 4.16666666666667e-05 0.000208333333333333 4.16666666666667e-05 0.000208333333333333 4.16666666666667e-05 0.00025 4.16666666666667e-05; % F D=0.2
0.257708333333333 0.000208333333333333 0.000208333333333333 0.174375 0.000208333333333333 0.174375 0.000208333333333333 0.000208333333333333 0.000208333333333333 0.182708333333333 0.000208333333333333 0.00104166666666667 0.000208333333333333 0.207916666666667 0.000208333333333333; % J D=0.2
0.000208333333333333 4.16666666666667e-05 4.16666666666667e-05 0.000208333333333333 4.16666666666667e-05 0.000208333333333333 4.16666666666667e-05 4.16666666666667e-05 4.16666666666667e-05 0.000208333333333333 0.998375 0.000208333333333333 4.16666666666667e-05 0.00025 4.16666666666667e-05; % P D=0.2
0.000208333333333333 4.16666666666667e-05 4.16666666666667e-05 0.000208333333333333 0.998375 0.000208333333333333 4.16666666666667e-05 4.16666666666667e-05 4.16666666666667e-05 0.000208333333333333 4.16666666666667e-05 0.000208333333333333 4.16666666666667e-05 0.00025 4.16666666666667e-05; % R D=0.2
0.000208333333333333 4.16666666666667e-05 0.998375 0.000208333333333333 4.16666666666667e-05 0.000208333333333333 4.16666666666667e-05 4.16666666666667e-05 4.16666666666667e-05 0.000208333333333333 4.16666666666667e-05 0.000208333333333333 4.16666666666667e-05 0.00025 4.16666666666667e-05; % Z D=0.2
0.000208333333333333 4.16666666666667e-05 4.16666666666667e-05 0.000208333333333333 4.16666666666667e-05 0.000208333333333333 4.16666666666667e-05 4.16666666666667e-05 4.16666666666667e-05 0.000208333333333333 4.16666666666667e-05 0.000208333333333333 0.998375 0.00025 4.16666666666667e-05; % b D=0.2
0.000208333333333333 4.16666666666667e-05 4.16666666666667e-05 0.000208333333333333 4.16666666666667e-05 0.000208333333333333 4.16666666666667e-05 4.16666666666667e-05 4.16666666666667e-05 0.000208333333333333 4.16666666666667e-05 0.000208333333333333 4.16666666666667e-05 0.00025 0.998375; % g D=0.2
0.232708333333333 0.000208333333333333 0.000208333333333333 0.207708333333333 0.000208333333333333 0.00104166666666667 0.000208333333333333 0.000208333333333333 0.000208333333333333 0.216041666666667 0.000208333333333333 0.199375 0.000208333333333333 0.14125 0.000208333333333333; % k D=0.2
