syllables = '$DFLPTZfmptv';
discounts = [0.1 0.2 0.3 0.4 0.5 0.6 0.7 0.8 0.9 0.95];
kn_probs = [0.000395061728395062 0.266395061728395 9.87654320987654e-05 9.87654320987654e-05 0.233061728395062 0.293061728395062 9.87654320987654e-05 9.87654320987654e-05 9.87654320987654e-05 9.87654320987654e-05 0.206395061728395 9.87654320987654e-05; % $ D=0.1
9.87654320987654e-05 9.87654320987654e-05 2.46913580246914e-05 0.999358024691358 9.87654320987654e-05 9.87654320987654e-05 2.46913580246914e-05 2.46913580246914e-05 2.46913580246914e-05 2.46913580246914e-05 9.87654320987654e-05 2.46913580246914e-05; % D D=0.1
9.87654320987654e-05 9.87654320987654e-05 2.46913580246914e-05 2.46913580246914e-05 9.87654320987654e-05 9.87654320987654e-05 2.46913580246914e-05 2.46913580246914e-05 2.46913580246914e-05 0.999358024691358 9.87654320987654e-05 2.46913580246914e-05; % F D=0.1
9.87654320987654e-05 9.87654320987654e-05 0.999358024691358 2.46913580246914e-05 9.87654320987654e-05 9.87654320987654e-05 2.46913580246914e-05 2.46913580246914e-05 2.46913580246914e-05 2.46913580246914e-05 9.87654320987654e-05 2.46913580246914e-05; % L D=0.1
9.87654320987654e-05 9.87654320987654e-05 2.46913580246914e-05 2.46913580246914e-05 9.87654320987654e-05 9.87654320987654e-05 0.999358024691358 2.46913580246914e-05 2.46913580246914e-05 2.46913580246914e-05 9.87654320987654e-05 2.46913580246914e-05; % P D=0.1
9.87654320987654e-05 9.87654320987654e-05 2.46913580246914e-05 2.46913580246914e-05 9.87654320987654e-05 9.87654320987654e-05 2.46913580246914e-05 2.46913580246914e-05 0.999358024691358 2.46913580246914e-05 9.87654320987654e-05 2.46913580246914e-05; % T D=0.1
0.239728395061728 0.259728395061728 9.87654320987654e-05 9.87654320987654e-05 0.000395061728395062 0.206395061728395 9.87654320987654e-05 9.87654320987654e-05 9.87654320987654e-05 9.87654320987654e-05 0.293061728395062 9.87654320987654e-05; % Z D=0.1
0.253061728395062 0.246395061728395 9.87654320987654e-05 9.87654320987654e-05 0.266395061728395 0.000395061728395062 9.87654320987654e-05 9.87654320987654e-05 9.87654320987654e-05 9.87654320987654e-05 0.233061728395062 9.87654320987654e-05; % f D=0.1
9.87654320987654e-05 9.87654320987654e-05 2.46913580246914e-05 2.46913580246914e-05 9.87654320987654e-05 9.87654320987654e-05 2.46913580246914e-05 0.999358024691358 2.46913580246914e-05 2.46913580246914e-05 9.87654320987654e-05 2.46913580246914e-05; % m D=0.1
0.239728395061728 0.000395061728395062 9.87654320987654e-05 9.87654320987654e-05 0.253061728395062 0.239728395061728 9.87654320987654e-05 9.87654320987654e-05 9.87654320987654e-05 9.87654320987654e-05 0.266395061728395 9.87654320987654e-05; % p D=0.1
9.87654320987654e-05 9.87654320987654e-05 2.46913580246914e-05 2.46913580246914e-05 9.87654320987654e-05 9.87654320987654e-05 2.46913580246914e-05 2.46913580246914e-05 2.46913580246914e-05 2.46913580246914e-05 9.87654320987654e-05 0.999358024691358; % t D=0.1
0.266395061728395 0.226395061728395 9.87654320987654e-05 9.87654320987654e-05 0.246395061728395 0.259728395061728 9.87654320987654e-05 9.87654320987654e-05 9.87654320987654e-05 9.87654320987654e-05 0.000395061728395062 9.87654320987654e-05; % v D=0.1
0.000790123456790124 0.266123456790123 0.000197530864197531 0.000197530864197531 0.23279012345679 0.29279012345679 0.000197530864197531 0.000197530864197531 0.000197530864197531 0.000197530864197531 0.206123456790123 0.000197530864197531; % $ D=0.2
0.000197530864197531 0.000197530864197531 4.93827160493827e-05 0.998716049382716 0.000197530864197531 0.000197530864197531 4.93827160493827e-05 4.93827160493827e-05 4.93827160493827e-05 4.93827160493827e-05 0.000197530864197531 4.93827160493827e-05; % D D=0.2
0.000197530864197531 0.000197530864197531 4.93827160493827e-05 4.93827160493827e-05 0.000197530864197531 0.000197530864197531 4.93827160493827e-05 4.93827160493827e-05 4.93827160493827e-05 0.998716049382716 0.000197530864197531 4.93827160493827e-05; % F D=0.2
0.000197530864197531 0.000197530864197531 0.998716049382716 4.93827160493827e-05 0.000197530864197531 0.000197530864197531 4.93827160493827e-05 4.93827160493827e-05 4.93827160493827e-05 4.93827160493827e-05 0.000197530864197531 4.93827160493827e-05; % L D=0.2
0.000197530864197531 0.000197530864197531 4.93827160493827e-05 4.93827160493827e-05 0.000197530864197531 0.000197530864197531 0.998716049382716 4.93827160493827e-05 4.93827160493827e-05 4.93827160493827e-05 0.000197530864197531 4.93827160493827e-05; % P D=0.2
0.000197530864197531 0.000197530864197531 4.93827160493827e-05 4.93827160493827e-05 0.000197530864197531 0.000197530864197531 4.93827160493827e-05 4.93827160493827e-05 0.998716049382716 4.93827160493827e-05 0.000197530864197531 4.93827160493827e-05; % T D=0.2
0.239456790123457 0.259456790123457 0.000197530864197531 0.000197530864197531 0.000790123456790124 0.206123456790123 0.000197530864197531 0.000197530864197531 0.000197530864197531 0.000197530864197531 0.29279012345679 0.000197530864197531; % Z D=0.2
0.25279012345679 0.246123456790123 0.000197530864197531 0.000197530864197531 0.266123456790123 0.000790123456790124 0.000197530864197531 0.000197530864197531 0.000197530864197531 0.000197530864197531 0.23279012345679 0.000197530864197531; % f D=0.2
0.000197530864197531 0.000197530864197531 4.93827160493827e-05 4.93827160493827e-05 0.000197530864197531 0.000197530864197531 4.93827160493827e-05 0.998716049382716 4.93827160493827e-05 4.93827160493827e-05 0.000197530864197531 4.93827160493827e-05; % m D=0.2
0.239456790123457 0.000790123456790124 0.000197530864197531 0.000197530864197531 0.25279012345679 0.239456790123457 0.000197530864197531 0.000197530864197531 0.000197530864197531 0.000197530864197531 0.266123456790123 0.000197530864197531; % p D=0.2
0.000197530864197531 0.000197530864197531 4.93827160493827e-05 4.93827160493827e-05 0.000197530864197531 0.000197530864197531 4.93827160493827e-05 4.93827160493827e-05 4.93827160493827e-05 4.93827160493827e-05 0.000197530864197531 0.998716049382716; % t D=0.2
0.266123456790123 0.226123456790123 0.000197530864197531 0.000197530864197531 0.246123456790123 0.259456790123457 0.000197530864197531 0.000197530864197531 0.000197530864197531 0.000197530864197531 0.000790123456790124 0.000197530864197531; % v D=0.2
0.00118518518518519 0.265851851851852 0.000296296296296296 0.000296296296296296 0.232518518518519 0.292518518518519 0.000296296296296296 0.000296296296296296 0.000296296296296296 0.000296296296296296 0.205851851851852 0.000296296296296296; % $ D=0.3
0.000296296296296296 0.000296296296296296 7.40740740740741e-05 0.998074074074074 0.000296296296296296 0.000296296296296296 7.40740740740741e-05 7.40740740740741e-05 7.40740740740741e-05 7.40740740740741e-05 0.000296296296296296 7.40740740740741e-05; % D D=0.3
0.000296296296296296 0.000296296296296296 7.40740740740741e-05 7.40740740740741e-05 0.000296296296296296 0.000296296296296296 7.40740740740741e-05 7.40740740740741e-05 7.40740740740741e-05 0.998074074074074 0.000296296296296296 7.40740740740741e-05; % F D=0.3
0.000296296296296296 0.000296296296296296 0.998074074074074 7.40740740740741e-05 0.000296296296296296 0.000296296296296296 7.40740740740741e-05 7.40740740740741e-05 7.40740740740741e-05 7.40740740740741e-05 0.000296296296296296 7.40740740740741e-05; % L D=0.3
0.000296296296296296 0.000296296296296296 7.40740740740741e-05 7.40740740740741e-05 0.000296296296296296 0.000296296296296296 0.998074074074074 7.40740740740741e-05 7.40740740740741e-05 7.40740740740741e-05 0.000296296296296296 7.40740740740741e-05; % P D=0.3
0.000296296296296296 0.000296296296296296 7.40740740740741e-05 7.40740740740741e-05 0.000296296296296296 0.000296296296296296 7.40740740740741e-05 7.40740740740741e-05 0.998074074074074 7.40740740740741e-05 0.000296296296296296 7.40740740740741e-05; % T D=0.3
