syllables = '$BMZbflntv';
discounts = [0.1 0.2 0.3 0.4 0.5 0.6 0.7 0.8 0.9 0.95];
kn_probs = [0.000285714285714286 0.313047619047619 0.359714285714286 9.52380952380953e-05 9.52380952380953e-05 9.52380952380953e-05 9.52380952380953e-05 9.52380952380953e-05 9.52380952380953e-05 0.326380952380952; % $ D=0.1
7.14285714285714e-05 9.52380952380952e-05 9.52380952380952e-05 2.38095238095238e-05 2.38095238095238e-05 0.99952380952381 2.38095238095238e-05 2.38095238095238e-05 2.38095238095238e-05 9.52380952380952e-05; % B D=0.1
7.14285714285714e-05 9.52380952380952e-05 9.52380952380952e-05 0.99952380952381 2.38095238095238e-05 2.38095238095238e-05 2.38095238095238e-05 2.38095238095238e-05 2.38095238095238e-05 9.52380952380952e-05; % M D=0.1
0.264785714285714 0.304880952380952 0.154880952380952 9.52380952380952e-05 9.52380952380952e-05 9.52380952380952e-05 9.52380952380952e-05 9.52380952380952e-05 9.52380952380952e-05 0.274880952380952; % Z D=0.1
0.229785714285714 0.229880952380952 0.264880952380952 9.52380952380952e-05 9.52380952380952e-05 9.52380952380952e-05 9.52380952380952e-05 9.52380952380952e-05 9.52380952380952e-05 0.274880952380952; % b D=0.1
7.14285714285714e-05 9.52380952380952e-05 9.52380952380952e-05 2.38095238095238e-05 0.99952380952381 2.38095238095238e-05 2.38095238095238e-05 2.38095238095238e-05 2.38095238095238e-05 9.52380952380952e-05; % f D=0.1
0.254785714285714 0.229880952380952 0.309880952380952 9.52380952380952e-05 9.52380952380952e-05 9.52380952380952e-05 9.52380952380952e-05 9.52380952380952e-05 9.52380952380952e-05 0.204880952380952; % l D=0.1
7.14285714285714e-05 9.52380952380952e-05 9.52380952380952e-05 2.38095238095238e-05 2.38095238095238e-05 2.38095238095238e-05 0.99952380952381 2.38095238095238e-05 2.38095238095238e-05 9.52380952380952e-05; % n D=0.1
7.14285714285714e-05 9.52380952380952e-05 9.52380952380952e-05 2.38095238095238e-05 2.38095238095238e-05 2.38095238095238e-05 2.38095238095238e-05 0.99952380952381 2.38095238095238e-05 9.52380952380952e-05; % t D=0.1
7.14285714285714e-05 9.52380952380952e-05 9.52380952380952e-05 2.38095238095238e-05 2.38095238095238e-05 2.38095238095238e-05 2.38095238095238e-05 2.38095238095238e-05 0.99952380952381 9.52380952380952e-05; % v D=0.1
0.000571428571428571 0.312761904761905 0.359428571428571 0.000190476190476191 0.000190476190476191 0.000190476190476191 0.000190476190476191 0.000190476190476191 0.000190476190476191 0.326095238095238; % $ D=0.2
0.000142857142857143 0.00019047619047619 0.00019047619047619 4.76190476190476e-05 4.76190476190476e-05 0.999047619047619 4.76190476190476e-05 4.76190476190476e-05 4.76190476190476e-05 0.00019047619047619; % B D=0.2
0.000142857142857143 0.00019047619047619 0.00019047619047619 0.999047619047619 4.76190476190476e-05 4.76190476190476e-05 4.76190476190476e-05 4.76190476190476e-05 4.76190476190476e-05 0.00019047619047619; % M D=0.2
0.264571428571429 0.304761904761905 0.154761904761905 0.00019047619047619 0.00019047619047619 0.00019047619047619 0.00019047619047619 0.00019047619047619 0.00019047619047619 0.274761904761905; % Z D=0.2
0.229571428571429 0.229761904761905 0.264761904761905 0.00019047619047619 0.00019047619047619 0.00019047619047619 0.00019047619047619 0.00019047619047619 0.00019047619047619 0.274761904761905; % b D=0.2
0.000142857142857143 0.00019047619047619 0.00019047619047619 4.76190476190476e-05 0.999047619047619 4.76190476190476e-05 4.76190476190476e-05 4.76190476190476e-05 4.76190476190476e-05 0.00019047619047619; % f D=0.2
0.254571428571429 0.229761904761905 0.309761904761905 0.00019047619047619 0.00019047619047619 0.00019047619047619 0.00019047619047619 0.00019047619047619 0.00019047619047619 0.204761904761905; % l D=0.2
0.000142857142857143 0.00019047619047619 0.00019047619047619 4.76190476190476e-05 4.76190476190476e-05 4.76190476190476e-05 0.999047619047619 4.76190476190476e-05 4.76190476190476e-05 0.00019047619047619; % n D=0.2
0.000142857142857143 0.00019047619047619 0.00019047619047619 4.76190476190476e-05 4.76190476190476e-05 4.76190476190476e-05 4.76190476190476e-05 0.999047619047619 4.76190476190476e-05 0.00019047619047619; % t D=0.2
0.000142857142857143 0.00019047619047619 0.00019047619047619 4.76190476190476e-05 4.76190476190476e-05 4.76190476190476e-05 4.76190476190476e-05 4.76190476190476e-05 0.999047619047619 0.00019047619047619; % v D=0.2
0.000857142857142857 0.312476190476191 0.359142857142857 0.000285714285714286 0.000285714285714286 0.000285714285714286 0.000285714285714286 0.000285714285714286 0.000285714285714286 0.325809523809524; % $ D=0.3
0.000214285714285714 0.000285714285714286 0.000285714285714286 7.14285714285714e-05 7.14285714285714e-05 0.998571428571429 7.14285714285714e-05 7.14285714285714e-05 7.14285714285714e-05 0.000285714285714286; % B D=0.3
0.000214285714285714 0.000285714285714286 0.000285714285714286 0.998571428571429 7.14285714285714e-05 7.14285714285714e-05 7.14285714285714e-05 7.14285714285714e-05 7.14285714285714e-05 0.000285714285714286; % M D=0.3
0.264357142857143 0.304642857142857 0.154642857142857 0.000285714285714286 0.000285714285714286 0.000285714285714286 0.000285714285714286 0.000285714285714286 0.000285714285714286 0.274642857142857; % Z D=0.3
0.229357142857143 0.229642857142857 0.264642857142857 0.000285714285714286 0.000285714285714286 0.000285714285714286 0.000285714285714286 0.000285714285714286 0.000285714285714286 0.274642857142857; % b D=0.3
0.000214285714285714 0.000285714285714286 0.000285714285714286 7.14285714285714e-05 0.998571428571429 7.14285714285714e-05 7.14285714285714e-05 7.14285714285714e-05 7.14285714285714e-05 0.000285714285714286; % f D=0.3
0.254357142857143 0.229642857142857 0.309642857142857 0.000285714285714286 0.000285714285714286 0.000285714285714286 0.000285714285714286 0.000285714285714286 0.000285714285714286 0.204642857142857; % l D=0.3
0.000214285714285714 0.000285714285714286 0.000285714285714286 7.14285714285714e-05 7.14285714285714e-05 7.14285714285714e-05 0.998571428571429 7.14285714285714e-05 7.14285714285714e-05 0.000285714285714286; % n D=0.3
0.000214285714285714 0.000285714285714286 0.000285714285714286 7.14285714285714e-05 7.14285714285714e-05 7.14285714285714e-05 7.14285714285714e-05 0.998571428571429 7.14285714285714e-05 0.000285714285714286; % t D=0.3
0.000214285714285714 0.000285714285714286 0.000285714285714286 7.14285714285714e-05 7.14285714285714e-05 7.14285714285714e-05 7.14285714285714e-05 7.14285714285714e-05 0.998571428571429 0.000285714285714286; % v D=0.3
0.00114285714285714 0.312190476190476 0.358857142857143 0.000380952380952381 0.000380952380952381 0.000380952380952381 0.000380952380952381 0.000380952380952381 0.000380952380952381 0.32552380952381; % $ D=0.4
0.000285714285714286 0.000380952380952381 0.000380952380952381 9.52380952380952e-05 9.52380952380952e-05 0.998095238095238 9.52380952380952e-05 9.52380952380952e-05 9.52380952380952e-05 0.000380952380952381; % B D=0.4
0.000285714285714286 0.000380952380952381 0.000380952380952381 0.998095238095238 9.52380952380952e-05 9.52380952380952e-05 9.52380952380952e-05 9.52380952380952e-05 9.52380952380952e-05 0.000380952380952381; % M D=0.4
0.264142857142857 0.30452380952381 0.15452380952381 0.000380952380952381 0.000380952380952381 0.000380952380952381 0.000380952380952381 0.000380952380952381 0.000380952380952381 0.27452380952381; % Z D=0.4
0.229142857142857 0.22952380952381 0.26452380952381 0.000380952380952381 0.000380952380952381 0.000380952380952381 0.000380952380952381 0.000380952380952381 0.000380952380952381 0.27452380952381; % b D=0.4
0.000285714285714286 0.000380952380952381 0.000380952380952381 9.52380952380952e-05 0.998095238095238 9.52380952380952e-05 9.52380952380952e-05 9.52380952380952e-05 9.52380952380952e-05 0.000380952380952381; % f D=0.4
0.254142857142857 0.22952380952381 0.30952380952381 0.000380952380952381 0.000380952380952381 0.000380952380952381 0.000380952380952381 0.000380952380952381 0.000380952380952381 0.20452380952381; % l D=0.4
0.000285714285714286 0.000380952380952381 0.000380952380952381 9.52380952380952e-05 9.52380952380952e-05 9.52380952380952e-05 0.998095238095238 9.52380952380952e-05 9.52380952380952e-05 0.000380952380952381; % n D=0.4
0.000285714285714286 0.000380952380952381 0.000380952380952381 9.52380952380952e-05 9.52380952380952e-05 9.52380952380952e-05 9.52380952380952e-05 0.998095238095238 9.52380952380952e-05 0.000380952380952381; % t D=0.4
0.000285714285714286 0.000380952380952381 0.000380952380952381 9.52380952380952e-05 9.52380952380952e-05 9.52380952380952e-05 9.52380952380952e-05 9.52380952380952e-05 0.998095238095238 0.000380952380952381; % v D=0.4
0.00142857142857143 0.311904761904762 0.358571428571429 0.000476190476190476 0.000476190476190476 0.000476190476190476 0.000476190476190476 0.000476190476190476 0.000476190476190476 0.325238095238095; % $ D=0.5
0.000357142857142857 0.000476190476190476 0.000476190476190476 0.000119047619047619 0.000119047619047619 0.997619047619048 0.000119047619047619 0.000119047619047619 0.000119047619047619 0.000476190476190476; % B D=0.5
0.000357142857142857 0.000476190476190476 0.000476190476190476 0.997619047619048 0.000119047619047619 0.000119047619047619 0.000119047619047619 0.000119047619047619 0.000119047619047619 0.000476190476190476; % M D=0.5
0.263928571428571 0.304404761904762 0.154404761904762 0.000476190476190476 0.000476190476190476 0.000476190476190476 0.000476190476190476 0.000476190476190476 0.000476190476190476 0.274404761904762; % Z D=0.5
0.228928571428571 0.229404761904762 0.264404761904762 0.000476190476190476 0.000476190476190476 0.000476190476190476 0.000476190476190476 0.000476190476190476 0.000476190476190476 0.274404761904762; % b D=0.5
0.000357142857142857 0.000476190476190476 0.000476190476190476 0.000119047619047619 0.997619047619048 0.000119047619047619 0.000119047619047619 0.000119047619047619 0.000119047619047619 0.000476190476190476; % f D=0.5
0.253928571428571 0.229404761904762 0.309404761904762 0.000476190476190476 0.000476190476190476 0.000476190476190476 0.000476190476190476 0.000476190476190476 0.000476190476190476 0.204404761904762; % l D=0.5
0.000357142857142857 0.000476190476190476 0.000476190476190476 0.000119047619047619 0.000119047619047619 0.000119047619047619 0.997619047619048 0.000119047619047619 0.000119047619047619 0.000476190476190476; % n D=0.5
0.000357142857142857 0.000476190476190476 0.000476190476190476 0.000119047619047619 0.000119047619047619 0.000119047619047619 0.000119047619047619 0.997619047619048 0.000119047619047619 0.000476190476190476; % t D=0.5
0.000357142857142857 0.000476190476190476 0.000476190476190476 0.000119047619047619 0.000119047619047619 0.000119047619047619 0.000119047619047619 0.000119047619047619 0.997619047619048 0.000476190476190476; % v D=0.5
0.00171428571428571 0.311619047619048 0.358285714285714 0.000571428571428571 0.000571428571428571 0.000571428571428571 0.000571428571428571 0.000571428571428571 0.000571428571428571 0.324952380952381; % $ D=0.6
0.000428571428571429 0.000571428571428571 0.000571428571428571 0.000142857142857143 0.000142857142857143 0.997142857142857 0.000142857142857143 0.000142857142857143 0.000142857142857143 0.000571428571428571; % B D=0.6
0.000428571428571429 0.000571428571428571 0.000571428571428571 0.997142857142857 0.000142857142857143 0.000142857142857143 0.000142857142857143 0.000142857142857143 0.000142857142857143 0.000571428571428571; % M D=0.6
0.263714285714286 0.304285714285714 0.154285714285714 0.000571428571428571 0.000571428571428571 0.000571428571428571 0.000571428571428571 0.000571428571428571 0.000571428571428571 0.274285714285714; % Z D=0.6
0.228714285714286 0.229285714285714 0.264285714285714 0.000571428571428571 0.000571428571428571 0.000571428571428571 0.000571428571428571 0.000571428571428571 0.000571428571428571 0.274285714285714; % b D=0.6
0.000428571428571429 0.000571428571428571 0.000571428571428571 0.000142857142857143 0.997142857142857 0.000142857142857143 0.000142857142857143 0.000142857142857143 0.000142857142857143 0.000571428571428571; % f D=0.6
0.253714285714286 0.229285714285714 0.309285714285714 0.000571428571428571 0.000571428571428571 0.000571428571428571 0.000571428571428571 0.000571428571428571 0.000571428571428571 0.204285714285714; % l D=0.6
0.000428571428571429 0.000571428571428571 0.000571428571428571 0.000142857142857143 0.000142857142857143 0.000142857142857143 0.997142857142857 0.000142857142857143 0.000142857142857143 0.000571428571428571; % n D=0.6
0.000428571428571429 0.000571428571428571 0.000571428571428571 0.000142857142857143 0.000142857142857143 0.000142857142857143 0.000142857142857143 0.997142857142857 0.000142857142857143 0.000571428571428571; % t D=0.6
0.000428571428571429 0.000571428571428571 0.000571428571428571 0.000142857142857143 0.000142857142857143 0.000142857142857143 0.000142857142857143 0.000142857142857143 0.997142857142857 0.000571428571428571; % v D=0.6
0.002 0.311333333333333 0.358 0.000666666666666667 0.000666666666666667 0.000666666666666667 0.000666666666666667 0.000666666666666667 0.000666666666666667 0.324666666666667; % $ D=0.7
0.0005 0.000666666666666667 0.000666666666666667 0.000166666666666667 0.000166666666666667 0.996666666666667 0.000166666666666667 0.000166666666666667 0.000166666666666667 0.000666666666666667; % B D=0.7
0.0005 0.000666666666666667 0.000666666666666667 0.996666666666667 0.000166666666666667 0.000166666666666667 0.000166666666666667 0.000166666666666667 0.000166666666666667 0.000666666666666667; % M D=0.7
0.2635 0.304166666666667 0.154166666666667 0.000666666666666667 0.000666666666666667 0.000666666666666667 0.000666666666666667 0.000666666666666667 0.000666666666666667 0.274166666666667; % Z D=0.7
0.2285 0.229166666666667 0.264166666666667 0.000666666666666667 0.000666666666666667 0.000666666666666667 0.000666666666666667 0.000666666666666667 0.000666666666666667 0.274166666666667; % b D=0.7
0.0005 0.000666666666666667 0.000666666666666667 0.000166666666666667 0.996666666666667 0.000166666666666667 0.000166666666666667 0.000166666666666667 0.000166666666666667 0.000666666666666667; % f D=0.7
0.2535 0.229166666666667 0.309166666666667 0.000666666666666667 0.000666666666666667 0.000666666666666667 0.000666666666666667 0.000666666666666667 0.000666666666666667 0.204166666666667; % l D=0.7
0.0005 0.000666666666666667 0.000666666666666667 0.000166666666666667 0.000166666666666667 0.000166666666666667 0.996666666666667 0.000166666666666667 0.000166666666666667 0.000666666666666667; % n D=0.7
0.0005 0.000666666666666667 0.000666666666666667 0.000166666666666667 0.000166666666666667 0.000166666666666667 0.000166666666666667 0.996666666666667 0.000166666666666667 0.000666666666666667; % t D=0.7
0.0005 0.000666666666666667 0.000666666666666667 0.000166666666666667 0.000166666666666667 0.000166666666666667 0.000166666666666667 0.000166666666666667 0.996666666666667 0.000666666666666667; % v D=0.7
0.00228571428571429 0.311047619047619 0.357714285714286 0.000761904761904762 0.000761904761904762 0.000761904761904762 0.000761904761904762 0.000761904761904762 0.000761904761904762 0.324380952380952; % $ D=0.8
0.000571428571428571 0.000761904761904762 0.000761904761904762 0.00019047619047619 0.00019047619047619 0.996190476190476 0.00019047619047619 0.00019047619047619 0.00019047619047619 0.000761904761904762; % B D=0.8
0.000571428571428571 0.000761904761904762 0.000761904761904762 0.996190476190476 0.00019047619047619 0.00019047619047619 0.00019047619047619 0.00019047619047619 0.00019047619047619 0.000761904761904762; % M D=0.8
0.263285714285714 0.304047619047619 0.154047619047619 0.000761904761904762 0.000761904761904762 0.000761904761904762 0.000761904761904762 0.000761904761904762 0.000761904761904762 0.274047619047619; % Z D=0.8
0.228285714285714 0.229047619047619 0.264047619047619 0.000761904761904762 0.000761904761904762 0.000761904761904762 0.000761904761904762 0.000761904761904762 0.000761904761904762 0.274047619047619; % b D=0.8
0.000571428571428571 0.000761904761904762 0.000761904761904762 0.00019047619047619 0.996190476190476 0.00019047619047619 0.00019047619047619 0.00019047619047619 0.00019047619047619 0.000761904761904762; % f D=0.8
0.253285714285714 0.229047619047619 0.309047619047619 0.000761904761904762 0.000761904761904762 0.000761904761904762 0.000761904761904762 0.000761904761904762 0.000761904761904762 0.204047619047619; % l D=0.8
0.000571428571428571 0.000761904761904762 0.000761904761904762 0.00019047619047619 0.00019047619047619 0.00019047619047619 0.996190476190476 0.00019047619047619 0.00019047619047619 0.000761904761904762; % n D=0.8
0.000571428571428571 0.000761904761904762 0.000761904761904762 0.00019047619047619 0.00019047619047619 0.00019047619047619 0.00019047619047619 0.996190476190476 0.00019047619047619 0.000761904761904762; % t D=0.8
0.000571428571428571 0.000761904761904762 0.000761904761904762 0.00019047619047619 0.00019047619047619 0.00019047619047619 0.00019047619047619 0.00019047619047619 0.996190476190476 0.000761904761904762; % v D=0.8
0.00257142857142857 0.310761904761905 0.357428571428571 0.000857142857142857 0.000857142857142857 0.000857142857142857 0.000857142857142857 0.000857142857142857 0.000857142857142857 0.324095238095238; % $ D=0.9
0.000642857142857143 0.000857142857142857 0.000857142857142857 0.000214285714285714 0.000214285714285714 0.995714285714286 0.000214285714285714 0.000214285714285714 0.000214285714285714 0.000857142857142857; % B D=0.9
0.000642857142857143 0.000857142857142857 0.000857142857142857 0.995714285714286 0.000214285714285714 0.000214285714285714 0.000214285714285714 0.000214285714285714 0.000214285714285714 0.000857142857142857; % M D=0.9
0.263071428571429 0.303928571428571 0.153928571428571 0.000857142857142857 0.000857142857142857 0.000857142857142857 0.000857142857142857 0.000857142857142857 0.000857142857142857 0.273928571428571; % Z D=0.9
0.228071428571429 0.228928571428571 0.263928571428571 0.000857142857142857 0.000857142857142857 0.000857142857142857 0.000857142857142857 0.000857142857142857 0.000857142857142857 0.273928571428571; % b D=0.9
0.000642857142857143 0.000857142857142857 0.000857142857142857 0.000214285714285714 0.995714285714286 0.000214285714285714 0.000214285714285714 0.000214285714285714 0.000214285714285714 0.000857142857142857; % f D=0.9
0.253071428571429 0.228928571428571 0.308928571428571 0.000857142857142857 0.000857142857142857 0.000857142857142857 0.000857142857142857 0.000857142857142857 0.000857142857142857 0.203928571428571; % l D=0.9
0.000642857142857143 0.000857142857142857 0.000857142857142857 0.000214285714285714 0.000214285714285714 0.000214285714285714 0.995714285714286 0.000214285714285714 0.000214285714285714 0.000857142857142857; % n D=0.9
0.000642857142857143 0.000857142857142857 0.000857142857142857 0.000214285714285714 0.000214285714285714 0.000214285714285714 0.000214285714285714 0.995714285714286 0.000214285714285714 0.000857142857142857; % t D=0.9
0.000642857142857143 0.000857142857142857 0.000857142857142857 0.000214285714285714 0.000214285714285714 0.000214285714285714 0.000214285714285714 0.000214285714285714 0.995714285714286 0.000857142857142857; % v D=0.9
0.00271428571428571 0.310619047619048 0.357285714285714 0.000904761904761905 0.000904761904761905 0.000904761904761905 0.000904761904761905 0.000904761904761905 0.000904761904761905 0.323952380952381; % $ D=0.95
0.000678571428571428 0.000904761904761905 0.000904761904761905 0.000226190476190476 0.000226190476190476 0.995476190476191 0.000226190476190476 0.000226190476190476 0.000226190476190476 0.000904761904761905; % B D=0.95
0.000678571428571428 0.000904761904761905 0.000904761904761905 0.995476190476191 0.000226190476190476 0.000226190476190476 0.000226190476190476 0.000226190476190476 0.000226190476190476 0.000904761904761905; % M D=0.95
0.262964285714286 0.303869047619048 0.153869047619048 0.000904761904761905 0.000904761904761905 0.000904761904761905 0.000904761904761905 0.000904761904761905 0.000904761904761905 0.273869047619048; % Z D=0.95
0.227964285714286 0.228869047619048 0.263869047619048 0.000904761904761905 0.000904761904761905 0.000904761904761905 0.000904761904761905 0.000904761904761905 0.000904761904761905 0.273869047619048; % b D=0.95
0.000678571428571428 0.000904761904761905 0.000904761904761905 0.000226190476190476 0.995476190476191 0.000226190476190476 0.000226190476190476 0.000226190476190476 0.000226190476190476 0.000904761904761905; % f D=0.95
0.252964285714286 0.228869047619048 0.308869047619048 0.000904761904761905 0.000904761904761905 0.000904761904761905 0.000904761904761905 0.000904761904761905 0.000904761904761905 0.203869047619048; % l D=0.95
0.000678571428571428 0.000904761904761905 0.000904761904761905 0.000226190476190476 0.000226190476190476 0.000226190476190476 0.995476190476191 0.000226190476190476 0.000226190476190476 0.000904761904761905; % n D=0.95
0.000678571428571428 0.000904761904761905 0.000904761904761905 0.000226190476190476 0.000226190476190476 0.000226190476190476 0.000226190476190476 0.995476190476191 0.000226190476190476 0.000904761904761905; % t D=0.95
0.000678571428571428 0.000904761904761905 0.000904761904761905 0.000226190476190476 0.000226190476190476 0.000226190476190476 0.000226190476190476 0.000226190476190476 0.995476190476191 0.000904761904761905]; % v D=0.95
