syllables = '$JKLdflnrv';
discounts = [0.1 0.2 0.3 0.4 0.5 0.6 0.7 0.8 0.9 0.95];
kn_probs = [0.000285714285714286 9.52380952380953e-05 0.333047619047619 9.52380952380953e-05 0.339714285714286 9.52380952380953e-05 0.326380952380952 9.52380952380953e-05 9.52380952380953e-05 9.52380952380953e-05; % $ D=0.1
7.14285714285714e-05 2.38095238095238e-05 9.52380952380952e-05 2.38095238095238e-05 9.52380952380952e-05 0.99952380952381 9.52380952380952e-05 2.38095238095238e-05 2.38095238095238e-05 2.38095238095238e-05; % J D=0.1
7.14285714285714e-05 2.38095238095238e-05 9.52380952380952e-05 2.38095238095238e-05 9.52380952380952e-05 2.38095238095238e-05 9.52380952380952e-05 0.99952380952381 2.38095238095238e-05 2.38095238095238e-05; % K D=0.1
7.14285714285714e-05 0.99952380952381 9.52380952380952e-05 2.38095238095238e-05 9.52380952380952e-05 2.38095238095238e-05 9.52380952380952e-05 2.38095238095238e-05 2.38095238095238e-05 2.38095238095238e-05; % L D=0.1
7.14285714285714e-05 2.38095238095238e-05 9.52380952380952e-05 2.38095238095238e-05 9.52380952380952e-05 2.38095238095238e-05 9.52380952380952e-05 2.38095238095238e-05 2.38095238095238e-05 0.99952380952381; % d D=0.1
0.244785714285714 9.52380952380952e-05 0.304880952380952 9.52380952380952e-05 0.229880952380952 9.52380952380952e-05 0.219880952380952 9.52380952380952e-05 9.52380952380952e-05 9.52380952380952e-05; % f D=0.1
7.14285714285714e-05 2.38095238095238e-05 9.52380952380952e-05 0.99952380952381 9.52380952380952e-05 2.38095238095238e-05 9.52380952380952e-05 2.38095238095238e-05 2.38095238095238e-05 2.38095238095238e-05; % l D=0.1
0.264785714285714 9.52380952380952e-05 0.194880952380952 9.52380952380952e-05 0.299880952380952 9.52380952380952e-05 0.239880952380952 9.52380952380952e-05 9.52380952380952e-05 9.52380952380952e-05; % n D=0.1
0.239785714285714 9.52380952380952e-05 0.249880952380952 9.52380952380952e-05 0.214880952380952 9.52380952380952e-05 0.294880952380952 9.52380952380952e-05 9.52380952380952e-05 9.52380952380952e-05; % r D=0.1
7.14285714285714e-05 2.38095238095238e-05 9.52380952380952e-05 2.38095238095238e-05 9.52380952380952e-05 2.38095238095238e-05 9.52380952380952e-05 2.38095238095238e-05 0.99952380952381 2.38095238095238e-05; % v D=0.1
0.000571428571428571 0.000190476190476191 0.332761904761905 0.000190476190476191 0.339428571428571 0.000190476190476191 0.326095238095238 0.000190476190476191 0.000190476190476191 0.000190476190476191; % $ D=0.2
0.000142857142857143 4.76190476190476e-05 0.00019047619047619 4.76190476190476e-05 0.00019047619047619 0.999047619047619 0.00019047619047619 4.76190476190476e-05 4.76190476190476e-05 4.76190476190476e-05; % J D=0.2
0.000142857142857143 4.76190476190476e-05 0.00019047619047619 4.76190476190476e-05 0.00019047619047619 4.76190476190476e-05 0.00019047619047619 0.999047619047619 4.76190476190476e-05 4.76190476190476e-05; % K D=0.2
0.000142857142857143 0.999047619047619 0.00019047619047619 4.76190476190476e-05 0.00019047619047619 4.76190476190476e-05 0.00019047619047619 4.76190476190476e-05 4.76190476190476e-05 4.76190476190476e-05; % L D=0.2
0.000142857142857143 4.76190476190476e-05 0.00019047619047619 4.76190476190476e-05 0.00019047619047619 4.76190476190476e-05 0.00019047619047619 4.76190476190476e-05 4.76190476190476e-05 0.999047619047619; % d D=0.2
0.244571428571429 0.00019047619047619 0.304761904761905 0.00019047619047619 0.229761904761905 0.00019047619047619 0.219761904761905 0.00019047619047619 0.00019047619047619 0.00019047619047619; % f D=0.2
0.000142857142857143 4.76190476190476e-05 0.00019047619047619 0.999047619047619 0.00019047619047619 4.76190476190476e-05 0.00019047619047619 4.76190476190476e-05 4.76190476190476e-05 4.76190476190476e-05; % l D=0.2
0.264571428571429 0.00019047619047619 0.194761904761905 0.00019047619047619 0.299761904761905 0.00019047619047619 0.239761904761905 0.00019047619047619 0.00019047619047619 0.00019047619047619; % n D=0.2
0.239571428571429 0.00019047619047619 0.249761904761905 0.00019047619047619 0.214761904761905 0.00019047619047619 0.294761904761905 0.00019047619047619 0.00019047619047619 0.00019047619047619; % r D=0.2
0.000142857142857143 4.76190476190476e-05 0.00019047619047619 4.76190476190476e-05 0.00019047619047619 4.76190476190476e-05 0.00019047619047619 4.76190476190476e-05 0.999047619047619 4.76190476190476e-05; % v D=0.2
0.000857142857142857 0.000285714285714286 0.332476190476191 0.000285714285714286 0.339142857142857 0.000285714285714286 0.325809523809524 0.000285714285714286 0.000285714285714286 0.000285714285714286; % $ D=0.3
0.000214285714285714 7.14285714285714e-05 0.000285714285714286 7.14285714285714e-05 0.000285714285714286 0.998571428571429 0.000285714285714286 7.14285714285714e-05 7.14285714285714e-05 7.14285714285714e-05; % J D=0.3
0.000214285714285714 7.14285714285714e-05 0.000285714285714286 7.14285714285714e-05 0.000285714285714286 7.14285714285714e-05 0.000285714285714286 0.998571428571429 7.14285714285714e-05 7.14285714285714e-05; % K D=0.3
0.000214285714285714 0.998571428571429 0.000285714285714286 7.14285714285714e-05 0.000285714285714286 7.14285714285714e-05 0.000285714285714286 7.14285714285714e-05 7.14285714285714e-05 7.14285714285714e-05; % L D=0.3
0.000214285714285714 7.14285714285714e-05 0.000285714285714286 7.14285714285714e-05 0.000285714285714286 7.14285714285714e-05 0.000285714285714286 7.14285714285714e-05 7.14285714285714e-05 0.998571428571429; % d D=0.3
0.244357142857143 0.000285714285714286 0.304642857142857 0.000285714285714286 0.229642857142857 0.000285714285714286 0.219642857142857 0.000285714285714286 0.000285714285714286 0.000285714285714286; % f D=0.3
0.000214285714285714 7.14285714285714e-05 0.000285714285714286 0.998571428571429 0.000285714285714286 7.14285714285714e-05 0.000285714285714286 7.14285714285714e-05 7.14285714285714e-05 7.14285714285714e-05; % l D=0.3
0.264357142857143 0.000285714285714286 0.194642857142857 0.000285714285714286 0.299642857142857 0.000285714285714286 0.239642857142857 0.000285714285714286 0.000285714285714286 0.000285714285714286; % n D=0.3
0.239357142857143 0.000285714285714286 0.249642857142857 0.000285714285714286 0.214642857142857 0.000285714285714286 0.294642857142857 0.000285714285714286 0.000285714285714286 0.000285714285714286; % r D=0.3
0.000214285714285714 7.14285714285714e-05 0.000285714285714286 7.14285714285714e-05 0.000285714285714286 7.14285714285714e-05 0.000285714285714286 7.14285714285714e-05 0.998571428571429 7.14285714285714e-05; % v D=0.3
0.00114285714285714 0.000380952380952381 0.332190476190476 0.000380952380952381 0.338857142857143 0.000380952380952381 0.32552380952381 0.000380952380952381 0.000380952380952381 0.000380952380952381; % $ D=0.4
0.000285714285714286 9.52380952380952e-05 0.000380952380952381 9.52380952380952e-05 0.000380952380952381 0.998095238095238 0.000380952380952381 9.52380952380952e-05 9.52380952380952e-05 9.52380952380952e-05; % J D=0.4
0.000285714285714286 9.52380952380952e-05 0.000380952380952381 9.52380952380952e-05 0.000380952380952381 9.52380952380952e-05 0.000380952380952381 0.998095238095238 9.52380952380952e-05 9.52380952380952e-05; % K D=0.4
0.000285714285714286 0.998095238095238 0.000380952380952381 9.52380952380952e-05 0.000380952380952381 9.52380952380952e-05 0.000380952380952381 9.52380952380952e-05 9.52380952380952e-05 9.52380952380952e-05; % L D=0.4
0.000285714285714286 9.52380952380952e-05 0.000380952380952381 9.52380952380952e-05 0.000380952380952381 9.52380952380952e-05 0.000380952380952381 9.52380952380952e-05 9.52380952380952e-05 0.998095238095238; % d D=0.4
0.244142857142857 0.000380952380952381 0.30452380952381 0.000380952380952381 0.22952380952381 0.000380952380952381 0.21952380952381 0.000380952380952381 0.000380952380952381 0.000380952380952381; % f D=0.4
0.000285714285714286 9.52380952380952e-05 0.000380952380952381 0.998095238095238 0.000380952380952381 9.52380952380952e-05 0.000380952380952381 9.52380952380952e-05 9.52380952380952e-05 9.52380952380952e-05; % l D=0.4
