syllables = '$BDGTVlmprtz';
discounts = [0.1 0.2 0.3 0.4 0.5 0.6 0.7 0.8 0.9 0.95];
kn_probs = [0.000395061728395062 9.87654320987654e-05 0.239728395061728 9.87654320987654e-05 9.87654320987654e-05 9.87654320987654e-05 0.286395061728395 0.173061728395062 9.87654320987654e-05 0.299728395061728 9.87654320987654e-05 9.87654320987654e-05; % $ D=0.1
0.353061728395062 9.87654320987654e-05 0.213061728395062 9.87654320987654e-05 9.87654320987654e-05 9.87654320987654e-05 0.206395061728395 0.000395061728395062 9.87654320987654e-05 0.226395061728395 9.87654320987654e-05 9.87654320987654e-05; % B D=0.1
9.87654320987654e-05 2.46913580246914e-05 9.87654320987654e-05 2.46913580246914e-05 2.46913580246914e-05 2.46913580246914e-05 9.87654320987654e-05 9.87654320987654e-05 2.46913580246914e-05 9.87654320987654e-05 0.999358024691358 2.46913580246914e-05; % D D=0.1
0.266395061728395 9.87654320987654e-05 0.000395061728395062 9.87654320987654e-05 9.87654320987654e-05 9.87654320987654e-05 0.213061728395062 0.253061728395062 9.87654320987654e-05 0.266395061728395 9.87654320987654e-05 9.87654320987654e-05; % G D=0.1
0.173061728395062 9.87654320987654e-05 0.273061728395062 9.87654320987654e-05 9.87654320987654e-05 9.87654320987654e-05 0.293061728395062 0.259728395061728 9.87654320987654e-05 0.000395061728395062 9.87654320987654e-05 9.87654320987654e-05; % T D=0.1
0.206395061728395 9.87654320987654e-05 0.273061728395062 9.87654320987654e-05 9.87654320987654e-05 9.87654320987654e-05 0.000395061728395062 0.313061728395062 9.87654320987654e-05 0.206395061728395 9.87654320987654e-05 9.87654320987654e-05; % V D=0.1
9.87654320987654e-05 2.46913580246914e-05 9.87654320987654e-05 2.46913580246914e-05 2.46913580246914e-05 0.999358024691358 9.87654320987654e-05 9.87654320987654e-05 2.46913580246914e-05 9.87654320987654e-05 2.46913580246914e-05 2.46913580246914e-05; % l D=0.1
9.87654320987654e-05 2.46913580246914e-05 9.87654320987654e-05 2.46913580246914e-05 2.46913580246914e-05 2.46913580246914e-05 9.87654320987654e-05 9.87654320987654e-05 2.46913580246914e-05 9.87654320987654e-05 2.46913580246914e-05 0.999358024691358; % m D=0.1
9.87654320987654e-05 0.999358024691358 9.87654320987654e-05 2.46913580246914e-05 2.46913580246914e-05 2.46913580246914e-05 9.87654320987654e-05 9.87654320987654e-05 2.46913580246914e-05 9.87654320987654e-05 2.46913580246914e-05 2.46913580246914e-05; % p D=0.1
9.87654320987654e-05 2.46913580246914e-05 9.87654320987654e-05 2.46913580246914e-05 0.999358024691358 2.46913580246914e-05 9.87654320987654e-05 9.87654320987654e-05 2.46913580246914e-05 9.87654320987654e-05 2.46913580246914e-05 2.46913580246914e-05; % r D=0.1
9.87654320987654e-05 2.46913580246914e-05 9.87654320987654e-05 0.999358024691358 2.46913580246914e-05 2.46913580246914e-05 9.87654320987654e-05 9.87654320987654e-05 2.46913580246914e-05 9.87654320987654e-05 2.46913580246914e-05 2.46913580246914e-05; % t D=0.1
9.87654320987654e-05 2.46913580246914e-05 9.87654320987654e-05 2.46913580246914e-05 2.46913580246914e-05 2.46913580246914e-05 9.87654320987654e-05 9.87654320987654e-05 0.999358024691358 9.87654320987654e-05 2.46913580246914e-05 2.46913580246914e-05; % z D=0.1
0.000790123456790124 0.000197530864197531 0.239456790123457 0.000197530864197531 0.000197530864197531 0.000197530864197531 0.286123456790123 0.17279012345679 0.000197530864197531 0.299456790123457 0.000197530864197531 0.000197530864197531; % $ D=0.2
0.35279012345679 0.000197530864197531 0.21279012345679 0.000197530864197531 0.000197530864197531 0.000197530864197531 0.206123456790123 0.000790123456790124 0.000197530864197531 0.226123456790123 0.000197530864197531 0.000197530864197531; % B D=0.2
0.000197530864197531 4.93827160493827e-05 0.000197530864197531 4.93827160493827e-05 4.93827160493827e-05 4.93827160493827e-05 0.000197530864197531 0.000197530864197531 4.93827160493827e-05 0.000197530864197531 0.998716049382716 4.93827160493827e-05; % D D=0.2
0.266123456790123 0.000197530864197531 0.000790123456790124 0.000197530864197531 0.000197530864197531 0.000197530864197531 0.21279012345679 0.25279012345679 0.000197530864197531 0.266123456790123 0.000197530864197531 0.000197530864197531; % G D=0.2
0.17279012345679 0.000197530864197531 0.27279012345679 0.000197530864197531 0.000197530864197531 0.000197530864197531 0.29279012345679 0.259456790123457 0.000197530864197531 0.000790123456790124 0.000197530864197531 0.000197530864197531; % T D=0.2
0.206123456790123 0.000197530864197531 0.27279012345679 0.000197530864197531 0.000197530864197531 0.000197530864197531 0.000790123456790124 0.31279012345679 0.000197530864197531 0.206123456790123 0.000197530864197531 0.000197530864197531; % V D=0.2
0.000197530864197531 4.93827160493827e-05 0.000197530864197531 4.93827160493827e-05 4.93827160493827e-05 0.998716049382716 0.000197530864197531 0.000197530864197531 4.93827160493827e-05 0.000197530864197531 4.93827160493827e-05 4.93827160493827e-05; % l D=0.2
0.000197530864197531 4.93827160493827e-05 0.000197530864197531 4.93827160493827e-05 4.93827160493827e-05 4.93827160493827e-05 0.000197530864197531 0.000197530864197531 4.93827160493827e-05 0.000197530864197531 4.93827160493827e-05 0.998716049382716; % m D=0.2
0.000197530864197531 0.998716049382716 0.000197530864197531 4.93827160493827e-05 4.93827160493827e-05 4.93827160493827e-05 0.000197530864197531 0.000197530864197531 4.93827160493827e-05 0.000197530864197531 4.93827160493827e-05 4.93827160493827e-05; % p D=0.2
0.000197530864197531 4.93827160493827e-05 0.000197530864197531 4.93827160493827e-05 0.998716049382716 4.93827160493827e-05 0.000197530864197531 0.000197530864197531 4.93827160493827e-05 0.000197530864197531 4.93827160493827e-05 4.93827160493827e-05; % r D=0.2
0.000197530864197531 4.93827160493827e-05 0.000197530864197531 0.998716049382716 4.93827160493827e-05 4.93827160493827e-05 0.000197530864197531 0.000197530864197531 4.93827160493827e-05 0.000197530864197531 4.93827160493827e-05 4.93827160493827e-05; % t D=0.2
0.000197530864197531 4.93827160493827e-05 0.000197530864197531 4.93827160493827e-05 4.93827160493827e-05 4.93827160493827e-05 0.000197530864197531 0.000197530864197531 0.998716049382716 0.000197530864197531 4.93827160493827e-05 4.93827160493827e-05; % z D=0.2
0.00118518518518519 0.000296296296296296 0.239185185185185 0.000296296296296296 0.000296296296296296 0.000296296296296296 0.285851851851852 0.172518518518519 0.000296296296296296 0.299185185185185 0.000296296296296296 0.000296296296296296; % $ D=0.3
0.352518518518519 0.000296296296296296 0.212518518518518 0.000296296296296296 0.000296296296296296 0.000296296296296296 0.205851851851852 0.00118518518518519 0.000296296296296296 0.225851851851852 0.000296296296296296 0.000296296296296296; % B D=0.3
0.000296296296296296 7.40740740740741e-05 0.000296296296296296 7.40740740740741e-05 7.40740740740741e-05 7.40740740740741e-05 0.000296296296296296 0.000296296296296296 7.40740740740741e-05 0.000296296296296296 0.998074074074074 7.40740740740741e-05; % D D=0.3
0.265851851851852 0.000296296296296296 0.00118518518518519 0.000296296296296296 0.000296296296296296 0.000296296296296296 0.212518518518518 0.252518518518519 0.000296296296296296 0.265851851851852 0.000296296296296296 0.000296296296296296; % G D=0.3
0.172518518518519 0.000296296296296296 0.272518518518519 0.000296296296296296 0.000296296296296296 0.000296296296296296 0.292518518518519 0.259185185185185 0.000296296296296296 0.00118518518518519 0.000296296296296296 0.000296296296296296; % T D=0.3
0.205851851851852 0.000296296296296296 0.272518518518519 0.000296296296296296 0.000296296296296296 0.000296296296296296 0.00118518518518519 0.312518518518519 0.000296296296296296 0.205851851851852 0.000296296296296296 0.000296296296296296; % V D=0.3
0.000296296296296296 7.40740740740741e-05 0.000296296296296296 7.40740740740741e-05 7.40740740740741e-05 0.998074074074074 0.000296296296296296 0.000296296296296296 7.40740740740741e-05 0.000296296296296296 7.40740740740741e-05 7.40740740740741e-05; % l D=0.3
0.000296296296296296 7.40740740740741e-05 0.000296296296296296 7.40740740740741e-05 7.40740740740741e-05 7.40740740740741e-05 0.000296296296296296 0.000296296296296296 7.40740740740741e-05 0.000296296296296296 7.40740740740741e-05 0.998074074074074; % m D=0.3
0.000296296296296296 0.998074074074074 0.000296296296296296 7.40740740740741e-05 7.40740740740741e-05 7.40740740740741e-05 0.000296296296296296 0.000296296296296296 7.40740740740741e-05 0.000296296296296296 7.40740740740741e-05 7.40740740740741e-05; % p D=0.3
0.000296296296296296 7.40740740740741e-05 0.000296296296296296 7.40740740740741e-05 0.998074074074074 7.40740740740741e-05 0.000296296296296296 0.000296296296296296 7.40740740740741e-05 0.000296296296296296 7.40740740740741e-05 7.40740740740741e-05; % r D=0.3
0.000296296296296296 7.40740740740741e-05 0.000296296296296296 0.998074074074074 7.40740740740741e-05 7.40740740740741e-05 0.000296296296296296 0.000296296296296296 7.40740740740741e-05 0.000296296296296296 7.40740740740741e-05 7.40740740740741e-05; % t D=0.3
0.000296296296296296 7.40740740740741e-05 0.000296296296296296 7.40740740740741e-05 7.40740740740741e-05 7.40740740740741e-05 0.000296296296296296 0.000296296296296296 0.998074074074074 0.000296296296296296 7.40740740740741e-05 7.40740740740741e-05; % z D=0.3
0.00158024691358025 0.000395061728395062 0.238913580246914 0.000395061728395062 0.000395061728395062 0.000395061728395062 0.28558024691358 0.172246913580247 0.000395061728395062 0.298913580246914 0.000395061728395062 0.000395061728395062; % $ D=0.4
0.352246913580247 0.000395061728395062 0.212246913580247 0.000395061728395062 0.000395061728395062 0.000395061728395062 0.20558024691358 0.00158024691358025 0.000395061728395062 0.22558024691358 0.000395061728395062 0.000395061728395062; % B D=0.4
0.000395061728395062 9.87654320987654e-05 0.000395061728395062 9.87654320987654e-05 9.87654320987654e-05 9.87654320987654e-05 0.000395061728395062 0.000395061728395062 9.87654320987654e-05 0.000395061728395062 0.997432098765432 9.87654320987654e-05; % D D=0.4
0.26558024691358 0.000395061728395062 0.00158024691358025 0.000395061728395062 0.000395061728395062 0.000395061728395062 0.212246913580247 0.252246913580247 0.000395061728395062 0.26558024691358 0.000395061728395062 0.000395061728395062; % G D=0.4
0.172246913580247 0.000395061728395062 0.272246913580247 0.000395061728395062 0.000395061728395062 0.000395061728395062 0.292246913580247 0.258913580246914 0.000395061728395062 0.00158024691358025 0.000395061728395062 0.000395061728395062; % T D=0.4
0.20558024691358 0.000395061728395062 0.272246913580247 0.000395061728395062 0.000395061728395062 0.000395061728395062 0.00158024691358025 0.312246913580247 0.000395061728395062 0.20558024691358 0.000395061728395062 0.000395061728395062; % V D=0.4
0.000395061728395062 9.87654320987654e-05 0.000395061728395062 9.87654320987654e-05 9.87654320987654e-05 0.997432098765432 0.000395061728395062 0.000395061728395062 9.87654320987654e-05 0.000395061728395062 9.87654320987654e-05 9.87654320987654e-05; % l D=0.4
0.000395061728395062 9.87654320987654e-05 0.000395061728395062 9.87654320987654e-05 9.87654320987654e-05 9.87654320987654e-05 0.000395061728395062 0.000395061728395062 9.87654320987654e-05 0.000395061728395062 9.87654320987654e-05 0.997432098765432; % m D=0.4
0.000395061728395062 0.997432098765432 0.000395061728395062 9.87654320987654e-05 9.87654320987654e-05 9.87654320987654e-05 0.000395061728395062 0.000395061728395062 9.87654320987654e-05 0.000395061728395062 9.87654320987654e-05 9.87654320987654e-05; % p D=0.4
0.000395061728395062 9.87654320987654e-05 0.000395061728395062 9.87654320987654e-05 0.997432098765432 9.87654320987654e-05 0.000395061728395062 0.000395061728395062 9.87654320987654e-05 0.000395061728395062 9.87654320987654e-05 9.87654320987654e-05; % r D=0.4
0.000395061728395062 9.87654320987654e-05 0.000395061728395062 0.997432098765432 9.87654320987654e-05 9.87654320987654e-05 0.000395061728395062 0.000395061728395062 9.87654320987654e-05 0.000395061728395062 9.87654320987654e-05 9.87654320987654e-05; % t D=0.4
0.000395061728395062 9.87654320987654e-05 0.000395061728395062 9.87654320987654e-05 9.87654320987654e-05 9.87654320987654e-05 0.000395061728395062 0.000395061728395062 0.997432098765432 0.000395061728395062 9.87654320987654e-05 9.87654320987654e-05; % z D=0.4
0.00197530864197531 0.000493827160493827 0.238641975308642 0.000493827160493827 0.000493827160493827 0.000493827160493827 0.285308641975309 0.171975308641975 0.000493827160493827 0.298641975308642 0.000493827160493827 0.000493827160493827; % $ D=0.5
0.351975308641975 0.000493827160493827 0.211975308641975 0.000493827160493827 0.000493827160493827 0.000493827160493827 0.205308641975309 0.00197530864197531 0.000493827160493827 0.225308641975309 0.000493827160493827 0.000493827160493827; % B D=0.5
0.000493827160493827 0.000123456790123457 0.000493827160493827 0.000123456790123457 0.000123456790123457 0.000123456790123457 0.000493827160493827 0.000493827160493827 0.000123456790123457 0.000493827160493827 0.99679012345679 0.000123456790123457; % D D=0.5
0.265308641975309 0.000493827160493827 0.00197530864197531 0.000493827160493827 0.000493827160493827 0.000493827160493827 0.211975308641975 0.251975308641975 0.000493827160493827 0.265308641975309 0.000493827160493827 0.000493827160493827; % G D=0.5
0.171975308641975 0.000493827160493827 0.271975308641975 0.000493827160493827 0.000493827160493827 0.000493827160493827 0.291975308641975 0.258641975308642 0.000493827160493827 0.00197530864197531 0.000493827160493827 0.000493827160493827; % T D=0.5
0.205308641975309 0.000493827160493827 0.271975308641975 0.000493827160493827 0.000493827160493827 0.000493827160493827 0.00197530864197531 0.311975308641975 0.000493827160493827 0.205308641975309 0.000493827160493827 0.000493827160493827; % V D=0.5
0.000493827160493827 0.000123456790123457 0.000493827160493827 0.000123456790123457 0.000123456790123457 0.99679012345679 0.000493827160493827 0.000493827160493827 0.000123456790123457 0.000493827160493827 0.000123456790123457 0.000123456790123457; % l D=0.5
0.000493827160493827 0.000123456790123457 0.000493827160493827 0.000123456790123457 0.000123456790123457 0.000123456790123457 0.000493827160493827 0.000493827160493827 0.000123456790123457 0.000493827160493827 0.000123456790123457 0.99679012345679; % m D=0.5
0.000493827160493827 0.99679012345679 0.000493827160493827 0.000123456790123457 0.000123456790123457 0.000123456790123457 0.000493827160493827 0.000493827160493827 0.000123456790123457 0.000493827160493827 0.000123456790123457 0.000123456790123457; % p D=0.5
0.000493827160493827 0.000123456790123457 0.000493827160493827 0.000123456790123457 0.99679012345679 0.000123456790123457 0.000493827160493827 0.000493827160493827 0.000123456790123457 0.000493827160493827 0.000123456790123457 0.000123456790123457; % r D=0.5
0.000493827160493827 0.000123456790123457 0.000493827160493827 0.99679012345679 0.000123456790123457 0.000123456790123457 0.000493827160493827 0.000493827160493827 0.000123456790123457 0.000493827160493827 0.000123456790123457 0.000123456790123457; % t D=0.5
0.000493827160493827 0.000123456790123457 0.000493827160493827 0.000123456790123457 0.000123456790123457 0.000123456790123457 0.000493827160493827 0.000493827160493827 0.99679012345679 0.000493827160493827 0.000123456790123457 0.000123456790123457; % z D=0.5
0.00237037037037037 0.000592592592592593 0.23837037037037 0.000592592592592593 0.000592592592592593 0.000592592592592593 0.285037037037037 0.171703703703704 0.000592592592592593 0.29837037037037 0.000592592592592593 0.000592592592592593; % $ D=0.6
0.351703703703704 0.000592592592592593 0.211703703703704 0.000592592592592593 0.000592592592592593 0.000592592592592593 0.205037037037037 0.00237037037037037 0.000592592592592593 0.225037037037037 0.000592592592592593 0.000592592592592593; % B D=0.6
0.000592592592592593 0.000148148148148148 0.000592592592592593 0.000148148148148148 0.000148148148148148 0.000148148148148148 0.000592592592592593 0.000592592592592593 0.000148148148148148 0.000592592592592593 0.996148148148148 0.000148148148148148; % D D=0.6
0.265037037037037 0.000592592592592593 0.00237037037037037 0.000592592592592593 0.000592592592592593 0.000592592592592593 0.211703703703704 0.251703703703704 0.000592592592592593 0.265037037037037 0.000592592592592593 0.000592592592592593; % G D=0.6
0.171703703703704 0.000592592592592593 0.271703703703704 0.000592592592592593 0.000592592592592593 0.000592592592592593 0.291703703703704 0.25837037037037 0.000592592592592593 0.00237037037037037 0.000592592592592593 0.000592592592592593; % T D=0.6
0.205037037037037 0.000592592592592593 0.271703703703704 0.000592592592592593 0.000592592592592593 0.000592592592592593 0.00237037037037037 0.311703703703704 0.000592592592592593 0.205037037037037 0.000592592592592593 0.000592592592592593; % V D=0.6
0.000592592592592593 0.000148148148148148 0.000592592592592593 0.000148148148148148 0.000148148148148148 0.996148148148148 0.000592592592592593 0.000592592592592593 0.000148148148148148 0.000592592592592593 0.000148148148148148 0.000148148148148148; % l D=0.6
0.000592592592592593 0.000148148148148148 0.000592592592592593 0.000148148148148148 0.000148148148148148 0.000148148148148148 0.000592592592592593 0.000592592592592593 0.000148148148148148 0.000592592592592593 0.000148148148148148 0.996148148148148; % m D=0.6
0.000592592592592593 0.996148148148148 0.000592592592592593 0.000148148148148148 0.000148148148148148 0.000148148148148148 0.000592592592592593 0.000592592592592593 0.000148148148148148 0.000592592592592593 0.000148148148148148 0.000148148148148148; % p D=0.6
0.000592592592592593 0.000148148148148148 0.000592592592592593 0.000148148148148148 0.996148148148148 0.000148148148148148 0.000592592592592593 0.000592592592592593 0.000148148148148148 0.000592592592592593 0.000148148148148148 0.000148148148148148; % r D=0.6
0.000592592592592593 0.000148148148148148 0.000592592592592593 0.996148148148148 0.000148148148148148 0.000148148148148148 0.000592592592592593 0.000592592592592593 0.000148148148148148 0.000592592592592593 0.000148148148148148 0.000148148148148148; % t D=0.6
0.000592592592592593 0.000148148148148148 0.000592592592592593 0.000148148148148148 0.000148148148148148 0.000148148148148148 0.000592592592592593 0.000592592592592593 0.996148148148148 0.000592592592592593 0.000148148148148148 0.000148148148148148; % z D=0.6
0.00276543209876543 0.000691358024691358 0.238098765432099 0.000691358024691358 0.000691358024691358 0.000691358024691358 0.284765432098765 0.171432098765432 0.000691358024691358 0.298098765432099 0.000691358024691358 0.000691358024691358; % $ D=0.7
0.351432098765432 0.000691358024691358 0.211432098765432 0.000691358024691358 0.000691358024691358 0.000691358024691358 0.204765432098765 0.00276543209876543 0.000691358024691358 0.224765432098765 0.000691358024691358 0.000691358024691358; % B D=0.7
0.000691358024691358 0.000172839506172839 0.000691358024691358 0.000172839506172839 0.000172839506172839 0.000172839506172839 0.000691358024691358 0.000691358024691358 0.000172839506172839 0.000691358024691358 0.995506172839506 0.000172839506172839; % D D=0.7
0.264765432098765 0.000691358024691358 0.00276543209876543 0.000691358024691358 0.000691358024691358 0.000691358024691358 0.211432098765432 0.251432098765432 0.000691358024691358 0.264765432098765 0.000691358024691358 0.000691358024691358; % G D=0.7
0.171432098765432 0.000691358024691358 0.271432098765432 0.000691358024691358 0.000691358024691358 0.000691358024691358 0.291432098765432 0.258098765432099 0.000691358024691358 0.00276543209876543 0.000691358024691358 0.000691358024691358; % T D=0.7
0.204765432098765 0.000691358024691358 0.271432098765432 0.000691358024691358 0.000691358024691358 0.000691358024691358 0.00276543209876543 0.311432098765432 0.000691358024691358 0.204765432098765 0.000691358024691358 0.000691358024691358; % V D=0.7
0.000691358024691358 0.000172839506172839 0.000691358024691358 0.000172839506172839 0.000172839506172839 0.995506172839506 0.000691358024691358 0.000691358024691358 0.000172839506172839 0.000691358024691358 0.000172839506172839 0.000172839506172839; % l D=0.7
0.000691358024691358 0.000172839506172839 0.000691358024691358 0.000172839506172839 0.000172839506172839 0.000172839506172839 0.000691358024691358 0.000691358024691358 0.000172839506172839 0.000691358024691358 0.000172839506172839 0.995506172839506; % m D=0.7
0.000691358024691358 0.995506172839506 0.000691358024691358 0.000172839506172839 0.000172839506172839 0.000172839506172839 0.000691358024691358 0.000691358024691358 0.000172839506172839 0.000691358024691358 0.000172839506172839 0.000172839506172839; % p D=0.7
0.000691358024691358 0.000172839506172839 0.000691358024691358 0.000172839506172839 0.995506172839506 0.000172839506172839 0.000691358024691358 0.000691358024691358 0.000172839506172839 0.000691358024691358 0.000172839506172839 0.000172839506172839; % r D=0.7
0.000691358024691358 0.000172839506172839 0.000691358024691358 0.995506172839506 0.000172839506172839 0.000172839506172839 0.000691358024691358 0.000691358024691358 0.000172839506172839 0.000691358024691358 0.000172839506172839 0.000172839506172839; % t D=0.7
0.000691358024691358 0.000172839506172839 0.000691358024691358 0.000172839506172839 0.000172839506172839 0.000172839506172839 0.000691358024691358 0.000691358024691358 0.995506172839506 0.000691358024691358 0.000172839506172839 0.000172839506172839; % z D=0.7
0.00316049382716049 0.000790123456790124 0.237827160493827 0.000790123456790124 0.000790123456790124 0.000790123456790124 0.284493827160494 0.17116049382716 0.000790123456790124 0.297827160493827 0.000790123456790124 0.000790123456790124; % $ D=0.8
0.351160493827161 0.000790123456790124 0.21116049382716 0.000790123456790124 0.000790123456790124 0.000790123456790124 0.204493827160494 0.00316049382716049 0.000790123456790124 0.224493827160494 0.000790123456790124 0.000790123456790124; % B D=0.8
0.000790123456790124 0.000197530864197531 0.000790123456790124 0.000197530864197531 0.000197530864197531 0.000197530864197531 0.000790123456790124 0.000790123456790124 0.000197530864197531 0.000790123456790124 0.994864197530864 0.000197530864197531; % D D=0.8
0.264493827160494 0.000790123456790124 0.00316049382716049 0.000790123456790124 0.000790123456790124 0.000790123456790124 0.21116049382716 0.251160493827161 0.000790123456790124 0.264493827160494 0.000790123456790124 0.000790123456790124; % G D=0.8
0.17116049382716 0.000790123456790124 0.271160493827161 0.000790123456790124 0.000790123456790124 0.000790123456790124 0.291160493827161 0.257827160493827 0.000790123456790124 0.00316049382716049 0.000790123456790124 0.000790123456790124; % T D=0.8
0.204493827160494 0.000790123456790124 0.271160493827161 0.000790123456790124 0.000790123456790124 0.000790123456790124 0.00316049382716049 0.31116049382716 0.000790123456790124 0.204493827160494 0.000790123456790124 0.000790123456790124; % V D=0.8
0.000790123456790124 0.000197530864197531 0.000790123456790124 0.000197530864197531 0.000197530864197531 0.994864197530864 0.000790123456790124 0.000790123456790124 0.000197530864197531 0.000790123456790124 0.000197530864197531 0.000197530864197531; % l D=0.8
0.000790123456790124 0.000197530864197531 0.000790123456790124 0.000197530864197531 0.000197530864197531 0.000197530864197531 0.000790123456790124 0.000790123456790124 0.000197530864197531 0.000790123456790124 0.000197530864197531 0.994864197530864; % m D=0.8
0.000790123456790124 0.994864197530864 0.000790123456790124 0.000197530864197531 0.000197530864197531 0.000197530864197531 0.000790123456790124 0.000790123456790124 0.000197530864197531 0.000790123456790124 0.000197530864197531 0.000197530864197531; % p D=0.8
0.000790123456790124 0.000197530864197531 0.000790123456790124 0.000197530864197531 0.994864197530864 0.000197530864197531 0.000790123456790124 0.000790123456790124 0.000197530864197531 0.000790123456790124 0.000197530864197531 0.000197530864197531; % r D=0.8
0.000790123456790124 0.000197530864197531 0.000790123456790124 0.994864197530864 0.000197530864197531 0.000197530864197531 0.000790123456790124 0.000790123456790124 0.000197530864197531 0.000790123456790124 0.000197530864197531 0.000197530864197531; % t D=0.8
0.000790123456790124 0.000197530864197531 0.000790123456790124 0.000197530864197531 0.000197530864197531 0.000197530864197531 0.000790123456790124 0.000790123456790124 0.994864197530864 0.000790123456790124 0.000197530864197531 0.000197530864197531; % z D=0.8
0.00355555555555556 0.000888888888888889 0.237555555555556 0.000888888888888889 0.000888888888888889 0.000888888888888889 0.284222222222222 0.170888888888889 0.000888888888888889 0.297555555555556 0.000888888888888889 0.000888888888888889; % $ D=0.9
0.350888888888889 0.000888888888888889 0.210888888888889 0.000888888888888889 0.000888888888888889 0.000888888888888889 0.204222222222222 0.00355555555555556 0.000888888888888889 0.224222222222222 0.000888888888888889 0.000888888888888889; % B D=0.9
0.000888888888888889 0.000222222222222222 0.000888888888888889 0.000222222222222222 0.000222222222222222 0.000222222222222222 0.000888888888888889 0.000888888888888889 0.000222222222222222 0.000888888888888889 0.994222222222222 0.000222222222222222; % D D=0.9
0.264222222222222 0.000888888888888889 0.00355555555555556 0.000888888888888889 0.000888888888888889 0.000888888888888889 0.210888888888889 0.250888888888889 0.000888888888888889 0.264222222222222 0.000888888888888889 0.000888888888888889; % G D=0.9
0.170888888888889 0.000888888888888889 0.270888888888889 0.000888888888888889 0.000888888888888889 0.000888888888888889 0.290888888888889 0.257555555555556 0.000888888888888889 0.00355555555555556 0.000888888888888889 0.000888888888888889; % T D=0.9
0.204222222222222 0.000888888888888889 0.270888888888889 0.000888888888888889 0.000888888888888889 0.000888888888888889 0.00355555555555556 0.310888888888889 0.000888888888888889 0.204222222222222 0.000888888888888889 0.000888888888888889; % V D=0.9
0.000888888888888889 0.000222222222222222 0.000888888888888889 0.000222222222222222 0.000222222222222222 0.994222222222222 0.000888888888888889 0.000888888888888889 0.000222222222222222 0.000888888888888889 0.000222222222222222 0.000222222222222222; % l D=0.9
0.000888888888888889 0.000222222222222222 0.000888888888888889 0.000222222222222222 0.000222222222222222 0.000222222222222222 0.000888888888888889 0.000888888888888889 0.000222222222222222 0.000888888888888889 0.000222222222222222 0.994222222222222; % m D=0.9
0.000888888888888889 0.994222222222222 0.000888888888888889 0.000222222222222222 0.000222222222222222 0.000222222222222222 0.000888888888888889 0.000888888888888889 0.000222222222222222 0.000888888888888889 0.000222222222222222 0.000222222222222222; % p D=0.9
0.000888888888888889 0.000222222222222222 0.000888888888888889 0.000222222222222222 0.994222222222222 0.000222222222222222 0.000888888888888889 0.000888888888888889 0.000222222222222222 0.000888888888888889 0.000222222222222222 0.000222222222222222; % r D=0.9
0.000888888888888889 0.000222222222222222 0.000888888888888889 0.994222222222222 0.000222222222222222 0.000222222222222222 0.000888888888888889 0.000888888888888889 0.000222222222222222 0.000888888888888889 0.000222222222222222 0.000222222222222222; % t D=0.9
0.000888888888888889 0.000222222222222222 0.000888888888888889 0.000222222222222222 0.000222222222222222 0.000222222222222222 0.000888888888888889 0.000888888888888889 0.994222222222222 0.000888888888888889 0.000222222222222222 0.000222222222222222; % z D=0.9
0.00375308641975309 0.000938271604938272 0.23741975308642 0.000938271604938272 0.000938271604938272 0.000938271604938272 0.284086419753086 0.170753086419753 0.000938271604938272 0.29741975308642 0.000938271604938272 0.000938271604938272; % $ D=0.95
0.350753086419753 0.000938271604938272 0.210753086419753 0.000938271604938272 0.000938271604938272 0.000938271604938272 0.204086419753086 0.00375308641975309 0.000938271604938272 0.224086419753086 0.000938271604938272 0.000938271604938272; % B D=0.95
0.000938271604938272 0.000234567901234568 0.000938271604938272 0.000234567901234568 0.000234567901234568 0.000234567901234568 0.000938271604938272 0.000938271604938272 0.000234567901234568 0.000938271604938272 0.993901234567901 0.000234567901234568; % D D=0.95
0.264086419753086 0.000938271604938272 0.00375308641975309 0.000938271604938272 0.000938271604938272 0.000938271604938272 0.210753086419753 0.250753086419753 0.000938271604938272 0.264086419753086 0.000938271604938272 0.000938271604938272; % G D=0.95
0.170753086419753 0.000938271604938272 0.270753086419753 0.000938271604938272 0.000938271604938272 0.000938271604938272 0.290753086419753 0.25741975308642 0.000938271604938272 0.00375308641975309 0.000938271604938272 0.000938271604938272; % T D=0.95
0.204086419753086 0.000938271604938272 0.270753086419753 0.000938271604938272 0.000938271604938272 0.000938271604938272 0.00375308641975309 0.310753086419753 0.000938271604938272 0.204086419753086 0.000938271604938272 0.000938271604938272; % V D=0.95
0.000938271604938272 0.000234567901234568 0.000938271604938272 0.000234567901234568 0.000234567901234568 0.993901234567901 0.000938271604938272 0.000938271604938272 0.000234567901234568 0.000938271604938272 0.000234567901234568 0.000234567901234568; % l D=0.95
0.000938271604938272 0.000234567901234568 0.000938271604938272 0.000234567901234568 0.000234567901234568 0.000234567901234568 0.000938271604938272 0.000938271604938272 0.000234567901234568 0.000938271604938272 0.000234567901234568 0.993901234567901; % m D=0.95
0.000938271604938272 0.993901234567901 0.000938271604938272 0.000234567901234568 0.000234567901234568 0.000234567901234568 0.000938271604938272 0.000938271604938272 0.000234567901234568 0.000938271604938272 0.000234567901234568 0.000234567901234568; % p D=0.95
0.000938271604938272 0.000234567901234568 0.000938271604938272 0.000234567901234568 0.993901234567901 0.000234567901234568 0.000938271604938272 0.000938271604938272 0.000234567901234568 0.000938271604938272 0.000234567901234568 0.000234567901234568; % r D=0.95
0.000938271604938272 0.000234567901234568 0.000938271604938272 0.993901234567901 0.000234567901234568 0.000234567901234568 0.000938271604938272 0.000938271604938272 0.000234567901234568 0.000938271604938272 0.000234567901234568 0.000234567901234568; % t D=0.95
0.000938271604938272 0.000234567901234568 0.000938271604938272 0.000234567901234568 0.000234567901234568 0.000234567901234568 0.000938271604938272 0.000938271604938272 0.993901234567901 0.000938271604938272 0.000234567901234568 0.000234567901234568]; % z D=0.95
