syllables = '$DGVflnrtv';
discounts = [0.1 0.2 0.3 0.4 0.5 0.6 0.7 0.8 0.9 0.95];
kn_probs = [0.000285714285714286 0.299714285714286 9.52380952380953e-05 9.52380952380953e-05 9.52380952380953e-05 9.52380952380953e-05 9.52380952380953e-05 0.299714285714286 9.52380952380953e-05 0.399714285714286; % $ D=0.1
7.14285714285714e-05 9.52380952380952e-05 2.38095238095238e-05 2.38095238095238e-05 0.99952380952381 2.38095238095238e-05 2.38095238095238e-05 9.52380952380952e-05 2.38095238095238e-05 9.52380952380952e-05; % D D=0.1
0.254785714285714 0.194880952380952 9.52380952380952e-05 9.52380952380952e-05 9.52380952380952e-05 9.52380952380952e-05 9.52380952380952e-05 0.259880952380952 9.52380952380952e-05 0.289880952380952; % G D=0.1
7.14285714285714e-05 9.52380952380952e-05 2.38095238095238e-05 2.38095238095238e-05 2.38095238095238e-05 2.38095238095238e-05 0.99952380952381 9.52380952380952e-05 2.38095238095238e-05 9.52380952380952e-05; % V D=0.1
7.14285714285714e-05 9.52380952380952e-05 2.38095238095238e-05 2.38095238095238e-05 2.38095238095238e-05 0.99952380952381 2.38095238095238e-05 9.52380952380952e-05 2.38095238095238e-05 9.52380952380952e-05; % f D=0.1
7.14285714285714e-05 9.52380952380952e-05 0.99952380952381 2.38095238095238e-05 2.38095238095238e-05 2.38095238095238e-05 2.38095238095238e-05 9.52380952380952e-05 2.38095238095238e-05 9.52380952380952e-05; % l D=0.1
0.274785714285714 0.284880952380952 9.52380952380952e-05 9.52380952380952e-05 9.52380952380952e-05 9.52380952380952e-05 9.52380952380952e-05 0.229880952380952 9.52380952380952e-05 0.209880952380952; % n D=0.1
7.14285714285714e-05 9.52380952380952e-05 2.38095238095238e-05 0.99952380952381 2.38095238095238e-05 2.38095238095238e-05 2.38095238095238e-05 9.52380952380952e-05 2.38095238095238e-05 9.52380952380952e-05; % r D=0.1
0.219785714285714 0.294880952380952 9.52380952380952e-05 9.52380952380952e-05 9.52380952380952e-05 9.52380952380952e-05 9.52380952380952e-05 0.284880952380952 9.52380952380952e-05 0.199880952380952; % t D=0.1
7.14285714285714e-05 9.52380952380952e-05 2.38095238095238e-05 2.38095238095238e-05 2.38095238095238e-05 2.38095238095238e-05 2.38095238095238e-05 9.52380952380952e-05 0.99952380952381 9.52380952380952e-05; % v D=0.1
0.000571428571428571 0.299428571428571 0.000190476190476191 0.000190476190476191 0.000190476190476191 0.000190476190476191 0.000190476190476191 0.299428571428571 0.000190476190476191 0.399428571428571; % $ D=0.2
0.000142857142857143 0.00019047619047619 4.76190476190476e-05 4.76190476190476e-05 0.999047619047619 4.76190476190476e-05 4.76190476190476e-05 0.00019047619047619 4.76190476190476e-05 0.00019047619047619; % D D=0.2
0.254571428571429 0.194761904761905 0.00019047619047619 0.00019047619047619 0.00019047619047619 0.00019047619047619 0.00019047619047619 0.259761904761905 0.00019047619047619 0.289761904761905; % G D=0.2
0.000142857142857143 0.00019047619047619 4.76190476190476e-05 4.76190476190476e-05 4.76190476190476e-05 4.76190476190476e-05 0.999047619047619 0.00019047619047619 4.76190476190476e-05 0.00019047619047619; % V D=0.2
0.000142857142857143 0.00019047619047619 4.76190476190476e-05 4.76190476190476e-05 4.76190476190476e-05 0.999047619047619 4.76190476190476e-05 0.00019047619047619 4.76190476190476e-05 0.00019047619047619; % f D=0.2
0.000142857142857143 0.00019047619047619 0.999047619047619 4.76190476190476e-05 4.76190476190476e-05 4.76190476190476e-05 4.76190476190476e-05 0.00019047619047619 4.76190476190476e-05 0.00019047619047619; % l D=0.2
0.274571428571429 0.284761904761905 0.00019047619047619 0.00019047619047619 0.00019047619047619 0.00019047619047619 0.00019047619047619 0.229761904761905 0.00019047619047619 0.209761904761905; % n D=0.2
0.000142857142857143 0.00019047619047619 4.76190476190476e-05 0.999047619047619 4.76190476190476e-05 4.76190476190476e-05 4.76190476190476e-05 0.00019047619047619 4.76190476190476e-05 0.00019047619047619; % r D=0.2
0.219571428571429 0.294761904761905 0.00019047619047619 0.00019047619047619 0.00019047619047619 0.00019047619047619 0.00019047619047619 0.284761904761905 0.00019047619047619 0.199761904761905; % t D=0.2
0.000142857142857143 0.00019047619047619 4.76190476190476e-05 4.76190476190476e-05 4.76190476190476e-05 4.76190476190476e-05 4.76190476190476e-05 0.00019047619047619 0.999047619047619 0.00019047619047619; % v D=0.2
0.000857142857142857 0.299142857142857 0.000285714285714286 0.000285714285714286 0.000285714285714286 0.000285714285714286 0.000285714285714286 0.299142857142857 0.000285714285714286 0.399142857142857; % $ D=0.3
0.000214285714285714 0.000285714285714286 7.14285714285714e-05 7.14285714285714e-05 0.998571428571429 7.14285714285714e-05 7.14285714285714e-05 0.000285714285714286 7.14285714285714e-05 0.000285714285714286; % D D=0.3
0.254357142857143 0.194642857142857 0.000285714285714286 0.000285714285714286 0.000285714285714286 0.000285714285714286 0.000285714285714286 0.259642857142857 0.000285714285714286 0.289642857142857; % G D=0.3
0.000214285714285714 0.000285714285714286 7.14285714285714e-05 7.14285714285714e-05 7.14285714285714e-05 7.14285714285714e-05 0.998571428571429 0.000285714285714286 7.14285714285714e-05 0.000285714285714286; % V D=0.3
0.000214285714285714 0.000285714285714286 7.14285714285714e-05 7.14285714285714e-05 7.14285714285714e-05 0.998571428571429 7.14285714285714e-05 0.000285714285714286 7.14285714285714e-05 0.000285714285714286; % f D=0.3
0.000214285714285714 0.000285714285714286 0.998571428571429 7.14285714285714e-05 7.14285714285714e-05 7.14285714285714e-05 7.14285714285714e-05 0.000285714285714286 7.14285714285714e-05 0.000285714285714286; % l D=0.3
0.274357142857143 0.284642857142857 0.000285714285714286 0.000285714285714286 0.000285714285714286 0.000285714285714286 0.000285714285714286 0.229642857142857 0.000285714285714286 0.209642857142857; % n D=0.3
0.000214285714285714 0.000285714285714286 7.14285714285714e-05 0.998571428571429 7.14285714285714e-05 7.14285714285714e-05 7.14285714285714e-05 0.000285714285714286 7.14285714285714e-05 0.000285714285714286; % r D=0.3
0.219357142857143 0.294642857142857 0.000285714285714286 0.000285714285714286 0.000285714285714286 0.000285714285714286 0.000285714285714286 0.284642857142857 0.000285714285714286 0.199642857142857; % t D=0.3
0.000214285714285714 0.000285714285714286 7.14285714285714e-05 7.14285714285714e-05 7.14285714285714e-05 7.14285714285714e-05 7.14285714285714e-05 0.000285714285714286 0.998571428571429 0.000285714285714286; % v D=0.3
0.00114285714285714 0.298857142857143 0.000380952380952381 0.000380952380952381 0.000380952380952381 0.000380952380952381 0.000380952380952381 0.298857142857143 0.000380952380952381 0.398857142857143; % $ D=0.4
0.000285714285714286 0.000380952380952381 9.52380952380952e-05 9.52380952380952e-05 0.998095238095238 9.52380952380952e-05 9.52380952380952e-05 0.000380952380952381 9.52380952380952e-05 0.000380952380952381; % D D=0.4
0.254142857142857 0.19452380952381 0.000380952380952381 0.000380952380952381 0.000380952380952381 0.000380952380952381 0.000380952380952381 0.25952380952381 0.000380952380952381 0.28952380952381; % G D=0.4
0.000285714285714286 0.000380952380952381 9.52380952380952e-05 9.52380952380952e-05 9.52380952380952e-05 9.52380952380952e-05 0.998095238095238 0.000380952380952381 9.52380952380952e-05 0.000380952380952381; % V D=0.4
0.000285714285714286 0.000380952380952381 9.52380952380952e-05 9.52380952380952e-05 9.52380952380952e-05 0.998095238095238 9.52380952380952e-05 0.000380952380952381 9.52380952380952e-05 0.000380952380952381; % f D=0.4
0.000285714285714286 0.000380952380952381 0.998095238095238 9.52380952380952e-05 9.52380952380952e-05 9.52380952380952e-05 9.52380952380952e-05 0.000380952380952381 9.52380952380952e-05 0.000380952380952381; % l D=0.4
0.274142857142857 0.28452380952381 0.000380952380952381 0.000380952380952381 0.000380952380952381 0.000380952380952381 0.000380952380952381 0.22952380952381 0.000380952380952381 0.20952380952381; % n D=0.4
0.000285714285714286 0.000380952380952381 9.52380952380952e-05 0.998095238095238 9.52380952380952e-05 9.52380952380952e-05 9.52380952380952e-05 0.000380952380952381 9.52380952380952e-05 0.000380952380952381; % r D=0.4
0.219142857142857 0.29452380952381 0.000380952380952381 0.000380952380952381 0.000380952380952381 0.000380952380952381 0.000380952380952381 0.28452380952381 0.000380952380952381 0.19952380952381; % t D=0.4
0.000285714285714286 0.000380952380952381 9.52380952380952e-05 9.52380952380952e-05 9.52380952380952e-05 9.52380952380952e-05 9.52380952380952e-05 0.000380952380952381 0.998095238095238 0.000380952380952381; % v D=0.4
0.00142857142857143 0.298571428571429 0.000476190476190476 0.000476190476190476 0.000476190476190476 0.000476190476190476 0.000476190476190476 0.298571428571429 0.000476190476190476 0.398571428571429; % $ D=0.5
0.000357142857142857 0.000476190476190476 0.000119047619047619 0.000119047619047619 0.997619047619048 0.000119047619047619 0.000119047619047619 0.000476190476190476 0.000119047619047619 0.000476190476190476; % D D=0.5
0.253928571428571 0.194404761904762 0.000476190476190476 0.000476190476190476 0.000476190476190476 0.000476190476190476 0.000476190476190476 0.259404761904762 0.000476190476190476 0.289404761904762; % G D=0.5
0.000357142857142857 0.000476190476190476 0.000119047619047619 0.000119047619047619 0.000119047619047619 0.000119047619047619 0.997619047619048 0.000476190476190476 0.000119047619047619 0.000476190476190476; % V D=0.5
0.000357142857142857 0.000476190476190476 0.000119047619047619 0.000119047619047619 0.000119047619047619 0.997619047619048 0.000119047619047619 0.000476190476190476 0.000119047619047619 0.000476190476190476; % f D=0.5
0.000357142857142857 0.000476190476190476 0.997619047619048 0.000119047619047619 0.000119047619047619 0.000119047619047619 0.000119047619047619 0.000476190476190476 0.000119047619047619 0.000476190476190476; % l D=0.5
0.273928571428571 0.284404761904762 0.000476190476190476 0.000476190476190476 0.000476190476190476 0.000476190476190476 0.000476190476190476 0.229404761904762 0.000476190476190476 0.209404761904762; % n D=0.5
0.000357142857142857 0.000476190476190476 0.000119047619047619 0.997619047619048 0.000119047619047619 0.000119047619047619 0.000119047619047619 0.000476190476190476 0.000119047619047619 0.000476190476190476; % r D=0.5
0.218928571428571 0.294404761904762 0.000476190476190476 0.000476190476190476 0.000476190476190476 0.000476190476190476 0.000476190476190476 0.284404761904762 0.000476190476190476 0.199404761904762; % t D=0.5
0.000357142857142857 0.000476190476190476 0.000119047619047619 0.000119047619047619 0.000119047619047619 0.000119047619047619 0.000119047619047619 0.000476190476190476 0.997619047619048 0.000476190476190476; % v D=0.5
0.00171428571428571 0.298285714285714 0.000571428571428571 0.000571428571428571 0.000571428571428571 0.000571428571428571 0.000571428571428571 0.298285714285714 0.000571428571428571 0.398285714285714; % $ D=0.6
0.000428571428571429 0.000571428571428571 0.000142857142857143 0.000142857142857143 0.997142857142857 0.000142857142857143 0.000142857142857143 0.000571428571428571 0.000142857142857143 0.000571428571428571; % D D=0.6
0.253714285714286 0.194285714285714 0.000571428571428571 0.000571428571428571 0.000571428571428571 0.000571428571428571 0.000571428571428571 0.259285714285714 0.000571428571428571 0.289285714285714; % G D=0.6
0.000428571428571429 0.000571428571428571 0.000142857142857143 0.000142857142857143 0.000142857142857143 0.000142857142857143 0.997142857142857 0.000571428571428571 0.000142857142857143 0.000571428571428571; % V D=0.6
0.000428571428571429 0.000571428571428571 0.000142857142857143 0.000142857142857143 0.000142857142857143 0.997142857142857 0.000142857142857143 0.000571428571428571 0.000142857142857143 0.000571428571428571; % f D=0.6
0.000428571428571429 0.000571428571428571 0.997142857142857 0.000142857142857143 0.000142857142857143 0.000142857142857143 0.000142857142857143 0.000571428571428571 0.000142857142857143 0.000571428571428571; % l D=0.6
0.273714285714286 0.284285714285714 0.000571428571428571 0.000571428571428571 0.000571428571428571 0.000571428571428571 0.000571428571428571 0.229285714285714 0.000571428571428571 0.209285714285714; % n D=0.6
0.000428571428571429 0.000571428571428571 0.000142857142857143 0.997142857142857 0.000142857142857143 0.000142857142857143 0.000142857142857143 0.000571428571428571 0.000142857142857143 0.000571428571428571; % r D=0.6
0.218714285714286 0.294285714285714 0.000571428571428571 0.000571428571428571 0.000571428571428571 0.000571428571428571 0.000571428571428571 0.284285714285714 0.000571428571428571 0.199285714285714; % t D=0.6
0.000428571428571429 0.000571428571428571 0.000142857142857143 0.000142857142857143 0.000142857142857143 0.000142857142857143 0.000142857142857143 0.000571428571428571 0.997142857142857 0.000571428571428571; % v D=0.6
0.002 0.298 0.000666666666666667 0.000666666666666667 0.000666666666666667 0.000666666666666667 0.000666666666666667 0.298 0.000666666666666667 0.398; % $ D=0.7
0.0005 0.000666666666666667 0.000166666666666667 0.000166666666666667 0.996666666666667 0.000166666666666667 0.000166666666666667 0.000666666666666667 0.000166666666666667 0.000666666666666667; % D D=0.7
0.2535 0.194166666666667 0.000666666666666667 0.000666666666666667 0.000666666666666667 0.000666666666666667 0.000666666666666667 0.259166666666667 0.000666666666666667 0.289166666666667; % G D=0.7
0.0005 0.000666666666666667 0.000166666666666667 0.000166666666666667 0.000166666666666667 0.000166666666666667 0.996666666666667 0.000666666666666667 0.000166666666666667 0.000666666666666667; % V D=0.7
0.0005 0.000666666666666667 0.000166666666666667 0.000166666666666667 0.000166666666666667 0.996666666666667 0.000166666666666667 0.000666666666666667 0.000166666666666667 0.000666666666666667; % f D=0.7
0.0005 0.000666666666666667 0.996666666666667 0.000166666666666667 0.000166666666666667 0.000166666666666667 0.000166666666666667 0.000666666666666667 0.000166666666666667 0.000666666666666667; % l D=0.7
0.2735 0.284166666666667 0.000666666666666667 0.000666666666666667 0.000666666666666667 0.000666666666666667 0.000666666666666667 0.229166666666667 0.000666666666666667 0.209166666666667; % n D=0.7
0.0005 0.000666666666666667 0.000166666666666667 0.996666666666667 0.000166666666666667 0.000166666666666667 0.000166666666666667 0.000666666666666667 0.000166666666666667 0.000666666666666667; % r D=0.7
0.2185 0.294166666666667 0.000666666666666667 0.000666666666666667 0.000666666666666667 0.000666666666666667 0.000666666666666667 0.284166666666667 0.000666666666666667 0.199166666666667; % t D=0.7
0.0005 0.000666666666666667 0.000166666666666667 0.000166666666666667 0.000166666666666667 0.000166666666666667 0.000166666666666667 0.000666666666666667 0.996666666666667 0.000666666666666667; % v D=0.7
0.00228571428571429 0.297714285714286 0.000761904761904762 0.000761904761904762 0.000761904761904762 0.000761904761904762 0.000761904761904762 0.297714285714286 0.000761904761904762 0.397714285714286; % $ D=0.8
0.000571428571428571 0.000761904761904762 0.00019047619047619 0.00019047619047619 0.996190476190476 0.00019047619047619 0.00019047619047619 0.000761904761904762 0.00019047619047619 0.000761904761904762; % D D=0.8
0.253285714285714 0.194047619047619 0.000761904761904762 0.000761904761904762 0.000761904761904762 0.000761904761904762 0.000761904761904762 0.259047619047619 0.000761904761904762 0.289047619047619; % G D=0.8
0.000571428571428571 0.000761904761904762 0.00019047619047619 0.00019047619047619 0.00019047619047619 0.00019047619047619 0.996190476190476 0.000761904761904762 0.00019047619047619 0.000761904761904762; % V D=0.8
0.000571428571428571 0.000761904761904762 0.00019047619047619 0.00019047619047619 0.00019047619047619 0.996190476190476 0.00019047619047619 0.000761904761904762 0.00019047619047619 0.000761904761904762; % f D=0.8
0.000571428571428571 0.000761904761904762 0.996190476190476 0.00019047619047619 0.00019047619047619 0.00019047619047619 0.00019047619047619 0.000761904761904762 0.00019047619047619 0.000761904761904762; % l D=0.8
0.273285714285714 0.284047619047619 0.000761904761904762 0.000761904761904762 0.000761904761904762 0.000761904761904762 0.000761904761904762 0.229047619047619 0.000761904761904762 0.209047619047619; % n D=0.8
0.000571428571428571 0.000761904761904762 0.00019047619047619 0.996190476190476 0.00019047619047619 0.00019047619047619 0.00019047619047619 0.000761904761904762 0.00019047619047619 0.000761904761904762; % r D=0.8
0.218285714285714 0.294047619047619 0.000761904761904762 0.000761904761904762 0.000761904761904762 0.000761904761904762 0.000761904761904762 0.284047619047619 0.000761904761904762 0.199047619047619; % t D=0.8
0.000571428571428571 0.000761904761904762 0.00019047619047619 0.00019047619047619 0.00019047619047619 0.00019047619047619 0.00019047619047619 0.000761904761904762 0.996190476190476 0.000761904761904762; % v D=0.8
0.00257142857142857 0.297428571428571 0.000857142857142857 0.000857142857142857 0.000857142857142857 0.000857142857142857 0.000857142857142857 0.297428571428571 0.000857142857142857 0.397428571428571; % $ D=0.9
0.000642857142857143 0.000857142857142857 0.000214285714285714 0.000214285714285714 0.995714285714286 0.000214285714285714 0.000214285714285714 0.000857142857142857 0.000214285714285714 0.000857142857142857; % D D=0.9
0.253071428571429 0.193928571428571 0.000857142857142857 0.000857142857142857 0.000857142857142857 0.000857142857142857 0.000857142857142857 0.258928571428571 0.000857142857142857 0.288928571428571; % G D=0.9
0.000642857142857143 0.000857142857142857 0.000214285714285714 0.000214285714285714 0.000214285714285714 0.000214285714285714 0.995714285714286 0.000857142857142857 0.000214285714285714 0.000857142857142857; % V D=0.9
0.000642857142857143 0.000857142857142857 0.000214285714285714 0.000214285714285714 0.000214285714285714 0.995714285714286 0.000214285714285714 0.000857142857142857 0.000214285714285714 0.000857142857142857; % f D=0.9
0.000642857142857143 0.000857142857142857 0.995714285714286 0.000214285714285714 0.000214285714285714 0.000214285714285714 0.000214285714285714 0.000857142857142857 0.000214285714285714 0.000857142857142857; % l D=0.9
0.273071428571429 0.283928571428571 0.000857142857142857 0.000857142857142857 0.000857142857142857 0.000857142857142857 0.000857142857142857 0.228928571428571 0.000857142857142857 0.208928571428571; % n D=0.9
0.000642857142857143 0.000857142857142857 0.000214285714285714 0.995714285714286 0.000214285714285714 0.000214285714285714 0.000214285714285714 0.000857142857142857 0.000214285714285714 0.000857142857142857; % r D=0.9
0.218071428571429 0.293928571428571 0.000857142857142857 0.000857142857142857 0.000857142857142857 0.000857142857142857 0.000857142857142857 0.283928571428571 0.000857142857142857 0.198928571428571; % t D=0.9
0.000642857142857143 0.000857142857142857 0.000214285714285714 0.000214285714285714 0.000214285714285714 0.000214285714285714 0.000214285714285714 0.000857142857142857 0.995714285714286 0.000857142857142857; % v D=0.9
0.00271428571428571 0.297285714285714 0.000904761904761905 0.000904761904761905 0.000904761904761905 0.000904761904761905 0.000904761904761905 0.297285714285714 0.000904761904761905 0.397285714285714; % $ D=0.95
0.000678571428571428 0.000904761904761905 0.000226190476190476 0.000226190476190476 0.995476190476191 0.000226190476190476 0.000226190476190476 0.000904761904761905 0.000226190476190476 0.000904761904761905; % D D=0.95
0.252964285714286 0.193869047619048 0.000904761904761905 0.000904761904761905 0.000904761904761905 0.000904761904761905 0.000904761904761905 0.258869047619048 0.000904761904761905 0.288869047619048; % G D=0.95
0.000678571428571428 0.000904761904761905 0.000226190476190476 0.000226190476190476 0.000226190476190476 0.000226190476190476 0.995476190476191 0.000904761904761905 0.000226190476190476 0.000904761904761905; % V D=0.95
0.000678571428571428 0.000904761904761905 0.000226190476190476 0.000226190476190476 0.000226190476190476 0.995476190476191 0.000226190476190476 0.000904761904761905 0.000226190476190476 0.000904761904761905; % f D=0.95
0.000678571428571428 0.000904761904761905 0.995476190476191 0.000226190476190476 0.000226190476190476 0.000226190476190476 0.000226190476190476 0.000904761904761905 0.000226190476190476 0.000904761904761905; % l D=0.95
0.272964285714286 0.283869047619048 0.000904761904761905 0.000904761904761905 0.000904761904761905 0.000904761904761905 0.000904761904761905 0.228869047619048 0.000904761904761905 0.208869047619048; % n D=0.95
0.000678571428571428 0.000904761904761905 0.000226190476190476 0.995476190476191 0.000226190476190476 0.000226190476190476 0.000226190476190476 0.000904761904761905 0.000226190476190476 0.000904761904761905; % r D=0.95
0.217964285714286 0.293869047619048 0.000904761904761905 0.000904761904761905 0.000904761904761905 0.000904761904761905 0.000904761904761905 0.283869047619048 0.000904761904761905 0.198869047619048; % t D=0.95
0.000678571428571428 0.000904761904761905 0.000226190476190476 0.000226190476190476 0.000226190476190476 0.000226190476190476 0.000226190476190476 0.000904761904761905 0.995476190476191 0.000904761904761905]; % v D=0.95
