syllables = '$DJLMVbfgklmnpz';
discounts = [0.1 0.2 0.3 0.4 0.5 0.6 0.7 0.8 0.9 0.95];
kn_probs = [0.000416666666666667 8.33333333333333e-05 8.33333333333333e-05 0.253166666666667 0.133083333333333 8.33333333333333e-05 8.33333333333333e-05 8.33333333333333e-05 8.33333333333333e-05 8.33333333333333e-05 8.33333333333333e-05 8.33333333333333e-05 0.173083333333333 0.226416666666667 0.213083333333333; % $ D=0.1
0.166458333333333 0.000125 0.000125 0.00825 0.241458333333333 0.000125 0.000125 0.000125 0.000125 0.000125 0.000125 0.000125 0.183125 0.241458333333333 0.158125; % D D=0.1
0.000104166666666667 2.08333333333333e-05 2.08333333333333e-05 0.000125 0.000104166666666667 2.08333333333333e-05 2.08333333333333e-05 2.08333333333333e-05 2.08333333333333e-05 2.08333333333333e-05 2.08333333333333e-05 0.9991875 0.000104166666666667 0.000104166666666667 0.000104166666666667; % J D=0.1
0.000104166666666667 0.9991875 2.08333333333333e-05 0.000125 0.000104166666666667 2.08333333333333e-05 2.08333333333333e-05 2.08333333333333e-05 2.08333333333333e-05 2.08333333333333e-05 2.08333333333333e-05 2.08333333333333e-05 0.000104166666666667 0.000104166666666667 0.000104166666666667; % L D=0.1
0.000104166666666667 2.08333333333333e-05 0.9991875 0.000125 0.000104166666666667 2.08333333333333e-05 2.08333333333333e-05 2.08333333333333e-05 2.08333333333333e-05 2.08333333333333e-05 2.08333333333333e-05 2.08333333333333e-05 0.000104166666666667 0.000104166666666667 0.000104166666666667; % M D=0.1
0.000104166666666667 2.08333333333333e-05 2.08333333333333e-05 0.000125 0.000104166666666667 2.08333333333333e-05 2.08333333333333e-05 2.08333333333333e-05 0.9991875 2.08333333333333e-05 2.08333333333333e-05 2.08333333333333e-05 0.000104166666666667 0.000104166666666667 0.000104166666666667; % V D=0.1
0.291354166666667 0.000104166666666667 0.000104166666666667 0.191458333333333 0.183020833333333 0.000104166666666667 0.000104166666666667 0.000104166666666667 0.000104166666666667 0.000104166666666667 0.000104166666666667 0.000104166666666667 0.000520833333333333 0.183020833333333 0.1496875; % b D=0.1
0.000104166666666667 2.08333333333333e-05 2.08333333333333e-05 0.000125 0.000104166666666667 2.08333333333333e-05 0.9991875 2.08333333333333e-05 2.08333333333333e-05 2.08333333333333e-05 2.08333333333333e-05 2.08333333333333e-05 0.000104166666666667 0.000104166666666667 0.000104166666666667; % f D=0.1
0.266354166666667 0.000104166666666667 0.000104166666666667 0.216458333333333 0.1746875 0.000104166666666667 0.000104166666666667 0.000104166666666667 0.000104166666666667 0.000104166666666667 0.000104166666666667 0.000104166666666667 0.241354166666667 0.0996875 0.000520833333333333; % g D=0.1
0.241354166666667 0.000104166666666667 0.000104166666666667 0.141458333333333 0.233020833333333 0.000104166666666667 0.000104166666666667 0.000104166666666667 0.000104166666666667 0.000104166666666667 0.000104166666666667 0.000104166666666667 0.183020833333333 0.000520833333333333 0.1996875; % k D=0.1
0.283020833333333 0.000104166666666667 0.000104166666666667 0.124791666666667 0.000520833333333333 0.000104166666666667 0.000104166666666667 0.000104166666666667 0.000104166666666667 0.000104166666666667 0.000104166666666667 0.000104166666666667 0.1746875 0.191354166666667 0.2246875; % l D=0.1
0.000104166666666667 2.08333333333333e-05 2.08333333333333e-05 0.000125 0.000104166666666667 2.08333333333333e-05 2.08333333333333e-05 2.08333333333333e-05 2.08333333333333e-05 2.08333333333333e-05 0.9991875 2.08333333333333e-05 0.000104166666666667 0.000104166666666667 0.000104166666666667; % m D=0.1
0.000104166666666667 2.08333333333333e-05 2.08333333333333e-05 0.000125 0.000104166666666667 2.08333333333333e-05 2.08333333333333e-05 0.9991875 2.08333333333333e-05 2.08333333333333e-05 2.08333333333333e-05 2.08333333333333e-05 0.000104166666666667 0.000104166666666667 0.000104166666666667; % n D=0.1
0.000104166666666667 2.08333333333333e-05 2.08333333333333e-05 0.000125 0.000104166666666667 2.08333333333333e-05 2.08333333333333e-05 2.08333333333333e-05 2.08333333333333e-05 0.9991875 2.08333333333333e-05 2.08333333333333e-05 0.000104166666666667 0.000104166666666667 0.000104166666666667; % p D=0.1
0.000104166666666667 2.08333333333333e-05 2.08333333333333e-05 0.000125 0.000104166666666667 0.9991875 2.08333333333333e-05 2.08333333333333e-05 2.08333333333333e-05 2.08333333333333e-05 2.08333333333333e-05 2.08333333333333e-05 0.000104166666666667 0.000104166666666667 0.000104166666666667; % z D=0.1
0.000833333333333333 0.000166666666666667 0.000166666666666667 0.253 0.132833333333333 0.000166666666666667 0.000166666666666667 0.000166666666666667 0.000166666666666667 0.000166666666666667 0.000166666666666667 0.000166666666666667 0.172833333333333 0.226166666666667 0.212833333333333; % $ D=0.2
0.16625 0.00025 0.00025 0.00816666666666667 0.24125 0.00025 0.00025 0.00025 0.00025 0.00025 0.00025 0.00025 0.182916666666667 0.24125 0.157916666666667; % D D=0.2
0.000208333333333333 4.16666666666667e-05 4.16666666666667e-05 0.00025 0.000208333333333333 4.16666666666667e-05 4.16666666666667e-05 4.16666666666667e-05 4.16666666666667e-05 4.16666666666667e-05 4.16666666666667e-05 0.998375 0.000208333333333333 0.000208333333333333 0.000208333333333333; % J D=0.2
0.000208333333333333 0.998375 4.16666666666667e-05 0.00025 0.000208333333333333 4.16666666666667e-05 4.16666666666667e-05 4.16666666666667e-05 4.16666666666667e-05 4.16666666666667e-05 4.16666666666667e-05 4.16666666666667e-05 0.000208333333333333 0.000208333333333333 0.000208333333333333; % L D=0.2
0.000208333333333333 4.16666666666667e-05 0.998375 0.00025 0.000208333333333333 4.16666666666667e-05 4.16666666666667e-05 4.16666666666667e-05 4.16666666666667e-05 4.16666666666667e-05 4.16666666666667e-05 4.16666666666667e-05 0.000208333333333333 0.000208333333333333 0.000208333333333333; % M D=0.2
0.000208333333333333 4.16666666666667e-05 4.16666666666667e-05 0.00025 0.000208333333333333 4.16666666666667e-05 4.16666666666667e-05 4.16666666666667e-05 0.998375 4.16666666666667e-05 4.16666666666667e-05 4.16666666666667e-05 0.000208333333333333 0.000208333333333333 0.000208333333333333; % V D=0.2
0.291041666666667 0.000208333333333333 0.000208333333333333 0.19125 0.182708333333333 0.000208333333333333 0.000208333333333333 0.000208333333333333 0.000208333333333333 0.000208333333333333 0.000208333333333333 0.000208333333333333 0.00104166666666667 0.182708333333333 0.149375; % b D=0.2
0.000208333333333333 4.16666666666667e-05 4.16666666666667e-05 0.00025 0.000208333333333333 4.16666666666667e-05 0.998375 4.16666666666667e-05 4.16666666666667e-05 4.16666666666667e-05 4.16666666666667e-05 4.16666666666667e-05 0.000208333333333333 0.000208333333333333 0.000208333333333333; % f D=0.2
0.266041666666667 0.000208333333333333 0.000208333333333333 0.21625 0.174375 0.000208333333333333 0.000208333333333333 0.000208333333333333 0.000208333333333333 0.000208333333333333 0.000208333333333333 0.000208333333333333 0.241041666666667 0.099375 0.00104166666666667; % g D=0.2
0.241041666666667 0.000208333333333333 0.000208333333333333 0.14125 0.232708333333333 0.000208333333333333 0.000208333333333333 0.000208333333333333 0.000208333333333333 0.000208333333333333 0.000208333333333333 0.000208333333333333 0.182708333333333 0.00104166666666667 0.199375; % k D=0.2
0.282708333333333 0.000208333333333333 0.000208333333333333 0.124583333333333 0.00104166666666667 0.000208333333333333 0.000208333333333333 0.000208333333333333 0.000208333333333333 0.000208333333333333 0.000208333333333333 0.000208333333333333 0.174375 0.191041666666667 0.224375; % l D=0.2
0.000208333333333333 4.16666666666667e-05 4.16666666666667e-05 0.00025 0.000208333333333333 4.16666666666667e-05 4.16666666666667e-05 4.16666666666667e-05 4.16666666666667e-05 4.16666666666667e-05 0.998375 4.16666666666667e-05 0.000208333333333333 0.000208333333333333 0.000208333333333333; % m D=0.2
