syllables = '$GJLMPRZbfkmptz';
discounts = [0.1 0.2 0.3 0.4 0.5 0.6 0.7 0.8 0.9 0.95];
kn_probs = [0.000427350427350427 0.193094017094017 0.193094017094017 8.54700854700855e-05 8.54700854700855e-05 8.54700854700855e-05 8.54700854700855e-05 0.219760683760684 8.54700854700855e-05 8.54700854700855e-05 8.54700854700855e-05 0.20642735042735 8.54700854700855e-05 8.54700854700855e-05 0.18642735042735; % $ D=0.1
0.000106837606837607 0.000106837606837607 0.000106837606837607 0.999188034188034 2.13675213675214e-05 2.13675213675214e-05 2.13675213675214e-05 0.000106837606837607 2.13675213675214e-05 2.13675213675214e-05 2.13675213675214e-05 0.000106837606837607 2.13675213675214e-05 2.13675213675214e-05 0.000106837606837607; % G D=0.1
0.000106837606837607 0.000106837606837607 0.000106837606837607 2.13675213675214e-05 2.13675213675214e-05 2.13675213675214e-05 2.13675213675214e-05 0.000106837606837607 2.13675213675214e-05 2.13675213675214e-05 2.13675213675214e-05 0.000106837606837607 0.999188034188034 2.13675213675214e-05 0.000106837606837607; % J D=0.1
0.000106837606837607 0.000106837606837607 0.000106837606837607 2.13675213675214e-05 2.13675213675214e-05 2.13675213675214e-05 2.13675213675214e-05 0.000106837606837607 2.13675213675214e-05 2.13675213675214e-05 0.999188034188034 0.000106837606837607 2.13675213675214e-05 2.13675213675214e-05 0.000106837606837607; % L D=0.1
0.249700854700855 0.183034188034188 0.199700854700855 0.000106837606837607 0.000106837606837607 0.000106837606837607 0.000106837606837607 0.158034188034188 0.000106837606837607 0.000106837606837607 0.000106837606837607 0.000534188034188034 0.000106837606837607 0.000106837606837607 0.208034188034188; % M D=0.1
0.241367521367521 0.000534188034188034 0.241367521367521 0.000106837606837607 0.000106837606837607 0.000106837606837607 0.000106837606837607 0.108034188034188 0.000106837606837607 0.000106837606837607 0.000106837606837607 0.191367521367521 0.000106837606837607 0.000106837606837607 0.216367521367521; % P D=0.1
0.208034188034188 0.224700854700855 0.191367521367521 0.000106837606837607 0.000106837606837607 0.000106837606837607 0.000106837606837607 0.000534188034188034 0.000106837606837607 0.000106837606837607 0.000106837606837607 0.216367521367521 0.000106837606837607 0.000106837606837607 0.158034188034188; % R D=0.1
0.000106837606837607 0.000106837606837607 0.000106837606837607 2.13675213675214e-05 2.13675213675214e-05 2.13675213675214e-05 0.999188034188034 0.000106837606837607 2.13675213675214e-05 2.13675213675214e-05 2.13675213675214e-05 0.000106837606837607 2.13675213675214e-05 2.13675213675214e-05 0.000106837606837607; % Z D=0.1
0.000106837606837607 0.000106837606837607 0.000106837606837607 2.13675213675214e-05 0.999188034188034 2.13675213675214e-05 2.13675213675214e-05 0.000106837606837607 2.13675213675214e-05 2.13675213675214e-05 2.13675213675214e-05 0.000106837606837607 2.13675213675214e-05 2.13675213675214e-05 0.000106837606837607; % b D=0.1
0.000106837606837607 0.000106837606837607 0.000106837606837607 2.13675213675214e-05 2.13675213675214e-05 2.13675213675214e-05 2.13675213675214e-05 0.000106837606837607 2.13675213675214e-05 2.13675213675214e-05 2.13675213675214e-05 0.000106837606837607 2.13675213675214e-05 0.999188034188034 0.000106837606837607; % f D=0.1
0.000106837606837607 0.000106837606837607 0.000106837606837607 2.13675213675214e-05 2.13675213675214e-05 0.999188034188034 2.13675213675214e-05 0.000106837606837607 2.13675213675214e-05 2.13675213675214e-05 2.13675213675214e-05 0.000106837606837607 2.13675213675214e-05 2.13675213675214e-05 0.000106837606837607; % k D=0.1
0.000106837606837607 0.000106837606837607 0.000106837606837607 2.13675213675214e-05 2.13675213675214e-05 2.13675213675214e-05 2.13675213675214e-05 0.000106837606837607 0.999188034188034 2.13675213675214e-05 2.13675213675214e-05 0.000106837606837607 2.13675213675214e-05 2.13675213675214e-05 0.000106837606837607; % m D=0.1
0.291367521367521 0.141367521367521 0.000534188034188034 0.000106837606837607 0.000106837606837607 0.000106837606837607 0.000106837606837607 0.199700854700855 0.000106837606837607 0.000106837606837607 0.000106837606837607 0.183034188034188 0.000106837606837607 0.000106837606837607 0.183034188034188; % p D=0.1
0.258034188034188 0.208034188034188 0.124700854700855 0.000106837606837607 0.000106837606837607 0.000106837606837607 0.000106837606837607 0.258034188034188 0.000106837606837607 0.000106837606837607 0.000106837606837607 0.149700854700855 0.000106837606837607 0.000106837606837607 0.000534188034188034; % t D=0.1
0.000106837606837607 0.000106837606837607 0.000106837606837607 2.13675213675214e-05 2.13675213675214e-05 2.13675213675214e-05 2.13675213675214e-05 0.000106837606837607 2.13675213675214e-05 0.999188034188034 2.13675213675214e-05 0.000106837606837607 2.13675213675214e-05 2.13675213675214e-05 0.000106837606837607; % z D=0.1
0.000854700854700855 0.192854700854701 0.192854700854701 0.000170940170940171 0.000170940170940171 0.000170940170940171 0.000170940170940171 0.219521367521367 0.000170940170940171 0.000170940170940171 0.000170940170940171 0.206188034188034 0.000170940170940171 0.000170940170940171 0.186188034188034; % $ D=0.2
0.000213675213675214 0.000213675213675214 0.000213675213675214 0.998376068376068 4.27350427350427e-05 4.27350427350427e-05 4.27350427350427e-05 0.000213675213675214 4.27350427350427e-05 4.27350427350427e-05 4.27350427350427e-05 0.000213675213675214 4.27350427350427e-05 4.27350427350427e-05 0.000213675213675214; % G D=0.2
0.000213675213675214 0.000213675213675214 0.000213675213675214 4.27350427350427e-05 4.27350427350427e-05 4.27350427350427e-05 4.27350427350427e-05 0.000213675213675214 4.27350427350427e-05 4.27350427350427e-05 4.27350427350427e-05 0.000213675213675214 0.998376068376068 4.27350427350427e-05 0.000213675213675214; % J D=0.2
0.000213675213675214 0.000213675213675214 0.000213675213675214 4.27350427350427e-05 4.27350427350427e-05 4.27350427350427e-05 4.27350427350427e-05 0.000213675213675214 4.27350427350427e-05 4.27350427350427e-05 0.998376068376068 0.000213675213675214 4.27350427350427e-05 4.27350427350427e-05 0.000213675213675214; % L D=0.2
0.249401709401709 0.182735042735043 0.199401709401709 0.000213675213675214 0.000213675213675214 0.000213675213675214 0.000213675213675214 0.157735042735043 0.000213675213675214 0.000213675213675214 0.000213675213675214 0.00106837606837607 0.000213675213675214 0.000213675213675214 0.207735042735043; % M D=0.2
0.241068376068376 0.00106837606837607 0.241068376068376 0.000213675213675214 0.000213675213675214 0.000213675213675214 0.000213675213675214 0.107735042735043 0.000213675213675214 0.000213675213675214 0.000213675213675214 0.191068376068376 0.000213675213675214 0.000213675213675214 0.216068376068376; % P D=0.2
0.207735042735043 0.224401709401709 0.191068376068376 0.000213675213675214 0.000213675213675214 0.000213675213675214 0.000213675213675214 0.00106837606837607 0.000213675213675214 0.000213675213675214 0.000213675213675214 0.216068376068376 0.000213675213675214 0.000213675213675214 0.157735042735043; % R D=0.2
0.000213675213675214 0.000213675213675214 0.000213675213675214 4.27350427350427e-05 4.27350427350427e-05 4.27350427350427e-05 0.998376068376068 0.000213675213675214 4.27350427350427e-05 4.27350427350427e-05 4.27350427350427e-05 0.000213675213675214 4.27350427350427e-05 4.27350427350427e-05 0.000213675213675214; % Z D=0.2
0.000213675213675214 0.000213675213675214 0.000213675213675214 4.27350427350427e-05 0.998376068376068 4.27350427350427e-05 4.27350427350427e-05 0.000213675213675214 4.27350427350427e-05 4.27350427350427e-05 4.27350427350427e-05 0.000213675213675214 4.27350427350427e-05 4.27350427350427e-05 0.000213675213675214; % b D=0.2
