syllables = '$LNdgknptv';
discounts = [0.1 0.2 0.3 0.4 0.5 0.6 0.7 0.8 0.9 0.95];
kn_probs = [0.000333333333333333 0.000111111111111111 0.000111111111111111 0.293 0.000111111111111111 0.000111111111111111 0.000111111111111111 0.373 0.333 0.000111111111111111; % $ D=0.1
8.33333333333333e-05 2.77777777777778e-05 2.77777777777778e-05 8.33333333333333e-05 0.999527777777778 2.77777777777778e-05 2.77777777777778e-05 8.33333333333333e-05 8.33333333333333e-05 2.77777777777778e-05; % L D=0.1
8.33333333333333e-05 0.999527777777778 2.77777777777778e-05 8.33333333333333e-05 2.77777777777778e-05 2.77777777777778e-05 2.77777777777778e-05 8.33333333333333e-05 8.33333333333333e-05 2.77777777777778e-05; % N D=0.1
8.33333333333333e-05 2.77777777777778e-05 2.77777777777778e-05 8.33333333333333e-05 2.77777777777778e-05 2.77777777777778e-05 0.999527777777778 8.33333333333333e-05 8.33333333333333e-05 2.77777777777778e-05; % d D=0.1
0.24475 8.33333333333333e-05 8.33333333333333e-05 0.39475 8.33333333333333e-05 8.33333333333333e-05 8.33333333333333e-05 0.00025 0.35975 8.33333333333333e-05; % g D=0.1
0.25475 8.33333333333333e-05 8.33333333333333e-05 0.38475 8.33333333333333e-05 8.33333333333333e-05 8.33333333333333e-05 0.35975 0.00025 8.33333333333333e-05; % k D=0.1
8.33333333333333e-05 2.77777777777778e-05 2.77777777777778e-05 8.33333333333333e-05 2.77777777777778e-05 2.77777777777778e-05 2.77777777777778e-05 8.33333333333333e-05 8.33333333333333e-05 0.999527777777778; % n D=0.1
8.33333333333333e-05 2.77777777777778e-05 0.999527777777778 8.33333333333333e-05 2.77777777777778e-05 2.77777777777778e-05 2.77777777777778e-05 8.33333333333333e-05 8.33333333333333e-05 2.77777777777778e-05; % p D=0.1
8.33333333333333e-05 2.77777777777778e-05 2.77777777777778e-05 8.33333333333333e-05 2.77777777777778e-05 0.999527777777778 2.77777777777778e-05 8.33333333333333e-05 8.33333333333333e-05 2.77777777777778e-05; % t D=0.1
0.24975 8.33333333333333e-05 8.33333333333333e-05 0.00025 8.33333333333333e-05 8.33333333333333e-05 8.33333333333333e-05 0.35975 0.38975 8.33333333333333e-05; % v D=0.1
0.000666666666666667 0.000222222222222222 0.000222222222222222 0.292666666666667 0.000222222222222222 0.000222222222222222 0.000222222222222222 0.372666666666667 0.332666666666667 0.000222222222222222; % $ D=0.2
0.000166666666666667 5.55555555555556e-05 5.55555555555556e-05 0.000166666666666667 0.999055555555556 5.55555555555556e-05 5.55555555555556e-05 0.000166666666666667 0.000166666666666667 5.55555555555556e-05; % L D=0.2
0.000166666666666667 0.999055555555556 5.55555555555556e-05 0.000166666666666667 5.55555555555556e-05 5.55555555555556e-05 5.55555555555556e-05 0.000166666666666667 0.000166666666666667 5.55555555555556e-05; % N D=0.2
0.000166666666666667 5.55555555555556e-05 5.55555555555556e-05 0.000166666666666667 5.55555555555556e-05 5.55555555555556e-05 0.999055555555556 0.000166666666666667 0.000166666666666667 5.55555555555556e-05; % d D=0.2
0.2445 0.000166666666666667 0.000166666666666667 0.3945 0.000166666666666667 0.000166666666666667 0.000166666666666667 0.0005 0.3595 0.000166666666666667; % g D=0.2
0.2545 0.000166666666666667 0.000166666666666667 0.3845 0.000166666666666667 0.000166666666666667 0.000166666666666667 0.3595 0.0005 0.000166666666666667; % k D=0.2
0.000166666666666667 5.55555555555556e-05 5.55555555555556e-05 0.000166666666666667 5.55555555555556e-05 5.55555555555556e-05 5.55555555555556e-05 0.000166666666666667 0.000166666666666667 0.999055555555556; % n D=0.2
0.000166666666666667 5.55555555555556e-05 0.999055555555556 0.000166666666666667 5.55555555555556e-05 5.55555555555556e-05 5.55555555555556e-05 0.000166666666666667 0.000166666666666667 5.55555555555556e-05; % p D=0.2
0.000166666666666667 5.55555555555556e-05 5.55555555555556e-05 0.000166666666666667 5.55555555555556e-05 0.999055555555556 5.55555555555556e-05 0.000166666666666667 0.000166666666666667 5.55555555555556e-05; % t D=0.2
0.2495 0.000166666666666667 0.000166666666666667 0.0005 0.000166666666666667 0.000166666666666667 0.000166666666666667 0.3595 0.3895 0.000166666666666667; % v D=0.2
0.001 0.000333333333333333 0.000333333333333333 0.292333333333333 0.000333333333333333 0.000333333333333333 0.000333333333333333 0.372333333333333 0.332333333333333 0.000333333333333333; % $ D=0.3
0.00025 8.33333333333333e-05 8.33333333333333e-05 0.00025 0.998583333333333 8.33333333333333e-05 8.33333333333333e-05 0.00025 0.00025 8.33333333333333e-05; % L D=0.3
0.00025 0.998583333333333 8.33333333333333e-05 0.00025 8.33333333333333e-05 8.33333333333333e-05 8.33333333333333e-05 0.00025 0.00025 8.33333333333333e-05; % N D=0.3
0.00025 8.33333333333333e-05 8.33333333333333e-05 0.00025 8.33333333333333e-05 8.33333333333333e-05 0.998583333333333 0.00025 0.00025 8.33333333333333e-05; % d D=0.3
0.24425 0.00025 0.00025 0.39425 0.00025 0.00025 0.00025 0.00075 0.35925 0.00025; % g D=0.3
0.25425 0.00025 0.00025 0.38425 0.00025 0.00025 0.00025 0.35925 0.00075 0.00025; % k D=0.3
0.00025 8.33333333333333e-05 8.33333333333333e-05 0.00025 8.33333333333333e-05 8.33333333333333e-05 8.33333333333333e-05 0.00025 0.00025 0.998583333333333; % n D=0.3
0.00025 8.33333333333333e-05 0.998583333333333 0.00025 8.33333333333333e-05 8.33333333333333e-05 8.33333333333333e-05 0.00025 0.00025 8.33333333333333e-05; % p D=0.3
0.00025 8.33333333333333e-05 8.33333333333333e-05 0.00025 8.33333333333333e-05 0.998583333333333 8.33333333333333e-05 0.00025 0.00025 8.33333333333333e-05; % t D=0.3
0.24925 0.00025 0.00025 0.00075 0.00025 0.00025 0.00025 0.35925 0.38925 0.00025; % v D=0.3
0.00133333333333333 0.000444444444444445 0.000444444444444445 0.292 0.000444444444444445 0.000444444444444445 0.000444444444444445 0.372 0.332 0.000444444444444445; % $ D=0.4
0.000333333333333333 0.000111111111111111 0.000111111111111111 0.000333333333333333 0.998111111111111 0.000111111111111111 0.000111111111111111 0.000333333333333333 0.000333333333333333 0.000111111111111111; % L D=0.4
0.000333333333333333 0.998111111111111 0.000111111111111111 0.000333333333333333 0.000111111111111111 0.000111111111111111 0.000111111111111111 0.000333333333333333 0.000333333333333333 0.000111111111111111; % N D=0.4
0.000333333333333333 0.000111111111111111 0.000111111111111111 0.000333333333333333 0.000111111111111111 0.000111111111111111 0.998111111111111 0.000333333333333333 0.000333333333333333 0.000111111111111111; % d D=0.4
0.244 0.000333333333333333 0.000333333333333333 0.394 0.000333333333333333 0.000333333333333333 0.000333333333333333 0.001 0.359 0.000333333333333333; % g D=0.4
0.254 0.000333333333333333 0.000333333333333333 0.384 0.000333333333333333 0.000333333333333333 0.000333333333333333 0.359 0.001 0.000333333333333333; % k D=0.4
0.000333333333333333 0.000111111111111111 0.000111111111111111 0.000333333333333333 0.000111111111111111 0.000111111111111111 0.000111111111111111 0.000333333333333333 0.000333333333333333 0.998111111111111; % n D=0.4
0.000333333333333333 0.000111111111111111 0.998111111111111 0.000333333333333333 0.000111111111111111 0.000111111111111111 0.000111111111111111 0.000333333333333333 0.000333333333333333 0.000111111111111111; % p D=0.4
0.000333333333333333 0.000111111111111111 0.000111111111111111 0.000333333333333333 0.000111111111111111 0.998111111111111 0.000111111111111111 0.000333333333333333 0.000333333333333333 0.000111111111111111; % t D=0.4
0.249 0.000333333333333333 0.000333333333333333 0.001 0.000333333333333333 0.000333333333333333 0.000333333333333333 0.359 0.389 0.000333333333333333; % v D=0.4
0.00166666666666667 0.000555555555555556 0.000555555555555556 0.291666666666667 0.000555555555555556 0.000555555555555556 0.000555555555555556 0.371666666666667 0.331666666666667 0.000555555555555556; % $ D=0.5
0.000416666666666667 0.000138888888888889 0.000138888888888889 0.000416666666666667 0.997638888888889 0.000138888888888889 0.000138888888888889 0.000416666666666667 0.000416666666666667 0.000138888888888889; % L D=0.5
