syllables = '$BDMNPRfgklm';
discounts = [0.1 0.2 0.3 0.4 0.5 0.6 0.7 0.8 0.9 0.95];
kn_probs = [0.000395061728395062 0.239728395061728 9.87654320987654e-05 9.87654320987654e-05 0.233061728395062 0.173061728395062 9.87654320987654e-05 9.87654320987654e-05 9.87654320987654e-05 0.353061728395062 9.87654320987654e-05 9.87654320987654e-05; % $ D=0.1
9.87654320987654e-05 9.87654320987654e-05 2.46913580246914e-05 2.46913580246914e-05 9.87654320987654e-05 9.87654320987654e-05 2.46913580246914e-05 2.46913580246914e-05 0.999358024691358 9.87654320987654e-05 2.46913580246914e-05 2.46913580246914e-05; % B D=0.1
0.286395061728395 0.239728395061728 9.87654320987654e-05 9.87654320987654e-05 0.000395061728395062 0.299728395061728 9.87654320987654e-05 9.87654320987654e-05 9.87654320987654e-05 0.173061728395062 9.87654320987654e-05 9.87654320987654e-05; % D D=0.1
9.87654320987654e-05 9.87654320987654e-05 2.46913580246914e-05 2.46913580246914e-05 9.87654320987654e-05 9.87654320987654e-05 2.46913580246914e-05 2.46913580246914e-05 2.46913580246914e-05 9.87654320987654e-05 2.46913580246914e-05 0.999358024691358; % M D=0.1
9.87654320987654e-05 9.87654320987654e-05 2.46913580246914e-05 2.46913580246914e-05 9.87654320987654e-05 9.87654320987654e-05 0.999358024691358 2.46913580246914e-05 2.46913580246914e-05 9.87654320987654e-05 2.46913580246914e-05 2.46913580246914e-05; % N D=0.1
9.87654320987654e-05 9.87654320987654e-05 2.46913580246914e-05 2.46913580246914e-05 9.87654320987654e-05 9.87654320987654e-05 2.46913580246914e-05 2.46913580246914e-05 2.46913580246914e-05 9.87654320987654e-05 0.999358024691358 2.46913580246914e-05; % P D=0.1
9.87654320987654e-05 9.87654320987654e-05 0.999358024691358 2.46913580246914e-05 9.87654320987654e-05 9.87654320987654e-05 2.46913580246914e-05 2.46913580246914e-05 2.46913580246914e-05 9.87654320987654e-05 2.46913580246914e-05 2.46913580246914e-05; % R D=0.1
0.299728395061728 0.159728395061728 9.87654320987654e-05 9.87654320987654e-05 0.239728395061728 0.299728395061728 9.87654320987654e-05 9.87654320987654e-05 9.87654320987654e-05 0.000395061728395062 9.87654320987654e-05 9.87654320987654e-05; % f D=0.1
9.87654320987654e-05 9.87654320987654e-05 2.46913580246914e-05 0.999358024691358 9.87654320987654e-05 9.87654320987654e-05 2.46913580246914e-05 2.46913580246914e-05 2.46913580246914e-05 9.87654320987654e-05 2.46913580246914e-05 2.46913580246914e-05; % g D=0.1
9.87654320987654e-05 9.87654320987654e-05 2.46913580246914e-05 2.46913580246914e-05 9.87654320987654e-05 9.87654320987654e-05 2.46913580246914e-05 0.999358024691358 2.46913580246914e-05 9.87654320987654e-05 2.46913580246914e-05 2.46913580246914e-05; % k D=0.1
0.173061728395062 0.359728395061728 9.87654320987654e-05 9.87654320987654e-05 0.246395061728395 0.000395061728395062 9.87654320987654e-05 9.87654320987654e-05 9.87654320987654e-05 0.219728395061728 9.87654320987654e-05 9.87654320987654e-05; % l D=0.1
0.239728395061728 0.000395061728395062 9.87654320987654e-05 9.87654320987654e-05 0.279728395061728 0.226395061728395 9.87654320987654e-05 9.87654320987654e-05 9.87654320987654e-05 0.253061728395062 9.87654320987654e-05 9.87654320987654e-05; % m D=0.1
0.000790123456790124 0.239456790123457 0.000197530864197531 0.000197530864197531 0.23279012345679 0.17279012345679 0.000197530864197531 0.000197530864197531 0.000197530864197531 0.35279012345679 0.000197530864197531 0.000197530864197531; % $ D=0.2
0.000197530864197531 0.000197530864197531 4.93827160493827e-05 4.93827160493827e-05 0.000197530864197531 0.000197530864197531 4.93827160493827e-05 4.93827160493827e-05 0.998716049382716 0.000197530864197531 4.93827160493827e-05 4.93827160493827e-05; % B D=0.2
0.286123456790123 0.239456790123457 0.000197530864197531 0.000197530864197531 0.000790123456790124 0.299456790123457 0.000197530864197531 0.000197530864197531 0.000197530864197531 0.17279012345679 0.000197530864197531 0.000197530864197531; % D D=0.2
0.000197530864197531 0.000197530864197531 4.93827160493827e-05 4.93827160493827e-05 0.000197530864197531 0.000197530864197531 4.93827160493827e-05 4.93827160493827e-05 4.93827160493827e-05 0.000197530864197531 4.93827160493827e-05 0.998716049382716; % M D=0.2
0.000197530864197531 0.000197530864197531 4.93827160493827e-05 4.93827160493827e-05 0.000197530864197531 0.000197530864197531 0.998716049382716 4.93827160493827e-05 4.93827160493827e-05 0.000197530864197531 4.93827160493827e-05 4.93827160493827e-05; % N D=0.2
0.000197530864197531 0.000197530864197531 4.93827160493827e-05 4.93827160493827e-05 0.000197530864197531 0.000197530864197531 4.93827160493827e-05 4.93827160493827e-05 4.93827160493827e-05 0.000197530864197531 0.998716049382716 4.93827160493827e-05; % P D=0.2
0.000197530864197531 0.000197530864197531 0.998716049382716 4.93827160493827e-05 0.000197530864197531 0.000197530864197531 4.93827160493827e-05 4.93827160493827e-05 4.93827160493827e-05 0.000197530864197531 4.93827160493827e-05 4.93827160493827e-05; % R D=0.2
0.299456790123457 0.159456790123457 0.000197530864197531 0.000197530864197531 0.239456790123457 0.299456790123457 0.000197530864197531 0.000197530864197531 0.000197530864197531 0.000790123456790124 0.000197530864197531 0.000197530864197531; % f D=0.2
0.000197530864197531 0.000197530864197531 4.93827160493827e-05 0.998716049382716 0.000197530864197531 0.000197530864197531 4.93827160493827e-05 4.93827160493827e-05 4.93827160493827e-05 0.000197530864197531 4.93827160493827e-05 4.93827160493827e-05; % g D=0.2
0.000197530864197531 0.000197530864197531 4.93827160493827e-05 4.93827160493827e-05 0.000197530864197531 0.000197530864197531 4.93827160493827e-05 0.998716049382716 4.93827160493827e-05 0.000197530864197531 4.93827160493827e-05 4.93827160493827e-05; % k D=0.2
0.17279012345679 0.359456790123457 0.000197530864197531 0.000197530864197531 0.246123456790123 0.000790123456790124 0.000197530864197531 0.000197530864197531 0.000197530864197531 0.219456790123457 0.000197530864197531 0.000197530864197531; % l D=0.2
0.239456790123457 0.000790123456790124 0.000197530864197531 0.000197530864197531 0.279456790123457 0.226123456790123 0.000197530864197531 0.000197530864197531 0.000197530864197531 0.25279012345679 0.000197530864197531 0.000197530864197531; % m D=0.2
0.00118518518518519 0.239185185185185 0.000296296296296296 0.000296296296296296 0.232518518518519 0.172518518518519 0.000296296296296296 0.000296296296296296 0.000296296296296296 0.352518518518519 0.000296296296296296 0.000296296296296296; % $ D=0.3
0.000296296296296296 0.000296296296296296 7.40740740740741e-05 7.40740740740741e-05 0.000296296296296296 0.000296296296296296 7.40740740740741e-05 7.40740740740741e-05 0.998074074074074 0.000296296296296296 7.40740740740741e-05 7.40740740740741e-05; % B D=0.3
0.285851851851852 0.239185185185185 0.000296296296296296 0.000296296296296296 0.00118518518518519 0.299185185185185 0.000296296296296296 0.000296296296296296 0.000296296296296296 0.172518518518519 0.000296296296296296 0.000296296296296296; % D D=0.3
0.000296296296296296 0.000296296296296296 7.40740740740741e-05 7.40740740740741e-05 0.000296296296296296 0.000296296296296296 7.40740740740741e-05 7.40740740740741e-05 7.40740740740741e-05 0.000296296296296296 7.40740740740741e-05 0.998074074074074; % M D=0.3
0.000296296296296296 0.000296296296296296 7.40740740740741e-05 7.40740740740741e-05 0.000296296296296296 0.000296296296296296 0.998074074074074 7.40740740740741e-05 7.40740740740741e-05 0.000296296296296296 7.40740740740741e-05 7.40740740740741e-05; % N D=0.3
0.000296296296296296 0.000296296296296296 7.40740740740741e-05 7.40740740740741e-05 0.000296296296296296 0.000296296296296296 7.40740740740741e-05 7.40740740740741e-05 7.40740740740741e-05 0.000296296296296296 0.998074074074074 7.40740740740741e-05; % P D=0.3
0.000296296296296296 0.000296296296296296 0.998074074074074 7.40740740740741e-05 0.000296296296296296 0.000296296296296296 7.40740740740741e-05 7.40740740740741e-05 7.40740740740741e-05 0.000296296296296296 7.40740740740741e-05 7.40740740740741e-05; % R D=0.3
0.299185185185185 0.159185185185185 0.000296296296296296 0.000296296296296296 0.239185185185185 0.299185185185185 0.000296296296296296 0.000296296296296296 0.000296296296296296 0.00118518518518519 0.000296296296296296 0.000296296296296296; % f D=0.3
0.000296296296296296 0.000296296296296296 7.40740740740741e-05 0.998074074074074 0.000296296296296296 0.000296296296296296 7.40740740740741e-05 7.40740740740741e-05 7.40740740740741e-05 0.000296296296296296 7.40740740740741e-05 7.40740740740741e-05; % g D=0.3
0.000296296296296296 0.000296296296296296 7.40740740740741e-05 7.40740740740741e-05 0.000296296296296296 0.000296296296296296 7.40740740740741e-05 0.998074074074074 7.40740740740741e-05 0.000296296296296296 7.40740740740741e-05 7.40740740740741e-05; % k D=0.3
0.172518518518519 0.359185185185185 0.000296296296296296 0.000296296296296296 0.245851851851852 0.00118518518518519 0.000296296296296296 0.000296296296296296 0.000296296296296296 0.219185185185185 0.000296296296296296 0.000296296296296296; % l D=0.3
0.239185185185185 0.00118518518518519 0.000296296296296296 0.000296296296296296 0.279185185185185 0.225851851851852 0.000296296296296296 0.000296296296296296 0.000296296296296296 0.252518518518519 0.000296296296296296 0.000296296296296296; % m D=0.3
0.00158024691358025 0.238913580246914 0.000395061728395062 0.000395061728395062 0.232246913580247 0.172246913580247 0.000395061728395062 0.000395061728395062 0.000395061728395062 0.352246913580247 0.000395061728395062 0.000395061728395062; % $ D=0.4
0.000395061728395062 0.000395061728395062 9.87654320987654e-05 9.87654320987654e-05 0.000395061728395062 0.000395061728395062 9.87654320987654e-05 9.87654320987654e-05 0.997432098765432 0.000395061728395062 9.87654320987654e-05 9.87654320987654e-05; % B D=0.4
0.28558024691358 0.238913580246914 0.000395061728395062 0.000395061728395062 0.00158024691358025 0.298913580246914 0.000395061728395062 0.000395061728395062 0.000395061728395062 0.172246913580247 0.000395061728395062 0.000395061728395062; % D D=0.4
0.000395061728395062 0.000395061728395062 9.87654320987654e-05 9.87654320987654e-05 0.000395061728395062 0.000395061728395062 9.87654320987654e-05 9.87654320987654e-05 9.87654320987654e-05 0.000395061728395062 9.87654320987654e-05 0.997432098765432; % M D=0.4
0.000395061728395062 0.000395061728395062 9.87654320987654e-05 9.87654320987654e-05 0.000395061728395062 0.000395061728395062 0.997432098765432 9.87654320987654e-05 9.87654320987654e-05 0.000395061728395062 9.87654320987654e-05 9.87654320987654e-05; % N D=0.4
0.000395061728395062 0.000395061728395062 9.87654320987654e-05 9.87654320987654e-05 0.000395061728395062 0.000395061728395062 9.87654320987654e-05 9.87654320987654e-05 9.87654320987654e-05 0.000395061728395062 0.997432098765432 9.87654320987654e-05; % P D=0.4
0.000395061728395062 0.000395061728395062 0.997432098765432 9.87654320987654e-05 0.000395061728395062 0.000395061728395062 9.87654320987654e-05 9.87654320987654e-05 9.87654320987654e-05 0.000395061728395062 9.87654320987654e-05 9.87654320987654e-05; % R D=0.4
0.298913580246914 0.158913580246914 0.000395061728395062 0.000395061728395062 0.238913580246914 0.298913580246914 0.000395061728395062 0.000395061728395062 0.000395061728395062 0.00158024691358025 0.000395061728395062 0.000395061728395062; % f D=0.4
0.000395061728395062 0.000395061728395062 9.87654320987654e-05 0.997432098765432 0.000395061728395062 0.000395061728395062 9.87654320987654e-05 9.87654320987654e-05 9.87654320987654e-05 0.000395061728395062 9.87654320987654e-05 9.87654320987654e-05; % g D=0.4
0.000395061728395062 0.000395061728395062 9.87654320987654e-05 9.87654320987654e-05 0.000395061728395062 0.000395061728395062 9.87654320987654e-05 0.997432098765432 9.87654320987654e-05 0.000395061728395062 9.87654320987654e-05 9.87654320987654e-05; % k D=0.4
0.172246913580247 0.358913580246914 0.000395061728395062 0.000395061728395062 0.24558024691358 0.00158024691358025 0.000395061728395062 0.000395061728395062 0.000395061728395062 0.218913580246914 0.000395061728395062 0.000395061728395062; % l D=0.4
0.238913580246914 0.00158024691358025 0.000395061728395062 0.000395061728395062 0.278913580246914 0.22558024691358 0.000395061728395062 0.000395061728395062 0.000395061728395062 0.252246913580247 0.000395061728395062 0.000395061728395062; % m D=0.4
0.00197530864197531 0.238641975308642 0.000493827160493827 0.000493827160493827 0.231975308641975 0.171975308641975 0.000493827160493827 0.000493827160493827 0.000493827160493827 0.351975308641975 0.000493827160493827 0.000493827160493827; % $ D=0.5
0.000493827160493827 0.000493827160493827 0.000123456790123457 0.000123456790123457 0.000493827160493827 0.000493827160493827 0.000123456790123457 0.000123456790123457 0.99679012345679 0.000493827160493827 0.000123456790123457 0.000123456790123457; % B D=0.5
0.285308641975309 0.238641975308642 0.000493827160493827 0.000493827160493827 0.00197530864197531 0.298641975308642 0.000493827160493827 0.000493827160493827 0.000493827160493827 0.171975308641975 0.000493827160493827 0.000493827160493827; % D D=0.5
0.000493827160493827 0.000493827160493827 0.000123456790123457 0.000123456790123457 0.000493827160493827 0.000493827160493827 0.000123456790123457 0.000123456790123457 0.000123456790123457 0.000493827160493827 0.000123456790123457 0.99679012345679; % M D=0.5
0.000493827160493827 0.000493827160493827 0.000123456790123457 0.000123456790123457 0.000493827160493827 0.000493827160493827 0.99679012345679 0.000123456790123457 0.000123456790123457 0.000493827160493827 0.000123456790123457 0.000123456790123457; % N D=0.5
0.000493827160493827 0.000493827160493827 0.000123456790123457 0.000123456790123457 0.000493827160493827 0.000493827160493827 0.000123456790123457 0.000123456790123457 0.000123456790123457 0.000493827160493827 0.99679012345679 0.000123456790123457; % P D=0.5
0.000493827160493827 0.000493827160493827 0.99679012345679 0.000123456790123457 0.000493827160493827 0.000493827160493827 0.000123456790123457 0.000123456790123457 0.000123456790123457 0.000493827160493827 0.000123456790123457 0.000123456790123457; % R D=0.5
0.298641975308642 0.158641975308642 0.000493827160493827 0.000493827160493827 0.238641975308642 0.298641975308642 0.000493827160493827 0.000493827160493827 0.000493827160493827 0.00197530864197531 0.000493827160493827 0.000493827160493827; % f D=0.5
0.000493827160493827 0.000493827160493827 0.000123456790123457 0.99679012345679 0.000493827160493827 0.000493827160493827 0.000123456790123457 0.000123456790123457 0.000123456790123457 0.000493827160493827 0.000123456790123457 0.000123456790123457; % g D=0.5
0.000493827160493827 0.000493827160493827 0.000123456790123457 0.000123456790123457 0.000493827160493827 0.000493827160493827 0.000123456790123457 0.99679012345679 0.000123456790123457 0.000493827160493827 0.000123456790123457 0.000123456790123457; % k D=0.5
0.171975308641975 0.358641975308642 0.000493827160493827 0.000493827160493827 0.245308641975309 0.00197530864197531 0.000493827160493827 0.000493827160493827 0.000493827160493827 0.218641975308642 0.000493827160493827 0.000493827160493827; % l D=0.5
0.238641975308642 0.00197530864197531 0.000493827160493827 0.000493827160493827 0.278641975308642 0.225308641975309 0.000493827160493827 0.000493827160493827 0.000493827160493827 0.251975308641975 0.000493827160493827 0.000493827160493827; % m D=0.5
0.00237037037037037 0.23837037037037 0.000592592592592593 0.000592592592592593 0.231703703703704 0.171703703703704 0.000592592592592593 0.000592592592592593 0.000592592592592593 0.351703703703704 0.000592592592592593 0.000592592592592593; % $ D=0.6
0.000592592592592593 0.000592592592592593 0.000148148148148148 0.000148148148148148 0.000592592592592593 0.000592592592592593 0.000148148148148148 0.000148148148148148 0.996148148148148 0.000592592592592593 0.000148148148148148 0.000148148148148148; % B D=0.6
0.285037037037037 0.23837037037037 0.000592592592592593 0.000592592592592593 0.00237037037037037 0.29837037037037 0.000592592592592593 0.000592592592592593 0.000592592592592593 0.171703703703704 0.000592592592592593 0.000592592592592593; % D D=0.6
0.000592592592592593 0.000592592592592593 0.000148148148148148 0.000148148148148148 0.000592592592592593 0.000592592592592593 0.000148148148148148 0.000148148148148148 0.000148148148148148 0.000592592592592593 0.000148148148148148 0.996148148148148; % M D=0.6
0.000592592592592593 0.000592592592592593 0.000148148148148148 0.000148148148148148 0.000592592592592593 0.000592592592592593 0.996148148148148 0.000148148148148148 0.000148148148148148 0.000592592592592593 0.000148148148148148 0.000148148148148148; % N D=0.6
0.000592592592592593 0.000592592592592593 0.000148148148148148 0.000148148148148148 0.000592592592592593 0.000592592592592593 0.000148148148148148 0.000148148148148148 0.000148148148148148 0.000592592592592593 0.996148148148148 0.000148148148148148; % P D=0.6
0.000592592592592593 0.000592592592592593 0.996148148148148 0.000148148148148148 0.000592592592592593 0.000592592592592593 0.000148148148148148 0.000148148148148148 0.000148148148148148 0.000592592592592593 0.000148148148148148 0.000148148148148148; % R D=0.6
0.29837037037037 0.15837037037037 0.000592592592592593 0.000592592592592593 0.23837037037037 0.29837037037037 0.000592592592592593 0.000592592592592593 0.000592592592592593 0.00237037037037037 0.000592592592592593 0.000592592592592593; % f D=0.6
0.000592592592592593 0.000592592592592593 0.000148148148148148 0.996148148148148 0.000592592592592593 0.000592592592592593 0.000148148148148148 0.000148148148148148 0.000148148148148148 0.000592592592592593 0.000148148148148148 0.000148148148148148; % g D=0.6
0.000592592592592593 0.000592592592592593 0.000148148148148148 0.000148148148148148 0.000592592592592593 0.000592592592592593 0.000148148148148148 0.996148148148148 0.000148148148148148 0.000592592592592593 0.000148148148148148 0.000148148148148148; % k D=0.6
0.171703703703704 0.35837037037037 0.000592592592592593 0.000592592592592593 0.245037037037037 0.00237037037037037 0.000592592592592593 0.000592592592592593 0.000592592592592593 0.21837037037037 0.000592592592592593 0.000592592592592593; % l D=0.6
0.23837037037037 0.00237037037037037 0.000592592592592593 0.000592592592592593 0.27837037037037 0.225037037037037 0.000592592592592593 0.000592592592592593 0.000592592592592593 0.251703703703704 0.000592592592592593 0.000592592592592593; % m D=0.6
0.00276543209876543 0.238098765432099 0.000691358024691358 0.000691358024691358 0.231432098765432 0.171432098765432 0.000691358024691358 0.000691358024691358 0.000691358024691358 0.351432098765432 0.000691358024691358 0.000691358024691358; % $ D=0.7
0.000691358024691358 0.000691358024691358 0.000172839506172839 0.000172839506172839 0.000691358024691358 0.000691358024691358 0.000172839506172839 0.000172839506172839 0.995506172839506 0.000691358024691358 0.000172839506172839 0.000172839506172839; % B D=0.7
0.284765432098765 0.238098765432099 0.000691358024691358 0.000691358024691358 0.00276543209876543 0.298098765432099 0.000691358024691358 0.000691358024691358 0.000691358024691358 0.171432098765432 0.000691358024691358 0.000691358024691358; % D D=0.7
0.000691358024691358 0.000691358024691358 0.000172839506172839 0.000172839506172839 0.000691358024691358 0.000691358024691358 0.000172839506172839 0.000172839506172839 0.000172839506172839 0.000691358024691358 0.000172839506172839 0.995506172839506; % M D=0.7
0.000691358024691358 0.000691358024691358 0.000172839506172839 0.000172839506172839 0.000691358024691358 0.000691358024691358 0.995506172839506 0.000172839506172839 0.000172839506172839 0.000691358024691358 0.000172839506172839 0.000172839506172839; % N D=0.7
0.000691358024691358 0.000691358024691358 0.000172839506172839 0.000172839506172839 0.000691358024691358 0.000691358024691358 0.000172839506172839 0.000172839506172839 0.000172839506172839 0.000691358024691358 0.995506172839506 0.000172839506172839; % P D=0.7
0.000691358024691358 0.000691358024691358 0.995506172839506 0.000172839506172839 0.000691358024691358 0.000691358024691358 0.000172839506172839 0.000172839506172839 0.000172839506172839 0.000691358024691358 0.000172839506172839 0.000172839506172839; % R D=0.7
0.298098765432099 0.158098765432099 0.000691358024691358 0.000691358024691358 0.238098765432099 0.298098765432099 0.000691358024691358 0.000691358024691358 0.000691358024691358 0.00276543209876543 0.000691358024691358 0.000691358024691358; % f D=0.7
0.000691358024691358 0.000691358024691358 0.000172839506172839 0.995506172839506 0.000691358024691358 0.000691358024691358 0.000172839506172839 0.000172839506172839 0.000172839506172839 0.000691358024691358 0.000172839506172839 0.000172839506172839; % g D=0.7
0.000691358024691358 0.000691358024691358 0.000172839506172839 0.000172839506172839 0.000691358024691358 0.000691358024691358 0.000172839506172839 0.995506172839506 0.000172839506172839 0.000691358024691358 0.000172839506172839 0.000172839506172839; % k D=0.7
0.171432098765432 0.358098765432099 0.000691358024691358 0.000691358024691358 0.244765432098765 0.00276543209876543 0.000691358024691358 0.000691358024691358 0.000691358024691358 0.218098765432099 0.000691358024691358 0.000691358024691358; % l D=0.7
0.238098765432099 0.00276543209876543 0.000691358024691358 0.000691358024691358 0.278098765432099 0.224765432098765 0.000691358024691358 0.000691358024691358 0.000691358024691358 0.251432098765432 0.000691358024691358 0.000691358024691358; % m D=0.7
0.00316049382716049 0.237827160493827 0.000790123456790124 0.000790123456790124 0.231160493827161 0.17116049382716 0.000790123456790124 0.000790123456790124 0.000790123456790124 0.351160493827161 0.000790123456790124 0.000790123456790124; % $ D=0.8
0.000790123456790124 0.000790123456790124 0.000197530864197531 0.000197530864197531 0.000790123456790124 0.000790123456790124 0.000197530864197531 0.000197530864197531 0.994864197530864 0.000790123456790124 0.000197530864197531 0.000197530864197531; % B D=0.8
0.284493827160494 0.237827160493827 0.000790123456790124 0.000790123456790124 0.00316049382716049 0.297827160493827 0.000790123456790124 0.000790123456790124 0.000790123456790124 0.17116049382716 0.000790123456790124 0.000790123456790124; % D D=0.8
0.000790123456790124 0.000790123456790124 0.000197530864197531 0.000197530864197531 0.000790123456790124 0.000790123456790124 0.000197530864197531 0.000197530864197531 0.000197530864197531 0.000790123456790124 0.000197530864197531 0.994864197530864; % M D=0.8
0.000790123456790124 0.000790123456790124 0.000197530864197531 0.000197530864197531 0.000790123456790124 0.000790123456790124 0.994864197530864 0.000197530864197531 0.000197530864197531 0.000790123456790124 0.000197530864197531 0.000197530864197531; % N D=0.8
0.000790123456790124 0.000790123456790124 0.000197530864197531 0.000197530864197531 0.000790123456790124 0.000790123456790124 0.000197530864197531 0.000197530864197531 0.000197530864197531 0.000790123456790124 0.994864197530864 0.000197530864197531; % P D=0.8
0.000790123456790124 0.000790123456790124 0.994864197530864 0.000197530864197531 0.000790123456790124 0.000790123456790124 0.000197530864197531 0.000197530864197531 0.000197530864197531 0.000790123456790124 0.000197530864197531 0.000197530864197531; % R D=0.8
0.297827160493827 0.157827160493827 0.000790123456790124 0.000790123456790124 0.237827160493827 0.297827160493827 0.000790123456790124 0.000790123456790124 0.000790123456790124 0.00316049382716049 0.000790123456790124 0.000790123456790124; % f D=0.8
0.000790123456790124 0.000790123456790124 0.000197530864197531 0.994864197530864 0.000790123456790124 0.000790123456790124 0.000197530864197531 0.000197530864197531 0.000197530864197531 0.000790123456790124 0.000197530864197531 0.000197530864197531; % g D=0.8
0.000790123456790124 0.000790123456790124 0.000197530864197531 0.000197530864197531 0.000790123456790124 0.000790123456790124 0.000197530864197531 0.994864197530864 0.000197530864197531 0.000790123456790124 0.000197530864197531 0.000197530864197531; % k D=0.8
0.17116049382716 0.357827160493827 0.000790123456790124 0.000790123456790124 0.244493827160494 0.00316049382716049 0.000790123456790124 0.000790123456790124 0.000790123456790124 0.217827160493827 0.000790123456790124 0.000790123456790124; % l D=0.8
0.237827160493827 0.00316049382716049 0.000790123456790124 0.000790123456790124 0.277827160493827 0.224493827160494 0.000790123456790124 0.000790123456790124 0.000790123456790124 0.251160493827161 0.000790123456790124 0.000790123456790124; % m D=0.8
0.00355555555555556 0.237555555555556 0.000888888888888889 0.000888888888888889 0.230888888888889 0.170888888888889 0.000888888888888889 0.000888888888888889 0.000888888888888889 0.350888888888889 0.000888888888888889 0.000888888888888889; % $ D=0.9
0.000888888888888889 0.000888888888888889 0.000222222222222222 0.000222222222222222 0.000888888888888889 0.000888888888888889 0.000222222222222222 0.000222222222222222 0.994222222222222 0.000888888888888889 0.000222222222222222 0.000222222222222222; % B D=0.9
0.284222222222222 0.237555555555556 0.000888888888888889 0.000888888888888889 0.00355555555555556 0.297555555555556 0.000888888888888889 0.000888888888888889 0.000888888888888889 0.170888888888889 0.000888888888888889 0.000888888888888889; % D D=0.9
0.000888888888888889 0.000888888888888889 0.000222222222222222 0.000222222222222222 0.000888888888888889 0.000888888888888889 0.000222222222222222 0.000222222222222222 0.000222222222222222 0.000888888888888889 0.000222222222222222 0.994222222222222; % M D=0.9
0.000888888888888889 0.000888888888888889 0.000222222222222222 0.000222222222222222 0.000888888888888889 0.000888888888888889 0.994222222222222 0.000222222222222222 0.000222222222222222 0.000888888888888889 0.000222222222222222 0.000222222222222222; % N D=0.9
0.000888888888888889 0.000888888888888889 0.000222222222222222 0.000222222222222222 0.000888888888888889 0.000888888888888889 0.000222222222222222 0.000222222222222222 0.000222222222222222 0.000888888888888889 0.994222222222222 0.000222222222222222; % P D=0.9
0.000888888888888889 0.000888888888888889 0.994222222222222 0.000222222222222222 0.000888888888888889 0.000888888888888889 0.000222222222222222 0.000222222222222222 0.000222222222222222 0.000888888888888889 0.000222222222222222 0.000222222222222222; % R D=0.9
0.297555555555556 0.157555555555556 0.000888888888888889 0.000888888888888889 0.237555555555556 0.297555555555556 0.000888888888888889 0.000888888888888889 0.000888888888888889 0.00355555555555556 0.000888888888888889 0.000888888888888889; % f D=0.9
0.000888888888888889 0.000888888888888889 0.000222222222222222 0.994222222222222 0.000888888888888889 0.000888888888888889 0.000222222222222222 0.000222222222222222 0.000222222222222222 0.000888888888888889 0.000222222222222222 0.000222222222222222; % g D=0.9
0.000888888888888889 0.000888888888888889 0.000222222222222222 0.000222222222222222 0.000888888888888889 0.000888888888888889 0.000222222222222222 0.994222222222222 0.000222222222222222 0.000888888888888889 0.000222222222222222 0.000222222222222222; % k D=0.9
0.170888888888889 0.357555555555556 0.000888888888888889 0.000888888888888889 0.244222222222222 0.00355555555555556 0.000888888888888889 0.000888888888888889 0.000888888888888889 0.217555555555556 0.000888888888888889 0.000888888888888889; % l D=0.9
0.237555555555556 0.00355555555555556 0.000888888888888889 0.000888888888888889 0.277555555555556 0.224222222222222 0.000888888888888889 0.000888888888888889 0.000888888888888889 0.250888888888889 0.000888888888888889 0.000888888888888889; % m D=0.9
0.00375308641975309 0.23741975308642 0.000938271604938272 0.000938271604938272 0.230753086419753 0.170753086419753 0.000938271604938272 0.000938271604938272 0.000938271604938272 0.350753086419753 0.000938271604938272 0.000938271604938272; % $ D=0.95
0.000938271604938272 0.000938271604938272 0.000234567901234568 0.000234567901234568 0.000938271604938272 0.000938271604938272 0.000234567901234568 0.000234567901234568 0.993901234567901 0.000938271604938272 0.000234567901234568 0.000234567901234568; % B D=0.95
0.284086419753086 0.23741975308642 0.000938271604938272 0.000938271604938272 0.00375308641975309 0.29741975308642 0.000938271604938272 0.000938271604938272 0.000938271604938272 0.170753086419753 0.000938271604938272 0.000938271604938272; % D D=0.95
0.000938271604938272 0.000938271604938272 0.000234567901234568 0.000234567901234568 0.000938271604938272 0.000938271604938272 0.000234567901234568 0.000234567901234568 0.000234567901234568 0.000938271604938272 0.000234567901234568 0.993901234567901; % M D=0.95
0.000938271604938272 0.000938271604938272 0.000234567901234568 0.000234567901234568 0.000938271604938272 0.000938271604938272 0.993901234567901 0.000234567901234568 0.000234567901234568 0.000938271604938272 0.000234567901234568 0.000234567901234568; % N D=0.95
0.000938271604938272 0.000938271604938272 0.000234567901234568 0.000234567901234568 0.000938271604938272 0.000938271604938272 0.000234567901234568 0.000234567901234568 0.000234567901234568 0.000938271604938272 0.993901234567901 0.000234567901234568; % P D=0.95
0.000938271604938272 0.000938271604938272 0.993901234567901 0.000234567901234568 0.000938271604938272 0.000938271604938272 0.000234567901234568 0.000234567901234568 0.000234567901234568 0.000938271604938272 0.000234567901234568 0.000234567901234568; % R D=0.95
0.29741975308642 0.15741975308642 0.000938271604938272 0.000938271604938272 0.23741975308642 0.29741975308642 0.000938271604938272 0.000938271604938272 0.000938271604938272 0.00375308641975309 0.000938271604938272 0.000938271604938272; % f D=0.95
0.000938271604938272 0.000938271604938272 0.000234567901234568 0.993901234567901 0.000938271604938272 0.000938271604938272 0.000234567901234568 0.000234567901234568 0.000234567901234568 0.000938271604938272 0.000234567901234568 0.000234567901234568; % g D=0.95
0.000938271604938272 0.000938271604938272 0.000234567901234568 0.000234567901234568 0.000938271604938272 0.000938271604938272 0.000234567901234568 0.993901234567901 0.000234567901234568 0.000938271604938272 0.000234567901234568 0.000234567901234568; % k D=0.95
0.170753086419753 0.35741975308642 0.000938271604938272 0.000938271604938272 0.244086419753086 0.00375308641975309 0.000938271604938272 0.000938271604938272 0.000938271604938272 0.21741975308642 0.000938271604938272 0.000938271604938272; % l D=0.95
0.23741975308642 0.00375308641975309 0.000938271604938272 0.000938271604938272 0.27741975308642 0.224086419753086 0.000938271604938272 0.000938271604938272 0.000938271604938272 0.250753086419753 0.000938271604938272 0.000938271604938272]; % m D=0.95
