syllables = '$JLNZblnrt';
discounts = [0.1 0.2 0.3 0.4 0.5 0.6 0.7 0.8 0.9 0.95];
kn_probs = [0.000285714285714286 0.339714285714286 0.326380952380952 9.52380952380953e-05 0.333047619047619 9.52380952380953e-05 9.52380952380953e-05 9.52380952380953e-05 9.52380952380953e-05 9.52380952380953e-05; % $ D=0.1
7.14285714285714e-05 9.52380952380952e-05 9.52380952380952e-05 2.38095238095238e-05 9.52380952380952e-05 0.99952380952381 2.38095238095238e-05 2.38095238095238e-05 2.38095238095238e-05 2.38095238095238e-05; % J D=0.1
7.14285714285714e-05 9.52380952380952e-05 9.52380952380952e-05 2.38095238095238e-05 9.52380952380952e-05 2.38095238095238e-05 2.38095238095238e-05 2.38095238095238e-05 0.99952380952381 2.38095238095238e-05; % L D=0.1
0.224785714285714 0.194880952380952 0.304880952380952 9.52380952380952e-05 0.274880952380952 9.52380952380952e-05 9.52380952380952e-05 9.52380952380952e-05 9.52380952380952e-05 9.52380952380952e-05; % N D=0.1
7.14285714285714e-05 9.52380952380952e-05 9.52380952380952e-05 2.38095238095238e-05 9.52380952380952e-05 2.38095238095238e-05 2.38095238095238e-05 0.99952380952381 2.38095238095238e-05 2.38095238095238e-05; % Z D=0.1
7.14285714285714e-05 9.52380952380952e-05 9.52380952380952e-05 0.99952380952381 9.52380952380952e-05 2.38095238095238e-05 2.38095238095238e-05 2.38095238095238e-05 2.38095238095238e-05 2.38095238095238e-05; % b D=0.1
7.14285714285714e-05 9.52380952380952e-05 9.52380952380952e-05 2.38095238095238e-05 9.52380952380952e-05 2.38095238095238e-05 2.38095238095238e-05 2.38095238095238e-05 2.38095238095238e-05 0.99952380952381; % l D=0.1
7.14285714285714e-05 9.52380952380952e-05 9.52380952380952e-05 2.38095238095238e-05 9.52380952380952e-05 2.38095238095238e-05 0.99952380952381 2.38095238095238e-05 2.38095238095238e-05 2.38095238095238e-05; % n D=0.1
0.259785714285714 0.309880952380952 0.184880952380952 9.52380952380952e-05 0.244880952380952 9.52380952380952e-05 9.52380952380952e-05 9.52380952380952e-05 9.52380952380952e-05 9.52380952380952e-05; % r D=0.1
0.264785714285714 0.239880952380952 0.264880952380952 9.52380952380952e-05 0.229880952380952 9.52380952380952e-05 9.52380952380952e-05 9.52380952380952e-05 9.52380952380952e-05 9.52380952380952e-05; % t D=0.1
0.000571428571428571 0.339428571428571 0.326095238095238 0.000190476190476191 0.332761904761905 0.000190476190476191 0.000190476190476191 0.000190476190476191 0.000190476190476191 0.000190476190476191; % $ D=0.2
0.000142857142857143 0.00019047619047619 0.00019047619047619 4.76190476190476e-05 0.00019047619047619 0.999047619047619 4.76190476190476e-05 4.76190476190476e-05 4.76190476190476e-05 4.76190476190476e-05; % J D=0.2
0.000142857142857143 0.00019047619047619 0.00019047619047619 4.76190476190476e-05 0.00019047619047619 4.76190476190476e-05 4.76190476190476e-05 4.76190476190476e-05 0.999047619047619 4.76190476190476e-05; % L D=0.2
0.224571428571429 0.194761904761905 0.304761904761905 0.00019047619047619 0.274761904761905 0.00019047619047619 0.00019047619047619 0.00019047619047619 0.00019047619047619 0.00019047619047619; % N D=0.2
0.000142857142857143 0.00019047619047619 0.00019047619047619 4.76190476190476e-05 0.00019047619047619 4.76190476190476e-05 4.76190476190476e-05 0.999047619047619 4.76190476190476e-05 4.76190476190476e-05; % Z D=0.2
0.000142857142857143 0.00019047619047619 0.00019047619047619 0.999047619047619 0.00019047619047619 4.76190476190476e-05 4.76190476190476e-05 4.76190476190476e-05 4.76190476190476e-05 4.76190476190476e-05; % b D=0.2
0.000142857142857143 0.00019047619047619 0.00019047619047619 4.76190476190476e-05 0.00019047619047619 4.76190476190476e-05 4.76190476190476e-05 4.76190476190476e-05 4.76190476190476e-05 0.999047619047619; % l D=0.2
0.000142857142857143 0.00019047619047619 0.00019047619047619 4.76190476190476e-05 0.00019047619047619 4.76190476190476e-05 0.999047619047619 4.76190476190476e-05 4.76190476190476e-05 4.76190476190476e-05; % n D=0.2
0.259571428571429 0.309761904761905 0.184761904761905 0.00019047619047619 0.244761904761905 0.00019047619047619 0.00019047619047619 0.00019047619047619 0.00019047619047619 0.00019047619047619; % r D=0.2
0.264571428571429 0.239761904761905 0.264761904761905 0.00019047619047619 0.229761904761905 0.00019047619047619 0.00019047619047619 0.00019047619047619 0.00019047619047619 0.00019047619047619; % t D=0.2
0.000857142857142857 0.339142857142857 0.325809523809524 0.000285714285714286 0.332476190476191 0.000285714285714286 0.000285714285714286 0.000285714285714286 0.000285714285714286 0.000285714285714286; % $ D=0.3
0.000214285714285714 0.000285714285714286 0.000285714285714286 7.14285714285714e-05 0.000285714285714286 0.998571428571429 7.14285714285714e-05 7.14285714285714e-05 7.14285714285714e-05 7.14285714285714e-05; % J D=0.3
0.000214285714285714 0.000285714285714286 0.000285714285714286 7.14285714285714e-05 0.000285714285714286 7.14285714285714e-05 7.14285714285714e-05 7.14285714285714e-05 0.998571428571429 7.14285714285714e-05; % L D=0.3
0.224357142857143 0.194642857142857 0.304642857142857 0.000285714285714286 0.274642857142857 0.000285714285714286 0.000285714285714286 0.000285714285714286 0.000285714285714286 0.000285714285714286; % N D=0.3
0.000214285714285714 0.000285714285714286 0.000285714285714286 7.14285714285714e-05 0.000285714285714286 7.14285714285714e-05 7.14285714285714e-05 0.998571428571429 7.14285714285714e-05 7.14285714285714e-05; % Z D=0.3
0.000214285714285714 0.000285714285714286 0.000285714285714286 0.998571428571429 0.000285714285714286 7.14285714285714e-05 7.14285714285714e-05 7.14285714285714e-05 7.14285714285714e-05 7.14285714285714e-05; % b D=0.3
0.000214285714285714 0.000285714285714286 0.000285714285714286 7.14285714285714e-05 0.000285714285714286 7.14285714285714e-05 7.14285714285714e-05 7.14285714285714e-05 7.14285714285714e-05 0.998571428571429; % l D=0.3
0.000214285714285714 0.000285714285714286 0.000285714285714286 7.14285714285714e-05 0.000285714285714286 7.14285714285714e-05 0.998571428571429 7.14285714285714e-05 7.14285714285714e-05 7.14285714285714e-05; % n D=0.3
0.259357142857143 0.309642857142857 0.184642857142857 0.000285714285714286 0.244642857142857 0.000285714285714286 0.000285714285714286 0.000285714285714286 0.000285714285714286 0.000285714285714286; % r D=0.3
0.264357142857143 0.239642857142857 0.264642857142857 0.000285714285714286 0.229642857142857 0.000285714285714286 0.000285714285714286 0.000285714285714286 0.000285714285714286 0.000285714285714286; % t D=0.3
0.00114285714285714 0.338857142857143 0.32552380952381 0.000380952380952381 0.332190476190476 0.000380952380952381 0.000380952380952381 0.000380952380952381 0.000380952380952381 0.000380952380952381; % $ D=0.4
0.000285714285714286 0.000380952380952381 0.000380952380952381 9.52380952380952e-05 0.000380952380952381 0.998095238095238 9.52380952380952e-05 9.52380952380952e-05 9.52380952380952e-05 9.52380952380952e-05; % J D=0.4
0.000285714285714286 0.000380952380952381 0.000380952380952381 9.52380952380952e-05 0.000380952380952381 9.52380952380952e-05 9.52380952380952e-05 9.52380952380952e-05 0.998095238095238 9.52380952380952e-05; % L D=0.4
0.224142857142857 0.19452380952381 0.30452380952381 0.000380952380952381 0.27452380952381 0.000380952380952381 0.000380952380952381 0.000380952380952381 0.000380952380952381 0.000380952380952381; % N D=0.4
0.000285714285714286 0.000380952380952381 0.000380952380952381 9.52380952380952e-05 0.000380952380952381 9.52380952380952e-05 9.52380952380952e-05 0.998095238095238 9.52380952380952e-05 9.52380952380952e-05; % Z D=0.4
0.000285714285714286 0.000380952380952381 0.000380952380952381 0.998095238095238 0.000380952380952381 9.52380952380952e-05 9.52380952380952e-05 9.52380952380952e-05 9.52380952380952e-05 9.52380952380952e-05; % b D=0.4
0.000285714285714286 0.000380952380952381 0.000380952380952381 9.52380952380952e-05 0.000380952380952381 9.52380952380952e-05 9.52380952380952e-05 9.52380952380952e-05 9.52380952380952e-05 0.998095238095238; % l D=0.4
