syllables = '$DFGMNdlrz';
discounts = [0.1 0.2 0.3 0.4 0.5 0.6 0.7 0.8 0.9 0.95];
kn_probs = [0.000285714285714286 0.259714285714286 9.52380952380953e-05 9.52380952380953e-05 0.379714285714286 9.52380952380953e-05 0.359714285714286 9.52380952380953e-05 9.52380952380953e-05 9.52380952380953e-05; % $ D=0.1
7.14285714285714e-05 9.52380952380952e-05 2.38095238095238e-05 2.38095238095238e-05 9.52380952380952e-05 2.38095238095238e-05 9.52380952380952e-05 0.99952380952381 2.38095238095238e-05 2.38095238095238e-05; % D D=0.1
0.224785714285714 0.299880952380952 9.52380952380952e-05 9.52380952380952e-05 0.194880952380952 9.52380952380952e-05 0.279880952380952 9.52380952380952e-05 9.52380952380952e-05 9.52380952380952e-05; % F D=0.1
7.14285714285714e-05 9.52380952380952e-05 0.99952380952381 2.38095238095238e-05 9.52380952380952e-05 2.38095238095238e-05 9.52380952380952e-05 2.38095238095238e-05 2.38095238095238e-05 2.38095238095238e-05; % G D=0.1
7.14285714285714e-05 9.52380952380952e-05 2.38095238095238e-05 2.38095238095238e-05 9.52380952380952e-05 0.99952380952381 9.52380952380952e-05 2.38095238095238e-05 2.38095238095238e-05 2.38095238095238e-05; % M D=0.1
7.14285714285714e-05 9.52380952380952e-05 2.38095238095238e-05 0.99952380952381 9.52380952380952e-05 2.38095238095238e-05 9.52380952380952e-05 2.38095238095238e-05 2.38095238095238e-05 2.38095238095238e-05; % N D=0.1
7.14285714285714e-05 9.52380952380952e-05 2.38095238095238e-05 2.38095238095238e-05 9.52380952380952e-05 2.38095238095238e-05 9.52380952380952e-05 2.38095238095238e-05 0.99952380952381 2.38095238095238e-05; % d D=0.1
7.14285714285714e-05 9.52380952380952e-05 2.38095238095238e-05 2.38095238095238e-05 9.52380952380952e-05 2.38095238095238e-05 9.52380952380952e-05 2.38095238095238e-05 2.38095238095238e-05 0.99952380952381; % l D=0.1
0.224785714285714 0.294880952380952 9.52380952380952e-05 9.52380952380952e-05 0.259880952380952 9.52380952380952e-05 0.219880952380952 9.52380952380952e-05 9.52380952380952e-05 9.52380952380952e-05; % r D=0.1
0.299785714285714 0.209880952380952 9.52380952380952e-05 9.52380952380952e-05 0.259880952380952 9.52380952380952e-05 0.229880952380952 9.52380952380952e-05 9.52380952380952e-05 9.52380952380952e-05; % z D=0.1
0.000571428571428571 0.259428571428571 0.000190476190476191 0.000190476190476191 0.379428571428571 0.000190476190476191 0.359428571428571 0.000190476190476191 0.000190476190476191 0.000190476190476191; % $ D=0.2
0.000142857142857143 0.00019047619047619 4.76190476190476e-05 4.76190476190476e-05 0.00019047619047619 4.76190476190476e-05 0.00019047619047619 0.999047619047619 4.76190476190476e-05 4.76190476190476e-05; % D D=0.2
0.224571428571429 0.299761904761905 0.00019047619047619 0.00019047619047619 0.194761904761905 0.00019047619047619 0.279761904761905 0.00019047619047619 0.00019047619047619 0.00019047619047619; % F D=0.2
0.000142857142857143 0.00019047619047619 0.999047619047619 4.76190476190476e-05 0.00019047619047619 4.76190476190476e-05 0.00019047619047619 4.76190476190476e-05 4.76190476190476e-05 4.76190476190476e-05; % G D=0.2
0.000142857142857143 0.00019047619047619 4.76190476190476e-05 4.76190476190476e-05 0.00019047619047619 0.999047619047619 0.00019047619047619 4.76190476190476e-05 4.76190476190476e-05 4.76190476190476e-05; % M D=0.2
0.000142857142857143 0.00019047619047619 4.76190476190476e-05 0.999047619047619 0.00019047619047619 4.76190476190476e-05 0.00019047619047619 4.76190476190476e-05 4.76190476190476e-05 4.76190476190476e-05; % N D=0.2
0.000142857142857143 0.00019047619047619 4.76190476190476e-05 4.76190476190476e-05 0.00019047619047619 4.76190476190476e-05 0.00019047619047619 4.76190476190476e-05 0.999047619047619 4.76190476190476e-05; % d D=0.2
0.000142857142857143 0.00019047619047619 4.76190476190476e-05 4.76190476190476e-05 0.00019047619047619 4.76190476190476e-05 0.00019047619047619 4.76190476190476e-05 4.76190476190476e-05 0.999047619047619; % l D=0.2
0.224571428571429 0.294761904761905 0.00019047619047619 0.00019047619047619 0.259761904761905 0.00019047619047619 0.219761904761905 0.00019047619047619 0.00019047619047619 0.00019047619047619; % r D=0.2
0.299571428571429 0.209761904761905 0.00019047619047619 0.00019047619047619 0.259761904761905 0.00019047619047619 0.229761904761905 0.00019047619047619 0.00019047619047619 0.00019047619047619; % z D=0.2
0.000857142857142857 0.259142857142857 0.000285714285714286 0.000285714285714286 0.379142857142857 0.000285714285714286 0.359142857142857 0.000285714285714286 0.000285714285714286 0.000285714285714286; % $ D=0.3
0.000214285714285714 0.000285714285714286 7.14285714285714e-05 7.14285714285714e-05 0.000285714285714286 7.14285714285714e-05 0.000285714285714286 0.998571428571429 7.14285714285714e-05 7.14285714285714e-05; % D D=0.3
0.224357142857143 0.299642857142857 0.000285714285714286 0.000285714285714286 0.194642857142857 0.000285714285714286 0.279642857142857 0.000285714285714286 0.000285714285714286 0.000285714285714286; % F D=0.3
0.000214285714285714 0.000285714285714286 0.998571428571429 7.14285714285714e-05 0.000285714285714286 7.14285714285714e-05 0.000285714285714286 7.14285714285714e-05 7.14285714285714e-05 7.14285714285714e-05; % G D=0.3
0.000214285714285714 0.000285714285714286 7.14285714285714e-05 7.14285714285714e-05 0.000285714285714286 0.998571428571429 0.000285714285714286 7.14285714285714e-05 7.14285714285714e-05 7.14285714285714e-05; % M D=0.3
0.000214285714285714 0.000285714285714286 7.14285714285714e-05 0.998571428571429 0.000285714285714286 7.14285714285714e-05 0.000285714285714286 7.14285714285714e-05 7.14285714285714e-05 7.14285714285714e-05; % N D=0.3
0.000214285714285714 0.000285714285714286 7.14285714285714e-05 7.14285714285714e-05 0.000285714285714286 7.14285714285714e-05 0.000285714285714286 7.14285714285714e-05 0.998571428571429 7.14285714285714e-05; % d D=0.3
0.000214285714285714 0.000285714285714286 7.14285714285714e-05 7.14285714285714e-05 0.000285714285714286 7.14285714285714e-05 0.000285714285714286 7.14285714285714e-05 7.14285714285714e-05 0.998571428571429; % l D=0.3
0.224357142857143 0.294642857142857 0.000285714285714286 0.000285714285714286 0.259642857142857 0.000285714285714286 0.219642857142857 0.000285714285714286 0.000285714285714286 0.000285714285714286; % r D=0.3
0.299357142857143 0.209642857142857 0.000285714285714286 0.000285714285714286 0.259642857142857 0.000285714285714286 0.229642857142857 0.000285714285714286 0.000285714285714286 0.000285714285714286; % z D=0.3
0.00114285714285714 0.258857142857143 0.000380952380952381 0.000380952380952381 0.378857142857143 0.000380952380952381 0.358857142857143 0.000380952380952381 0.000380952380952381 0.000380952380952381; % $ D=0.4
0.000285714285714286 0.000380952380952381 9.52380952380952e-05 9.52380952380952e-05 0.000380952380952381 9.52380952380952e-05 0.000380952380952381 0.998095238095238 9.52380952380952e-05 9.52380952380952e-05; % D D=0.4
0.224142857142857 0.29952380952381 0.000380952380952381 0.000380952380952381 0.19452380952381 0.000380952380952381 0.27952380952381 0.000380952380952381 0.000380952380952381 0.000380952380952381; % F D=0.4
0.000285714285714286 0.000380952380952381 0.998095238095238 9.52380952380952e-05 0.000380952380952381 9.52380952380952e-05 0.000380952380952381 9.52380952380952e-05 9.52380952380952e-05 9.52380952380952e-05; % G D=0.4
0.000285714285714286 0.000380952380952381 9.52380952380952e-05 9.52380952380952e-05 0.000380952380952381 0.998095238095238 0.000380952380952381 9.52380952380952e-05 9.52380952380952e-05 9.52380952380952e-05; % M D=0.4
0.000285714285714286 0.000380952380952381 9.52380952380952e-05 0.998095238095238 0.000380952380952381 9.52380952380952e-05 0.000380952380952381 9.52380952380952e-05 9.52380952380952e-05 9.52380952380952e-05; % N D=0.4
0.000285714285714286 0.000380952380952381 9.52380952380952e-05 9.52380952380952e-05 0.000380952380952381 9.52380952380952e-05 0.000380952380952381 9.52380952380952e-05 0.998095238095238 9.52380952380952e-05; % d D=0.4
0.000285714285714286 0.000380952380952381 9.52380952380952e-05 9.52380952380952e-05 0.000380952380952381 9.52380952380952e-05 0.000380952380952381 9.52380952380952e-05 9.52380952380952e-05 0.998095238095238; % l D=0.4
0.224142857142857 0.29452380952381 0.000380952380952381 0.000380952380952381 0.25952380952381 0.000380952380952381 0.21952380952381 0.000380952380952381 0.000380952380952381 0.000380952380952381; % r D=0.4
0.299142857142857 0.20952380952381 0.000380952380952381 0.000380952380952381 0.25952380952381 0.000380952380952381 0.22952380952381 0.000380952380952381 0.000380952380952381 0.000380952380952381; % z D=0.4
0.00142857142857143 0.258571428571429 0.000476190476190476 0.000476190476190476 0.378571428571429 0.000476190476190476 0.358571428571429 0.000476190476190476 0.000476190476190476 0.000476190476190476; % $ D=0.5
0.000357142857142857 0.000476190476190476 0.000119047619047619 0.000119047619047619 0.000476190476190476 0.000119047619047619 0.000476190476190476 0.997619047619048 0.000119047619047619 0.000119047619047619; % D D=0.5
0.223928571428571 0.299404761904762 0.000476190476190476 0.000476190476190476 0.194404761904762 0.000476190476190476 0.279404761904762 0.000476190476190476 0.000476190476190476 0.000476190476190476; % F D=0.5
0.000357142857142857 0.000476190476190476 0.997619047619048 0.000119047619047619 0.000476190476190476 0.000119047619047619 0.000476190476190476 0.000119047619047619 0.000119047619047619 0.000119047619047619; % G D=0.5
0.000357142857142857 0.000476190476190476 0.000119047619047619 0.000119047619047619 0.000476190476190476 0.997619047619048 0.000476190476190476 0.000119047619047619 0.000119047619047619 0.000119047619047619; % M D=0.5
0.000357142857142857 0.000476190476190476 0.000119047619047619 0.997619047619048 0.000476190476190476 0.000119047619047619 0.000476190476190476 0.000119047619047619 0.000119047619047619 0.000119047619047619; % N D=0.5
0.000357142857142857 0.000476190476190476 0.000119047619047619 0.000119047619047619 0.000476190476190476 0.000119047619047619 0.000476190476190476 0.000119047619047619 0.997619047619048 0.000119047619047619; % d D=0.5
0.000357142857142857 0.000476190476190476 0.000119047619047619 0.000119047619047619 0.000476190476190476 0.000119047619047619 0.000476190476190476 0.000119047619047619 0.000119047619047619 0.997619047619048; % l D=0.5
0.223928571428571 0.294404761904762 0.000476190476190476 0.000476190476190476 0.259404761904762 0.000476190476190476 0.219404761904762 0.000476190476190476 0.000476190476190476 0.000476190476190476; % r D=0.5
0.298928571428571 0.209404761904762 0.000476190476190476 0.000476190476190476 0.259404761904762 0.000476190476190476 0.229404761904762 0.000476190476190476 0.000476190476190476 0.000476190476190476; % z D=0.5
0.00171428571428571 0.258285714285714 0.000571428571428571 0.000571428571428571 0.378285714285714 0.000571428571428571 0.358285714285714 0.000571428571428571 0.000571428571428571 0.000571428571428571; % $ D=0.6
0.000428571428571429 0.000571428571428571 0.000142857142857143 0.000142857142857143 0.000571428571428571 0.000142857142857143 0.000571428571428571 0.997142857142857 0.000142857142857143 0.000142857142857143; % D D=0.6
0.223714285714286 0.299285714285714 0.000571428571428571 0.000571428571428571 0.194285714285714 0.000571428571428571 0.279285714285714 0.000571428571428571 0.000571428571428571 0.000571428571428571; % F D=0.6
0.000428571428571429 0.000571428571428571 0.997142857142857 0.000142857142857143 0.000571428571428571 0.000142857142857143 0.000571428571428571 0.000142857142857143 0.000142857142857143 0.000142857142857143; % G D=0.6
0.000428571428571429 0.000571428571428571 0.000142857142857143 0.000142857142857143 0.000571428571428571 0.997142857142857 0.000571428571428571 0.000142857142857143 0.000142857142857143 0.000142857142857143; % M D=0.6
0.000428571428571429 0.000571428571428571 0.000142857142857143 0.997142857142857 0.000571428571428571 0.000142857142857143 0.000571428571428571 0.000142857142857143 0.000142857142857143 0.000142857142857143; % N D=0.6
0.000428571428571429 0.000571428571428571 0.000142857142857143 0.000142857142857143 0.000571428571428571 0.000142857142857143 0.000571428571428571 0.000142857142857143 0.997142857142857 0.000142857142857143; % d D=0.6
0.000428571428571429 0.000571428571428571 0.000142857142857143 0.000142857142857143 0.000571428571428571 0.000142857142857143 0.000571428571428571 0.000142857142857143 0.000142857142857143 0.997142857142857; % l D=0.6
0.223714285714286 0.294285714285714 0.000571428571428571 0.000571428571428571 0.259285714285714 0.000571428571428571 0.219285714285714 0.000571428571428571 0.000571428571428571 0.000571428571428571; % r D=0.6
0.298714285714286 0.209285714285714 0.000571428571428571 0.000571428571428571 0.259285714285714 0.000571428571428571 0.229285714285714 0.000571428571428571 0.000571428571428571 0.000571428571428571; % z D=0.6
0.002 0.258 0.000666666666666667 0.000666666666666667 0.378 0.000666666666666667 0.358 0.000666666666666667 0.000666666666666667 0.000666666666666667; % $ D=0.7
0.0005 0.000666666666666667 0.000166666666666667 0.000166666666666667 0.000666666666666667 0.000166666666666667 0.000666666666666667 0.996666666666667 0.000166666666666667 0.000166666666666667; % D D=0.7
0.2235 0.299166666666667 0.000666666666666667 0.000666666666666667 0.194166666666667 0.000666666666666667 0.279166666666667 0.000666666666666667 0.000666666666666667 0.000666666666666667; % F D=0.7
0.0005 0.000666666666666667 0.996666666666667 0.000166666666666667 0.000666666666666667 0.000166666666666667 0.000666666666666667 0.000166666666666667 0.000166666666666667 0.000166666666666667; % G D=0.7
0.0005 0.000666666666666667 0.000166666666666667 0.000166666666666667 0.000666666666666667 0.996666666666667 0.000666666666666667 0.000166666666666667 0.000166666666666667 0.000166666666666667; % M D=0.7
0.0005 0.000666666666666667 0.000166666666666667 0.996666666666667 0.000666666666666667 0.000166666666666667 0.000666666666666667 0.000166666666666667 0.000166666666666667 0.000166666666666667; % N D=0.7
0.0005 0.000666666666666667 0.000166666666666667 0.000166666666666667 0.000666666666666667 0.000166666666666667 0.000666666666666667 0.000166666666666667 0.996666666666667 0.000166666666666667; % d D=0.7
0.0005 0.000666666666666667 0.000166666666666667 0.000166666666666667 0.000666666666666667 0.000166666666666667 0.000666666666666667 0.000166666666666667 0.000166666666666667 0.996666666666667; % l D=0.7
0.2235 0.294166666666667 0.000666666666666667 0.000666666666666667 0.259166666666667 0.000666666666666667 0.219166666666667 0.000666666666666667 0.000666666666666667 0.000666666666666667; % r D=0.7
0.2985 0.209166666666667 0.000666666666666667 0.000666666666666667 0.259166666666667 0.000666666666666667 0.229166666666667 0.000666666666666667 0.000666666666666667 0.000666666666666667; % z D=0.7
0.00228571428571429 0.257714285714286 0.000761904761904762 0.000761904761904762 0.377714285714286 0.000761904761904762 0.357714285714286 0.000761904761904762 0.000761904761904762 0.000761904761904762; % $ D=0.8
0.000571428571428571 0.000761904761904762 0.00019047619047619 0.00019047619047619 0.000761904761904762 0.00019047619047619 0.000761904761904762 0.996190476190476 0.00019047619047619 0.00019047619047619; % D D=0.8
0.223285714285714 0.299047619047619 0.000761904761904762 0.000761904761904762 0.194047619047619 0.000761904761904762 0.279047619047619 0.000761904761904762 0.000761904761904762 0.000761904761904762; % F D=0.8
0.000571428571428571 0.000761904761904762 0.996190476190476 0.00019047619047619 0.000761904761904762 0.00019047619047619 0.000761904761904762 0.00019047619047619 0.00019047619047619 0.00019047619047619; % G D=0.8
0.000571428571428571 0.000761904761904762 0.00019047619047619 0.00019047619047619 0.000761904761904762 0.996190476190476 0.000761904761904762 0.00019047619047619 0.00019047619047619 0.00019047619047619; % M D=0.8
0.000571428571428571 0.000761904761904762 0.00019047619047619 0.996190476190476 0.000761904761904762 0.00019047619047619 0.000761904761904762 0.00019047619047619 0.00019047619047619 0.00019047619047619; % N D=0.8
0.000571428571428571 0.000761904761904762 0.00019047619047619 0.00019047619047619 0.000761904761904762 0.00019047619047619 0.000761904761904762 0.00019047619047619 0.996190476190476 0.00019047619047619; % d D=0.8
0.000571428571428571 0.000761904761904762 0.00019047619047619 0.00019047619047619 0.000761904761904762 0.00019047619047619 0.000761904761904762 0.00019047619047619 0.00019047619047619 0.996190476190476; % l D=0.8
0.223285714285714 0.294047619047619 0.000761904761904762 0.000761904761904762 0.259047619047619 0.000761904761904762 0.219047619047619 0.000761904761904762 0.000761904761904762 0.000761904761904762; % r D=0.8
0.298285714285714 0.209047619047619 0.000761904761904762 0.000761904761904762 0.259047619047619 0.000761904761904762 0.229047619047619 0.000761904761904762 0.000761904761904762 0.000761904761904762; % z D=0.8
0.00257142857142857 0.257428571428571 0.000857142857142857 0.000857142857142857 0.377428571428571 0.000857142857142857 0.357428571428571 0.000857142857142857 0.000857142857142857 0.000857142857142857; % $ D=0.9
0.000642857142857143 0.000857142857142857 0.000214285714285714 0.000214285714285714 0.000857142857142857 0.000214285714285714 0.000857142857142857 0.995714285714286 0.000214285714285714 0.000214285714285714; % D D=0.9
0.223071428571429 0.298928571428571 0.000857142857142857 0.000857142857142857 0.193928571428571 0.000857142857142857 0.278928571428571 0.000857142857142857 0.000857142857142857 0.000857142857142857; % F D=0.9
0.000642857142857143 0.000857142857142857 0.995714285714286 0.000214285714285714 0.000857142857142857 0.000214285714285714 0.000857142857142857 0.000214285714285714 0.000214285714285714 0.000214285714285714; % G D=0.9
0.000642857142857143 0.000857142857142857 0.000214285714285714 0.000214285714285714 0.000857142857142857 0.995714285714286 0.000857142857142857 0.000214285714285714 0.000214285714285714 0.000214285714285714; % M D=0.9
0.000642857142857143 0.000857142857142857 0.000214285714285714 0.995714285714286 0.000857142857142857 0.000214285714285714 0.000857142857142857 0.000214285714285714 0.000214285714285714 0.000214285714285714; % N D=0.9
0.000642857142857143 0.000857142857142857 0.000214285714285714 0.000214285714285714 0.000857142857142857 0.000214285714285714 0.000857142857142857 0.000214285714285714 0.995714285714286 0.000214285714285714; % d D=0.9
0.000642857142857143 0.000857142857142857 0.000214285714285714 0.000214285714285714 0.000857142857142857 0.000214285714285714 0.000857142857142857 0.000214285714285714 0.000214285714285714 0.995714285714286; % l D=0.9
0.223071428571429 0.293928571428571 0.000857142857142857 0.000857142857142857 0.258928571428571 0.000857142857142857 0.218928571428571 0.000857142857142857 0.000857142857142857 0.000857142857142857; % r D=0.9
0.298071428571429 0.208928571428571 0.000857142857142857 0.000857142857142857 0.258928571428571 0.000857142857142857 0.228928571428571 0.000857142857142857 0.000857142857142857 0.000857142857142857; % z D=0.9
0.00271428571428571 0.257285714285714 0.000904761904761905 0.000904761904761905 0.377285714285714 0.000904761904761905 0.357285714285714 0.000904761904761905 0.000904761904761905 0.000904761904761905; % $ D=0.95
0.000678571428571428 0.000904761904761905 0.000226190476190476 0.000226190476190476 0.000904761904761905 0.000226190476190476 0.000904761904761905 0.995476190476191 0.000226190476190476 0.000226190476190476; % D D=0.95
0.222964285714286 0.298869047619048 0.000904761904761905 0.000904761904761905 0.193869047619048 0.000904761904761905 0.278869047619048 0.000904761904761905 0.000904761904761905 0.000904761904761905; % F D=0.95
0.000678571428571428 0.000904761904761905 0.995476190476191 0.000226190476190476 0.000904761904761905 0.000226190476190476 0.000904761904761905 0.000226190476190476 0.000226190476190476 0.000226190476190476; % G D=0.95
0.000678571428571428 0.000904761904761905 0.000226190476190476 0.000226190476190476 0.000904761904761905 0.995476190476191 0.000904761904761905 0.000226190476190476 0.000226190476190476 0.000226190476190476; % M D=0.95
0.000678571428571428 0.000904761904761905 0.000226190476190476 0.995476190476191 0.000904761904761905 0.000226190476190476 0.000904761904761905 0.000226190476190476 0.000226190476190476 0.000226190476190476; % N D=0.95
0.000678571428571428 0.000904761904761905 0.000226190476190476 0.000226190476190476 0.000904761904761905 0.000226190476190476 0.000904761904761905 0.000226190476190476 0.995476190476191 0.000226190476190476; % d D=0.95
0.000678571428571428 0.000904761904761905 0.000226190476190476 0.000226190476190476 0.000904761904761905 0.000226190476190476 0.000904761904761905 0.000226190476190476 0.000226190476190476 0.995476190476191; % l D=0.95
0.222964285714286 0.293869047619048 0.000904761904761905 0.000904761904761905 0.258869047619048 0.000904761904761905 0.218869047619048 0.000904761904761905 0.000904761904761905 0.000904761904761905; % r D=0.95
0.297964285714286 0.208869047619048 0.000904761904761905 0.000904761904761905 0.258869047619048 0.000904761904761905 0.228869047619048 0.000904761904761905 0.000904761904761905 0.000904761904761905]; % z D=0.95
