syllables = '$BDKLMPbfglz';
discounts = [0.1 0.2 0.3 0.4 0.5 0.6 0.7 0.8 0.9 0.95];
kn_probs = [0.000395061728395062 0.246395061728395 9.87654320987654e-05 9.87654320987654e-05 9.87654320987654e-05 9.87654320987654e-05 0.266395061728395 0.246395061728395 9.87654320987654e-05 0.239728395061728 9.87654320987654e-05 9.87654320987654e-05; % $ D=0.1
9.87654320987654e-05 9.87654320987654e-05 2.46913580246914e-05 2.46913580246914e-05 0.999358024691358 2.46913580246914e-05 9.87654320987654e-05 9.87654320987654e-05 2.46913580246914e-05 9.87654320987654e-05 2.46913580246914e-05 2.46913580246914e-05; % B D=0.1
9.87654320987654e-05 9.87654320987654e-05 2.46913580246914e-05 2.46913580246914e-05 2.46913580246914e-05 2.46913580246914e-05 9.87654320987654e-05 9.87654320987654e-05 2.46913580246914e-05 9.87654320987654e-05 2.46913580246914e-05 0.999358024691358; % D D=0.1
0.139728395061728 0.266395061728395 9.87654320987654e-05 9.87654320987654e-05 9.87654320987654e-05 9.87654320987654e-05 0.333061728395062 0.259728395061728 9.87654320987654e-05 0.000395061728395062 9.87654320987654e-05 9.87654320987654e-05; % K D=0.1
0.366395061728395 0.000395061728395062 9.87654320987654e-05 9.87654320987654e-05 9.87654320987654e-05 9.87654320987654e-05 0.199728395061728 0.193061728395062 9.87654320987654e-05 0.239728395061728 9.87654320987654e-05 9.87654320987654e-05; % L D=0.1
9.87654320987654e-05 9.87654320987654e-05 2.46913580246914e-05 0.999358024691358 2.46913580246914e-05 2.46913580246914e-05 9.87654320987654e-05 9.87654320987654e-05 2.46913580246914e-05 9.87654320987654e-05 2.46913580246914e-05 2.46913580246914e-05; % M D=0.1
9.87654320987654e-05 9.87654320987654e-05 2.46913580246914e-05 2.46913580246914e-05 2.46913580246914e-05 2.46913580246914e-05 9.87654320987654e-05 9.87654320987654e-05 2.46913580246914e-05 9.87654320987654e-05 0.999358024691358 2.46913580246914e-05; % P D=0.1
9.87654320987654e-05 9.87654320987654e-05 2.46913580246914e-05 2.46913580246914e-05 2.46913580246914e-05 2.46913580246914e-05 9.87654320987654e-05 9.87654320987654e-05 0.999358024691358 9.87654320987654e-05 2.46913580246914e-05 2.46913580246914e-05; % b D=0.1
9.87654320987654e-05 9.87654320987654e-05 0.999358024691358 2.46913580246914e-05 2.46913580246914e-05 2.46913580246914e-05 9.87654320987654e-05 9.87654320987654e-05 2.46913580246914e-05 9.87654320987654e-05 2.46913580246914e-05 2.46913580246914e-05; % f D=0.1
9.87654320987654e-05 9.87654320987654e-05 2.46913580246914e-05 2.46913580246914e-05 2.46913580246914e-05 0.999358024691358 9.87654320987654e-05 9.87654320987654e-05 2.46913580246914e-05 9.87654320987654e-05 2.46913580246914e-05 2.46913580246914e-05; % g D=0.1
0.253061728395062 0.213061728395062 9.87654320987654e-05 9.87654320987654e-05 9.87654320987654e-05 9.87654320987654e-05 0.000395061728395062 0.299728395061728 9.87654320987654e-05 0.233061728395062 9.87654320987654e-05 9.87654320987654e-05; % l D=0.1
0.239728395061728 0.273061728395062 9.87654320987654e-05 9.87654320987654e-05 9.87654320987654e-05 9.87654320987654e-05 0.199728395061728 0.000395061728395062 9.87654320987654e-05 0.286395061728395 9.87654320987654e-05 9.87654320987654e-05; % z D=0.1
0.000790123456790124 0.246123456790123 0.000197530864197531 0.000197530864197531 0.000197530864197531 0.000197530864197531 0.266123456790123 0.246123456790123 0.000197530864197531 0.239456790123457 0.000197530864197531 0.000197530864197531; % $ D=0.2
0.000197530864197531 0.000197530864197531 4.93827160493827e-05 4.93827160493827e-05 0.998716049382716 4.93827160493827e-05 0.000197530864197531 0.000197530864197531 4.93827160493827e-05 0.000197530864197531 4.93827160493827e-05 4.93827160493827e-05; % B D=0.2
0.000197530864197531 0.000197530864197531 4.93827160493827e-05 4.93827160493827e-05 4.93827160493827e-05 4.93827160493827e-05 0.000197530864197531 0.000197530864197531 4.93827160493827e-05 0.000197530864197531 4.93827160493827e-05 0.998716049382716; % D D=0.2
0.139456790123457 0.266123456790123 0.000197530864197531 0.000197530864197531 0.000197530864197531 0.000197530864197531 0.33279012345679 0.259456790123457 0.000197530864197531 0.000790123456790124 0.000197530864197531 0.000197530864197531; % K D=0.2
0.366123456790123 0.000790123456790124 0.000197530864197531 0.000197530864197531 0.000197530864197531 0.000197530864197531 0.199456790123457 0.19279012345679 0.000197530864197531 0.239456790123457 0.000197530864197531 0.000197530864197531; % L D=0.2
0.000197530864197531 0.000197530864197531 4.93827160493827e-05 0.998716049382716 4.93827160493827e-05 4.93827160493827e-05 0.000197530864197531 0.000197530864197531 4.93827160493827e-05 0.000197530864197531 4.93827160493827e-05 4.93827160493827e-05; % M D=0.2
0.000197530864197531 0.000197530864197531 4.93827160493827e-05 4.93827160493827e-05 4.93827160493827e-05 4.93827160493827e-05 0.000197530864197531 0.000197530864197531 4.93827160493827e-05 0.000197530864197531 0.998716049382716 4.93827160493827e-05; % P D=0.2
0.000197530864197531 0.000197530864197531 4.93827160493827e-05 4.93827160493827e-05 4.93827160493827e-05 4.93827160493827e-05 0.000197530864197531 0.000197530864197531 0.998716049382716 0.000197530864197531 4.93827160493827e-05 4.93827160493827e-05; % b D=0.2
0.000197530864197531 0.000197530864197531 0.998716049382716 4.93827160493827e-05 4.93827160493827e-05 4.93827160493827e-05 0.000197530864197531 0.000197530864197531 4.93827160493827e-05 0.000197530864197531 4.93827160493827e-05 4.93827160493827e-05; % f D=0.2
0.000197530864197531 0.000197530864197531 4.93827160493827e-05 4.93827160493827e-05 4.93827160493827e-05 0.998716049382716 0.000197530864197531 0.000197530864197531 4.93827160493827e-05 0.000197530864197531 4.93827160493827e-05 4.93827160493827e-05; % g D=0.2
0.25279012345679 0.21279012345679 0.000197530864197531 0.000197530864197531 0.000197530864197531 0.000197530864197531 0.000790123456790124 0.299456790123457 0.000197530864197531 0.23279012345679 0.000197530864197531 0.000197530864197531; % l D=0.2
0.239456790123457 0.27279012345679 0.000197530864197531 0.000197530864197531 0.000197530864197531 0.000197530864197531 0.199456790123457 0.000790123456790124 0.000197530864197531 0.286123456790123 0.000197530864197531 0.000197530864197531; % z D=0.2
0.00118518518518519 0.245851851851852 0.000296296296296296 0.000296296296296296 0.000296296296296296 0.000296296296296296 0.265851851851852 0.245851851851852 0.000296296296296296 0.239185185185185 0.000296296296296296 0.000296296296296296; % $ D=0.3
0.000296296296296296 0.000296296296296296 7.40740740740741e-05 7.40740740740741e-05 0.998074074074074 7.40740740740741e-05 0.000296296296296296 0.000296296296296296 7.40740740740741e-05 0.000296296296296296 7.40740740740741e-05 7.40740740740741e-05; % B D=0.3
0.000296296296296296 0.000296296296296296 7.40740740740741e-05 7.40740740740741e-05 7.40740740740741e-05 7.40740740740741e-05 0.000296296296296296 0.000296296296296296 7.40740740740741e-05 0.000296296296296296 7.40740740740741e-05 0.998074074074074; % D D=0.3
0.139185185185185 0.265851851851852 0.000296296296296296 0.000296296296296296 0.000296296296296296 0.000296296296296296 0.332518518518519 0.259185185185185 0.000296296296296296 0.00118518518518519 0.000296296296296296 0.000296296296296296; % K D=0.3
0.365851851851852 0.00118518518518519 0.000296296296296296 0.000296296296296296 0.000296296296296296 0.000296296296296296 0.199185185185185 0.192518518518519 0.000296296296296296 0.239185185185185 0.000296296296296296 0.000296296296296296; % L D=0.3
0.000296296296296296 0.000296296296296296 7.40740740740741e-05 0.998074074074074 7.40740740740741e-05 7.40740740740741e-05 0.000296296296296296 0.000296296296296296 7.40740740740741e-05 0.000296296296296296 7.40740740740741e-05 7.40740740740741e-05; % M D=0.3
0.000296296296296296 0.000296296296296296 7.40740740740741e-05 7.40740740740741e-05 7.40740740740741e-05 7.40740740740741e-05 0.000296296296296296 0.000296296296296296 7.40740740740741e-05 0.000296296296296296 0.998074074074074 7.40740740740741e-05; % P D=0.3
0.000296296296296296 0.000296296296296296 7.40740740740741e-05 7.40740740740741e-05 7.40740740740741e-05 7.40740740740741e-05 0.000296296296296296 0.000296296296296296 0.998074074074074 0.000296296296296296 7.40740740740741e-05 7.40740740740741e-05; % b D=0.3
0.000296296296296296 0.000296296296296296 0.998074074074074 7.40740740740741e-05 7.40740740740741e-05 7.40740740740741e-05 0.000296296296296296 0.000296296296296296 7.40740740740741e-05 0.000296296296296296 7.40740740740741e-05 7.40740740740741e-05; % f D=0.3
0.000296296296296296 0.000296296296296296 7.40740740740741e-05 7.40740740740741e-05 7.40740740740741e-05 0.998074074074074 0.000296296296296296 0.000296296296296296 7.40740740740741e-05 0.000296296296296296 7.40740740740741e-05 7.40740740740741e-05; % g D=0.3
0.252518518518519 0.212518518518518 0.000296296296296296 0.000296296296296296 0.000296296296296296 0.000296296296296296 0.00118518518518519 0.299185185185185 0.000296296296296296 0.232518518518519 0.000296296296296296 0.000296296296296296; % l D=0.3
0.239185185185185 0.272518518518519 0.000296296296296296 0.000296296296296296 0.000296296296296296 0.000296296296296296 0.199185185185185 0.00118518518518519 0.000296296296296296 0.285851851851852 0.000296296296296296 0.000296296296296296; % z D=0.3
0.00158024691358025 0.24558024691358 0.000395061728395062 0.000395061728395062 0.000395061728395062 0.000395061728395062 0.26558024691358 0.24558024691358 0.000395061728395062 0.238913580246914 0.000395061728395062 0.000395061728395062; % $ D=0.4
0.000395061728395062 0.000395061728395062 9.87654320987654e-05 9.87654320987654e-05 0.997432098765432 9.87654320987654e-05 0.000395061728395062 0.000395061728395062 9.87654320987654e-05 0.000395061728395062 9.87654320987654e-05 9.87654320987654e-05; % B D=0.4
0.000395061728395062 0.000395061728395062 9.87654320987654e-05 9.87654320987654e-05 9.87654320987654e-05 9.87654320987654e-05 0.000395061728395062 0.000395061728395062 9.87654320987654e-05 0.000395061728395062 9.87654320987654e-05 0.997432098765432; % D D=0.4
0.138913580246914 0.26558024691358 0.000395061728395062 0.000395061728395062 0.000395061728395062 0.000395061728395062 0.332246913580247 0.258913580246914 0.000395061728395062 0.00158024691358025 0.000395061728395062 0.000395061728395062; % K D=0.4
0.36558024691358 0.00158024691358025 0.000395061728395062 0.000395061728395062 0.000395061728395062 0.000395061728395062 0.198913580246914 0.192246913580247 0.000395061728395062 0.238913580246914 0.000395061728395062 0.000395061728395062; % L D=0.4
0.000395061728395062 0.000395061728395062 9.87654320987654e-05 0.997432098765432 9.87654320987654e-05 9.87654320987654e-05 0.000395061728395062 0.000395061728395062 9.87654320987654e-05 0.000395061728395062 9.87654320987654e-05 9.87654320987654e-05; % M D=0.4
0.000395061728395062 0.000395061728395062 9.87654320987654e-05 9.87654320987654e-05 9.87654320987654e-05 9.87654320987654e-05 0.000395061728395062 0.000395061728395062 9.87654320987654e-05 0.000395061728395062 0.997432098765432 9.87654320987654e-05; % P D=0.4
0.000395061728395062 0.000395061728395062 9.87654320987654e-05 9.87654320987654e-05 9.87654320987654e-05 9.87654320987654e-05 0.000395061728395062 0.000395061728395062 0.997432098765432 0.000395061728395062 9.87654320987654e-05 9.87654320987654e-05; % b D=0.4
0.000395061728395062 0.000395061728395062 0.997432098765432 9.87654320987654e-05 9.87654320987654e-05 9.87654320987654e-05 0.000395061728395062 0.000395061728395062 9.87654320987654e-05 0.000395061728395062 9.87654320987654e-05 9.87654320987654e-05; % f D=0.4
0.000395061728395062 0.000395061728395062 9.87654320987654e-05 9.87654320987654e-05 9.87654320987654e-05 0.997432098765432 0.000395061728395062 0.000395061728395062 9.87654320987654e-05 0.000395061728395062 9.87654320987654e-05 9.87654320987654e-05; % g D=0.4
0.252246913580247 0.212246913580247 0.000395061728395062 0.000395061728395062 0.000395061728395062 0.000395061728395062 0.00158024691358025 0.298913580246914 0.000395061728395062 0.232246913580247 0.000395061728395062 0.000395061728395062; % l D=0.4
0.238913580246914 0.272246913580247 0.000395061728395062 0.000395061728395062 0.000395061728395062 0.000395061728395062 0.198913580246914 0.00158024691358025 0.000395061728395062 0.28558024691358 0.000395061728395062 0.000395061728395062; % z D=0.4
0.00197530864197531 0.245308641975309 0.000493827160493827 0.000493827160493827 0.000493827160493827 0.000493827160493827 0.265308641975309 0.245308641975309 0.000493827160493827 0.238641975308642 0.000493827160493827 0.000493827160493827; % $ D=0.5
0.000493827160493827 0.000493827160493827 0.000123456790123457 0.000123456790123457 0.99679012345679 0.000123456790123457 0.000493827160493827 0.000493827160493827 0.000123456790123457 0.000493827160493827 0.000123456790123457 0.000123456790123457; % B D=0.5
0.000493827160493827 0.000493827160493827 0.000123456790123457 0.000123456790123457 0.000123456790123457 0.000123456790123457 0.000493827160493827 0.000493827160493827 0.000123456790123457 0.000493827160493827 0.000123456790123457 0.99679012345679; % D D=0.5
0.138641975308642 0.265308641975309 0.000493827160493827 0.000493827160493827 0.000493827160493827 0.000493827160493827 0.331975308641975 0.258641975308642 0.000493827160493827 0.00197530864197531 0.000493827160493827 0.000493827160493827; % K D=0.5
0.365308641975309 0.00197530864197531 0.000493827160493827 0.000493827160493827 0.000493827160493827 0.000493827160493827 0.198641975308642 0.191975308641975 0.000493827160493827 0.238641975308642 0.000493827160493827 0.000493827160493827; % L D=0.5
0.000493827160493827 0.000493827160493827 0.000123456790123457 0.99679012345679 0.000123456790123457 0.000123456790123457 0.000493827160493827 0.000493827160493827 0.000123456790123457 0.000493827160493827 0.000123456790123457 0.000123456790123457; % M D=0.5
0.000493827160493827 0.000493827160493827 0.000123456790123457 0.000123456790123457 0.000123456790123457 0.000123456790123457 0.000493827160493827 0.000493827160493827 0.000123456790123457 0.000493827160493827 0.99679012345679 0.000123456790123457; % P D=0.5
0.000493827160493827 0.000493827160493827 0.000123456790123457 0.000123456790123457 0.000123456790123457 0.000123456790123457 0.000493827160493827 0.000493827160493827 0.99679012345679 0.000493827160493827 0.000123456790123457 0.000123456790123457; % b D=0.5
0.000493827160493827 0.000493827160493827 0.99679012345679 0.000123456790123457 0.000123456790123457 0.000123456790123457 0.000493827160493827 0.000493827160493827 0.000123456790123457 0.000493827160493827 0.000123456790123457 0.000123456790123457; % f D=0.5
0.000493827160493827 0.000493827160493827 0.000123456790123457 0.000123456790123457 0.000123456790123457 0.99679012345679 0.000493827160493827 0.000493827160493827 0.000123456790123457 0.000493827160493827 0.000123456790123457 0.000123456790123457; % g D=0.5
0.251975308641975 0.211975308641975 0.000493827160493827 0.000493827160493827 0.000493827160493827 0.000493827160493827 0.00197530864197531 0.298641975308642 0.000493827160493827 0.231975308641975 0.000493827160493827 0.000493827160493827; % l D=0.5
0.238641975308642 0.271975308641975 0.000493827160493827 0.000493827160493827 0.000493827160493827 0.000493827160493827 0.198641975308642 0.00197530864197531 0.000493827160493827 0.285308641975309 0.000493827160493827 0.000493827160493827; % z D=0.5
0.00237037037037037 0.245037037037037 0.000592592592592593 0.000592592592592593 0.000592592592592593 0.000592592592592593 0.265037037037037 0.245037037037037 0.000592592592592593 0.23837037037037 0.000592592592592593 0.000592592592592593; % $ D=0.6
0.000592592592592593 0.000592592592592593 0.000148148148148148 0.000148148148148148 0.996148148148148 0.000148148148148148 0.000592592592592593 0.000592592592592593 0.000148148148148148 0.000592592592592593 0.000148148148148148 0.000148148148148148; % B D=0.6
0.000592592592592593 0.000592592592592593 0.000148148148148148 0.000148148148148148 0.000148148148148148 0.000148148148148148 0.000592592592592593 0.000592592592592593 0.000148148148148148 0.000592592592592593 0.000148148148148148 0.996148148148148; % D D=0.6
0.13837037037037 0.265037037037037 0.000592592592592593 0.000592592592592593 0.000592592592592593 0.000592592592592593 0.331703703703704 0.25837037037037 0.000592592592592593 0.00237037037037037 0.000592592592592593 0.000592592592592593; % K D=0.6
0.365037037037037 0.00237037037037037 0.000592592592592593 0.000592592592592593 0.000592592592592593 0.000592592592592593 0.19837037037037 0.191703703703704 0.000592592592592593 0.23837037037037 0.000592592592592593 0.000592592592592593; % L D=0.6
0.000592592592592593 0.000592592592592593 0.000148148148148148 0.996148148148148 0.000148148148148148 0.000148148148148148 0.000592592592592593 0.000592592592592593 0.000148148148148148 0.000592592592592593 0.000148148148148148 0.000148148148148148; % M D=0.6
0.000592592592592593 0.000592592592592593 0.000148148148148148 0.000148148148148148 0.000148148148148148 0.000148148148148148 0.000592592592592593 0.000592592592592593 0.000148148148148148 0.000592592592592593 0.996148148148148 0.000148148148148148; % P D=0.6
0.000592592592592593 0.000592592592592593 0.000148148148148148 0.000148148148148148 0.000148148148148148 0.000148148148148148 0.000592592592592593 0.000592592592592593 0.996148148148148 0.000592592592592593 0.000148148148148148 0.000148148148148148; % b D=0.6
0.000592592592592593 0.000592592592592593 0.996148148148148 0.000148148148148148 0.000148148148148148 0.000148148148148148 0.000592592592592593 0.000592592592592593 0.000148148148148148 0.000592592592592593 0.000148148148148148 0.000148148148148148; % f D=0.6
0.000592592592592593 0.000592592592592593 0.000148148148148148 0.000148148148148148 0.000148148148148148 0.996148148148148 0.000592592592592593 0.000592592592592593 0.000148148148148148 0.000592592592592593 0.000148148148148148 0.000148148148148148; % g D=0.6
0.251703703703704 0.211703703703704 0.000592592592592593 0.000592592592592593 0.000592592592592593 0.000592592592592593 0.00237037037037037 0.29837037037037 0.000592592592592593 0.231703703703704 0.000592592592592593 0.000592592592592593; % l D=0.6
0.23837037037037 0.271703703703704 0.000592592592592593 0.000592592592592593 0.000592592592592593 0.000592592592592593 0.19837037037037 0.00237037037037037 0.000592592592592593 0.285037037037037 0.000592592592592593 0.000592592592592593; % z D=0.6
0.00276543209876543 0.244765432098765 0.000691358024691358 0.000691358024691358 0.000691358024691358 0.000691358024691358 0.264765432098765 0.244765432098765 0.000691358024691358 0.238098765432099 0.000691358024691358 0.000691358024691358; % $ D=0.7
0.000691358024691358 0.000691358024691358 0.000172839506172839 0.000172839506172839 0.995506172839506 0.000172839506172839 0.000691358024691358 0.000691358024691358 0.000172839506172839 0.000691358024691358 0.000172839506172839 0.000172839506172839; % B D=0.7
0.000691358024691358 0.000691358024691358 0.000172839506172839 0.000172839506172839 0.000172839506172839 0.000172839506172839 0.000691358024691358 0.000691358024691358 0.000172839506172839 0.000691358024691358 0.000172839506172839 0.995506172839506; % D D=0.7
0.138098765432099 0.264765432098765 0.000691358024691358 0.000691358024691358 0.000691358024691358 0.000691358024691358 0.331432098765432 0.258098765432099 0.000691358024691358 0.00276543209876543 0.000691358024691358 0.000691358024691358; % K D=0.7
0.364765432098765 0.00276543209876543 0.000691358024691358 0.000691358024691358 0.000691358024691358 0.000691358024691358 0.198098765432099 0.191432098765432 0.000691358024691358 0.238098765432099 0.000691358024691358 0.000691358024691358; % L D=0.7
0.000691358024691358 0.000691358024691358 0.000172839506172839 0.995506172839506 0.000172839506172839 0.000172839506172839 0.000691358024691358 0.000691358024691358 0.000172839506172839 0.000691358024691358 0.000172839506172839 0.000172839506172839; % M D=0.7
0.000691358024691358 0.000691358024691358 0.000172839506172839 0.000172839506172839 0.000172839506172839 0.000172839506172839 0.000691358024691358 0.000691358024691358 0.000172839506172839 0.000691358024691358 0.995506172839506 0.000172839506172839; % P D=0.7
0.000691358024691358 0.000691358024691358 0.000172839506172839 0.000172839506172839 0.000172839506172839 0.000172839506172839 0.000691358024691358 0.000691358024691358 0.995506172839506 0.000691358024691358 0.000172839506172839 0.000172839506172839; % b D=0.7
0.000691358024691358 0.000691358024691358 0.995506172839506 0.000172839506172839 0.000172839506172839 0.000172839506172839 0.000691358024691358 0.000691358024691358 0.000172839506172839 0.000691358024691358 0.000172839506172839 0.000172839506172839; % f D=0.7
0.000691358024691358 0.000691358024691358 0.000172839506172839 0.000172839506172839 0.000172839506172839 0.995506172839506 0.000691358024691358 0.000691358024691358 0.000172839506172839 0.000691358024691358 0.000172839506172839 0.000172839506172839; % g D=0.7
0.251432098765432 0.211432098765432 0.000691358024691358 0.000691358024691358 0.000691358024691358 0.000691358024691358 0.00276543209876543 0.298098765432099 0.000691358024691358 0.231432098765432 0.000691358024691358 0.000691358024691358; % l D=0.7
0.238098765432099 0.271432098765432 0.000691358024691358 0.000691358024691358 0.000691358024691358 0.000691358024691358 0.198098765432099 0.00276543209876543 0.000691358024691358 0.284765432098765 0.000691358024691358 0.000691358024691358; % z D=0.7
0.00316049382716049 0.244493827160494 0.000790123456790124 0.000790123456790124 0.000790123456790124 0.000790123456790124 0.264493827160494 0.244493827160494 0.000790123456790124 0.237827160493827 0.000790123456790124 0.000790123456790124; % $ D=0.8
0.000790123456790124 0.000790123456790124 0.000197530864197531 0.000197530864197531 0.994864197530864 0.000197530864197531 0.000790123456790124 0.000790123456790124 0.000197530864197531 0.000790123456790124 0.000197530864197531 0.000197530864197531; % B D=0.8
0.000790123456790124 0.000790123456790124 0.000197530864197531 0.000197530864197531 0.000197530864197531 0.000197530864197531 0.000790123456790124 0.000790123456790124 0.000197530864197531 0.000790123456790124 0.000197530864197531 0.994864197530864; % D D=0.8
0.137827160493827 0.264493827160494 0.000790123456790124 0.000790123456790124 0.000790123456790124 0.000790123456790124 0.331160493827161 0.257827160493827 0.000790123456790124 0.00316049382716049 0.000790123456790124 0.000790123456790124; % K D=0.8
0.364493827160494 0.00316049382716049 0.000790123456790124 0.000790123456790124 0.000790123456790124 0.000790123456790124 0.197827160493827 0.19116049382716 0.000790123456790124 0.237827160493827 0.000790123456790124 0.000790123456790124; % L D=0.8
0.000790123456790124 0.000790123456790124 0.000197530864197531 0.994864197530864 0.000197530864197531 0.000197530864197531 0.000790123456790124 0.000790123456790124 0.000197530864197531 0.000790123456790124 0.000197530864197531 0.000197530864197531; % M D=0.8
0.000790123456790124 0.000790123456790124 0.000197530864197531 0.000197530864197531 0.000197530864197531 0.000197530864197531 0.000790123456790124 0.000790123456790124 0.000197530864197531 0.000790123456790124 0.994864197530864 0.000197530864197531; % P D=0.8
0.000790123456790124 0.000790123456790124 0.000197530864197531 0.000197530864197531 0.000197530864197531 0.000197530864197531 0.000790123456790124 0.000790123456790124 0.994864197530864 0.000790123456790124 0.000197530864197531 0.000197530864197531; % b D=0.8
0.000790123456790124 0.000790123456790124 0.994864197530864 0.000197530864197531 0.000197530864197531 0.000197530864197531 0.000790123456790124 0.000790123456790124 0.000197530864197531 0.000790123456790124 0.000197530864197531 0.000197530864197531; % f D=0.8
0.000790123456790124 0.000790123456790124 0.000197530864197531 0.000197530864197531 0.000197530864197531 0.994864197530864 0.000790123456790124 0.000790123456790124 0.000197530864197531 0.000790123456790124 0.000197530864197531 0.000197530864197531; % g D=0.8
0.251160493827161 0.21116049382716 0.000790123456790124 0.000790123456790124 0.000790123456790124 0.000790123456790124 0.00316049382716049 0.297827160493827 0.000790123456790124 0.231160493827161 0.000790123456790124 0.000790123456790124; % l D=0.8
0.237827160493827 0.271160493827161 0.000790123456790124 0.000790123456790124 0.000790123456790124 0.000790123456790124 0.197827160493827 0.00316049382716049 0.000790123456790124 0.284493827160494 0.000790123456790124 0.000790123456790124; % z D=0.8
0.00355555555555556 0.244222222222222 0.000888888888888889 0.000888888888888889 0.000888888888888889 0.000888888888888889 0.264222222222222 0.244222222222222 0.000888888888888889 0.237555555555556 0.000888888888888889 0.000888888888888889; % $ D=0.9
0.000888888888888889 0.000888888888888889 0.000222222222222222 0.000222222222222222 0.994222222222222 0.000222222222222222 0.000888888888888889 0.000888888888888889 0.000222222222222222 0.000888888888888889 0.000222222222222222 0.000222222222222222; % B D=0.9
0.000888888888888889 0.000888888888888889 0.000222222222222222 0.000222222222222222 0.000222222222222222 0.000222222222222222 0.000888888888888889 0.000888888888888889 0.000222222222222222 0.000888888888888889 0.000222222222222222 0.994222222222222; % D D=0.9
0.137555555555556 0.264222222222222 0.000888888888888889 0.000888888888888889 0.000888888888888889 0.000888888888888889 0.330888888888889 0.257555555555556 0.000888888888888889 0.00355555555555556 0.000888888888888889 0.000888888888888889; % K D=0.9
0.364222222222222 0.00355555555555556 0.000888888888888889 0.000888888888888889 0.000888888888888889 0.000888888888888889 0.197555555555556 0.190888888888889 0.000888888888888889 0.237555555555556 0.000888888888888889 0.000888888888888889; % L D=0.9
0.000888888888888889 0.000888888888888889 0.000222222222222222 0.994222222222222 0.000222222222222222 0.000222222222222222 0.000888888888888889 0.000888888888888889 0.000222222222222222 0.000888888888888889 0.000222222222222222 0.000222222222222222; % M D=0.9
0.000888888888888889 0.000888888888888889 0.000222222222222222 0.000222222222222222 0.000222222222222222 0.000222222222222222 0.000888888888888889 0.000888888888888889 0.000222222222222222 0.000888888888888889 0.994222222222222 0.000222222222222222; % P D=0.9
0.000888888888888889 0.000888888888888889 0.000222222222222222 0.000222222222222222 0.000222222222222222 0.000222222222222222 0.000888888888888889 0.000888888888888889 0.994222222222222 0.000888888888888889 0.000222222222222222 0.000222222222222222; % b D=0.9
0.000888888888888889 0.000888888888888889 0.994222222222222 0.000222222222222222 0.000222222222222222 0.000222222222222222 0.000888888888888889 0.000888888888888889 0.000222222222222222 0.000888888888888889 0.000222222222222222 0.000222222222222222; % f D=0.9
0.000888888888888889 0.000888888888888889 0.000222222222222222 0.000222222222222222 0.000222222222222222 0.994222222222222 0.000888888888888889 0.000888888888888889 0.000222222222222222 0.000888888888888889 0.000222222222222222 0.000222222222222222; % g D=0.9
0.250888888888889 0.210888888888889 0.000888888888888889 0.000888888888888889 0.000888888888888889 0.000888888888888889 0.00355555555555556 0.297555555555556 0.000888888888888889 0.230888888888889 0.000888888888888889 0.000888888888888889; % l D=0.9
0.237555555555556 0.270888888888889 0.000888888888888889 0.000888888888888889 0.000888888888888889 0.000888888888888889 0.197555555555556 0.00355555555555556 0.000888888888888889 0.284222222222222 0.000888888888888889 0.000888888888888889; % z D=0.9
0.00375308641975309 0.244086419753086 0.000938271604938272 0.000938271604938272 0.000938271604938272 0.000938271604938272 0.264086419753086 0.244086419753086 0.000938271604938272 0.23741975308642 0.000938271604938272 0.000938271604938272; % $ D=0.95
0.000938271604938272 0.000938271604938272 0.000234567901234568 0.000234567901234568 0.993901234567901 0.000234567901234568 0.000938271604938272 0.000938271604938272 0.000234567901234568 0.000938271604938272 0.000234567901234568 0.000234567901234568; % B D=0.95
0.000938271604938272 0.000938271604938272 0.000234567901234568 0.000234567901234568 0.000234567901234568 0.000234567901234568 0.000938271604938272 0.000938271604938272 0.000234567901234568 0.000938271604938272 0.000234567901234568 0.993901234567901; % D D=0.95
0.13741975308642 0.264086419753086 0.000938271604938272 0.000938271604938272 0.000938271604938272 0.000938271604938272 0.330753086419753 0.25741975308642 0.000938271604938272 0.00375308641975309 0.000938271604938272 0.000938271604938272; % K D=0.95
0.364086419753086 0.00375308641975309 0.000938271604938272 0.000938271604938272 0.000938271604938272 0.000938271604938272 0.19741975308642 0.190753086419753 0.000938271604938272 0.23741975308642 0.000938271604938272 0.000938271604938272; % L D=0.95
0.000938271604938272 0.000938271604938272 0.000234567901234568 0.993901234567901 0.000234567901234568 0.000234567901234568 0.000938271604938272 0.000938271604938272 0.000234567901234568 0.000938271604938272 0.000234567901234568 0.000234567901234568; % M D=0.95
0.000938271604938272 0.000938271604938272 0.000234567901234568 0.000234567901234568 0.000234567901234568 0.000234567901234568 0.000938271604938272 0.000938271604938272 0.000234567901234568 0.000938271604938272 0.993901234567901 0.000234567901234568; % P D=0.95
0.000938271604938272 0.000938271604938272 0.000234567901234568 0.000234567901234568 0.000234567901234568 0.000234567901234568 0.000938271604938272 0.000938271604938272 0.993901234567901 0.000938271604938272 0.000234567901234568 0.000234567901234568; % b D=0.95
0.000938271604938272 0.000938271604938272 0.993901234567901 0.000234567901234568 0.000234567901234568 0.000234567901234568 0.000938271604938272 0.000938271604938272 0.000234567901234568 0.000938271604938272 0.000234567901234568 0.000234567901234568; % f D=0.95
0.000938271604938272 0.000938271604938272 0.000234567901234568 0.000234567901234568 0.000234567901234568 0.993901234567901 0.000938271604938272 0.000938271604938272 0.000234567901234568 0.000938271604938272 0.000234567901234568 0.000234567901234568; % g D=0.95
0.250753086419753 0.210753086419753 0.000938271604938272 0.000938271604938272 0.000938271604938272 0.000938271604938272 0.00375308641975309 0.29741975308642 0.000938271604938272 0.230753086419753 0.000938271604938272 0.000938271604938272; % l D=0.95
0.23741975308642 0.270753086419753 0.000938271604938272 0.000938271604938272 0.000938271604938272 0.000938271604938272 0.19741975308642 0.00375308641975309 0.000938271604938272 0.284086419753086 0.000938271604938272 0.000938271604938272]; % z D=0.95
