syllables = '$FJKNTVZgmnr';
discounts = [0.1 0.2 0.3 0.4 0.5 0.6 0.7 0.8 0.9 0.95];
kn_probs = [0.000395061728395062 9.87654320987654e-05 0.219728395061728 0.313061728395062 9.87654320987654e-05 9.87654320987654e-05 9.87654320987654e-05 9.87654320987654e-05 9.87654320987654e-05 9.87654320987654e-05 0.233061728395062 0.233061728395062; % $ D=0.1
9.87654320987654e-05 2.46913580246914e-05 9.87654320987654e-05 9.87654320987654e-05 2.46913580246914e-05 2.46913580246914e-05 2.46913580246914e-05 0.999358024691358 2.46913580246914e-05 2.46913580246914e-05 9.87654320987654e-05 9.87654320987654e-05; % F D=0.1
9.87654320987654e-05 2.46913580246914e-05 9.87654320987654e-05 9.87654320987654e-05 2.46913580246914e-05 2.46913580246914e-05 2.46913580246914e-05 2.46913580246914e-05 2.46913580246914e-05 0.999358024691358 9.87654320987654e-05 9.87654320987654e-05; % J D=0.1
9.87654320987654e-05 2.46913580246914e-05 9.87654320987654e-05 9.87654320987654e-05 2.46913580246914e-05 2.46913580246914e-05 0.999358024691358 2.46913580246914e-05 2.46913580246914e-05 2.46913580246914e-05 9.87654320987654e-05 9.87654320987654e-05; % K D=0.1
0.313061728395062 9.87654320987654e-05 0.266395061728395 0.173061728395062 9.87654320987654e-05 9.87654320987654e-05 9.87654320987654e-05 9.87654320987654e-05 9.87654320987654e-05 9.87654320987654e-05 0.000395061728395062 0.246395061728395; % N D=0.1
9.87654320987654e-05 2.46913580246914e-05 9.87654320987654e-05 9.87654320987654e-05 0.999358024691358 2.46913580246914e-05 2.46913580246914e-05 2.46913580246914e-05 2.46913580246914e-05 2.46913580246914e-05 9.87654320987654e-05 9.87654320987654e-05; % T D=0.1
0.179728395061728 9.87654320987654e-05 0.279728395061728 0.000395061728395062 9.87654320987654e-05 9.87654320987654e-05 9.87654320987654e-05 9.87654320987654e-05 9.87654320987654e-05 9.87654320987654e-05 0.313061728395062 0.226395061728395; % V D=0.1
0.259728395061728 9.87654320987654e-05 0.233061728395062 0.246395061728395 9.87654320987654e-05 9.87654320987654e-05 9.87654320987654e-05 9.87654320987654e-05 9.87654320987654e-05 9.87654320987654e-05 0.259728395061728 0.000395061728395062; % Z D=0.1
9.87654320987654e-05 0.999358024691358 9.87654320987654e-05 9.87654320987654e-05 2.46913580246914e-05 2.46913580246914e-05 2.46913580246914e-05 2.46913580246914e-05 2.46913580246914e-05 2.46913580246914e-05 9.87654320987654e-05 9.87654320987654e-05; % g D=0.1
0.246395061728395 9.87654320987654e-05 0.000395061728395062 0.266395061728395 9.87654320987654e-05 9.87654320987654e-05 9.87654320987654e-05 9.87654320987654e-05 9.87654320987654e-05 9.87654320987654e-05 0.193061728395062 0.293061728395062; % m D=0.1
9.87654320987654e-05 2.46913580246914e-05 9.87654320987654e-05 9.87654320987654e-05 2.46913580246914e-05 0.999358024691358 2.46913580246914e-05 2.46913580246914e-05 2.46913580246914e-05 2.46913580246914e-05 9.87654320987654e-05 9.87654320987654e-05; % n D=0.1
9.87654320987654e-05 2.46913580246914e-05 9.87654320987654e-05 9.87654320987654e-05 2.46913580246914e-05 2.46913580246914e-05 2.46913580246914e-05 2.46913580246914e-05 0.999358024691358 2.46913580246914e-05 9.87654320987654e-05 9.87654320987654e-05; % r D=0.1
0.000790123456790124 0.000197530864197531 0.219456790123457 0.31279012345679 0.000197530864197531 0.000197530864197531 0.000197530864197531 0.000197530864197531 0.000197530864197531 0.000197530864197531 0.23279012345679 0.23279012345679; % $ D=0.2
0.000197530864197531 4.93827160493827e-05 0.000197530864197531 0.000197530864197531 4.93827160493827e-05 4.93827160493827e-05 4.93827160493827e-05 0.998716049382716 4.93827160493827e-05 4.93827160493827e-05 0.000197530864197531 0.000197530864197531; % F D=0.2
0.000197530864197531 4.93827160493827e-05 0.000197530864197531 0.000197530864197531 4.93827160493827e-05 4.93827160493827e-05 4.93827160493827e-05 4.93827160493827e-05 4.93827160493827e-05 0.998716049382716 0.000197530864197531 0.000197530864197531; % J D=0.2
0.000197530864197531 4.93827160493827e-05 0.000197530864197531 0.000197530864197531 4.93827160493827e-05 4.93827160493827e-05 0.998716049382716 4.93827160493827e-05 4.93827160493827e-05 4.93827160493827e-05 0.000197530864197531 0.000197530864197531; % K D=0.2
0.31279012345679 0.000197530864197531 0.266123456790123 0.17279012345679 0.000197530864197531 0.000197530864197531 0.000197530864197531 0.000197530864197531 0.000197530864197531 0.000197530864197531 0.000790123456790124 0.246123456790123; % N D=0.2
0.000197530864197531 4.93827160493827e-05 0.000197530864197531 0.000197530864197531 0.998716049382716 4.93827160493827e-05 4.93827160493827e-05 4.93827160493827e-05 4.93827160493827e-05 4.93827160493827e-05 0.000197530864197531 0.000197530864197531; % T D=0.2
0.179456790123457 0.000197530864197531 0.279456790123457 0.000790123456790124 0.000197530864197531 0.000197530864197531 0.000197530864197531 0.000197530864197531 0.000197530864197531 0.000197530864197531 0.31279012345679 0.226123456790123; % V D=0.2
0.259456790123457 0.000197530864197531 0.23279012345679 0.246123456790123 0.000197530864197531 0.000197530864197531 0.000197530864197531 0.000197530864197531 0.000197530864197531 0.000197530864197531 0.259456790123457 0.000790123456790124; % Z D=0.2
0.000197530864197531 0.998716049382716 0.000197530864197531 0.000197530864197531 4.93827160493827e-05 4.93827160493827e-05 4.93827160493827e-05 4.93827160493827e-05 4.93827160493827e-05 4.93827160493827e-05 0.000197530864197531 0.000197530864197531; % g D=0.2
0.246123456790123 0.000197530864197531 0.000790123456790124 0.266123456790123 0.000197530864197531 0.000197530864197531 0.000197530864197531 0.000197530864197531 0.000197530864197531 0.000197530864197531 0.19279012345679 0.29279012345679; % m D=0.2
0.000197530864197531 4.93827160493827e-05 0.000197530864197531 0.000197530864197531 4.93827160493827e-05 0.998716049382716 4.93827160493827e-05 4.93827160493827e-05 4.93827160493827e-05 4.93827160493827e-05 0.000197530864197531 0.000197530864197531; % n D=0.2
0.000197530864197531 4.93827160493827e-05 0.000197530864197531 0.000197530864197531 4.93827160493827e-05 4.93827160493827e-05 4.93827160493827e-05 4.93827160493827e-05 0.998716049382716 4.93827160493827e-05 0.000197530864197531 0.000197530864197531; % r D=0.2
0.00118518518518519 0.000296296296296296 0.219185185185185 0.312518518518519 0.000296296296296296 0.000296296296296296 0.000296296296296296 0.000296296296296296 0.000296296296296296 0.000296296296296296 0.232518518518519 0.232518518518519; % $ D=0.3
0.000296296296296296 7.40740740740741e-05 0.000296296296296296 0.000296296296296296 7.40740740740741e-05 7.40740740740741e-05 7.40740740740741e-05 0.998074074074074 7.40740740740741e-05 7.40740740740741e-05 0.000296296296296296 0.000296296296296296; % F D=0.3
0.000296296296296296 7.40740740740741e-05 0.000296296296296296 0.000296296296296296 7.40740740740741e-05 7.40740740740741e-05 7.40740740740741e-05 7.40740740740741e-05 7.40740740740741e-05 0.998074074074074 0.000296296296296296 0.000296296296296296; % J D=0.3
0.000296296296296296 7.40740740740741e-05 0.000296296296296296 0.000296296296296296 7.40740740740741e-05 7.40740740740741e-05 0.998074074074074 7.40740740740741e-05 7.40740740740741e-05 7.40740740740741e-05 0.000296296296296296 0.000296296296296296; % K D=0.3
0.312518518518519 0.000296296296296296 0.265851851851852 0.172518518518519 0.000296296296296296 0.000296296296296296 0.000296296296296296 0.000296296296296296 0.000296296296296296 0.000296296296296296 0.00118518518518519 0.245851851851852; % N D=0.3
0.000296296296296296 7.40740740740741e-05 0.000296296296296296 0.000296296296296296 0.998074074074074 7.40740740740741e-05 7.40740740740741e-05 7.40740740740741e-05 7.40740740740741e-05 7.40740740740741e-05 0.000296296296296296 0.000296296296296296; % T D=0.3
