syllables = '$BFGJKNPTVdfgmnrtvz';
discounts = [0.1 0.2 0.3 0.4 0.5 0.6 0.7 0.8 0.9 0.95];
kn_probs = [0.000444444444444445 7.40740740740741e-05 0.233111111111111 7.40740740740741e-05 7.40740740740741e-05 0.213111111111111 7.40740740740741e-05 7.40740740740741e-05 7.40740740740741e-05 0.139777777777778 0.113111111111111 7.40740740740741e-05 0.159777777777778 0.139777777777778 7.40740740740741e-05 7.40740740740741e-05 7.40740740740741e-05 7.40740740740741e-05 7.40740740740741e-05; % $ D=0.1
0.000111111111111111 1.85185185185185e-05 0.000111111111111111 0.999018518518519 1.85185185185185e-05 0.000111111111111111 1.85185185185185e-05 1.85185185185185e-05 1.85185185185185e-05 0.000111111111111111 0.000111111111111111 1.85185185185185e-05 0.000111111111111111 0.000111111111111111 1.85185185185185e-05 1.85185185185185e-05 1.85185185185185e-05 1.85185185185185e-05 1.85185185185185e-05; % B D=0.1
0.000111111111111111 1.85185185185185e-05 0.000111111111111111 1.85185185185185e-05 1.85185185185185e-05 0.000111111111111111 1.85185185185185e-05 1.85185185185185e-05 1.85185185185185e-05 0.000111111111111111 0.000111111111111111 1.85185185185185e-05 0.000111111111111111 0.000111111111111111 1.85185185185185e-05 0.999018518518519 1.85185185185185e-05 1.85185185185185e-05 1.85185185185185e-05; % F D=0.1
0.000111111111111111 1.85185185185185e-05 0.000111111111111111 1.85185185185185e-05 1.85185185185185e-05 0.000111111111111111 0.999018518518519 1.85185185185185e-05 1.85185185185185e-05 0.000111111111111111 0.000111111111111111 1.85185185185185e-05 0.000111111111111111 0.000111111111111111 1.85185185185185e-05 1.85185185185185e-05 1.85185185185185e-05 1.85185185185185e-05 1.85185185185185e-05; % G D=0.1
0.279666666666667 0.000111111111111111 0.139666666666667 0.000111111111111111 0.000111111111111111 0.159666666666667 0.000111111111111111 0.000111111111111111 0.000111111111111111 0.109666666666667 0.119666666666667 0.000111111111111111 0.189666666666667 0.000666666666666667 0.000111111111111111 0.000111111111111111 0.000111111111111111 0.000111111111111111 0.000111111111111111; % J D=0.1
0.000111111111111111 1.85185185185185e-05 0.000111111111111111 1.85185185185185e-05 1.85185185185185e-05 0.000111111111111111 1.85185185185185e-05 1.85185185185185e-05 1.85185185185185e-05 0.000111111111111111 0.000111111111111111 1.85185185185185e-05 0.000111111111111111 0.000111111111111111 1.85185185185185e-05 1.85185185185185e-05 1.85185185185185e-05 1.85185185185185e-05 0.999018518518519; % K D=0.1
0.189666666666667 0.000111111111111111 0.0896666666666667 0.000111111111111111 0.000111111111111111 0.129666666666667 0.000111111111111111 0.000111111111111111 0.000111111111111111 0.229666666666667 0.159666666666667 0.000111111111111111 0.000666666666666667 0.199666666666667 0.000111111111111111 0.000111111111111111 0.000111111111111111 0.000111111111111111 0.000111111111111111; % N D=0.1
0.000111111111111111 1.85185185185185e-05 0.000111111111111111 1.85185185185185e-05 0.999018518518519 0.000111111111111111 1.85185185185185e-05 1.85185185185185e-05 1.85185185185185e-05 0.000111111111111111 0.000111111111111111 1.85185185185185e-05 0.000111111111111111 0.000111111111111111 1.85185185185185e-05 1.85185185185185e-05 1.85185185185185e-05 1.85185185185185e-05 1.85185185185185e-05; % P D=0.1
0.259666666666667 0.000111111111111111 0.119666666666667 0.000111111111111111 0.000111111111111111 0.000666666666666667 0.000111111111111111 0.000111111111111111 0.000111111111111111 0.149666666666667 0.219666666666667 0.000111111111111111 0.119666666666667 0.129666666666667 0.000111111111111111 0.000111111111111111 0.000111111111111111 0.000111111111111111 0.000111111111111111; % T D=0.1
0.000111111111111111 1.85185185185185e-05 0.000111111111111111 1.85185185185185e-05 1.85185185185185e-05 0.000111111111111111 1.85185185185185e-05 1.85185185185185e-05 1.85185185185185e-05 0.000111111111111111 0.000111111111111111 1.85185185185185e-05 0.000111111111111111 0.000111111111111111 0.999018518518519 1.85185185185185e-05 1.85185185185185e-05 1.85185185185185e-05 1.85185185185185e-05; % V D=0.1
0.000111111111111111 1.85185185185185e-05 0.000111111111111111 1.85185185185185e-05 1.85185185185185e-05 0.000111111111111111 1.85185185185185e-05 1.85185185185185e-05 1.85185185185185e-05 0.000111111111111111 0.000111111111111111 1.85185185185185e-05 0.000111111111111111 0.000111111111111111 1.85185185185185e-05 1.85185185185185e-05 1.85185185185185e-05 0.999018518518519 1.85185185185185e-05; % d D=0.1
0.169666666666667 0.000111111111111111 0.000666666666666667 0.000111111111111111 0.000111111111111111 0.149666666666667 0.000111111111111111 0.000111111111111111 0.000111111111111111 0.159666666666667 0.169666666666667 0.000111111111111111 0.189666666666667 0.159666666666667 0.000111111111111111 0.000111111111111111 0.000111111111111111 0.000111111111111111 0.000111111111111111; % f D=0.1
0.000111111111111111 0.999018518518519 0.000111111111111111 1.85185185185185e-05 1.85185185185185e-05 0.000111111111111111 1.85185185185185e-05 1.85185185185185e-05 1.85185185185185e-05 0.000111111111111111 0.000111111111111111 1.85185185185185e-05 0.000111111111111111 0.000111111111111111 1.85185185185185e-05 1.85185185185185e-05 1.85185185185185e-05 1.85185185185185e-05 1.85185185185185e-05; % g D=0.1
0.000111111111111111 1.85185185185185e-05 0.000111111111111111 1.85185185185185e-05 1.85185185185185e-05 0.000111111111111111 1.85185185185185e-05 1.85185185185185e-05 1.85185185185185e-05 0.000111111111111111 0.000111111111111111 1.85185185185185e-05 0.000111111111111111 0.000111111111111111 1.85185185185185e-05 1.85185185185185e-05 0.999018518518519 1.85185185185185e-05 1.85185185185185e-05; % m D=0.1
0.299666666666667 0.000111111111111111 0.149666666666667 0.000111111111111111 0.000111111111111111 0.139666666666667 0.000111111111111111 0.000111111111111111 0.000111111111111111 0.000666666666666667 0.159666666666667 0.000111111111111111 0.119666666666667 0.129666666666667 0.000111111111111111 0.000111111111111111 0.000111111111111111 0.000111111111111111 0.000111111111111111; % n D=0.1
0.000111111111111111 1.85185185185185e-05 0.000111111111111111 1.85185185185185e-05 1.85185185185185e-05 0.000111111111111111 1.85185185185185e-05 1.85185185185185e-05 1.85185185185185e-05 0.000111111111111111 0.000111111111111111 0.999018518518519 0.000111111111111111 0.000111111111111111 1.85185185185185e-05 1.85185185185185e-05 1.85185185185185e-05 1.85185185185185e-05 1.85185185185185e-05; % r D=0.1
0.000111111111111111 1.85185185185185e-05 0.000111111111111111 1.85185185185185e-05 1.85185185185185e-05 0.000111111111111111 1.85185185185185e-05 0.999018518518519 1.85185185185185e-05 0.000111111111111111 0.000111111111111111 1.85185185185185e-05 0.000111111111111111 0.000111111111111111 1.85185185185185e-05 1.85185185185185e-05 1.85185185185185e-05 1.85185185185185e-05 1.85185185185185e-05; % t D=0.1
0.299666666666667 0.000111111111111111 0.149666666666667 0.000111111111111111 0.000111111111111111 0.0996666666666667 0.000111111111111111 0.000111111111111111 0.000111111111111111 0.139666666666667 0.000666666666666667 0.000111111111111111 0.139666666666667 0.169666666666667 0.000111111111111111 0.000111111111111111 0.000111111111111111 0.000111111111111111 0.000111111111111111; % v D=0.1
0.000111111111111111 1.85185185185185e-05 0.000111111111111111 1.85185185185185e-05 1.85185185185185e-05 0.000111111111111111 1.85185185185185e-05 1.85185185185185e-05 0.999018518518519 0.000111111111111111 0.000111111111111111 1.85185185185185e-05 0.000111111111111111 0.000111111111111111 1.85185185185185e-05 1.85185185185185e-05 1.85185185185185e-05 1.85185185185185e-05 1.85185185185185e-05; % z D=0.1
0.000888888888888889 0.000148148148148148 0.232888888888889 0.000148148148148148 0.000148148148148148 0.212888888888889 0.000148148148148148 0.000148148148148148 0.000148148148148148 0.139555555555556 0.112888888888889 0.000148148148148148 0.159555555555556 0.139555555555556 0.000148148148148148 0.000148148148148148 0.000148148148148148 0.000148148148148148 0.000148148148148148; % $ D=0.2
0.000222222222222222 3.7037037037037e-05 0.000222222222222222 0.998037037037037 3.7037037037037e-05 0.000222222222222222 3.7037037037037e-05 3.7037037037037e-05 3.7037037037037e-05 0.000222222222222222 0.000222222222222222 3.7037037037037e-05 0.000222222222222222 0.000222222222222222 3.7037037037037e-05 3.7037037037037e-05 3.7037037037037e-05 3.7037037037037e-05 3.7037037037037e-05; % B D=0.2
0.000222222222222222 3.7037037037037e-05 0.000222222222222222 3.7037037037037e-05 3.7037037037037e-05 0.000222222222222222 3.7037037037037e-05 3.7037037037037e-05 3.7037037037037e-05 0.000222222222222222 0.000222222222222222 3.7037037037037e-05 0.000222222222222222 0.000222222222222222 3.7037037037037e-05 0.998037037037037 3.7037037037037e-05 3.7037037037037e-05 3.7037037037037e-05; % F D=0.2
0.000222222222222222 3.7037037037037e-05 0.000222222222222222 3.7037037037037e-05 3.7037037037037e-05 0.000222222222222222 0.998037037037037 3.7037037037037e-05 3.7037037037037e-05 0.000222222222222222 0.000222222222222222 3.7037037037037e-05 0.000222222222222222 0.000222222222222222 3.7037037037037e-05 3.7037037037037e-05 3.7037037037037e-05 3.7037037037037e-05 3.7037037037037e-05; % G D=0.2
0.279333333333333 0.000222222222222222 0.139333333333333 0.000222222222222222 0.000222222222222222 0.159333333333333 0.000222222222222222 0.000222222222222222 0.000222222222222222 0.109333333333333 0.119333333333333 0.000222222222222222 0.189333333333333 0.00133333333333333 0.000222222222222222 0.000222222222222222 0.000222222222222222 0.000222222222222222 0.000222222222222222; % J D=0.2
0.000222222222222222 3.7037037037037e-05 0.000222222222222222 3.7037037037037e-05 3.7037037037037e-05 0.000222222222222222 3.7037037037037e-05 3.7037037037037e-05 3.7037037037037e-05 0.000222222222222222 0.000222222222222222 3.7037037037037e-05 0.000222222222222222 0.000222222222222222 3.7037037037037e-05 3.7037037037037e-05 3.7037037037037e-05 3.7037037037037e-05 0.998037037037037; % K D=0.2
0.189333333333333 0.000222222222222222 0.0893333333333333 0.000222222222222222 0.000222222222222222 0.129333333333333 0.000222222222222222 0.000222222222222222 0.000222222222222222 0.229333333333333 0.159333333333333 0.000222222222222222 0.00133333333333333 0.199333333333333 0.000222222222222222 0.000222222222222222 0.000222222222222222 0.000222222222222222 0.000222222222222222; % N D=0.2
0.000222222222222222 3.7037037037037e-05 0.000222222222222222 3.7037037037037e-05 0.998037037037037 0.000222222222222222 3.7037037037037e-05 3.7037037037037e-05 3.7037037037037e-05 0.000222222222222222 0.000222222222222222 3.7037037037037e-05 0.000222222222222222 0.000222222222222222 3.7037037037037e-05 3.7037037037037e-05 3.7037037037037e-05 3.7037037037037e-05 3.7037037037037e-05; % P D=0.2
0.259333333333333 0.000222222222222222 0.119333333333333 0.000222222222222222 0.000222222222222222 0.00133333333333333 0.000222222222222222 0.000222222222222222 0.000222222222222222 0.149333333333333 0.219333333333333 0.000222222222222222 0.119333333333333 0.129333333333333 0.000222222222222222 0.000222222222222222 0.000222222222222222 0.000222222222222222 0.000222222222222222; % T D=0.2
0.000222222222222222 3.7037037037037e-05 0.000222222222222222 3.7037037037037e-05 3.7037037037037e-05 0.000222222222222222 3.7037037037037e-05 3.7037037037037e-05 3.7037037037037e-05 0.000222222222222222 0.000222222222222222 3.7037037037037e-05 0.000222222222222222 0.000222222222222222 0.998037037037037 3.7037037037037e-05 3.7037037037037e-05 3.7037037037037e-05 3.7037037037037e-05; % V D=0.2
0.000222222222222222 3.7037037037037e-05 0.000222222222222222 3.7037037037037e-05 3.7037037037037e-05 0.000222222222222222 3.7037037037037e-05 3.7037037037037e-05 3.7037037037037e-05 0.000222222222222222 0.000222222222222222 3.7037037037037e-05 0.000222222222222222 0.000222222222222222 3.7037037037037e-05 3.7037037037037e-05 3.7037037037037e-05 0.998037037037037 3.7037037037037e-05; % d D=0.2
0.169333333333333 0.000222222222222222 0.00133333333333333 0.000222222222222222 0.000222222222222222 0.149333333333333 0.000222222222222222 0.000222222222222222 0.000222222222222222 0.159333333333333 0.169333333333333 0.000222222222222222 0.189333333333333 0.159333333333333 0.000222222222222222 0.000222222222222222 0.000222222222222222 0.000222222222222222 0.000222222222222222; % f D=0.2
0.000222222222222222 0.998037037037037 0.000222222222222222 3.7037037037037e-05 3.7037037037037e-05 0.000222222222222222 3.7037037037037e-05 3.7037037037037e-05 3.7037037037037e-05 0.000222222222222222 0.000222222222222222 3.7037037037037e-05 0.000222222222222222 0.000222222222222222 3.7037037037037e-05 3.7037037037037e-05 3.7037037037037e-05 3.7037037037037e-05 3.7037037037037e-05; % g D=0.2
0.000222222222222222 3.7037037037037e-05 0.000222222222222222 3.7037037037037e-05 3.7037037037037e-05 0.000222222222222222 3.7037037037037e-05 3.7037037037037e-05 3.7037037037037e-05 0.000222222222222222 0.000222222222222222 3.7037037037037e-05 0.000222222222222222 0.000222222222222222 3.7037037037037e-05 3.7037037037037e-05 0.998037037037037 3.7037037037037e-05 3.7037037037037e-05; % m D=0.2
0.299333333333333 0.000222222222222222 0.149333333333333 0.000222222222222222 0.000222222222222222 0.139333333333333 0.000222222222222222 0.000222222222222222 0.000222222222222222 0.00133333333333333 0.159333333333333 0.000222222222222222 0.119333333333333 0.129333333333333 0.000222222222222222 0.000222222222222222 0.000222222222222222 0.000222222222222222 0.000222222222222222; % n D=0.2
0.000222222222222222 3.7037037037037e-05 0.000222222222222222 3.7037037037037e-05 3.7037037037037e-05 0.000222222222222222 3.7037037037037e-05 3.7037037037037e-05 3.7037037037037e-05 0.000222222222222222 0.000222222222222222 0.998037037037037 0.000222222222222222 0.000222222222222222 3.7037037037037e-05 3.7037037037037e-05 3.7037037037037e-05 3.7037037037037e-05 3.7037037037037e-05; % r D=0.2
0.000222222222222222 3.7037037037037e-05 0.000222222222222222 3.7037037037037e-05 3.7037037037037e-05 0.000222222222222222 3.7037037037037e-05 0.998037037037037 3.7037037037037e-05 0.000222222222222222 0.000222222222222222 3.7037037037037e-05 0.000222222222222222 0.000222222222222222 3.7037037037037e-05 3.7037037037037e-05 3.7037037037037e-05 3.7037037037037e-05 3.7037037037037e-05; % t D=0.2
0.299333333333333 0.000222222222222222 0.149333333333333 0.000222222222222222 0.000222222222222222 0.0993333333333333 0.000222222222222222 0.000222222222222222 0.000222222222222222 0.139333333333333 0.00133333333333333 0.000222222222222222 0.139333333333333 0.169333333333333 0.000222222222222222 0.000222222222222222 0.000222222222222222 0.000222222222222222 0.000222222222222222; % v D=0.2
0.000222222222222222 3.7037037037037e-05 0.000222222222222222 3.7037037037037e-05 3.7037037037037e-05 0.000222222222222222 3.7037037037037e-05 3.7037037037037e-05 0.998037037037037 0.000222222222222222 0.000222222222222222 3.7037037037037e-05 0.000222222222222222 0.000222222222222222 3.7037037037037e-05 3.7037037037037e-05 3.7037037037037e-05 3.7037037037037e-05 3.7037037037037e-05; % z D=0.2
0.00133333333333333 0.000222222222222222 0.232666666666667 0.000222222222222222 0.000222222222222222 0.212666666666667 0.000222222222222222 0.000222222222222222 0.000222222222222222 0.139333333333333 0.112666666666667 0.000222222222222222 0.159333333333333 0.139333333333333 0.000222222222222222 0.000222222222222222 0.000222222222222222 0.000222222222222222 0.000222222222222222; % $ D=0.3
0.000333333333333333 5.55555555555556e-05 0.000333333333333333 0.997055555555556 5.55555555555556e-05 0.000333333333333333 5.55555555555556e-05 5.55555555555556e-05 5.55555555555556e-05 0.000333333333333333 0.000333333333333333 5.55555555555556e-05 0.000333333333333333 0.000333333333333333 5.55555555555556e-05 5.55555555555556e-05 5.55555555555556e-05 5.55555555555556e-05 5.55555555555556e-05; % B D=0.3
0.000333333333333333 5.55555555555556e-05 0.000333333333333333 5.55555555555556e-05 5.55555555555556e-05 0.000333333333333333 5.55555555555556e-05 5.55555555555556e-05 5.55555555555556e-05 0.000333333333333333 0.000333333333333333 5.55555555555556e-05 0.000333333333333333 0.000333333333333333 5.55555555555556e-05 0.997055555555556 5.55555555555556e-05 5.55555555555556e-05 5.55555555555556e-05; % F D=0.3
0.000333333333333333 5.55555555555556e-05 0.000333333333333333 5.55555555555556e-05 5.55555555555556e-05 0.000333333333333333 0.997055555555556 5.55555555555556e-05 5.55555555555556e-05 0.000333333333333333 0.000333333333333333 5.55555555555556e-05 0.000333333333333333 0.000333333333333333 5.55555555555556e-05 5.55555555555556e-05 5.55555555555556e-05 5.55555555555556e-05 5.55555555555556e-05; % G D=0.3
0.279 0.000333333333333333 0.139 0.000333333333333333 0.000333333333333333 0.159 0.000333333333333333 0.000333333333333333 0.000333333333333333 0.109 0.119 0.000333333333333333 0.189 0.002 0.000333333333333333 0.000333333333333333 0.000333333333333333 0.000333333333333333 0.000333333333333333; % J D=0.3
0.000333333333333333 5.55555555555556e-05 0.000333333333333333 5.55555555555556e-05 5.55555555555556e-05 0.000333333333333333 5.55555555555556e-05 5.55555555555556e-05 5.55555555555556e-05 0.000333333333333333 0.000333333333333333 5.55555555555556e-05 0.000333333333333333 0.000333333333333333 5.55555555555556e-05 5.55555555555556e-05 5.55555555555556e-05 5.55555555555556e-05 0.997055555555556; % K D=0.3
0.189 0.000333333333333333 0.089 0.000333333333333333 0.000333333333333333 0.129 0.000333333333333333 0.000333333333333333 0.000333333333333333 0.229 0.159 0.000333333333333333 0.002 0.199 0.000333333333333333 0.000333333333333333 0.000333333333333333 0.000333333333333333 0.000333333333333333; % N D=0.3
0.000333333333333333 5.55555555555556e-05 0.000333333333333333 5.55555555555556e-05 0.997055555555556 0.000333333333333333 5.55555555555556e-05 5.55555555555556e-05 5.55555555555556e-05 0.000333333333333333 0.000333333333333333 5.55555555555556e-05 0.000333333333333333 0.000333333333333333 5.55555555555556e-05 5.55555555555556e-05 5.55555555555556e-05 5.55555555555556e-05 5.55555555555556e-05; % P D=0.3
0.259 0.000333333333333333 0.119 0.000333333333333333 0.000333333333333333 0.002 0.000333333333333333 0.000333333333333333 0.000333333333333333 0.149 0.219 0.000333333333333333 0.119 0.129 0.000333333333333333 0.000333333333333333 0.000333333333333333 0.000333333333333333 0.000333333333333333; % T D=0.3
0.000333333333333333 5.55555555555556e-05 0.000333333333333333 5.55555555555556e-05 5.55555555555556e-05 0.000333333333333333 5.55555555555556e-05 5.55555555555556e-05 5.55555555555556e-05 0.000333333333333333 0.000333333333333333 5.55555555555556e-05 0.000333333333333333 0.000333333333333333 0.997055555555556 5.55555555555556e-05 5.55555555555556e-05 5.55555555555556e-05 5.55555555555556e-05; % V D=0.3
0.000333333333333333 5.55555555555556e-05 0.000333333333333333 5.55555555555556e-05 5.55555555555556e-05 0.000333333333333333 5.55555555555556e-05 5.55555555555556e-05 5.55555555555556e-05 0.000333333333333333 0.000333333333333333 5.55555555555556e-05 0.000333333333333333 0.000333333333333333 5.55555555555556e-05 5.55555555555556e-05 5.55555555555556e-05 0.997055555555556 5.55555555555556e-05; % d D=0.3
0.169 0.000333333333333333 0.002 0.000333333333333333 0.000333333333333333 0.149 0.000333333333333333 0.000333333333333333 0.000333333333333333 0.159 0.169 0.000333333333333333 0.189 0.159 0.000333333333333333 0.000333333333333333 0.000333333333333333 0.000333333333333333 0.000333333333333333; % f D=0.3
0.000333333333333333 0.997055555555556 0.000333333333333333 5.55555555555556e-05 5.55555555555556e-05 0.000333333333333333 5.55555555555556e-05 5.55555555555556e-05 5.55555555555556e-05 0.000333333333333333 0.000333333333333333 5.55555555555556e-05 0.000333333333333333 0.000333333333333333 5.55555555555556e-05 5.55555555555556e-05 5.55555555555556e-05 5.55555555555556e-05 5.55555555555556e-05; % g D=0.3
0.000333333333333333 5.55555555555556e-05 0.000333333333333333 5.55555555555556e-05 5.55555555555556e-05 0.000333333333333333 5.55555555555556e-05 5.55555555555556e-05 5.55555555555556e-05 0.000333333333333333 0.000333333333333333 5.55555555555556e-05 0.000333333333333333 0.000333333333333333 5.55555555555556e-05 5.55555555555556e-05 0.997055555555556 5.55555555555556e-05 5.55555555555556e-05; % m D=0.3
0.299 0.000333333333333333 0.149 0.000333333333333333 0.000333333333333333 0.139 0.000333333333333333 0.000333333333333333 0.000333333333333333 0.002 0.159 0.000333333333333333 0.119 0.129 0.000333333333333333 0.000333333333333333 0.000333333333333333 0.000333333333333333 0.000333333333333333; % n D=0.3
0.000333333333333333 5.55555555555556e-05 0.000333333333333333 5.55555555555556e-05 5.55555555555556e-05 0.000333333333333333 5.55555555555556e-05 5.55555555555556e-05 5.55555555555556e-05 0.000333333333333333 0.000333333333333333 0.997055555555556 0.000333333333333333 0.000333333333333333 5.55555555555556e-05 5.55555555555556e-05 5.55555555555556e-05 5.55555555555556e-05 5.55555555555556e-05; % r D=0.3
0.000333333333333333 5.55555555555556e-05 0.000333333333333333 5.55555555555556e-05 5.55555555555556e-05 0.000333333333333333 5.55555555555556e-05 0.997055555555556 5.55555555555556e-05 0.000333333333333333 0.000333333333333333 5.55555555555556e-05 0.000333333333333333 0.000333333333333333 5.55555555555556e-05 5.55555555555556e-05 5.55555555555556e-05 5.55555555555556e-05 5.55555555555556e-05; % t D=0.3
0.299 0.000333333333333333 0.149 0.000333333333333333 0.000333333333333333 0.099 0.000333333333333333 0.000333333333333333 0.000333333333333333 0.139 0.002 0.000333333333333333 0.139 0.169 0.000333333333333333 0.000333333333333333 0.000333333333333333 0.000333333333333333 0.000333333333333333; % v D=0.3
0.000333333333333333 5.55555555555556e-05 0.000333333333333333 5.55555555555556e-05 5.55555555555556e-05 0.000333333333333333 5.55555555555556e-05 5.55555555555556e-05 0.997055555555556 0.000333333333333333 0.000333333333333333 5.55555555555556e-05 0.000333333333333333 0.000333333333333333 5.55555555555556e-05 5.55555555555556e-05 5.55555555555556e-05 5.55555555555556e-05 5.55555555555556e-05; % z D=0.3
0.00177777777777778 0.000296296296296296 0.232444444444444 0.000296296296296296 0.000296296296296296 0.212444444444444 0.000296296296296296 0.000296296296296296 0.000296296296296296 0.139111111111111 0.112444444444444 0.000296296296296296 0.159111111111111 0.139111111111111 0.000296296296296296 0.000296296296296296 0.000296296296296296 0.000296296296296296 0.000296296296296296; % $ D=0.4
0.000444444444444445 7.40740740740741e-05 0.000444444444444445 0.996074074074074 7.40740740740741e-05 0.000444444444444445 7.40740740740741e-05 7.40740740740741e-05 7.40740740740741e-05 0.000444444444444445 0.000444444444444445 7.40740740740741e-05 0.000444444444444445 0.000444444444444445 7.40740740740741e-05 7.40740740740741e-05 7.40740740740741e-05 7.40740740740741e-05 7.40740740740741e-05; % B D=0.4
0.000444444444444445 7.40740740740741e-05 0.000444444444444445 7.40740740740741e-05 7.40740740740741e-05 0.000444444444444445 7.40740740740741e-05 7.40740740740741e-05 7.40740740740741e-05 0.000444444444444445 0.000444444444444445 7.40740740740741e-05 0.000444444444444445 0.000444444444444445 7.40740740740741e-05 0.996074074074074 7.40740740740741e-05 7.40740740740741e-05 7.40740740740741e-05; % F D=0.4
0.000444444444444445 7.40740740740741e-05 0.000444444444444445 7.40740740740741e-05 7.40740740740741e-05 0.000444444444444445 0.996074074074074 7.40740740740741e-05 7.40740740740741e-05 0.000444444444444445 0.000444444444444445 7.40740740740741e-05 0.000444444444444445 0.000444444444444445 7.40740740740741e-05 7.40740740740741e-05 7.40740740740741e-05 7.40740740740741e-05 7.40740740740741e-05; % G D=0.4
0.278666666666667 0.000444444444444445 0.138666666666667 0.000444444444444445 0.000444444444444445 0.158666666666667 0.000444444444444445 0.000444444444444445 0.000444444444444445 0.108666666666667 0.118666666666667 0.000444444444444445 0.188666666666667 0.00266666666666667 0.000444444444444445 0.000444444444444445 0.000444444444444445 0.000444444444444445 0.000444444444444445; % J D=0.4
0.000444444444444445 7.40740740740741e-05 0.000444444444444445 7.40740740740741e-05 7.40740740740741e-05 0.000444444444444445 7.40740740740741e-05 7.40740740740741e-05 7.40740740740741e-05 0.000444444444444445 0.000444444444444445 7.40740740740741e-05 0.000444444444444445 0.000444444444444445 7.40740740740741e-05 7.40740740740741e-05 7.40740740740741e-05 7.40740740740741e-05 0.996074074074074; % K D=0.4
0.188666666666667 0.000444444444444445 0.0886666666666667 0.000444444444444445 0.000444444444444445 0.128666666666667 0.000444444444444445 0.000444444444444445 0.000444444444444445 0.228666666666667 0.158666666666667 0.000444444444444445 0.00266666666666667 0.198666666666667 0.000444444444444445 0.000444444444444445 0.000444444444444445 0.000444444444444445 0.000444444444444445; % N D=0.4
0.000444444444444445 7.40740740740741e-05 0.000444444444444445 7.40740740740741e-05 0.996074074074074 0.000444444444444445 7.40740740740741e-05 7.40740740740741e-05 7.40740740740741e-05 0.000444444444444445 0.000444444444444445 7.40740740740741e-05 0.000444444444444445 0.000444444444444445 7.40740740740741e-05 7.40740740740741e-05 7.40740740740741e-05 7.40740740740741e-05 7.40740740740741e-05; % P D=0.4
0.258666666666667 0.000444444444444445 0.118666666666667 0.000444444444444445 0.000444444444444445 0.00266666666666667 0.000444444444444445 0.000444444444444445 0.000444444444444445 0.148666666666667 0.218666666666667 0.000444444444444445 0.118666666666667 0.128666666666667 0.000444444444444445 0.000444444444444445 0.000444444444444445 0.000444444444444445 0.000444444444444445; % T D=0.4
0.000444444444444445 7.40740740740741e-05 0.000444444444444445 7.40740740740741e-05 7.40740740740741e-05 0.000444444444444445 7.40740740740741e-05 7.40740740740741e-05 7.40740740740741e-05 0.000444444444444445 0.000444444444444445 7.40740740740741e-05 0.000444444444444445 0.000444444444444445 0.996074074074074 7.40740740740741e-05 7.40740740740741e-05 7.40740740740741e-05 7.40740740740741e-05; % V D=0.4
0.000444444444444445 7.40740740740741e-05 0.000444444444444445 7.40740740740741e-05 7.40740740740741e-05 0.000444444444444445 7.40740740740741e-05 7.40740740740741e-05 7.40740740740741e-05 0.000444444444444445 0.000444444444444445 7.40740740740741e-05 0.000444444444444445 0.000444444444444445 7.40740740740741e-05 7.40740740740741e-05 7.40740740740741e-05 0.996074074074074 7.40740740740741e-05; % d D=0.4
0.168666666666667 0.000444444444444445 0.00266666666666667 0.000444444444444445 0.000444444444444445 0.148666666666667 0.000444444444444445 0.000444444444444445 0.000444444444444445 0.158666666666667 0.168666666666667 0.000444444444444445 0.188666666666667 0.158666666666667 0.000444444444444445 0.000444444444444445 0.000444444444444445 0.000444444444444445 0.000444444444444445; % f D=0.4
0.000444444444444445 0.996074074074074 0.000444444444444445 7.40740740740741e-05 7.40740740740741e-05 0.000444444444444445 7.40740740740741e-05 7.40740740740741e-05 7.40740740740741e-05 0.000444444444444445 0.000444444444444445 7.40740740740741e-05 0.000444444444444445 0.000444444444444445 7.40740740740741e-05 7.40740740740741e-05 7.40740740740741e-05 7.40740740740741e-05 7.40740740740741e-05; % g D=0.4
0.000444444444444445 7.40740740740741e-05 0.000444444444444445 7.40740740740741e-05 7.40740740740741e-05 0.000444444444444445 7.40740740740741e-05 7.40740740740741e-05 7.40740740740741e-05 0.000444444444444445 0.000444444444444445 7.40740740740741e-05 0.000444444444444445 0.000444444444444445 7.40740740740741e-05 7.40740740740741e-05 0.996074074074074 7.40740740740741e-05 7.40740740740741e-05; % m D=0.4
0.298666666666667 0.000444444444444445 0.148666666666667 0.000444444444444445 0.000444444444444445 0.138666666666667 0.000444444444444445 0.000444444444444445 0.000444444444444445 0.00266666666666667 0.158666666666667 0.000444444444444445 0.118666666666667 0.128666666666667 0.000444444444444445 0.000444444444444445 0.000444444444444445 0.000444444444444445 0.000444444444444445; % n D=0.4
0.000444444444444445 7.40740740740741e-05 0.000444444444444445 7.40740740740741e-05 7.40740740740741e-05 0.000444444444444445 7.40740740740741e-05 7.40740740740741e-05 7.40740740740741e-05 0.000444444444444445 0.000444444444444445 0.996074074074074 0.000444444444444445 0.000444444444444445 7.40740740740741e-05 7.40740740740741e-05 7.40740740740741e-05 7.40740740740741e-05 7.40740740740741e-05; % r D=0.4
0.000444444444444445 7.40740740740741e-05 0.000444444444444445 7.40740740740741e-05 7.40740740740741e-05 0.000444444444444445 7.40740740740741e-05 0.996074074074074 7.40740740740741e-05 0.000444444444444445 0.000444444444444445 7.40740740740741e-05 0.000444444444444445 0.000444444444444445 7.40740740740741e-05 7.40740740740741e-05 7.40740740740741e-05 7.40740740740741e-05 7.40740740740741e-05; % t D=0.4
0.298666666666667 0.000444444444444445 0.148666666666667 0.000444444444444445 0.000444444444444445 0.0986666666666667 0.000444444444444445 0.000444444444444445 0.000444444444444445 0.138666666666667 0.00266666666666667 0.000444444444444445 0.138666666666667 0.168666666666667 0.000444444444444445 0.000444444444444445 0.000444444444444445 0.000444444444444445 0.000444444444444445; % v D=0.4
0.000444444444444445 7.40740740740741e-05 0.000444444444444445 7.40740740740741e-05 7.40740740740741e-05 0.000444444444444445 7.40740740740741e-05 7.40740740740741e-05 0.996074074074074 0.000444444444444445 0.000444444444444445 7.40740740740741e-05 0.000444444444444445 0.000444444444444445 7.40740740740741e-05 7.40740740740741e-05 7.40740740740741e-05 7.40740740740741e-05 7.40740740740741e-05; % z D=0.4
0.00222222222222222 0.00037037037037037 0.232222222222222 0.00037037037037037 0.00037037037037037 0.212222222222222 0.00037037037037037 0.00037037037037037 0.00037037037037037 0.138888888888889 0.112222222222222 0.00037037037037037 0.158888888888889 0.138888888888889 0.00037037037037037 0.00037037037037037 0.00037037037037037 0.00037037037037037 0.00037037037037037; % $ D=0.5
0.000555555555555556 9.25925925925926e-05 0.000555555555555556 0.995092592592593 9.25925925925926e-05 0.000555555555555556 9.25925925925926e-05 9.25925925925926e-05 9.25925925925926e-05 0.000555555555555556 0.000555555555555556 9.25925925925926e-05 0.000555555555555556 0.000555555555555556 9.25925925925926e-05 9.25925925925926e-05 9.25925925925926e-05 9.25925925925926e-05 9.25925925925926e-05; % B D=0.5
0.000555555555555556 9.25925925925926e-05 0.000555555555555556 9.25925925925926e-05 9.25925925925926e-05 0.000555555555555556 9.25925925925926e-05 9.25925925925926e-05 9.25925925925926e-05 0.000555555555555556 0.000555555555555556 9.25925925925926e-05 0.000555555555555556 0.000555555555555556 9.25925925925926e-05 0.995092592592593 9.25925925925926e-05 9.25925925925926e-05 9.25925925925926e-05; % F D=0.5
0.000555555555555556 9.25925925925926e-05 0.000555555555555556 9.25925925925926e-05 9.25925925925926e-05 0.000555555555555556 0.995092592592593 9.25925925925926e-05 9.25925925925926e-05 0.000555555555555556 0.000555555555555556 9.25925925925926e-05 0.000555555555555556 0.000555555555555556 9.25925925925926e-05 9.25925925925926e-05 9.25925925925926e-05 9.25925925925926e-05 9.25925925925926e-05; % G D=0.5
0.278333333333333 0.000555555555555556 0.138333333333333 0.000555555555555556 0.000555555555555556 0.158333333333333 0.000555555555555556 0.000555555555555556 0.000555555555555556 0.108333333333333 0.118333333333333 0.000555555555555556 0.188333333333333 0.00333333333333333 0.000555555555555556 0.000555555555555556 0.000555555555555556 0.000555555555555556 0.000555555555555556; % J D=0.5
0.000555555555555556 9.25925925925926e-05 0.000555555555555556 9.25925925925926e-05 9.25925925925926e-05 0.000555555555555556 9.25925925925926e-05 9.25925925925926e-05 9.25925925925926e-05 0.000555555555555556 0.000555555555555556 9.25925925925926e-05 0.000555555555555556 0.000555555555555556 9.25925925925926e-05 9.25925925925926e-05 9.25925925925926e-05 9.25925925925926e-05 0.995092592592593; % K D=0.5
0.188333333333333 0.000555555555555556 0.0883333333333333 0.000555555555555556 0.000555555555555556 0.128333333333333 0.000555555555555556 0.000555555555555556 0.000555555555555556 0.228333333333333 0.158333333333333 0.000555555555555556 0.00333333333333333 0.198333333333333 0.000555555555555556 0.000555555555555556 0.000555555555555556 0.000555555555555556 0.000555555555555556; % N D=0.5
0.000555555555555556 9.25925925925926e-05 0.000555555555555556 9.25925925925926e-05 0.995092592592593 0.000555555555555556 9.25925925925926e-05 9.25925925925926e-05 9.25925925925926e-05 0.000555555555555556 0.000555555555555556 9.25925925925926e-05 0.000555555555555556 0.000555555555555556 9.25925925925926e-05 9.25925925925926e-05 9.25925925925926e-05 9.25925925925926e-05 9.25925925925926e-05; % P D=0.5
0.258333333333333 0.000555555555555556 0.118333333333333 0.000555555555555556 0.000555555555555556 0.00333333333333333 0.000555555555555556 0.000555555555555556 0.000555555555555556 0.148333333333333 0.218333333333333 0.000555555555555556 0.118333333333333 0.128333333333333 0.000555555555555556 0.000555555555555556 0.000555555555555556 0.000555555555555556 0.000555555555555556; % T D=0.5
0.000555555555555556 9.25925925925926e-05 0.000555555555555556 9.25925925925926e-05 9.25925925925926e-05 0.000555555555555556 9.25925925925926e-05 9.25925925925926e-05 9.25925925925926e-05 0.000555555555555556 0.000555555555555556 9.25925925925926e-05 0.000555555555555556 0.000555555555555556 0.995092592592593 9.25925925925926e-05 9.25925925925926e-05 9.25925925925926e-05 9.25925925925926e-05; % V D=0.5
0.000555555555555556 9.25925925925926e-05 0.000555555555555556 9.25925925925926e-05 9.25925925925926e-05 0.000555555555555556 9.25925925925926e-05 9.25925925925926e-05 9.25925925925926e-05 0.000555555555555556 0.000555555555555556 9.25925925925926e-05 0.000555555555555556 0.000555555555555556 9.25925925925926e-05 9.25925925925926e-05 9.25925925925926e-05 0.995092592592593 9.25925925925926e-05; % d D=0.5
0.168333333333333 0.000555555555555556 0.00333333333333333 0.000555555555555556 0.000555555555555556 0.148333333333333 0.000555555555555556 0.000555555555555556 0.000555555555555556 0.158333333333333 0.168333333333333 0.000555555555555556 0.188333333333333 0.158333333333333 0.000555555555555556 0.000555555555555556 0.000555555555555556 0.000555555555555556 0.000555555555555556; % f D=0.5
0.000555555555555556 0.995092592592593 0.000555555555555556 9.25925925925926e-05 9.25925925925926e-05 0.000555555555555556 9.25925925925926e-05 9.25925925925926e-05 9.25925925925926e-05 0.000555555555555556 0.000555555555555556 9.25925925925926e-05 0.000555555555555556 0.000555555555555556 9.25925925925926e-05 9.25925925925926e-05 9.25925925925926e-05 9.25925925925926e-05 9.25925925925926e-05; % g D=0.5
0.000555555555555556 9.25925925925926e-05 0.000555555555555556 9.25925925925926e-05 9.25925925925926e-05 0.000555555555555556 9.25925925925926e-05 9.25925925925926e-05 9.25925925925926e-05 0.000555555555555556 0.000555555555555556 9.25925925925926e-05 0.000555555555555556 0.000555555555555556 9.25925925925926e-05 9.25925925925926e-05 0.995092592592593 9.25925925925926e-05 9.25925925925926e-05; % m D=0.5
0.298333333333333 0.000555555555555556 0.148333333333333 0.000555555555555556 0.000555555555555556 0.138333333333333 0.000555555555555556 0.000555555555555556 0.000555555555555556 0.00333333333333333 0.158333333333333 0.000555555555555556 0.118333333333333 0.128333333333333 0.000555555555555556 0.000555555555555556 0.000555555555555556 0.000555555555555556 0.000555555555555556; % n D=0.5
0.000555555555555556 9.25925925925926e-05 0.000555555555555556 9.25925925925926e-05 9.25925925925926e-05 0.000555555555555556 9.25925925925926e-05 9.25925925925926e-05 9.25925925925926e-05 0.000555555555555556 0.000555555555555556 0.995092592592593 0.000555555555555556 0.000555555555555556 9.25925925925926e-05 9.25925925925926e-05 9.25925925925926e-05 9.25925925925926e-05 9.25925925925926e-05; % r D=0.5
0.000555555555555556 9.25925925925926e-05 0.000555555555555556 9.25925925925926e-05 9.25925925925926e-05 0.000555555555555556 9.25925925925926e-05 0.995092592592593 9.25925925925926e-05 0.000555555555555556 0.000555555555555556 9.25925925925926e-05 0.000555555555555556 0.000555555555555556 9.25925925925926e-05 9.25925925925926e-05 9.25925925925926e-05 9.25925925925926e-05 9.25925925925926e-05; % t D=0.5
0.298333333333333 0.000555555555555556 0.148333333333333 0.000555555555555556 0.000555555555555556 0.0983333333333333 0.000555555555555556 0.000555555555555556 0.000555555555555556 0.138333333333333 0.00333333333333333 0.000555555555555556 0.138333333333333 0.168333333333333 0.000555555555555556 0.000555555555555556 0.000555555555555556 0.000555555555555556 0.000555555555555556; % v D=0.5
0.000555555555555556 9.25925925925926e-05 0.000555555555555556 9.25925925925926e-05 9.25925925925926e-05 0.000555555555555556 9.25925925925926e-05 9.25925925925926e-05 0.995092592592593 0.000555555555555556 0.000555555555555556 9.25925925925926e-05 0.000555555555555556 0.000555555555555556 9.25925925925926e-05 9.25925925925926e-05 9.25925925925926e-05 9.25925925925926e-05 9.25925925925926e-05; % z D=0.5
0.00266666666666667 0.000444444444444444 0.232 0.000444444444444444 0.000444444444444444 0.212 0.000444444444444444 0.000444444444444444 0.000444444444444444 0.138666666666667 0.112 0.000444444444444444 0.158666666666667 0.138666666666667 0.000444444444444444 0.000444444444444444 0.000444444444444444 0.000444444444444444 0.000444444444444444; % $ D=0.6
0.000666666666666667 0.000111111111111111 0.000666666666666667 0.994111111111111 0.000111111111111111 0.000666666666666667 0.000111111111111111 0.000111111111111111 0.000111111111111111 0.000666666666666667 0.000666666666666667 0.000111111111111111 0.000666666666666667 0.000666666666666667 0.000111111111111111 0.000111111111111111 0.000111111111111111 0.000111111111111111 0.000111111111111111; % B D=0.6
0.000666666666666667 0.000111111111111111 0.000666666666666667 0.000111111111111111 0.000111111111111111 0.000666666666666667 0.000111111111111111 0.000111111111111111 0.000111111111111111 0.000666666666666667 0.000666666666666667 0.000111111111111111 0.000666666666666667 0.000666666666666667 0.000111111111111111 0.994111111111111 0.000111111111111111 0.000111111111111111 0.000111111111111111; % F D=0.6
0.000666666666666667 0.000111111111111111 0.000666666666666667 0.000111111111111111 0.000111111111111111 0.000666666666666667 0.994111111111111 0.000111111111111111 0.000111111111111111 0.000666666666666667 0.000666666666666667 0.000111111111111111 0.000666666666666667 0.000666666666666667 0.000111111111111111 0.000111111111111111 0.000111111111111111 0.000111111111111111 0.000111111111111111; % G D=0.6
0.278 0.000666666666666667 0.138 0.000666666666666667 0.000666666666666667 0.158 0.000666666666666667 0.000666666666666667 0.000666666666666667 0.108 0.118 0.000666666666666667 0.188 0.004 0.000666666666666667 0.000666666666666667 0.000666666666666667 0.000666666666666667 0.000666666666666667; % J D=0.6
0.000666666666666667 0.000111111111111111 0.000666666666666667 0.000111111111111111 0.000111111111111111 0.000666666666666667 0.000111111111111111 0.000111111111111111 0.000111111111111111 0.000666666666666667 0.000666666666666667 0.000111111111111111 0.000666666666666667 0.000666666666666667 0.000111111111111111 0.000111111111111111 0.000111111111111111 0.000111111111111111 0.994111111111111; % K D=0.6
