syllables = '$BDMNPRfgklm';
discounts = [0.1 0.2 0.3 0.4 0.5 0.6 0.7 0.8 0.9 0.95];
kn_probs = [0.000395061728395062 0.239728395061728 9.87654320987654e-05 9.87654320987654e-05 0.233061728395062 0.173061728395062 9.87654320987654e-05 9.87654320987654e-05 9.87654320987654e-05 0.353061728395062 9.87654320987654e-05 9.87654320987654e-05; % $ D=0.1
9.87654320987654e-05 9.87654320987654e-05 2.46913580246914e-05 2.46913580246914e-05 9.87654320987654e-05 9.87654320987654e-05 2.46913580246914e-05 2.46913580246914e-05 0.999358024691358 9.87654320987654e-05 2.46913580246914e-05 2.46913580246914e-05; % B D=0.1
0.286395061728395 0.239728395061728 9.87654320987654e-05 9.87654320987654e-05 0.000395061728395062 0.299728395061728 9.87654320987654e-05 9.87654320987654e-05 9.87654320987654e-05 0.173061728395062 9.87654320987654e-05 9.87654320987654e-05; % D D=0.1
9.87654320987654e-05 9.87654320987654e-05 2.46913580246914e-05 2.46913580246914e-05 9.87654320987654e-05 9.87654320987654e-05 2.46913580246914e-05 2.46913580246914e-05 2.46913580246914e-05 9.87654320987654e-05 2.46913580246914e-05 0.999358024691358; % M D=0.1
9.87654320987654e-05 9.87654320987654e-05 2.46913580246914e-05 2.46913580246914e-05 9.87654320987654e-05 9.87654320987654e-05 0.999358024691358 2.46913580246914e-05 2.46913580246914e-05 9.87654320987654e-05 2.46913580246914e-05 2.46913580246914e-05; % N D=0.1
9.87654320987654e-05 9.87654320987654e-05 2.46913580246914e-05 2.46913580246914e-05 9.87654320987654e-05 9.87654320987654e-05 2.46913580246914e-05 2.46913580246914e-05 2.46913580246914e-05 9.87654320987654e-05 0.999358024691358 2.46913580246914e-05; % P D=0.1
9.87654320987654e-05 9.87654320987654e-05 0.999358024691358 2.46913580246914e-05 9.87654320987654e-05 9.87654320987654e-05 2.46913580246914e-05 2.46913580246914e-05 2.46913580246914e-05 9.87654320987654e-05 2.46913580246914e-05 2.46913580246914e-05; % R D=0.1
0.299728395061728 0.159728395061728 9.87654320987654e-05 9.87654320987654e-05 0.239728395061728 0.299728395061728 9.87654320987654e-05 9.87654320987654e-05 9.87654320987654e-05 0.000395061728395062 9.87654320987654e-05 9.87654320987654e-05; % f D=0.1
9.87654320987654e-05 9.87654320987654e-05 2.46913580246914e-05 0.999358024691358 9.87654320987654e-05 9.87654320987654e-05 2.46913580246914e-05 2.46913580246914e-05 2.46913580246914e-05 9.87654320987654e-05 2.46913580246914e-05 2.46913580246914e-05; % g D=0.1
9.87654320987654e-05 9.87654320987654e-05 2.46913580246914e-05 2.46913580246914e-05 9.87654320987654e-05 9.87654320987654e-05 2.46913580246914e-05 0.999358024691358 2.46913580246914e-05 9.87654320987654e-05 2.46913580246914e-05 2.46913580246914e-05; % k D=0.1
0.173061728395062 0.359728395061728 9.87654320987654e-05 9.87654320987654e-05 0.246395061728395 0.000395061728395062 9.87654320987654e-05 9.87654320987654e-05 9.87654320987654e-05 0.219728395061728 9.87654320987654e-05 9.87654320987654e-05; % l D=0.1
0.239728395061728 0.000395061728395062 9.87654320987654e-05 9.87654320987654e-05 0.279728395061728 0.226395061728395 9.87654320987654e-05 9.87654320987654e-05 9.87654320987654e-05 0.253061728395062 9.87654320987654e-05 9.87654320987654e-05; % m D=0.1
0.000790123456790124 0.239456790123457 0.000197530864197531 0.000197530864197531 0.23279012345679 0.17279012345679 0.000197530864197531 0.000197530864197531 0.000197530864197531 0.35279012345679 0.000197530864197531 0.000197530864197531; % $ D=0.2
0.000197530864197531 0.000197530864197531 4.93827160493827e-05 4.93827160493827e-05 0.000197530864197531 0.000197530864197531 4.93827160493827e-05 4.93827160493827e-05 0.998716049382716 0.000197530864197531 4.93827160493827e-05 4.93827160493827e-05; % B D=0.2
0.286123456790123 0.239456790123457 0.000197530864197531 0.000197530864197531 0.000790123456790124 0.299456790123457 0.000197530864197531 0.000197530864197531 0.000197530864197531 0.17279012345679 0.000197530864197531 0.000197530864197531; % D D=0.2
0.000197530864197531 0.000197530864197531 4.93827160493827e-05 4.93827160493827e-05 0.000197530864197531 0.000197530864197531 4.93827160493827e-05 4.93827160493827e-05 4.93827160493827e-05 0.000197530864197531 4.93827160493827e-05 0.998716049382716; % M D=0.2
0.000197530864197531 0.000197530864197531 4.93827160493827e-05 4.93827160493827e-05 0.000197530864197531 0.000197530864197531 0.998716049382716 4.93827160493827e-05 4.93827160493827e-05 0.000197530864197531 4.93827160493827e-05 4.93827160493827e-05; % N D=0.2
0.000197530864197531 0.000197530864197531 4.93827160493827e-05 4.93827160493827e-05 0.000197530864197531 0.000197530864197531 4.93827160493827e-05 4.93827160493827e-05 4.93827160493827e-05 0.000197530864197531 0.998716049382716 4.93827160493827e-05; % P D=0.2
0.000197530864197531 0.000197530864197531 0.998716049382716 4.93827160493827e-05 0.000197530864197531 0.000197530864197531 4.93827160493827e-05 4.93827160493827e-05 4.93827160493827e-05 0.000197530864197531 4.93827160493827e-05 4.93827160493827e-05; % R D=0.2
0.299456790123457 0.159456790123457 0.000197530864197531 0.000197530864197531 0.239456790123457 0.299456790123457 0.000197530864197531 0.000197530864197531 0.000197530864197531 0.000790123456790124 0.000197530864197531 0.000197530864197531; % f D=0.2
0.000197530864197531 0.000197530864197531 4.93827160493827e-05 0.998716049382716 0.000197530864197531 0.000197530864197531 4.93827160493827e-05 4.93827160493827e-05 4.93827160493827e-05 0.000197530864197531 4.93827160493827e-05 4.93827160493827e-05; % g D=0.2
0.000197530864197531 0.000197530864197531 4.93827160493827e-05 4.93827160493827e-05 0.000197530864197531 0.000197530864197531 4.93827160493827e-05 0.998716049382716 4.93827160493827e-05 0.000197530864197531 4.93827160493827e-05 4.93827160493827e-05; % k D=0.2
0.17279012345679 0.359456790123457 0.000197530864197531 0.000197530864197531 0.246123456790123 0.000790123456790124 0.000197530864197531 0.000197530864197531 0.000197530864197531 0.219456790123457 0.000197530864197531 0.000197530864197531; % l D=0.2
0.239456790123457 0.000790123456790124 0.000197530864197531 0.000197530864197531 0.279456790123457 0.226123456790123 0.000197530864197531 0.000197530864197531 0.000197530864197531 0.25279012345679 0.000197530864197531 0.000197530864197531; % m D=0.2
0.00118518518518519 0.239185185185185 0.000296296296296296 0.000296296296296296 0.232518518518519 0.172518518518519 0.000296296296296296 0.000296296296296296 0.000296296296296296 0.352518518518519 0.000296296296296296 0.000296296296296296; % $ D=0.3
0.000296296296296296 0.000296296296296296 7.40740740740741e-05 7.40740740740741e-05 0.000296296296296296 0.000296296296296296 7.40740740740741e-05 7.40740740740741e-05 0.998074074074074 0.000296296296296296 7.40740740740741e-05 7.40740740740741e-05; % B D=0.3
0.285851851851852 0.239185185185185 0.000296296296296296 0.000296296296296296 0.00118518518518519 0.299185185185185 0.000296296296296296 0.000296296296296296 0.000296296296296296 0.172518518518519 0.000296296296296296 0.000296296296296296; % D D=0.3
0.000296296296296296 0.000296296296296296 7.40740740740741e-05 7.40740740740741e-05 0.000296296296296296 0.000296296296296296 7.40740740740741e-05 7.40740740740741e-05 7.40740740740741e-05 0.000296296296296296 7.40740740740741e-05 0.998074074074074; % M D=0.3
0.000296296296296296 0.000296296296296296 7.40740740740741e-05 7.40740740740741e-05 0.000296296296296296 0.000296296296296296 0.998074074074074 7.40740740740741e-05 7.40740740740741e-05 0.000296296296296296 7.40740740740741e-05 7.40740740740741e-05; % N D=0.3
0.000296296296296296 0.000296296296296296 7.40740740740741e-05 7.40740740740741e-05 0.000296296296296296 0.000296296296296296 7.40740740740741e-05 7.40740740740741e-05 7.40740740740741e-05 0.000296296296296296 0.998074074074074 7.40740740740741e-05; % P D=0.3
