syllables = '$DFGJLNRflmnrtz';
discounts = [0.1 0.2 0.3 0.4 0.5 0.6 0.7 0.8 0.9 0.95];
kn_probs = [0.000416666666666667 8.33333333333333e-05 0.15975 8.33333333333333e-05 8.33333333333333e-05 0.226416666666667 8.33333333333333e-05 8.33333333333333e-05 0.193083333333333 0.206416666666667 0.213166666666667 8.33333333333333e-05 8.33333333333333e-05 8.33333333333333e-05 8.33333333333333e-05; % $ D=0.1
0.216458333333333 0.000125 0.233125 0.000125 0.000125 0.208125 0.000125 0.000125 0.124791666666667 0.208125 0.00825 0.000125 0.000125 0.000125 0.000125; % D D=0.1
0.000104166666666667 2.08333333333333e-05 0.000104166666666667 2.08333333333333e-05 2.08333333333333e-05 0.000104166666666667 2.08333333333333e-05 2.08333333333333e-05 0.000104166666666667 0.000104166666666667 0.000125 2.08333333333333e-05 0.9991875 2.08333333333333e-05 2.08333333333333e-05; % F D=0.1
0.2996875 0.000104166666666667 0.191354166666667 0.000104166666666667 0.000104166666666667 0.141354166666667 0.000104166666666667 0.000104166666666667 0.000520833333333333 0.183020833333333 0.183125 0.000104166666666667 0.000104166666666667 0.000104166666666667 0.000104166666666667; % G D=0.1
0.1996875 0.000104166666666667 0.241354166666667 0.000104166666666667 0.000104166666666667 0.158020833333333 0.000104166666666667 0.000104166666666667 0.183020833333333 0.000520833333333333 0.216458333333333 0.000104166666666667 0.000104166666666667 0.000104166666666667 0.000104166666666667; % J D=0.1
0.000104166666666667 2.08333333333333e-05 0.000104166666666667 2.08333333333333e-05 2.08333333333333e-05 0.000104166666666667 2.08333333333333e-05 2.08333333333333e-05 0.000104166666666667 0.000104166666666667 0.000125 0.9991875 2.08333333333333e-05 2.08333333333333e-05 2.08333333333333e-05; % L D=0.1
0.000104166666666667 2.08333333333333e-05 0.000104166666666667 0.9991875 2.08333333333333e-05 0.000104166666666667 2.08333333333333e-05 2.08333333333333e-05 0.000104166666666667 0.000104166666666667 0.000125 2.08333333333333e-05 2.08333333333333e-05 2.08333333333333e-05 2.08333333333333e-05; % N D=0.1
0.000104166666666667 2.08333333333333e-05 0.000104166666666667 2.08333333333333e-05 2.08333333333333e-05 0.000104166666666667 0.9991875 2.08333333333333e-05 0.000104166666666667 0.000104166666666667 0.000125 2.08333333333333e-05 2.08333333333333e-05 2.08333333333333e-05 2.08333333333333e-05; % R D=0.1
0.000104166666666667 2.08333333333333e-05 0.000104166666666667 2.08333333333333e-05 2.08333333333333e-05 0.000104166666666667 2.08333333333333e-05 0.9991875 0.000104166666666667 0.000104166666666667 0.000125 2.08333333333333e-05 2.08333333333333e-05 2.08333333333333e-05 2.08333333333333e-05; % f D=0.1
0.000104166666666667 2.08333333333333e-05 0.000104166666666667 2.08333333333333e-05 2.08333333333333e-05 0.000104166666666667 2.08333333333333e-05 2.08333333333333e-05 0.000104166666666667 0.000104166666666667 0.000125 2.08333333333333e-05 2.08333333333333e-05 0.9991875 2.08333333333333e-05; % l D=0.1
0.000104166666666667 0.9991875 0.000104166666666667 2.08333333333333e-05 2.08333333333333e-05 0.000104166666666667 2.08333333333333e-05 2.08333333333333e-05 0.000104166666666667 0.000104166666666667 0.000125 2.08333333333333e-05 2.08333333333333e-05 2.08333333333333e-05 2.08333333333333e-05; % m D=0.1
0.000104166666666667 2.08333333333333e-05 0.000104166666666667 2.08333333333333e-05 2.08333333333333e-05 0.000104166666666667 2.08333333333333e-05 2.08333333333333e-05 0.000104166666666667 0.000104166666666667 0.000125 2.08333333333333e-05 2.08333333333333e-05 2.08333333333333e-05 0.9991875; % n D=0.1
0.258020833333333 0.000104166666666667 0.000520833333333333 0.000104166666666667 0.000104166666666667 0.208020833333333 0.000104166666666667 0.000104166666666667 0.241354166666667 0.133020833333333 0.158125 0.000104166666666667 0.000104166666666667 0.000104166666666667 0.000104166666666667; % r D=0.1
0.000104166666666667 2.08333333333333e-05 0.000104166666666667 2.08333333333333e-05 0.9991875 0.000104166666666667 2.08333333333333e-05 2.08333333333333e-05 0.000104166666666667 0.000104166666666667 0.000125 2.08333333333333e-05 2.08333333333333e-05 2.08333333333333e-05 2.08333333333333e-05; % t D=0.1
0.2746875 0.000104166666666667 0.133020833333333 0.000104166666666667 0.000104166666666667 0.000520833333333333 0.000104166666666667 0.000104166666666667 0.208020833333333 0.216354166666667 0.166458333333333 0.000104166666666667 0.000104166666666667 0.000104166666666667 0.000104166666666667; % z D=0.1
0.000833333333333333 0.000166666666666667 0.1595 0.000166666666666667 0.000166666666666667 0.226166666666667 0.000166666666666667 0.000166666666666667 0.192833333333333 0.206166666666667 0.213 0.000166666666666667 0.000166666666666667 0.000166666666666667 0.000166666666666667; % $ D=0.2
0.21625 0.00025 0.232916666666667 0.00025 0.00025 0.207916666666667 0.00025 0.00025 0.124583333333333 0.207916666666667 0.00816666666666667 0.00025 0.00025 0.00025 0.00025; % D D=0.2
0.000208333333333333 4.16666666666667e-05 0.000208333333333333 4.16666666666667e-05 4.16666666666667e-05 0.000208333333333333 4.16666666666667e-05 4.16666666666667e-05 0.000208333333333333 0.000208333333333333 0.00025 4.16666666666667e-05 0.998375 4.16666666666667e-05 4.16666666666667e-05; % F D=0.2
0.299375 0.000208333333333333 0.191041666666667 0.000208333333333333 0.000208333333333333 0.141041666666667 0.000208333333333333 0.000208333333333333 0.00104166666666667 0.182708333333333 0.182916666666667 0.000208333333333333 0.000208333333333333 0.000208333333333333 0.000208333333333333; % G D=0.2
0.199375 0.000208333333333333 0.241041666666667 0.000208333333333333 0.000208333333333333 0.157708333333333 0.000208333333333333 0.000208333333333333 0.182708333333333 0.00104166666666667 0.21625 0.000208333333333333 0.000208333333333333 0.000208333333333333 0.000208333333333333; % J D=0.2
0.000208333333333333 4.16666666666667e-05 0.000208333333333333 4.16666666666667e-05 4.16666666666667e-05 0.000208333333333333 4.16666666666667e-05 4.16666666666667e-05 0.000208333333333333 0.000208333333333333 0.00025 0.998375 4.16666666666667e-05 4.16666666666667e-05 4.16666666666667e-05; % L D=0.2
0.000208333333333333 4.16666666666667e-05 0.000208333333333333 0.998375 4.16666666666667e-05 0.000208333333333333 4.16666666666667e-05 4.16666666666667e-05 0.000208333333333333 0.000208333333333333 0.00025 4.16666666666667e-05 4.16666666666667e-05 4.16666666666667e-05 4.16666666666667e-05; % N D=0.2
0.000208333333333333 4.16666666666667e-05 0.000208333333333333 4.16666666666667e-05 4.16666666666667e-05 0.000208333333333333 0.998375 4.16666666666667e-05 0.000208333333333333 0.000208333333333333 0.00025 4.16666666666667e-05 4.16666666666667e-05 4.16666666666667e-05 4.16666666666667e-05; % R D=0.2
0.000208333333333333 4.16666666666667e-05 0.000208333333333333 4.16666666666667e-05 4.16666666666667e-05 0.000208333333333333 4.16666666666667e-05 0.998375 0.000208333333333333 0.000208333333333333 0.00025 4.16666666666667e-05 4.16666666666667e-05 4.16666666666667e-05 4.16666666666667e-05; % f D=0.2
0.000208333333333333 4.16666666666667e-05 0.000208333333333333 4.16666666666667e-05 4.16666666666667e-05 0.000208333333333333 4.16666666666667e-05 4.16666666666667e-05 0.000208333333333333 0.000208333333333333 0.00025 4.16666666666667e-05 4.16666666666667e-05 0.998375 4.16666666666667e-05; % l D=0.2
0.000208333333333333 0.998375 0.000208333333333333 4.16666666666667e-05 4.16666666666667e-05 0.000208333333333333 4.16666666666667e-05 4.16666666666667e-05 0.000208333333333333 0.000208333333333333 0.00025 4.16666666666667e-05 4.16666666666667e-05 4.16666666666667e-05 4.16666666666667e-05; % m D=0.2
0.000208333333333333 4.16666666666667e-05 0.000208333333333333 4.16666666666667e-05 4.16666666666667e-05 0.000208333333333333 4.16666666666667e-05 4.16666666666667e-05 0.000208333333333333 0.000208333333333333 0.00025 4.16666666666667e-05 4.16666666666667e-05 4.16666666666667e-05 0.998375; % n D=0.2
