syllables = '$BFGKLPRTZfmnpv';
discounts = [0.1 0.2 0.3 0.4 0.5 0.6 0.7 0.8 0.9 0.95];
kn_probs = [0.000416666666666667 0.2065 8.33333333333333e-05 0.213083333333333 8.33333333333333e-05 8.33333333333333e-05 0.193083333333333 8.33333333333333e-05 8.33333333333333e-05 8.33333333333333e-05 8.33333333333333e-05 0.193083333333333 8.33333333333333e-05 0.193083333333333 8.33333333333333e-05; % $ D=0.1
0.000104166666666667 0.000125 2.08333333333333e-05 0.000104166666666667 2.08333333333333e-05 2.08333333333333e-05 0.000104166666666667 2.08333333333333e-05 2.08333333333333e-05 0.9991875 2.08333333333333e-05 0.000104166666666667 2.08333333333333e-05 0.000104166666666667 2.08333333333333e-05; % B D=0.1
0.000104166666666667 0.000125 2.08333333333333e-05 0.000104166666666667 0.9991875 2.08333333333333e-05 0.000104166666666667 2.08333333333333e-05 2.08333333333333e-05 2.08333333333333e-05 2.08333333333333e-05 0.000104166666666667 2.08333333333333e-05 0.000104166666666667 2.08333333333333e-05; % F D=0.1
0.000104166666666667 0.000125 2.08333333333333e-05 0.000104166666666667 2.08333333333333e-05 2.08333333333333e-05 0.000104166666666667 2.08333333333333e-05 2.08333333333333e-05 2.08333333333333e-05 2.08333333333333e-05 0.000104166666666667 0.9991875 0.000104166666666667 2.08333333333333e-05; % G D=0.1
0.174791666666667 0.0249166666666667 0.000125 0.183125 0.000125 0.000125 0.199791666666667 0.000125 0.000125 0.000125 0.000125 0.208125 0.000125 0.208125 0.000125; % K D=0.1
0.2246875 0.199791666666667 0.000104166666666667 0.191354166666667 0.000104166666666667 0.000104166666666667 0.1746875 0.000104166666666667 0.000104166666666667 0.000104166666666667 0.000104166666666667 0.208020833333333 0.000104166666666667 0.000520833333333333 0.000104166666666667; % L D=0.1
0.000104166666666667 0.000125 2.08333333333333e-05 0.000104166666666667 2.08333333333333e-05 2.08333333333333e-05 0.000104166666666667 2.08333333333333e-05 0.9991875 2.08333333333333e-05 2.08333333333333e-05 0.000104166666666667 2.08333333333333e-05 0.000104166666666667 2.08333333333333e-05; % P D=0.1
0.216354166666667 0.191458333333333 0.000104166666666667 0.158020833333333 0.000104166666666667 0.000104166666666667 0.2246875 0.000104166666666667 0.000104166666666667 0.000104166666666667 0.000104166666666667 0.000520833333333333 0.000104166666666667 0.208020833333333 0.000104166666666667; % R D=0.1
0.000104166666666667 0.000125 2.08333333333333e-05 0.000104166666666667 2.08333333333333e-05 2.08333333333333e-05 0.000104166666666667 2.08333333333333e-05 2.08333333333333e-05 2.08333333333333e-05 2.08333333333333e-05 0.000104166666666667 2.08333333333333e-05 0.000104166666666667 0.9991875; % T D=0.1
0.000104166666666667 0.000125 0.9991875 0.000104166666666667 2.08333333333333e-05 2.08333333333333e-05 0.000104166666666667 2.08333333333333e-05 2.08333333333333e-05 2.08333333333333e-05 2.08333333333333e-05 0.000104166666666667 2.08333333333333e-05 0.000104166666666667 2.08333333333333e-05; % Z D=0.1
0.308020833333333 0.199791666666667 0.000104166666666667 0.000520833333333333 0.000104166666666667 0.000104166666666667 0.158020833333333 0.000104166666666667 0.000104166666666667 0.000104166666666667 0.000104166666666667 0.1746875 0.000104166666666667 0.158020833333333 0.000104166666666667; % f D=0.1
0.000104166666666667 0.000125 2.08333333333333e-05 0.000104166666666667 2.08333333333333e-05 2.08333333333333e-05 0.000104166666666667 0.9991875 2.08333333333333e-05 2.08333333333333e-05 2.08333333333333e-05 0.000104166666666667 2.08333333333333e-05 0.000104166666666667 2.08333333333333e-05; % m D=0.1
0.000104166666666667 0.000125 2.08333333333333e-05 0.000104166666666667 2.08333333333333e-05 2.08333333333333e-05 0.000104166666666667 2.08333333333333e-05 2.08333333333333e-05 2.08333333333333e-05 0.9991875 0.000104166666666667 2.08333333333333e-05 0.000104166666666667 2.08333333333333e-05; % n D=0.1
0.000104166666666667 0.000125 2.08333333333333e-05 0.000104166666666667 2.08333333333333e-05 0.9991875 0.000104166666666667 2.08333333333333e-05 2.08333333333333e-05 2.08333333333333e-05 2.08333333333333e-05 0.000104166666666667 2.08333333333333e-05 0.000104166666666667 2.08333333333333e-05; % p D=0.1
0.3246875 0.124791666666667 0.000104166666666667 0.1996875 0.000104166666666667 0.000104166666666667 0.000520833333333333 0.000104166666666667 0.000104166666666667 0.000104166666666667 0.000104166666666667 0.166354166666667 0.000104166666666667 0.183020833333333 0.000104166666666667; % v D=0.1
0.000833333333333333 0.206333333333333 0.000166666666666667 0.212833333333333 0.000166666666666667 0.000166666666666667 0.192833333333333 0.000166666666666667 0.000166666666666667 0.000166666666666667 0.000166666666666667 0.192833333333333 0.000166666666666667 0.192833333333333 0.000166666666666667; % $ D=0.2
0.000208333333333333 0.00025 4.16666666666667e-05 0.000208333333333333 4.16666666666667e-05 4.16666666666667e-05 0.000208333333333333 4.16666666666667e-05 4.16666666666667e-05 0.998375 4.16666666666667e-05 0.000208333333333333 4.16666666666667e-05 0.000208333333333333 4.16666666666667e-05; % B D=0.2
0.000208333333333333 0.00025 4.16666666666667e-05 0.000208333333333333 0.998375 4.16666666666667e-05 0.000208333333333333 4.16666666666667e-05 4.16666666666667e-05 4.16666666666667e-05 4.16666666666667e-05 0.000208333333333333 4.16666666666667e-05 0.000208333333333333 4.16666666666667e-05; % F D=0.2
0.000208333333333333 0.00025 4.16666666666667e-05 0.000208333333333333 4.16666666666667e-05 4.16666666666667e-05 0.000208333333333333 4.16666666666667e-05 4.16666666666667e-05 4.16666666666667e-05 4.16666666666667e-05 0.000208333333333333 0.998375 0.000208333333333333 4.16666666666667e-05; % G D=0.2
0.174583333333333 0.0248333333333333 0.00025 0.182916666666667 0.00025 0.00025 0.199583333333333 0.00025 0.00025 0.00025 0.00025 0.207916666666667 0.00025 0.207916666666667 0.00025; % K D=0.2
0.224375 0.199583333333333 0.000208333333333333 0.191041666666667 0.000208333333333333 0.000208333333333333 0.174375 0.000208333333333333 0.000208333333333333 0.000208333333333333 0.000208333333333333 0.207708333333333 0.000208333333333333 0.00104166666666667 0.000208333333333333; % L D=0.2
0.000208333333333333 0.00025 4.16666666666667e-05 0.000208333333333333 4.16666666666667e-05 4.16666666666667e-05 0.000208333333333333 4.16666666666667e-05 0.998375 4.16666666666667e-05 4.16666666666667e-05 0.000208333333333333 4.16666666666667e-05 0.000208333333333333 4.16666666666667e-05; % P D=0.2
0.216041666666667 0.19125 0.000208333333333333 0.157708333333333 0.000208333333333333 0.000208333333333333 0.224375 0.000208333333333333 0.000208333333333333 0.000208333333333333 0.000208333333333333 0.00104166666666667 0.000208333333333333 0.207708333333333 0.000208333333333333; % R D=0.2
0.000208333333333333 0.00025 4.16666666666667e-05 0.000208333333333333 4.16666666666667e-05 4.16666666666667e-05 0.000208333333333333 4.16666666666667e-05 4.16666666666667e-05 4.16666666666667e-05 4.16666666666667e-05 0.000208333333333333 4.16666666666667e-05 0.000208333333333333 0.998375; % T D=0.2
0.000208333333333333 0.00025 0.998375 0.000208333333333333 4.16666666666667e-05 4.16666666666667e-05 0.000208333333333333 4.16666666666667e-05 4.16666666666667e-05 4.16666666666667e-05 4.16666666666667e-05 0.000208333333333333 4.16666666666667e-05 0.000208333333333333 4.16666666666667e-05; % Z D=0.2
0.307708333333333 0.199583333333333 0.000208333333333333 0.00104166666666667 0.000208333333333333 0.000208333333333333 0.157708333333333 0.000208333333333333 0.000208333333333333 0.000208333333333333 0.000208333333333333 0.174375 0.000208333333333333 0.157708333333333 0.000208333333333333; % f D=0.2
0.000208333333333333 0.00025 4.16666666666667e-05 0.000208333333333333 4.16666666666667e-05 4.16666666666667e-05 0.000208333333333333 0.998375 4.16666666666667e-05 4.16666666666667e-05 4.16666666666667e-05 0.000208333333333333 4.16666666666667e-05 0.000208333333333333 4.16666666666667e-05; % m D=0.2
