syllables = '$BMZbflntv';
discounts = [0.1 0.2 0.3 0.4 0.5 0.6 0.7 0.8 0.9 0.95];
kn_probs = [0.000285714285714286 0.313047619047619 0.359714285714286 9.52380952380953e-05 9.52380952380953e-05 9.52380952380953e-05 9.52380952380953e-05 9.52380952380953e-05 9.52380952380953e-05 0.326380952380952; % $ D=0.1
7.14285714285714e-05 9.52380952380952e-05 9.52380952380952e-05 2.38095238095238e-05 2.38095238095238e-05 0.99952380952381 2.38095238095238e-05 2.38095238095238e-05 2.38095238095238e-05 9.52380952380952e-05; % B D=0.1
7.14285714285714e-05 9.52380952380952e-05 9.52380952380952e-05 0.99952380952381 2.38095238095238e-05 2.38095238095238e-05 2.38095238095238e-05 2.38095238095238e-05 2.38095238095238e-05 9.52380952380952e-05; % M D=0.1
0.264785714285714 0.304880952380952 0.154880952380952 9.52380952380952e-05 9.52380952380952e-05 9.52380952380952e-05 9.52380952380952e-05 9.52380952380952e-05 9.52380952380952e-05 0.274880952380952; % Z D=0.1
0.229785714285714 0.229880952380952 0.264880952380952 9.52380952380952e-05 9.52380952380952e-05 9.52380952380952e-05 9.52380952380952e-05 9.52380952380952e-05 9.52380952380952e-05 0.274880952380952; % b D=0.1
7.14285714285714e-05 9.52380952380952e-05 9.52380952380952e-05 2.38095238095238e-05 0.99952380952381 2.38095238095238e-05 2.38095238095238e-05 2.38095238095238e-05 2.38095238095238e-05 9.52380952380952e-05; % f D=0.1
0.254785714285714 0.229880952380952 0.309880952380952 9.52380952380952e-05 9.52380952380952e-05 9.52380952380952e-05 9.52380952380952e-05 9.52380952380952e-05 9.52380952380952e-05 0.204880952380952; % l D=0.1
7.14285714285714e-05 9.52380952380952e-05 9.52380952380952e-05 2.38095238095238e-05 2.38095238095238e-05 2.38095238095238e-05 0.99952380952381 2.38095238095238e-05 2.38095238095238e-05 9.52380952380952e-05; % n D=0.1
7.14285714285714e-05 9.52380952380952e-05 9.52380952380952e-05 2.38095238095238e-05 2.38095238095238e-05 2.38095238095238e-05 2.38095238095238e-05 0.99952380952381 2.38095238095238e-05 9.52380952380952e-05; % t D=0.1
7.14285714285714e-05 9.52380952380952e-05 9.52380952380952e-05 2.38095238095238e-05 2.38095238095238e-05 2.38095238095238e-05 2.38095238095238e-05 2.38095238095238e-05 0.99952380952381 9.52380952380952e-05; % v D=0.1
0.000571428571428571 0.312761904761905 0.359428571428571 0.000190476190476191 0.000190476190476191 0.000190476190476191 0.000190476190476191 0.000190476190476191 0.000190476190476191 0.326095238095238; % $ D=0.2
0.000142857142857143 0.00019047619047619 0.00019047619047619 4.76190476190476e-05 4.76190476190476e-05 0.999047619047619 4.76190476190476e-05 4.76190476190476e-05 4.76190476190476e-05 0.00019047619047619; % B D=0.2
0.000142857142857143 0.00019047619047619 0.00019047619047619 0.999047619047619 4.76190476190476e-05 4.76190476190476e-05 4.76190476190476e-05 4.76190476190476e-05 4.76190476190476e-05 0.00019047619047619; % M D=0.2
0.264571428571429 0.304761904761905 0.154761904761905 0.00019047619047619 0.00019047619047619 0.00019047619047619 0.00019047619047619 0.00019047619047619 0.00019047619047619 0.274761904761905; % Z D=0.2
0.229571428571429 0.229761904761905 0.264761904761905 0.00019047619047619 0.00019047619047619 0.00019047619047619 0.00019047619047619 0.00019047619047619 0.00019047619047619 0.274761904761905; % b D=0.2
0.000142857142857143 0.00019047619047619 0.00019047619047619 4.76190476190476e-05 0.999047619047619 4.76190476190476e-05 4.76190476190476e-05 4.76190476190476e-05 4.76190476190476e-05 0.00019047619047619; % f D=0.2
0.254571428571429 0.229761904761905 0.309761904761905 0.00019047619047619 0.00019047619047619 0.00019047619047619 0.00019047619047619 0.00019047619047619 0.00019047619047619 0.204761904761905; % l D=0.2
0.000142857142857143 0.00019047619047619 0.00019047619047619 4.76190476190476e-05 4.76190476190476e-05 4.76190476190476e-05 0.999047619047619 4.76190476190476e-05 4.76190476190476e-05 0.00019047619047619; % n D=0.2
0.000142857142857143 0.00019047619047619 0.00019047619047619 4.76190476190476e-05 4.76190476190476e-05 4.76190476190476e-05 4.76190476190476e-05 0.999047619047619 4.76190476190476e-05 0.00019047619047619; % t D=0.2
0.000142857142857143 0.00019047619047619 0.00019047619047619 4.76190476190476e-05 4.76190476190476e-05 4.76190476190476e-05 4.76190476190476e-05 4.76190476190476e-05 0.999047619047619 0.00019047619047619; % v D=0.2
0.000857142857142857 0.312476190476191 0.359142857142857 0.000285714285714286 0.000285714285714286 0.000285714285714286 0.000285714285714286 0.000285714285714286 0.000285714285714286 0.325809523809524; % $ D=0.3
0.000214285714285714 0.000285714285714286 0.000285714285714286 7.14285714285714e-05 7.14285714285714e-05 0.998571428571429 7.14285714285714e-05 7.14285714285714e-05 7.14285714285714e-05 0.000285714285714286; % B D=0.3
0.000214285714285714 0.000285714285714286 0.000285714285714286 0.998571428571429 7.14285714285714e-05 7.14285714285714e-05 7.14285714285714e-05 7.14285714285714e-05 7.14285714285714e-05 0.000285714285714286; % M D=0.3
0.264357142857143 0.304642857142857 0.154642857142857 0.000285714285714286 0.000285714285714286 0.000285714285714286 0.000285714285714286 0.000285714285714286 0.000285714285714286 0.274642857142857; % Z D=0.3
0.229357142857143 0.229642857142857 0.264642857142857 0.000285714285714286 0.000285714285714286 0.000285714285714286 0.000285714285714286 0.000285714285714286 0.000285714285714286 0.274642857142857; % b D=0.3
0.000214285714285714 0.000285714285714286 0.000285714285714286 7.14285714285714e-05 0.998571428571429 7.14285714285714e-05 7.14285714285714e-05 7.14285714285714e-05 7.14285714285714e-05 0.000285714285714286; % f D=0.3
0.254357142857143 0.229642857142857 0.309642857142857 0.000285714285714286 0.000285714285714286 0.000285714285714286 0.000285714285714286 0.000285714285714286 0.000285714285714286 0.204642857142857; % l D=0.3
0.000214285714285714 0.000285714285714286 0.000285714285714286 7.14285714285714e-05 7.14285714285714e-05 7.14285714285714e-05 0.998571428571429 7.14285714285714e-05 7.14285714285714e-05 0.000285714285714286; % n D=0.3
0.000214285714285714 0.000285714285714286 0.000285714285714286 7.14285714285714e-05 7.14285714285714e-05 7.14285714285714e-05 7.14285714285714e-05 0.998571428571429 7.14285714285714e-05 0.000285714285714286; % t D=0.3
0.000214285714285714 0.000285714285714286 0.000285714285714286 7.14285714285714e-05 7.14285714285714e-05 7.14285714285714e-05 7.14285714285714e-05 7.14285714285714e-05 0.998571428571429 0.000285714285714286; % v D=0.3
0.00114285714285714 0.312190476190476 0.358857142857143 0.000380952380952381 0.000380952380952381 0.000380952380952381 0.000380952380952381 0.000380952380952381 0.000380952380952381 0.32552380952381; % $ D=0.4
0.000285714285714286 0.000380952380952381 0.000380952380952381 9.52380952380952e-05 9.52380952380952e-05 0.998095238095238 9.52380952380952e-05 9.52380952380952e-05 9.52380952380952e-05 0.000380952380952381; % B D=0.4
0.000285714285714286 0.000380952380952381 0.000380952380952381 0.998095238095238 9.52380952380952e-05 9.52380952380952e-05 9.52380952380952e-05 9.52380952380952e-05 9.52380952380952e-05 0.000380952380952381; % M D=0.4
0.264142857142857 0.30452380952381 0.15452380952381 0.000380952380952381 0.000380952380952381 0.000380952380952381 0.000380952380952381 0.000380952380952381 0.000380952380952381 0.27452380952381; % Z D=0.4
0.229142857142857 0.22952380952381 0.26452380952381 0.000380952380952381 0.000380952380952381 0.000380952380952381 0.000380952380952381 0.000380952380952381 0.000380952380952381 0.27452380952381; % b D=0.4
0.000285714285714286 0.000380952380952381 0.000380952380952381 9.52380952380952e-05 0.998095238095238 9.52380952380952e-05 9.52380952380952e-05 9.52380952380952e-05 9.52380952380952e-05 0.000380952380952381; % f D=0.4
0.254142857142857 0.22952380952381 0.30952380952381 0.000380952380952381 0.000380952380952381 0.000380952380952381 0.000380952380952381 0.000380952380952381 0.000380952380952381 0.20452380952381; % l D=0.4
