syllables = '$DGJLMRTVbdlmpz';
discounts = [0.1 0.2 0.3 0.4 0.5 0.6 0.7 0.8 0.9 0.95];
kn_probs = [0.000416666666666667 8.33333333333333e-05 0.246416666666667 8.33333333333333e-05 8.33333333333333e-05 8.33333333333333e-05 0.173083333333333 0.173083333333333 8.33333333333333e-05 8.33333333333333e-05 8.33333333333333e-05 0.206416666666667 8.33333333333333e-05 8.33333333333333e-05 0.199833333333333; % $ D=0.1
0.000104166666666667 2.08333333333333e-05 0.000104166666666667 2.08333333333333e-05 2.08333333333333e-05 2.08333333333333e-05 0.000104166666666667 0.000104166666666667 0.9991875 2.08333333333333e-05 2.08333333333333e-05 0.000104166666666667 2.08333333333333e-05 2.08333333333333e-05 0.000125; % D D=0.1
0.000104166666666667 2.08333333333333e-05 0.000104166666666667 2.08333333333333e-05 0.9991875 2.08333333333333e-05 0.000104166666666667 0.000104166666666667 2.08333333333333e-05 2.08333333333333e-05 2.08333333333333e-05 0.000104166666666667 2.08333333333333e-05 2.08333333333333e-05 0.000125; % G D=0.1
0.000104166666666667 2.08333333333333e-05 0.000104166666666667 2.08333333333333e-05 2.08333333333333e-05 0.9991875 0.000104166666666667 0.000104166666666667 2.08333333333333e-05 2.08333333333333e-05 2.08333333333333e-05 0.000104166666666667 2.08333333333333e-05 2.08333333333333e-05 0.000125; % J D=0.1
0.000104166666666667 2.08333333333333e-05 0.000104166666666667 2.08333333333333e-05 2.08333333333333e-05 2.08333333333333e-05 0.000104166666666667 0.000104166666666667 2.08333333333333e-05 2.08333333333333e-05 0.9991875 0.000104166666666667 2.08333333333333e-05 2.08333333333333e-05 0.000125; % L D=0.1
0.224791666666667 0.000125 0.174791666666667 0.000125 0.000125 0.000125 0.224791666666667 0.208125 0.000125 0.000125 0.000125 0.158125 0.000125 0.000125 0.00825; % M D=0.1
0.000104166666666667 0.9991875 0.000104166666666667 2.08333333333333e-05 2.08333333333333e-05 2.08333333333333e-05 0.000104166666666667 0.000104166666666667 2.08333333333333e-05 2.08333333333333e-05 2.08333333333333e-05 0.000104166666666667 2.08333333333333e-05 2.08333333333333e-05 0.000125; % R D=0.1
0.000104166666666667 2.08333333333333e-05 0.000104166666666667 2.08333333333333e-05 2.08333333333333e-05 2.08333333333333e-05 0.000104166666666667 0.000104166666666667 2.08333333333333e-05 2.08333333333333e-05 2.08333333333333e-05 0.000104166666666667 2.08333333333333e-05 0.9991875 0.000125; % T D=0.1
0.000104166666666667 2.08333333333333e-05 0.000104166666666667 2.08333333333333e-05 2.08333333333333e-05 2.08333333333333e-05 0.000104166666666667 0.000104166666666667 2.08333333333333e-05 2.08333333333333e-05 2.08333333333333e-05 0.000104166666666667 0.9991875 2.08333333333333e-05 0.000125; % V D=0.1
0.316354166666667 0.000104166666666667 0.166354166666667 0.000104166666666667 0.000104166666666667 0.000104166666666667 0.191354166666667 0.1746875 0.000104166666666667 0.000104166666666667 0.000104166666666667 0.000520833333333333 0.000104166666666667 0.000104166666666667 0.149791666666667; % b D=0.1
0.233020833333333 0.000104166666666667 0.000520833333333333 0.000104166666666667 0.000104166666666667 0.000104166666666667 0.166354166666667 0.208020833333333 0.000104166666666667 0.000104166666666667 0.000104166666666667 0.2246875 0.000104166666666667 0.000104166666666667 0.166458333333333; % d D=0.1
0.000104166666666667 2.08333333333333e-05 0.000104166666666667 2.08333333333333e-05 2.08333333333333e-05 2.08333333333333e-05 0.000104166666666667 0.000104166666666667 2.08333333333333e-05 0.9991875 2.08333333333333e-05 0.000104166666666667 2.08333333333333e-05 2.08333333333333e-05 0.000125; % l D=0.1
0.308020833333333 0.000104166666666667 0.141354166666667 0.000104166666666667 0.000104166666666667 0.000104166666666667 0.000520833333333333 0.191354166666667 0.000104166666666667 0.000104166666666667 0.000104166666666667 0.158020833333333 0.000104166666666667 0.000104166666666667 0.199791666666667; % m D=0.1
0.166354166666667 0.000104166666666667 0.208020833333333 0.000104166666666667 0.000104166666666667 0.000104166666666667 0.1996875 0.000520833333333333 0.000104166666666667 0.000104166666666667 0.000104166666666667 0.1996875 0.000104166666666667 0.000104166666666667 0.224791666666667; % p D=0.1
0.000104166666666667 2.08333333333333e-05 0.000104166666666667 0.9991875 2.08333333333333e-05 2.08333333333333e-05 0.000104166666666667 0.000104166666666667 2.08333333333333e-05 2.08333333333333e-05 2.08333333333333e-05 0.000104166666666667 2.08333333333333e-05 2.08333333333333e-05 0.000125; % z D=0.1
0.000833333333333333 0.000166666666666667 0.246166666666667 0.000166666666666667 0.000166666666666667 0.000166666666666667 0.172833333333333 0.172833333333333 0.000166666666666667 0.000166666666666667 0.000166666666666667 0.206166666666667 0.000166666666666667 0.000166666666666667 0.199666666666667; % $ D=0.2
0.000208333333333333 4.16666666666667e-05 0.000208333333333333 4.16666666666667e-05 4.16666666666667e-05 4.16666666666667e-05 0.000208333333333333 0.000208333333333333 0.998375 4.16666666666667e-05 4.16666666666667e-05 0.000208333333333333 4.16666666666667e-05 4.16666666666667e-05 0.00025; % D D=0.2
0.000208333333333333 4.16666666666667e-05 0.000208333333333333 4.16666666666667e-05 0.998375 4.16666666666667e-05 0.000208333333333333 0.000208333333333333 4.16666666666667e-05 4.16666666666667e-05 4.16666666666667e-05 0.000208333333333333 4.16666666666667e-05 4.16666666666667e-05 0.00025; % G D=0.2
0.000208333333333333 4.16666666666667e-05 0.000208333333333333 4.16666666666667e-05 4.16666666666667e-05 0.998375 0.000208333333333333 0.000208333333333333 4.16666666666667e-05 4.16666666666667e-05 4.16666666666667e-05 0.000208333333333333 4.16666666666667e-05 4.16666666666667e-05 0.00025; % J D=0.2
0.000208333333333333 4.16666666666667e-05 0.000208333333333333 4.16666666666667e-05 4.16666666666667e-05 4.16666666666667e-05 0.000208333333333333 0.000208333333333333 4.16666666666667e-05 4.16666666666667e-05 0.998375 0.000208333333333333 4.16666666666667e-05 4.16666666666667e-05 0.00025; % L D=0.2
0.224583333333333 0.00025 0.174583333333333 0.00025 0.00025 0.00025 0.224583333333333 0.207916666666667 0.00025 0.00025 0.00025 0.157916666666667 0.00025 0.00025 0.00816666666666667; % M D=0.2
0.000208333333333333 0.998375 0.000208333333333333 4.16666666666667e-05 4.16666666666667e-05 4.16666666666667e-05 0.000208333333333333 0.000208333333333333 4.16666666666667e-05 4.16666666666667e-05 4.16666666666667e-05 0.000208333333333333 4.16666666666667e-05 4.16666666666667e-05 0.00025; % R D=0.2
0.000208333333333333 4.16666666666667e-05 0.000208333333333333 4.16666666666667e-05 4.16666666666667e-05 4.16666666666667e-05 0.000208333333333333 0.000208333333333333 4.16666666666667e-05 4.16666666666667e-05 4.16666666666667e-05 0.000208333333333333 4.16666666666667e-05 0.998375 0.00025; % T D=0.2
0.000208333333333333 4.16666666666667e-05 0.000208333333333333 4.16666666666667e-05 4.16666666666667e-05 4.16666666666667e-05 0.000208333333333333 0.000208333333333333 4.16666666666667e-05 4.16666666666667e-05 4.16666666666667e-05 0.000208333333333333 0.998375 4.16666666666667e-05 0.00025; % V D=0.2
0.316041666666667 0.000208333333333333 0.166041666666667 0.000208333333333333 0.000208333333333333 0.000208333333333333 0.191041666666667 0.174375 0.000208333333333333 0.000208333333333333 0.000208333333333333 0.00104166666666667 0.000208333333333333 0.000208333333333333 0.149583333333333; % b D=0.2
0.232708333333333 0.000208333333333333 0.00104166666666667 0.000208333333333333 0.000208333333333333 0.000208333333333333 0.166041666666667 0.207708333333333 0.000208333333333333 0.000208333333333333 0.000208333333333333 0.224375 0.000208333333333333 0.000208333333333333 0.16625; % d D=0.2
