syllables = '$NRVklmntv';
discounts = [0.1 0.2 0.3 0.4 0.5 0.6 0.7 0.8 0.9 0.95];
kn_probs = [0.000285714285714286 9.52380952380953e-05 9.52380952380953e-05 9.52380952380953e-05 0.279714285714286 9.52380952380953e-05 9.52380952380953e-05 0.386380952380952 9.52380952380953e-05 0.333047619047619; % $ D=0.1
0.194785714285714 9.52380952380952e-05 9.52380952380952e-05 9.52380952380952e-05 0.299880952380952 9.52380952380952e-05 9.52380952380952e-05 0.249880952380952 9.52380952380952e-05 0.254880952380952; % N D=0.1
7.14285714285714e-05 2.38095238095238e-05 2.38095238095238e-05 2.38095238095238e-05 9.52380952380952e-05 2.38095238095238e-05 2.38095238095238e-05 9.52380952380952e-05 0.99952380952381 9.52380952380952e-05; % R D=0.1
7.14285714285714e-05 2.38095238095238e-05 0.99952380952381 2.38095238095238e-05 9.52380952380952e-05 2.38095238095238e-05 2.38095238095238e-05 9.52380952380952e-05 2.38095238095238e-05 9.52380952380952e-05; % V D=0.1
7.14285714285714e-05 2.38095238095238e-05 2.38095238095238e-05 2.38095238095238e-05 9.52380952380952e-05 2.38095238095238e-05 0.99952380952381 9.52380952380952e-05 2.38095238095238e-05 9.52380952380952e-05; % k D=0.1
0.289785714285714 9.52380952380952e-05 9.52380952380952e-05 9.52380952380952e-05 0.219880952380952 9.52380952380952e-05 9.52380952380952e-05 0.204880952380952 9.52380952380952e-05 0.284880952380952; % l D=0.1
7.14285714285714e-05 2.38095238095238e-05 2.38095238095238e-05 2.38095238095238e-05 9.52380952380952e-05 0.99952380952381 2.38095238095238e-05 9.52380952380952e-05 2.38095238095238e-05 9.52380952380952e-05; % m D=0.1
7.14285714285714e-05 0.99952380952381 2.38095238095238e-05 2.38095238095238e-05 9.52380952380952e-05 2.38095238095238e-05 2.38095238095238e-05 9.52380952380952e-05 2.38095238095238e-05 9.52380952380952e-05; % n D=0.1
0.264785714285714 9.52380952380952e-05 9.52380952380952e-05 9.52380952380952e-05 0.269880952380952 9.52380952380952e-05 9.52380952380952e-05 0.254880952380952 9.52380952380952e-05 0.209880952380952; % t D=0.1
7.14285714285714e-05 2.38095238095238e-05 2.38095238095238e-05 0.99952380952381 9.52380952380952e-05 2.38095238095238e-05 2.38095238095238e-05 9.52380952380952e-05 2.38095238095238e-05 9.52380952380952e-05; % v D=0.1
0.000571428571428571 0.000190476190476191 0.000190476190476191 0.000190476190476191 0.279428571428571 0.000190476190476191 0.000190476190476191 0.386095238095238 0.000190476190476191 0.332761904761905; % $ D=0.2
0.194571428571429 0.00019047619047619 0.00019047619047619 0.00019047619047619 0.299761904761905 0.00019047619047619 0.00019047619047619 0.249761904761905 0.00019047619047619 0.254761904761905; % N D=0.2
0.000142857142857143 4.76190476190476e-05 4.76190476190476e-05 4.76190476190476e-05 0.00019047619047619 4.76190476190476e-05 4.76190476190476e-05 0.00019047619047619 0.999047619047619 0.00019047619047619; % R D=0.2
0.000142857142857143 4.76190476190476e-05 0.999047619047619 4.76190476190476e-05 0.00019047619047619 4.76190476190476e-05 4.76190476190476e-05 0.00019047619047619 4.76190476190476e-05 0.00019047619047619; % V D=0.2
0.000142857142857143 4.76190476190476e-05 4.76190476190476e-05 4.76190476190476e-05 0.00019047619047619 4.76190476190476e-05 0.999047619047619 0.00019047619047619 4.76190476190476e-05 0.00019047619047619; % k D=0.2
0.289571428571429 0.00019047619047619 0.00019047619047619 0.00019047619047619 0.219761904761905 0.00019047619047619 0.00019047619047619 0.204761904761905 0.00019047619047619 0.284761904761905; % l D=0.2
0.000142857142857143 4.76190476190476e-05 4.76190476190476e-05 4.76190476190476e-05 0.00019047619047619 0.999047619047619 4.76190476190476e-05 0.00019047619047619 4.76190476190476e-05 0.00019047619047619; % m D=0.2
0.000142857142857143 0.999047619047619 4.76190476190476e-05 4.76190476190476e-05 0.00019047619047619 4.76190476190476e-05 4.76190476190476e-05 0.00019047619047619 4.76190476190476e-05 0.00019047619047619; % n D=0.2
0.264571428571429 0.00019047619047619 0.00019047619047619 0.00019047619047619 0.269761904761905 0.00019047619047619 0.00019047619047619 0.254761904761905 0.00019047619047619 0.209761904761905; % t D=0.2
0.000142857142857143 4.76190476190476e-05 4.76190476190476e-05 0.999047619047619 0.00019047619047619 4.76190476190476e-05 4.76190476190476e-05 0.00019047619047619 4.76190476190476e-05 0.00019047619047619; % v D=0.2
0.000857142857142857 0.000285714285714286 0.000285714285714286 0.000285714285714286 0.279142857142857 0.000285714285714286 0.000285714285714286 0.385809523809524 0.000285714285714286 0.332476190476191; % $ D=0.3
0.194357142857143 0.000285714285714286 0.000285714285714286 0.000285714285714286 0.299642857142857 0.000285714285714286 0.000285714285714286 0.249642857142857 0.000285714285714286 0.254642857142857; % N D=0.3
0.000214285714285714 7.14285714285714e-05 7.14285714285714e-05 7.14285714285714e-05 0.000285714285714286 7.14285714285714e-05 7.14285714285714e-05 0.000285714285714286 0.998571428571429 0.000285714285714286; % R D=0.3
0.000214285714285714 7.14285714285714e-05 0.998571428571429 7.14285714285714e-05 0.000285714285714286 7.14285714285714e-05 7.14285714285714e-05 0.000285714285714286 7.14285714285714e-05 0.000285714285714286; % V D=0.3
0.000214285714285714 7.14285714285714e-05 7.14285714285714e-05 7.14285714285714e-05 0.000285714285714286 7.14285714285714e-05 0.998571428571429 0.000285714285714286 7.14285714285714e-05 0.000285714285714286; % k D=0.3
0.289357142857143 0.000285714285714286 0.000285714285714286 0.000285714285714286 0.219642857142857 0.000285714285714286 0.000285714285714286 0.204642857142857 0.000285714285714286 0.284642857142857; % l D=0.3
0.000214285714285714 7.14285714285714e-05 7.14285714285714e-05 7.14285714285714e-05 0.000285714285714286 0.998571428571429 7.14285714285714e-05 0.000285714285714286 7.14285714285714e-05 0.000285714285714286; % m D=0.3
0.000214285714285714 0.998571428571429 7.14285714285714e-05 7.14285714285714e-05 0.000285714285714286 7.14285714285714e-05 7.14285714285714e-05 0.000285714285714286 7.14285714285714e-05 0.000285714285714286; % n D=0.3
0.264357142857143 0.000285714285714286 0.000285714285714286 0.000285714285714286 0.269642857142857 0.000285714285714286 0.000285714285714286 0.254642857142857 0.000285714285714286 0.209642857142857; % t D=0.3
0.000214285714285714 7.14285714285714e-05 7.14285714285714e-05 0.998571428571429 0.000285714285714286 7.14285714285714e-05 7.14285714285714e-05 0.000285714285714286 7.14285714285714e-05 0.000285714285714286; % v D=0.3
0.00114285714285714 0.000380952380952381 0.000380952380952381 0.000380952380952381 0.278857142857143 0.000380952380952381 0.000380952380952381 0.38552380952381 0.000380952380952381 0.332190476190476; % $ D=0.4
0.194142857142857 0.000380952380952381 0.000380952380952381 0.000380952380952381 0.29952380952381 0.000380952380952381 0.000380952380952381 0.24952380952381 0.000380952380952381 0.25452380952381; % N D=0.4
0.000285714285714286 9.52380952380952e-05 9.52380952380952e-05 9.52380952380952e-05 0.000380952380952381 9.52380952380952e-05 9.52380952380952e-05 0.000380952380952381 0.998095238095238 0.000380952380952381; % R D=0.4
0.000285714285714286 9.52380952380952e-05 0.998095238095238 9.52380952380952e-05 0.000380952380952381 9.52380952380952e-05 9.52380952380952e-05 0.000380952380952381 9.52380952380952e-05 0.000380952380952381; % V D=0.4
0.000285714285714286 9.52380952380952e-05 9.52380952380952e-05 9.52380952380952e-05 0.000380952380952381 9.52380952380952e-05 0.998095238095238 0.000380952380952381 9.52380952380952e-05 0.000380952380952381; % k D=0.4
0.289142857142857 0.000380952380952381 0.000380952380952381 0.000380952380952381 0.21952380952381 0.000380952380952381 0.000380952380952381 0.20452380952381 0.000380952380952381 0.28452380952381; % l D=0.4
0.000285714285714286 9.52380952380952e-05 9.52380952380952e-05 9.52380952380952e-05 0.000380952380952381 0.998095238095238 9.52380952380952e-05 0.000380952380952381 9.52380952380952e-05 0.000380952380952381; % m D=0.4
