syllables = '$DFGJMRZfgmnrvz';
discounts = [0.1 0.2 0.3 0.4 0.5 0.6 0.7 0.8 0.9 0.95];
kn_probs = [0.000416666666666667 8.33333333333333e-05 8.33333333333333e-05 0.19975 0.193083333333333 0.17975 0.173083333333333 8.33333333333333e-05 8.33333333333333e-05 0.253166666666667 8.33333333333333e-05 8.33333333333333e-05 8.33333333333333e-05 8.33333333333333e-05 8.33333333333333e-05; % $ D=0.1
0.000104166666666667 2.08333333333333e-05 2.08333333333333e-05 0.000104166666666667 0.000104166666666667 0.000104166666666667 0.000104166666666667 2.08333333333333e-05 2.08333333333333e-05 0.000125 0.9991875 2.08333333333333e-05 2.08333333333333e-05 2.08333333333333e-05 2.08333333333333e-05; % D D=0.1
0.000104166666666667 2.08333333333333e-05 2.08333333333333e-05 0.000104166666666667 0.000104166666666667 0.000104166666666667 0.000104166666666667 2.08333333333333e-05 2.08333333333333e-05 0.000125 2.08333333333333e-05 2.08333333333333e-05 2.08333333333333e-05 2.08333333333333e-05 0.9991875; % F D=0.1
0.000104166666666667 2.08333333333333e-05 2.08333333333333e-05 0.000104166666666667 0.000104166666666667 0.000104166666666667 0.000104166666666667 2.08333333333333e-05 2.08333333333333e-05 0.000125 2.08333333333333e-05 2.08333333333333e-05 2.08333333333333e-05 0.9991875 2.08333333333333e-05; % G D=0.1
0.000104166666666667 2.08333333333333e-05 0.9991875 0.000104166666666667 0.000104166666666667 0.000104166666666667 0.000104166666666667 2.08333333333333e-05 2.08333333333333e-05 0.000125 2.08333333333333e-05 2.08333333333333e-05 2.08333333333333e-05 2.08333333333333e-05 2.08333333333333e-05; % J D=0.1
0.000104166666666667 2.08333333333333e-05 2.08333333333333e-05 0.000104166666666667 0.000104166666666667 0.000104166666666667 0.000104166666666667 2.08333333333333e-05 2.08333333333333e-05 0.000125 2.08333333333333e-05 2.08333333333333e-05 0.9991875 2.08333333333333e-05 2.08333333333333e-05; % M D=0.1
0.000104166666666667 2.08333333333333e-05 2.08333333333333e-05 0.000104166666666667 0.000104166666666667 0.000104166666666667 0.000104166666666667 2.08333333333333e-05 2.08333333333333e-05 0.000125 2.08333333333333e-05 0.9991875 2.08333333333333e-05 2.08333333333333e-05 2.08333333333333e-05; % R D=0.1
0.000104166666666667 0.9991875 2.08333333333333e-05 0.000104166666666667 0.000104166666666667 0.000104166666666667 0.000104166666666667 2.08333333333333e-05 2.08333333333333e-05 0.000125 2.08333333333333e-05 2.08333333333333e-05 2.08333333333333e-05 2.08333333333333e-05 2.08333333333333e-05; % Z D=0.1
0.233020833333333 0.000104166666666667 0.000104166666666667 0.000520833333333333 0.158020833333333 0.191354166666667 0.1996875 0.000104166666666667 0.000104166666666667 0.216458333333333 0.000104166666666667 0.000104166666666667 0.000104166666666667 0.000104166666666667 0.000104166666666667; % f D=0.1
0.000104166666666667 2.08333333333333e-05 2.08333333333333e-05 0.000104166666666667 0.000104166666666667 0.000104166666666667 0.000104166666666667 0.9991875 2.08333333333333e-05 0.000125 2.08333333333333e-05 2.08333333333333e-05 2.08333333333333e-05 2.08333333333333e-05 2.08333333333333e-05; % g D=0.1
0.216458333333333 0.000125 0.000125 0.158125 0.174791666666667 0.216458333333333 0.224791666666667 0.000125 0.000125 0.00825 0.000125 0.000125 0.000125 0.000125 0.000125; % m D=0.1
0.241354166666667 0.000104166666666667 0.000104166666666667 0.1496875 0.216354166666667 0.208020833333333 0.000520833333333333 0.000104166666666667 0.000104166666666667 0.183125 0.000104166666666667 0.000104166666666667 0.000104166666666667 0.000104166666666667 0.000104166666666667; % n D=0.1
0.2746875 0.000104166666666667 0.000104166666666667 0.1746875 0.208020833333333 0.000520833333333333 0.1746875 0.000104166666666667 0.000104166666666667 0.166458333333333 0.000104166666666667 0.000104166666666667 0.000104166666666667 0.000104166666666667 0.000104166666666667; % r D=0.1
0.000104166666666667 2.08333333333333e-05 2.08333333333333e-05 0.000104166666666667 0.000104166666666667 0.000104166666666667 0.000104166666666667 2.08333333333333e-05 0.9991875 0.000125 2.08333333333333e-05 2.08333333333333e-05 2.08333333333333e-05 2.08333333333333e-05 2.08333333333333e-05; % v D=0.1
0.283020833333333 0.000104166666666667 0.000104166666666667 0.266354166666667 0.000520833333333333 0.158020833333333 0.183020833333333 0.000104166666666667 0.000104166666666667 0.108125 0.000104166666666667 0.000104166666666667 0.000104166666666667 0.000104166666666667 0.000104166666666667; % z D=0.1
0.000833333333333333 0.000166666666666667 0.000166666666666667 0.1995 0.192833333333333 0.1795 0.172833333333333 0.000166666666666667 0.000166666666666667 0.253 0.000166666666666667 0.000166666666666667 0.000166666666666667 0.000166666666666667 0.000166666666666667; % $ D=0.2
0.000208333333333333 4.16666666666667e-05 4.16666666666667e-05 0.000208333333333333 0.000208333333333333 0.000208333333333333 0.000208333333333333 4.16666666666667e-05 4.16666666666667e-05 0.00025 0.998375 4.16666666666667e-05 4.16666666666667e-05 4.16666666666667e-05 4.16666666666667e-05; % D D=0.2
0.000208333333333333 4.16666666666667e-05 4.16666666666667e-05 0.000208333333333333 0.000208333333333333 0.000208333333333333 0.000208333333333333 4.16666666666667e-05 4.16666666666667e-05 0.00025 4.16666666666667e-05 4.16666666666667e-05 4.16666666666667e-05 4.16666666666667e-05 0.998375; % F D=0.2
0.000208333333333333 4.16666666666667e-05 4.16666666666667e-05 0.000208333333333333 0.000208333333333333 0.000208333333333333 0.000208333333333333 4.16666666666667e-05 4.16666666666667e-05 0.00025 4.16666666666667e-05 4.16666666666667e-05 4.16666666666667e-05 0.998375 4.16666666666667e-05; % G D=0.2
0.000208333333333333 4.16666666666667e-05 0.998375 0.000208333333333333 0.000208333333333333 0.000208333333333333 0.000208333333333333 4.16666666666667e-05 4.16666666666667e-05 0.00025 4.16666666666667e-05 4.16666666666667e-05 4.16666666666667e-05 4.16666666666667e-05 4.16666666666667e-05; % J D=0.2
0.000208333333333333 4.16666666666667e-05 4.16666666666667e-05 0.000208333333333333 0.000208333333333333 0.000208333333333333 0.000208333333333333 4.16666666666667e-05 4.16666666666667e-05 0.00025 4.16666666666667e-05 4.16666666666667e-05 0.998375 4.16666666666667e-05 4.16666666666667e-05; % M D=0.2
0.000208333333333333 4.16666666666667e-05 4.16666666666667e-05 0.000208333333333333 0.000208333333333333 0.000208333333333333 0.000208333333333333 4.16666666666667e-05 4.16666666666667e-05 0.00025 4.16666666666667e-05 0.998375 4.16666666666667e-05 4.16666666666667e-05 4.16666666666667e-05; % R D=0.2
0.000208333333333333 0.998375 4.16666666666667e-05 0.000208333333333333 0.000208333333333333 0.000208333333333333 0.000208333333333333 4.16666666666667e-05 4.16666666666667e-05 0.00025 4.16666666666667e-05 4.16666666666667e-05 4.16666666666667e-05 4.16666666666667e-05 4.16666666666667e-05; % Z D=0.2
0.232708333333333 0.000208333333333333 0.000208333333333333 0.00104166666666667 0.157708333333333 0.191041666666667 0.199375 0.000208333333333333 0.000208333333333333 0.21625 0.000208333333333333 0.000208333333333333 0.000208333333333333 0.000208333333333333 0.000208333333333333; % f D=0.2
0.000208333333333333 4.16666666666667e-05 4.16666666666667e-05 0.000208333333333333 0.000208333333333333 0.000208333333333333 0.000208333333333333 0.998375 4.16666666666667e-05 0.00025 4.16666666666667e-05 4.16666666666667e-05 4.16666666666667e-05 4.16666666666667e-05 4.16666666666667e-05; % g D=0.2
0.21625 0.00025 0.00025 0.157916666666667 0.174583333333333 0.21625 0.224583333333333 0.00025 0.00025 0.00816666666666667 0.00025 0.00025 0.00025 0.00025 0.00025; % m D=0.2
0.241041666666667 0.000208333333333333 0.000208333333333333 0.149375 0.216041666666667 0.207708333333333 0.00104166666666667 0.000208333333333333 0.000208333333333333 0.182916666666667 0.000208333333333333 0.000208333333333333 0.000208333333333333 0.000208333333333333 0.000208333333333333; % n D=0.2
