syllables = '$DJKLMRZbdlmptz';
discounts = [0.1 0.2 0.3 0.4 0.5 0.6 0.7 0.8 0.9 0.95];
kn_probs = [0.000427350427350427 0.173094017094017 8.54700854700855e-05 8.54700854700855e-05 8.54700854700855e-05 0.18642735042735 8.54700854700855e-05 8.54700854700855e-05 8.54700854700855e-05 0.159760683760684 0.233094017094017 0.24642735042735 8.54700854700855e-05 8.54700854700855e-05 8.54700854700855e-05; % $ D=0.1
0.000106837606837607 0.000106837606837607 2.13675213675214e-05 2.13675213675214e-05 2.13675213675214e-05 0.000106837606837607 0.999188034188034 2.13675213675214e-05 2.13675213675214e-05 0.000106837606837607 0.000106837606837607 0.000106837606837607 2.13675213675214e-05 2.13675213675214e-05 2.13675213675214e-05; % D D=0.1
0.183034188034188 0.166367521367521 0.000106837606837607 0.000106837606837607 0.000106837606837607 0.241367521367521 0.000106837606837607 0.000106837606837607 0.000106837606837607 0.000534188034188034 0.199700854700855 0.208034188034188 0.000106837606837607 0.000106837606837607 0.000106837606837607; % J D=0.1
0.224700854700855 0.224700854700855 0.000106837606837607 0.000106837606837607 0.000106837606837607 0.166367521367521 0.000106837606837607 0.000106837606837607 0.000106837606837607 0.233034188034188 0.149700854700855 0.000534188034188034 0.000106837606837607 0.000106837606837607 0.000106837606837607; % K D=0.1
0.000106837606837607 0.000106837606837607 2.13675213675214e-05 0.999188034188034 2.13675213675214e-05 0.000106837606837607 2.13675213675214e-05 2.13675213675214e-05 2.13675213675214e-05 0.000106837606837607 0.000106837606837607 0.000106837606837607 2.13675213675214e-05 2.13675213675214e-05 2.13675213675214e-05; % L D=0.1
0.000106837606837607 0.000106837606837607 2.13675213675214e-05 2.13675213675214e-05 2.13675213675214e-05 0.000106837606837607 2.13675213675214e-05 2.13675213675214e-05 2.13675213675214e-05 0.000106837606837607 0.000106837606837607 0.000106837606837607 0.999188034188034 2.13675213675214e-05 2.13675213675214e-05; % M D=0.1
0.308034188034188 0.000534188034188034 0.000106837606837607 0.000106837606837607 0.000106837606837607 0.166367521367521 0.000106837606837607 0.000106837606837607 0.000106837606837607 0.208034188034188 0.174700854700855 0.141367521367521 0.000106837606837607 0.000106837606837607 0.000106837606837607; % R D=0.1
0.000106837606837607 0.000106837606837607 2.13675213675214e-05 2.13675213675214e-05 2.13675213675214e-05 0.000106837606837607 2.13675213675214e-05 2.13675213675214e-05 0.999188034188034 0.000106837606837607 0.000106837606837607 0.000106837606837607 2.13675213675214e-05 2.13675213675214e-05 2.13675213675214e-05; % Z D=0.1
0.000106837606837607 0.000106837606837607 2.13675213675214e-05 2.13675213675214e-05 2.13675213675214e-05 0.000106837606837607 2.13675213675214e-05 2.13675213675214e-05 2.13675213675214e-05 0.000106837606837607 0.000106837606837607 0.000106837606837607 2.13675213675214e-05 2.13675213675214e-05 0.999188034188034; % b D=0.1
0.000106837606837607 0.000106837606837607 2.13675213675214e-05 2.13675213675214e-05 2.13675213675214e-05 0.000106837606837607 2.13675213675214e-05 2.13675213675214e-05 2.13675213675214e-05 0.000106837606837607 0.000106837606837607 0.000106837606837607 2.13675213675214e-05 0.999188034188034 2.13675213675214e-05; % d D=0.1
0.000106837606837607 0.000106837606837607 2.13675213675214e-05 2.13675213675214e-05 2.13675213675214e-05 0.000106837606837607 2.13675213675214e-05 0.999188034188034 2.13675213675214e-05 0.000106837606837607 0.000106837606837607 0.000106837606837607 2.13675213675214e-05 2.13675213675214e-05 2.13675213675214e-05; % l D=0.1
0.000106837606837607 0.000106837606837607 2.13675213675214e-05 2.13675213675214e-05 0.999188034188034 0.000106837606837607 2.13675213675214e-05 2.13675213675214e-05 2.13675213675214e-05 0.000106837606837607 0.000106837606837607 0.000106837606837607 2.13675213675214e-05 2.13675213675214e-05 2.13675213675214e-05; % m D=0.1
0.249700854700855 0.183034188034188 0.000106837606837607 0.000106837606837607 0.000106837606837607 0.000534188034188034 0.000106837606837607 0.000106837606837607 0.000106837606837607 0.199700854700855 0.183034188034188 0.183034188034188 0.000106837606837607 0.000106837606837607 0.000106837606837607; % p D=0.1
0.000106837606837607 0.000106837606837607 0.999188034188034 2.13675213675214e-05 2.13675213675214e-05 0.000106837606837607 2.13675213675214e-05 2.13675213675214e-05 2.13675213675214e-05 0.000106837606837607 0.000106837606837607 0.000106837606837607 2.13675213675214e-05 2.13675213675214e-05 2.13675213675214e-05; % t D=0.1
0.283034188034188 0.208034188034188 0.000106837606837607 0.000106837606837607 0.000106837606837607 0.191367521367521 0.000106837606837607 0.000106837606837607 0.000106837606837607 0.158034188034188 0.000534188034188034 0.158034188034188 0.000106837606837607 0.000106837606837607 0.000106837606837607; % z D=0.1
0.000854700854700855 0.172854700854701 0.000170940170940171 0.000170940170940171 0.000170940170940171 0.186188034188034 0.000170940170940171 0.000170940170940171 0.000170940170940171 0.159521367521368 0.232854700854701 0.246188034188034 0.000170940170940171 0.000170940170940171 0.000170940170940171; % $ D=0.2
0.000213675213675214 0.000213675213675214 4.27350427350427e-05 4.27350427350427e-05 4.27350427350427e-05 0.000213675213675214 0.998376068376068 4.27350427350427e-05 4.27350427350427e-05 0.000213675213675214 0.000213675213675214 0.000213675213675214 4.27350427350427e-05 4.27350427350427e-05 4.27350427350427e-05; % D D=0.2
0.182735042735043 0.166068376068376 0.000213675213675214 0.000213675213675214 0.000213675213675214 0.241068376068376 0.000213675213675214 0.000213675213675214 0.000213675213675214 0.00106837606837607 0.199401709401709 0.207735042735043 0.000213675213675214 0.000213675213675214 0.000213675213675214; % J D=0.2
0.224401709401709 0.224401709401709 0.000213675213675214 0.000213675213675214 0.000213675213675214 0.166068376068376 0.000213675213675214 0.000213675213675214 0.000213675213675214 0.232735042735043 0.149401709401709 0.00106837606837607 0.000213675213675214 0.000213675213675214 0.000213675213675214; % K D=0.2
0.000213675213675214 0.000213675213675214 4.27350427350427e-05 0.998376068376068 4.27350427350427e-05 0.000213675213675214 4.27350427350427e-05 4.27350427350427e-05 4.27350427350427e-05 0.000213675213675214 0.000213675213675214 0.000213675213675214 4.27350427350427e-05 4.27350427350427e-05 4.27350427350427e-05; % L D=0.2
0.000213675213675214 0.000213675213675214 4.27350427350427e-05 4.27350427350427e-05 4.27350427350427e-05 0.000213675213675214 4.27350427350427e-05 4.27350427350427e-05 4.27350427350427e-05 0.000213675213675214 0.000213675213675214 0.000213675213675214 0.998376068376068 4.27350427350427e-05 4.27350427350427e-05; % M D=0.2
0.307735042735043 0.00106837606837607 0.000213675213675214 0.000213675213675214 0.000213675213675214 0.166068376068376 0.000213675213675214 0.000213675213675214 0.000213675213675214 0.207735042735043 0.174401709401709 0.141068376068376 0.000213675213675214 0.000213675213675214 0.000213675213675214; % R D=0.2
0.000213675213675214 0.000213675213675214 4.27350427350427e-05 4.27350427350427e-05 4.27350427350427e-05 0.000213675213675214 4.27350427350427e-05 4.27350427350427e-05 0.998376068376068 0.000213675213675214 0.000213675213675214 0.000213675213675214 4.27350427350427e-05 4.27350427350427e-05 4.27350427350427e-05; % Z D=0.2
0.000213675213675214 0.000213675213675214 4.27350427350427e-05 4.27350427350427e-05 4.27350427350427e-05 0.000213675213675214 4.27350427350427e-05 4.27350427350427e-05 4.27350427350427e-05 0.000213675213675214 0.000213675213675214 0.000213675213675214 4.27350427350427e-05 4.27350427350427e-05 0.998376068376068; % b D=0.2
