syllables = '$GMPRVZbdfgklnprtvz';
discounts = [0.1 0.2 0.3 0.4 0.5 0.6 0.7 0.8 0.9 0.95];
kn_probs = [0.000436363636363636 7.27272727272727e-05 0.159769696969697 7.27272727272727e-05 7.27272727272727e-05 7.27272727272727e-05 0.13310303030303 7.27272727272727e-05 0.173175757575758 7.27272727272727e-05 7.27272727272727e-05 7.27272727272727e-05 0.13310303030303 7.27272727272727e-05 0.206436363636364 7.27272727272727e-05 7.27272727272727e-05 7.27272727272727e-05 0.19310303030303; % $ D=0.1
0.229763636363636 0.000127272727272727 0.139763636363636 0.000127272727272727 0.000127272727272727 0.000127272727272727 0.159763636363636 0.000127272727272727 0.0298909090909091 0.000127272727272727 0.000127272727272727 0.000127272727272727 0.169763636363636 0.000127272727272727 0.109763636363636 0.000127272727272727 0.000127272727272727 0.000127272727272727 0.159763636363636; % G D=0.1
0.000109090909090909 1.81818181818182e-05 0.000109090909090909 1.81818181818182e-05 1.81818181818182e-05 0.999018181818182 0.000109090909090909 1.81818181818182e-05 0.000127272727272727 1.81818181818182e-05 1.81818181818182e-05 1.81818181818182e-05 0.000109090909090909 1.81818181818182e-05 0.000109090909090909 1.81818181818182e-05 1.81818181818182e-05 1.81818181818182e-05 0.000109090909090909; % M D=0.1
0.269654545454545 0.000109090909090909 0.189654545454545 0.000109090909090909 0.000109090909090909 0.000109090909090909 0.209654545454545 0.000109090909090909 0.0697636363636364 0.000109090909090909 0.000109090909090909 0.000109090909090909 0.000654545454545455 0.000109090909090909 0.109654545454545 0.000109090909090909 0.000109090909090909 0.000109090909090909 0.149654545454545; % P D=0.1
0.249654545454545 0.000109090909090909 0.109654545454545 0.000109090909090909 0.000109090909090909 0.000109090909090909 0.149654545454545 0.000109090909090909 0.149763636363636 0.000109090909090909 0.000109090909090909 0.000109090909090909 0.199654545454545 0.000109090909090909 0.000654545454545455 0.000109090909090909 0.000109090909090909 0.000109090909090909 0.139654545454545; % R D=0.1
0.249654545454545 0.000109090909090909 0.000654545454545455 0.000109090909090909 0.000109090909090909 0.000109090909090909 0.139654545454545 0.000109090909090909 0.119763636363636 0.000109090909090909 0.000109090909090909 0.000109090909090909 0.159654545454545 0.000109090909090909 0.169654545454545 0.000109090909090909 0.000109090909090909 0.000109090909090909 0.159654545454545; % V D=0.1
0.000109090909090909 1.81818181818182e-05 0.000109090909090909 1.81818181818182e-05 1.81818181818182e-05 1.81818181818182e-05 0.000109090909090909 1.81818181818182e-05 0.000127272727272727 1.81818181818182e-05 0.999018181818182 1.81818181818182e-05 0.000109090909090909 1.81818181818182e-05 0.000109090909090909 1.81818181818182e-05 1.81818181818182e-05 1.81818181818182e-05 0.000109090909090909; % Z D=0.1
0.000109090909090909 1.81818181818182e-05 0.000109090909090909 1.81818181818182e-05 1.81818181818182e-05 1.81818181818182e-05 0.000109090909090909 1.81818181818182e-05 0.000127272727272727 1.81818181818182e-05 1.81818181818182e-05 1.81818181818182e-05 0.000109090909090909 1.81818181818182e-05 0.000109090909090909 0.999018181818182 1.81818181818182e-05 1.81818181818182e-05 0.000109090909090909; % b D=0.1
0.000109090909090909 1.81818181818182e-05 0.000109090909090909 1.81818181818182e-05 1.81818181818182e-05 1.81818181818182e-05 0.000109090909090909 0.999018181818182 0.000127272727272727 1.81818181818182e-05 1.81818181818182e-05 1.81818181818182e-05 0.000109090909090909 1.81818181818182e-05 0.000109090909090909 1.81818181818182e-05 1.81818181818182e-05 1.81818181818182e-05 0.000109090909090909; % d D=0.1
0.000109090909090909 1.81818181818182e-05 0.000109090909090909 0.999018181818182 1.81818181818182e-05 1.81818181818182e-05 0.000109090909090909 1.81818181818182e-05 0.000127272727272727 1.81818181818182e-05 1.81818181818182e-05 1.81818181818182e-05 0.000109090909090909 1.81818181818182e-05 0.000109090909090909 1.81818181818182e-05 1.81818181818182e-05 1.81818181818182e-05 0.000109090909090909; % f D=0.1
0.219654545454545 0.000109090909090909 0.159654545454545 0.000109090909090909 0.000109090909090909 0.000109090909090909 0.000654545454545455 0.000109090909090909 0.199763636363636 0.000109090909090909 0.000109090909090909 0.000109090909090909 0.189654545454545 0.000109090909090909 0.129654545454545 0.000109090909090909 0.000109090909090909 0.000109090909090909 0.0996545454545455; % g D=0.1
0.000109090909090909 1.81818181818182e-05 0.000109090909090909 1.81818181818182e-05 0.999018181818182 1.81818181818182e-05 0.000109090909090909 1.81818181818182e-05 0.000127272727272727 1.81818181818182e-05 1.81818181818182e-05 1.81818181818182e-05 0.000109090909090909 1.81818181818182e-05 0.000109090909090909 1.81818181818182e-05 1.81818181818182e-05 1.81818181818182e-05 0.000109090909090909; % k D=0.1
0.000109090909090909 1.81818181818182e-05 0.000109090909090909 1.81818181818182e-05 1.81818181818182e-05 1.81818181818182e-05 0.000109090909090909 1.81818181818182e-05 0.000127272727272727 0.999018181818182 1.81818181818182e-05 1.81818181818182e-05 0.000109090909090909 1.81818181818182e-05 0.000109090909090909 1.81818181818182e-05 1.81818181818182e-05 1.81818181818182e-05 0.000109090909090909; % l D=0.1
0.000109090909090909 1.81818181818182e-05 0.000109090909090909 1.81818181818182e-05 1.81818181818182e-05 1.81818181818182e-05 0.000109090909090909 1.81818181818182e-05 0.000127272727272727 1.81818181818182e-05 1.81818181818182e-05 1.81818181818182e-05 0.000109090909090909 1.81818181818182e-05 0.000109090909090909 1.81818181818182e-05 0.999018181818182 1.81818181818182e-05 0.000109090909090909; % n D=0.1
0.000109090909090909 1.81818181818182e-05 0.000109090909090909 1.81818181818182e-05 1.81818181818182e-05 1.81818181818182e-05 0.000109090909090909 1.81818181818182e-05 0.000127272727272727 1.81818181818182e-05 1.81818181818182e-05 0.999018181818182 0.000109090909090909 1.81818181818182e-05 0.000109090909090909 1.81818181818182e-05 1.81818181818182e-05 1.81818181818182e-05 0.000109090909090909; % p D=0.1
0.000109090909090909 0.999018181818182 0.000109090909090909 1.81818181818182e-05 1.81818181818182e-05 1.81818181818182e-05 0.000109090909090909 1.81818181818182e-05 0.000127272727272727 1.81818181818182e-05 1.81818181818182e-05 1.81818181818182e-05 0.000109090909090909 1.81818181818182e-05 0.000109090909090909 1.81818181818182e-05 1.81818181818182e-05 1.81818181818182e-05 0.000109090909090909; % r D=0.1
0.279654545454545 0.000109090909090909 0.159654545454545 0.000109090909090909 0.000109090909090909 0.000109090909090909 0.139654545454545 0.000109090909090909 0.169763636363636 0.000109090909090909 0.000109090909090909 0.000109090909090909 0.0796545454545455 0.000109090909090909 0.169654545454545 0.000109090909090909 0.000109090909090909 0.000109090909090909 0.000654545454545455; % t D=0.1
0.000109090909090909 1.81818181818182e-05 0.000109090909090909 1.81818181818182e-05 1.81818181818182e-05 1.81818181818182e-05 0.000109090909090909 1.81818181818182e-05 0.000127272727272727 1.81818181818182e-05 1.81818181818182e-05 1.81818181818182e-05 0.000109090909090909 0.999018181818182 0.000109090909090909 1.81818181818182e-05 1.81818181818182e-05 1.81818181818182e-05 0.000109090909090909; % v D=0.1
0.000109090909090909 1.81818181818182e-05 0.000109090909090909 1.81818181818182e-05 1.81818181818182e-05 1.81818181818182e-05 0.000109090909090909 1.81818181818182e-05 0.000127272727272727 1.81818181818182e-05 1.81818181818182e-05 1.81818181818182e-05 0.000109090909090909 1.81818181818182e-05 0.000109090909090909 1.81818181818182e-05 1.81818181818182e-05 0.999018181818182 0.000109090909090909; % z D=0.1
