syllables = '$DFGJLMNPVZfgklnpvz';
discounts = [0.1 0.2 0.3 0.4 0.5 0.6 0.7 0.8 0.9 0.95];
kn_probs = [0.000436363636363636 7.27272727272727e-05 7.27272727272727e-05 7.27272727272727e-05 7.27272727272727e-05 0.199769696969697 0.146509090909091 7.27272727272727e-05 7.27272727272727e-05 0.17310303030303 7.27272727272727e-05 7.27272727272727e-05 7.27272727272727e-05 7.27272727272727e-05 0.11310303030303 0.159769696969697 0.206436363636364 7.27272727272727e-05 7.27272727272727e-05; % $ D=0.1
0.219654545454545 0.000109090909090909 0.000109090909090909 0.000109090909090909 0.000109090909090909 0.000654545454545455 0.139763636363636 0.000109090909090909 0.000109090909090909 0.179654545454545 0.000109090909090909 0.000109090909090909 0.000109090909090909 0.000109090909090909 0.149654545454545 0.159654545454545 0.149654545454545 0.000109090909090909 0.000109090909090909; % D D=0.1
0.239654545454545 0.000109090909090909 0.000109090909090909 0.000109090909090909 0.000109090909090909 0.0896545454545455 0.169763636363636 0.000109090909090909 0.000109090909090909 0.159654545454545 0.000109090909090909 0.000109090909090909 0.000109090909090909 0.000109090909090909 0.189654545454545 0.149654545454545 0.000654545454545455 0.000109090909090909 0.000109090909090909; % F D=0.1
0.000109090909090909 1.81818181818182e-05 1.81818181818182e-05 1.81818181818182e-05 1.81818181818182e-05 0.000109090909090909 0.000127272727272727 1.81818181818182e-05 1.81818181818182e-05 0.000109090909090909 0.999018181818182 1.81818181818182e-05 1.81818181818182e-05 1.81818181818182e-05 0.000109090909090909 0.000109090909090909 0.000109090909090909 1.81818181818182e-05 1.81818181818182e-05; % G D=0.1
0.000109090909090909 1.81818181818182e-05 0.999018181818182 1.81818181818182e-05 1.81818181818182e-05 0.000109090909090909 0.000127272727272727 1.81818181818182e-05 1.81818181818182e-05 0.000109090909090909 1.81818181818182e-05 1.81818181818182e-05 1.81818181818182e-05 1.81818181818182e-05 0.000109090909090909 0.000109090909090909 0.000109090909090909 1.81818181818182e-05 1.81818181818182e-05; % J D=0.1
0.000109090909090909 1.81818181818182e-05 1.81818181818182e-05 1.81818181818182e-05 1.81818181818182e-05 0.000109090909090909 0.000127272727272727 1.81818181818182e-05 0.999018181818182 0.000109090909090909 1.81818181818182e-05 1.81818181818182e-05 1.81818181818182e-05 1.81818181818182e-05 0.000109090909090909 0.000109090909090909 0.000109090909090909 1.81818181818182e-05 1.81818181818182e-05; % L D=0.1
0.000109090909090909 1.81818181818182e-05 1.81818181818182e-05 1.81818181818182e-05 1.81818181818182e-05 0.000109090909090909 0.000127272727272727 1.81818181818182e-05 1.81818181818182e-05 0.000109090909090909 1.81818181818182e-05 0.999018181818182 1.81818181818182e-05 1.81818181818182e-05 0.000109090909090909 0.000109090909090909 0.000109090909090909 1.81818181818182e-05 1.81818181818182e-05; % M D=0.1
0.299654545454545 0.000109090909090909 0.000109090909090909 0.000109090909090909 0.000109090909090909 0.139654545454545 0.119763636363636 0.000109090909090909 0.000109090909090909 0.159654545454545 0.000109090909090909 0.000109090909090909 0.000109090909090909 0.000109090909090909 0.159654545454545 0.000654545454545455 0.119654545454545 0.000109090909090909 0.000109090909090909; % N D=0.1
0.000109090909090909 0.999018181818182 1.81818181818182e-05 1.81818181818182e-05 1.81818181818182e-05 0.000109090909090909 0.000127272727272727 1.81818181818182e-05 1.81818181818182e-05 0.000109090909090909 1.81818181818182e-05 1.81818181818182e-05 1.81818181818182e-05 1.81818181818182e-05 0.000109090909090909 0.000109090909090909 0.000109090909090909 1.81818181818182e-05 1.81818181818182e-05; % P D=0.1
0.000109090909090909 1.81818181818182e-05 1.81818181818182e-05 1.81818181818182e-05 1.81818181818182e-05 0.000109090909090909 0.000127272727272727 1.81818181818182e-05 1.81818181818182e-05 0.000109090909090909 1.81818181818182e-05 1.81818181818182e-05 1.81818181818182e-05 0.999018181818182 0.000109090909090909 0.000109090909090909 0.000109090909090909 1.81818181818182e-05 1.81818181818182e-05; % V D=0.1
0.189654545454545 0.000109090909090909 0.000109090909090909 0.000109090909090909 0.000109090909090909 0.189654545454545 0.199763636363636 0.000109090909090909 0.000109090909090909 0.119654545454545 0.000109090909090909 0.000109090909090909 0.000109090909090909 0.000109090909090909 0.000654545454545455 0.109654545454545 0.189654545454545 0.000109090909090909 0.000109090909090909; % Z D=0.1
0.000109090909090909 1.81818181818182e-05 1.81818181818182e-05 1.81818181818182e-05 1.81818181818182e-05 0.000109090909090909 0.000127272727272727 1.81818181818182e-05 1.81818181818182e-05 0.000109090909090909 1.81818181818182e-05 1.81818181818182e-05 1.81818181818182e-05 1.81818181818182e-05 0.000109090909090909 0.000109090909090909 0.000109090909090909 0.999018181818182 1.81818181818182e-05; % f D=0.1
0.000109090909090909 1.81818181818182e-05 1.81818181818182e-05 1.81818181818182e-05 0.999018181818182 0.000109090909090909 0.000127272727272727 1.81818181818182e-05 1.81818181818182e-05 0.000109090909090909 1.81818181818182e-05 1.81818181818182e-05 1.81818181818182e-05 1.81818181818182e-05 0.000109090909090909 0.000109090909090909 0.000109090909090909 1.81818181818182e-05 1.81818181818182e-05; % g D=0.1
0.279654545454545 0.000109090909090909 0.000109090909090909 0.000109090909090909 0.000109090909090909 0.109654545454545 0.139763636363636 0.000109090909090909 0.000109090909090909 0.000654545454545455 0.000109090909090909 0.000109090909090909 0.000109090909090909 0.000109090909090909 0.179654545454545 0.149654545454545 0.139654545454545 0.000109090909090909 0.000109090909090909; % k D=0.1
0.000109090909090909 1.81818181818182e-05 1.81818181818182e-05 0.999018181818182 1.81818181818182e-05 0.000109090909090909 0.000127272727272727 1.81818181818182e-05 1.81818181818182e-05 0.000109090909090909 1.81818181818182e-05 1.81818181818182e-05 1.81818181818182e-05 1.81818181818182e-05 0.000109090909090909 0.000109090909090909 0.000109090909090909 1.81818181818182e-05 1.81818181818182e-05; % l D=0.1
0.000109090909090909 1.81818181818182e-05 1.81818181818182e-05 1.81818181818182e-05 1.81818181818182e-05 0.000109090909090909 0.000127272727272727 0.999018181818182 1.81818181818182e-05 0.000109090909090909 1.81818181818182e-05 1.81818181818182e-05 1.81818181818182e-05 1.81818181818182e-05 0.000109090909090909 0.000109090909090909 0.000109090909090909 1.81818181818182e-05 1.81818181818182e-05; % n D=0.1
0.000109090909090909 1.81818181818182e-05 1.81818181818182e-05 1.81818181818182e-05 1.81818181818182e-05 0.000109090909090909 0.000127272727272727 1.81818181818182e-05 1.81818181818182e-05 0.000109090909090909 1.81818181818182e-05 1.81818181818182e-05 0.999018181818182 1.81818181818182e-05 0.000109090909090909 0.000109090909090909 0.000109090909090909 1.81818181818182e-05 1.81818181818182e-05; % p D=0.1
0.000109090909090909 1.81818181818182e-05 1.81818181818182e-05 1.81818181818182e-05 1.81818181818182e-05 0.000109090909090909 0.000127272727272727 1.81818181818182e-05 1.81818181818182e-05 0.000109090909090909 1.81818181818182e-05 1.81818181818182e-05 1.81818181818182e-05 1.81818181818182e-05 0.000109090909090909 0.000109090909090909 0.000109090909090909 1.81818181818182e-05 0.999018181818182; % v D=0.1
0.269763636363636 0.000127272727272727 0.000127272727272727 0.000127272727272727 0.000127272727272727 0.169763636363636 0.00989090909090909 0.000127272727272727 0.000127272727272727 0.119763636363636 0.000127272727272727 0.000127272727272727 0.000127272727272727 0.000127272727272727 0.149763636363636 0.189763636363636 0.0897636363636364 0.000127272727272727 0.000127272727272727; % z D=0.1
0.000872727272727273 0.000145454545454545 0.000145454545454545 0.000145454545454545 0.000145454545454545 0.199539393939394 0.146351515151515 0.000145454545454545 0.000145454545454545 0.172872727272727 0.000145454545454545 0.000145454545454545 0.000145454545454545 0.000145454545454545 0.112872727272727 0.159539393939394 0.206206060606061 0.000145454545454545 0.000145454545454545; % $ D=0.2
0.219309090909091 0.000218181818181818 0.000218181818181818 0.000218181818181818 0.000218181818181818 0.00130909090909091 0.139527272727273 0.000218181818181818 0.000218181818181818 0.179309090909091 0.000218181818181818 0.000218181818181818 0.000218181818181818 0.000218181818181818 0.149309090909091 0.159309090909091 0.149309090909091 0.000218181818181818 0.000218181818181818; % D D=0.2
0.239309090909091 0.000218181818181818 0.000218181818181818 0.000218181818181818 0.000218181818181818 0.0893090909090909 0.169527272727273 0.000218181818181818 0.000218181818181818 0.159309090909091 0.000218181818181818 0.000218181818181818 0.000218181818181818 0.000218181818181818 0.189309090909091 0.149309090909091 0.00130909090909091 0.000218181818181818 0.000218181818181818; % F D=0.2
0.000218181818181818 3.63636363636364e-05 3.63636363636364e-05 3.63636363636364e-05 3.63636363636364e-05 0.000218181818181818 0.000254545454545455 3.63636363636364e-05 3.63636363636364e-05 0.000218181818181818 0.998036363636364 3.63636363636364e-05 3.63636363636364e-05 3.63636363636364e-05 0.000218181818181818 0.000218181818181818 0.000218181818181818 3.63636363636364e-05 3.63636363636364e-05; % G D=0.2
0.000218181818181818 3.63636363636364e-05 0.998036363636364 3.63636363636364e-05 3.63636363636364e-05 0.000218181818181818 0.000254545454545455 3.63636363636364e-05 3.63636363636364e-05 0.000218181818181818 3.63636363636364e-05 3.63636363636364e-05 3.63636363636364e-05 3.63636363636364e-05 0.000218181818181818 0.000218181818181818 0.000218181818181818 3.63636363636364e-05 3.63636363636364e-05; % J D=0.2
0.000218181818181818 3.63636363636364e-05 3.63636363636364e-05 3.63636363636364e-05 3.63636363636364e-05 0.000218181818181818 0.000254545454545455 3.63636363636364e-05 0.998036363636364 0.000218181818181818 3.63636363636364e-05 3.63636363636364e-05 3.63636363636364e-05 3.63636363636364e-05 0.000218181818181818 0.000218181818181818 0.000218181818181818 3.63636363636364e-05 3.63636363636364e-05; % L D=0.2
0.000218181818181818 3.63636363636364e-05 3.63636363636364e-05 3.63636363636364e-05 3.63636363636364e-05 0.000218181818181818 0.000254545454545455 3.63636363636364e-05 3.63636363636364e-05 0.000218181818181818 3.63636363636364e-05 0.998036363636364 3.63636363636364e-05 3.63636363636364e-05 0.000218181818181818 0.000218181818181818 0.000218181818181818 3.63636363636364e-05 3.63636363636364e-05; % M D=0.2
0.299309090909091 0.000218181818181818 0.000218181818181818 0.000218181818181818 0.000218181818181818 0.139309090909091 0.119527272727273 0.000218181818181818 0.000218181818181818 0.159309090909091 0.000218181818181818 0.000218181818181818 0.000218181818181818 0.000218181818181818 0.159309090909091 0.00130909090909091 0.119309090909091 0.000218181818181818 0.000218181818181818; % N D=0.2
0.000218181818181818 0.998036363636364 3.63636363636364e-05 3.63636363636364e-05 3.63636363636364e-05 0.000218181818181818 0.000254545454545455 3.63636363636364e-05 3.63636363636364e-05 0.000218181818181818 3.63636363636364e-05 3.63636363636364e-05 3.63636363636364e-05 3.63636363636364e-05 0.000218181818181818 0.000218181818181818 0.000218181818181818 3.63636363636364e-05 3.63636363636364e-05; % P D=0.2
0.000218181818181818 3.63636363636364e-05 3.63636363636364e-05 3.63636363636364e-05 3.63636363636364e-05 0.000218181818181818 0.000254545454545455 3.63636363636364e-05 3.63636363636364e-05 0.000218181818181818 3.63636363636364e-05 3.63636363636364e-05 3.63636363636364e-05 0.998036363636364 0.000218181818181818 0.000218181818181818 0.000218181818181818 3.63636363636364e-05 3.63636363636364e-05; % V D=0.2
0.189309090909091 0.000218181818181818 0.000218181818181818 0.000218181818181818 0.000218181818181818 0.189309090909091 0.199527272727273 0.000218181818181818 0.000218181818181818 0.119309090909091 0.000218181818181818 0.000218181818181818 0.000218181818181818 0.000218181818181818 0.00130909090909091 0.109309090909091 0.189309090909091 0.000218181818181818 0.000218181818181818; % Z D=0.2
0.000218181818181818 3.63636363636364e-05 3.63636363636364e-05 3.63636363636364e-05 3.63636363636364e-05 0.000218181818181818 0.000254545454545455 3.63636363636364e-05 3.63636363636364e-05 0.000218181818181818 3.63636363636364e-05 3.63636363636364e-05 3.63636363636364e-05 3.63636363636364e-05 0.000218181818181818 0.000218181818181818 0.000218181818181818 0.998036363636364 3.63636363636364e-05; % f D=0.2
0.000218181818181818 3.63636363636364e-05 3.63636363636364e-05 3.63636363636364e-05 0.998036363636364 0.000218181818181818 0.000254545454545455 3.63636363636364e-05 3.63636363636364e-05 0.000218181818181818 3.63636363636364e-05 3.63636363636364e-05 3.63636363636364e-05 3.63636363636364e-05 0.000218181818181818 0.000218181818181818 0.000218181818181818 3.63636363636364e-05 3.63636363636364e-05; % g D=0.2
0.279309090909091 0.000218181818181818 0.000218181818181818 0.000218181818181818 0.000218181818181818 0.109309090909091 0.139527272727273 0.000218181818181818 0.000218181818181818 0.00130909090909091 0.000218181818181818 0.000218181818181818 0.000218181818181818 0.000218181818181818 0.179309090909091 0.149309090909091 0.139309090909091 0.000218181818181818 0.000218181818181818; % k D=0.2
0.000218181818181818 3.63636363636364e-05 3.63636363636364e-05 0.998036363636364 3.63636363636364e-05 0.000218181818181818 0.000254545454545455 3.63636363636364e-05 3.63636363636364e-05 0.000218181818181818 3.63636363636364e-05 3.63636363636364e-05 3.63636363636364e-05 3.63636363636364e-05 0.000218181818181818 0.000218181818181818 0.000218181818181818 3.63636363636364e-05 3.63636363636364e-05; % l D=0.2
0.000218181818181818 3.63636363636364e-05 3.63636363636364e-05 3.63636363636364e-05 3.63636363636364e-05 0.000218181818181818 0.000254545454545455 0.998036363636364 3.63636363636364e-05 0.000218181818181818 3.63636363636364e-05 3.63636363636364e-05 3.63636363636364e-05 3.63636363636364e-05 0.000218181818181818 0.000218181818181818 0.000218181818181818 3.63636363636364e-05 3.63636363636364e-05; % n D=0.2
0.000218181818181818 3.63636363636364e-05 3.63636363636364e-05 3.63636363636364e-05 3.63636363636364e-05 0.000218181818181818 0.000254545454545455 3.63636363636364e-05 3.63636363636364e-05 0.000218181818181818 3.63636363636364e-05 3.63636363636364e-05 0.998036363636364 3.63636363636364e-05 0.000218181818181818 0.000218181818181818 0.000218181818181818 3.63636363636364e-05 3.63636363636364e-05; % p D=0.2
0.000218181818181818 3.63636363636364e-05 3.63636363636364e-05 3.63636363636364e-05 3.63636363636364e-05 0.000218181818181818 0.000254545454545455 3.63636363636364e-05 3.63636363636364e-05 0.000218181818181818 3.63636363636364e-05 3.63636363636364e-05 3.63636363636364e-05 3.63636363636364e-05 0.000218181818181818 0.000218181818181818 0.000218181818181818 3.63636363636364e-05 0.998036363636364; % v D=0.2
0.269527272727273 0.000254545454545455 0.000254545454545455 0.000254545454545455 0.000254545454545455 0.169527272727273 0.00978181818181818 0.000254545454545455 0.000254545454545455 0.119527272727273 0.000254545454545455 0.000254545454545455 0.000254545454545455 0.000254545454545455 0.149527272727273 0.189527272727273 0.0895272727272727 0.000254545454545455 0.000254545454545455; % z D=0.2
0.00130909090909091 0.000218181818181818 0.000218181818181818 0.000218181818181818 0.000218181818181818 0.199309090909091 0.146193939393939 0.000218181818181818 0.000218181818181818 0.172642424242424 0.000218181818181818 0.000218181818181818 0.000218181818181818 0.000218181818181818 0.112642424242424 0.159309090909091 0.205975757575758 0.000218181818181818 0.000218181818181818; % $ D=0.3
0.218963636363636 0.000327272727272727 0.000327272727272727 0.000327272727272727 0.000327272727272727 0.00196363636363636 0.139290909090909 0.000327272727272727 0.000327272727272727 0.178963636363636 0.000327272727272727 0.000327272727272727 0.000327272727272727 0.000327272727272727 0.148963636363636 0.158963636363636 0.148963636363636 0.000327272727272727 0.000327272727272727; % D D=0.3
0.238963636363636 0.000327272727272727 0.000327272727272727 0.000327272727272727 0.000327272727272727 0.0889636363636364 0.169290909090909 0.000327272727272727 0.000327272727272727 0.158963636363636 0.000327272727272727 0.000327272727272727 0.000327272727272727 0.000327272727272727 0.188963636363636 0.148963636363636 0.00196363636363636 0.000327272727272727 0.000327272727272727; % F D=0.3
0.000327272727272727 5.45454545454545e-05 5.45454545454545e-05 5.45454545454545e-05 5.45454545454545e-05 0.000327272727272727 0.000381818181818182 5.45454545454545e-05 5.45454545454545e-05 0.000327272727272727 0.997054545454545 5.45454545454545e-05 5.45454545454545e-05 5.45454545454545e-05 0.000327272727272727 0.000327272727272727 0.000327272727272727 5.45454545454545e-05 5.45454545454545e-05; % G D=0.3
0.000327272727272727 5.45454545454545e-05 0.997054545454545 5.45454545454545e-05 5.45454545454545e-05 0.000327272727272727 0.000381818181818182 5.45454545454545e-05 5.45454545454545e-05 0.000327272727272727 5.45454545454545e-05 5.45454545454545e-05 5.45454545454545e-05 5.45454545454545e-05 0.000327272727272727 0.000327272727272727 0.000327272727272727 5.45454545454545e-05 5.45454545454545e-05; % J D=0.3
0.000327272727272727 5.45454545454545e-05 5.45454545454545e-05 5.45454545454545e-05 5.45454545454545e-05 0.000327272727272727 0.000381818181818182 5.45454545454545e-05 0.997054545454545 0.000327272727272727 5.45454545454545e-05 5.45454545454545e-05 5.45454545454545e-05 5.45454545454545e-05 0.000327272727272727 0.000327272727272727 0.000327272727272727 5.45454545454545e-05 5.45454545454545e-05; % L D=0.3
0.000327272727272727 5.45454545454545e-05 5.45454545454545e-05 5.45454545454545e-05 5.45454545454545e-05 0.000327272727272727 0.000381818181818182 5.45454545454545e-05 5.45454545454545e-05 0.000327272727272727 5.45454545454545e-05 0.997054545454545 5.45454545454545e-05 5.45454545454545e-05 0.000327272727272727 0.000327272727272727 0.000327272727272727 5.45454545454545e-05 5.45454545454545e-05; % M D=0.3
0.298963636363636 0.000327272727272727 0.000327272727272727 0.000327272727272727 0.000327272727272727 0.138963636363636 0.119290909090909 0.000327272727272727 0.000327272727272727 0.158963636363636 0.000327272727272727 0.000327272727272727 0.000327272727272727 0.000327272727272727 0.158963636363636 0.00196363636363636 0.118963636363636 0.000327272727272727 0.000327272727272727; % N D=0.3
0.000327272727272727 0.997054545454545 5.45454545454545e-05 5.45454545454545e-05 5.45454545454545e-05 0.000327272727272727 0.000381818181818182 5.45454545454545e-05 5.45454545454545e-05 0.000327272727272727 5.45454545454545e-05 5.45454545454545e-05 5.45454545454545e-05 5.45454545454545e-05 0.000327272727272727 0.000327272727272727 0.000327272727272727 5.45454545454545e-05 5.45454545454545e-05; % P D=0.3
0.000327272727272727 5.45454545454545e-05 5.45454545454545e-05 5.45454545454545e-05 5.45454545454545e-05 0.000327272727272727 0.000381818181818182 5.45454545454545e-05 5.45454545454545e-05 0.000327272727272727 5.45454545454545e-05 5.45454545454545e-05 5.45454545454545e-05 0.997054545454545 0.000327272727272727 0.000327272727272727 0.000327272727272727 5.45454545454545e-05 5.45454545454545e-05; % V D=0.3
0.188963636363636 0.000327272727272727 0.000327272727272727 0.000327272727272727 0.000327272727272727 0.188963636363636 0.199290909090909 0.000327272727272727 0.000327272727272727 0.118963636363636 0.000327272727272727 0.000327272727272727 0.000327272727272727 0.000327272727272727 0.00196363636363636 0.108963636363636 0.188963636363636 0.000327272727272727 0.000327272727272727; % Z D=0.3
0.000327272727272727 5.45454545454545e-05 5.45454545454545e-05 5.45454545454545e-05 5.45454545454545e-05 0.000327272727272727 0.000381818181818182 5.45454545454545e-05 5.45454545454545e-05 0.000327272727272727 5.45454545454545e-05 5.45454545454545e-05 5.45454545454545e-05 5.45454545454545e-05 0.000327272727272727 0.000327272727272727 0.000327272727272727 0.997054545454545 5.45454545454545e-05; % f D=0.3
0.000327272727272727 5.45454545454545e-05 5.45454545454545e-05 5.45454545454545e-05 0.997054545454545 0.000327272727272727 0.000381818181818182 5.45454545454545e-05 5.45454545454545e-05 0.000327272727272727 5.45454545454545e-05 5.45454545454545e-05 5.45454545454545e-05 5.45454545454545e-05 0.000327272727272727 0.000327272727272727 0.000327272727272727 5.45454545454545e-05 5.45454545454545e-05; % g D=0.3
0.278963636363636 0.000327272727272727 0.000327272727272727 0.000327272727272727 0.000327272727272727 0.108963636363636 0.139290909090909 0.000327272727272727 0.000327272727272727 0.00196363636363636 0.000327272727272727 0.000327272727272727 0.000327272727272727 0.000327272727272727 0.178963636363636 0.148963636363636 0.138963636363636 0.000327272727272727 0.000327272727272727; % k D=0.3
0.000327272727272727 5.45454545454545e-05 5.45454545454545e-05 0.997054545454545 5.45454545454545e-05 0.000327272727272727 0.000381818181818182 5.45454545454545e-05 5.45454545454545e-05 0.000327272727272727 5.45454545454545e-05 5.45454545454545e-05 5.45454545454545e-05 5.45454545454545e-05 0.000327272727272727 0.000327272727272727 0.000327272727272727 5.45454545454545e-05 5.45454545454545e-05; % l D=0.3
0.000327272727272727 5.45454545454545e-05 5.45454545454545e-05 5.45454545454545e-05 5.45454545454545e-05 0.000327272727272727 0.000381818181818182 0.997054545454545 5.45454545454545e-05 0.000327272727272727 5.45454545454545e-05 5.45454545454545e-05 5.45454545454545e-05 5.45454545454545e-05 0.000327272727272727 0.000327272727272727 0.000327272727272727 5.45454545454545e-05 5.45454545454545e-05; % n D=0.3
0.000327272727272727 5.45454545454545e-05 5.45454545454545e-05 5.45454545454545e-05 5.45454545454545e-05 0.000327272727272727 0.000381818181818182 5.45454545454545e-05 5.45454545454545e-05 0.000327272727272727 5.45454545454545e-05 5.45454545454545e-05 0.997054545454545 5.45454545454545e-05 0.000327272727272727 0.000327272727272727 0.000327272727272727 5.45454545454545e-05 5.45454545454545e-05; % p D=0.3
0.000327272727272727 5.45454545454545e-05 5.45454545454545e-05 5.45454545454545e-05 5.45454545454545e-05 0.000327272727272727 0.000381818181818182 5.45454545454545e-05 5.45454545454545e-05 0.000327272727272727 5.45454545454545e-05 5.45454545454545e-05 5.45454545454545e-05 5.45454545454545e-05 0.000327272727272727 0.000327272727272727 0.000327272727272727 5.45454545454545e-05 0.997054545454545; % v D=0.3
0.269290909090909 0.000381818181818182 0.000381818181818182 0.000381818181818182 0.000381818181818182 0.169290909090909 0.00967272727272727 0.000381818181818182 0.000381818181818182 0.119290909090909 0.000381818181818182 0.000381818181818182 0.000381818181818182 0.000381818181818182 0.149290909090909 0.189290909090909 0.0892909090909091 0.000381818181818182 0.000381818181818182; % z D=0.3
0.00174545454545455 0.000290909090909091 0.000290909090909091 0.000290909090909091 0.000290909090909091 0.199078787878788 0.146036363636364 0.000290909090909091 0.000290909090909091 0.172412121212121 0.000290909090909091 0.000290909090909091 0.000290909090909091 0.000290909090909091 0.112412121212121 0.159078787878788 0.205745454545455 0.000290909090909091 0.000290909090909091; % $ D=0.4
0.218618181818182 0.000436363636363636 0.000436363636363636 0.000436363636363636 0.000436363636363636 0.00261818181818182 0.139054545454545 0.000436363636363636 0.000436363636363636 0.178618181818182 0.000436363636363636 0.000436363636363636 0.000436363636363636 0.000436363636363636 0.148618181818182 0.158618181818182 0.148618181818182 0.000436363636363636 0.000436363636363636; % D D=0.4
0.238618181818182 0.000436363636363636 0.000436363636363636 0.000436363636363636 0.000436363636363636 0.0886181818181818 0.169054545454545 0.000436363636363636 0.000436363636363636 0.158618181818182 0.000436363636363636 0.000436363636363636 0.000436363636363636 0.000436363636363636 0.188618181818182 0.148618181818182 0.00261818181818182 0.000436363636363636 0.000436363636363636; % F D=0.4
0.000436363636363636 7.27272727272727e-05 7.27272727272727e-05 7.27272727272727e-05 7.27272727272727e-05 0.000436363636363636 0.000509090909090909 7.27272727272727e-05 7.27272727272727e-05 0.000436363636363636 0.996072727272727 7.27272727272727e-05 7.27272727272727e-05 7.27272727272727e-05 0.000436363636363636 0.000436363636363636 0.000436363636363636 7.27272727272727e-05 7.27272727272727e-05; % G D=0.4
0.000436363636363636 7.27272727272727e-05 0.996072727272727 7.27272727272727e-05 7.27272727272727e-05 0.000436363636363636 0.000509090909090909 7.27272727272727e-05 7.27272727272727e-05 0.000436363636363636 7.27272727272727e-05 7.27272727272727e-05 7.27272727272727e-05 7.27272727272727e-05 0.000436363636363636 0.000436363636363636 0.000436363636363636 7.27272727272727e-05 7.27272727272727e-05; % J D=0.4
0.000436363636363636 7.27272727272727e-05 7.27272727272727e-05 7.27272727272727e-05 7.27272727272727e-05 0.000436363636363636 0.000509090909090909 7.27272727272727e-05 0.996072727272727 0.000436363636363636 7.27272727272727e-05 7.27272727272727e-05 7.27272727272727e-05 7.27272727272727e-05 0.000436363636363636 0.000436363636363636 0.000436363636363636 7.27272727272727e-05 7.27272727272727e-05; % L D=0.4
0.000436363636363636 7.27272727272727e-05 7.27272727272727e-05 7.27272727272727e-05 7.27272727272727e-05 0.000436363636363636 0.000509090909090909 7.27272727272727e-05 7.27272727272727e-05 0.000436363636363636 7.27272727272727e-05 0.996072727272727 7.27272727272727e-05 7.27272727272727e-05 0.000436363636363636 0.000436363636363636 0.000436363636363636 7.27272727272727e-05 7.27272727272727e-05; % M D=0.4
0.298618181818182 0.000436363636363636 0.000436363636363636 0.000436363636363636 0.000436363636363636 0.138618181818182 0.119054545454545 0.000436363636363636 0.000436363636363636 0.158618181818182 0.000436363636363636 0.000436363636363636 0.000436363636363636 0.000436363636363636 0.158618181818182 0.00261818181818182 0.118618181818182 0.000436363636363636 0.000436363636363636; % N D=0.4
0.000436363636363636 0.996072727272727 7.27272727272727e-05 7.27272727272727e-05 7.27272727272727e-05 0.000436363636363636 0.000509090909090909 7.27272727272727e-05 7.27272727272727e-05 0.000436363636363636 7.27272727272727e-05 7.27272727272727e-05 7.27272727272727e-05 7.27272727272727e-05 0.000436363636363636 0.000436363636363636 0.000436363636363636 7.27272727272727e-05 7.27272727272727e-05; % P D=0.4
0.000436363636363636 7.27272727272727e-05 7.27272727272727e-05 7.27272727272727e-05 7.27272727272727e-05 0.000436363636363636 0.000509090909090909 7.27272727272727e-05 7.27272727272727e-05 0.000436363636363636 7.27272727272727e-05 7.27272727272727e-05 7.27272727272727e-05 0.996072727272727 0.000436363636363636 0.000436363636363636 0.000436363636363636 7.27272727272727e-05 7.27272727272727e-05; % V D=0.4
0.188618181818182 0.000436363636363636 0.000436363636363636 0.000436363636363636 0.000436363636363636 0.188618181818182 0.199054545454545 0.000436363636363636 0.000436363636363636 0.118618181818182 0.000436363636363636 0.000436363636363636 0.000436363636363636 0.000436363636363636 0.00261818181818182 0.108618181818182 0.188618181818182 0.000436363636363636 0.000436363636363636; % Z D=0.4
0.000436363636363636 7.27272727272727e-05 7.27272727272727e-05 7.27272727272727e-05 7.27272727272727e-05 0.000436363636363636 0.000509090909090909 7.27272727272727e-05 7.27272727272727e-05 0.000436363636363636 7.27272727272727e-05 7.27272727272727e-05 7.27272727272727e-05 7.27272727272727e-05 0.000436363636363636 0.000436363636363636 0.000436363636363636 0.996072727272727 7.27272727272727e-05; % f D=0.4
0.000436363636363636 7.27272727272727e-05 7.27272727272727e-05 7.27272727272727e-05 0.996072727272727 0.000436363636363636 0.000509090909090909 7.27272727272727e-05 7.27272727272727e-05 0.000436363636363636 7.27272727272727e-05 7.27272727272727e-05 7.27272727272727e-05 7.27272727272727e-05 0.000436363636363636 0.000436363636363636 0.000436363636363636 7.27272727272727e-05 7.27272727272727e-05; % g D=0.4
0.278618181818182 0.000436363636363636 0.000436363636363636 0.000436363636363636 0.000436363636363636 0.108618181818182 0.139054545454545 0.000436363636363636 0.000436363636363636 0.00261818181818182 0.000436363636363636 0.000436363636363636 0.000436363636363636 0.000436363636363636 0.178618181818182 0.148618181818182 0.138618181818182 0.000436363636363636 0.000436363636363636; % k D=0.4
0.000436363636363636 7.27272727272727e-05 7.27272727272727e-05 0.996072727272727 7.27272727272727e-05 0.000436363636363636 0.000509090909090909 7.27272727272727e-05 7.27272727272727e-05 0.000436363636363636 7.27272727272727e-05 7.27272727272727e-05 7.27272727272727e-05 7.27272727272727e-05 0.000436363636363636 0.000436363636363636 0.000436363636363636 7.27272727272727e-05 7.27272727272727e-05; % l D=0.4
0.000436363636363636 7.27272727272727e-05 7.27272727272727e-05 7.27272727272727e-05 7.27272727272727e-05 0.000436363636363636 0.000509090909090909 0.996072727272727 7.27272727272727e-05 0.000436363636363636 7.27272727272727e-05 7.27272727272727e-05 7.27272727272727e-05 7.27272727272727e-05 0.000436363636363636 0.000436363636363636 0.000436363636363636 7.27272727272727e-05 7.27272727272727e-05; % n D=0.4
0.000436363636363636 7.27272727272727e-05 7.27272727272727e-05 7.27272727272727e-05 7.27272727272727e-05 0.000436363636363636 0.000509090909090909 7.27272727272727e-05 7.27272727272727e-05 0.000436363636363636 7.27272727272727e-05 7.27272727272727e-05 0.996072727272727 7.27272727272727e-05 0.000436363636363636 0.000436363636363636 0.000436363636363636 7.27272727272727e-05 7.27272727272727e-05; % p D=0.4
0.000436363636363636 7.27272727272727e-05 7.27272727272727e-05 7.27272727272727e-05 7.27272727272727e-05 0.000436363636363636 0.000509090909090909 7.27272727272727e-05 7.27272727272727e-05 0.000436363636363636 7.27272727272727e-05 7.27272727272727e-05 7.27272727272727e-05 7.27272727272727e-05 0.000436363636363636 0.000436363636363636 0.000436363636363636 7.27272727272727e-05 0.996072727272727; % v D=0.4
0.269054545454545 0.000509090909090909 0.000509090909090909 0.000509090909090909 0.000509090909090909 0.169054545454545 0.00956363636363636 0.000509090909090909 0.000509090909090909 0.119054545454545 0.000509090909090909 0.000509090909090909 0.000509090909090909 0.000509090909090909 0.149054545454545 0.189054545454545 0.0890545454545454 0.000509090909090909 0.000509090909090909; % z D=0.4
0.00218181818181818 0.000363636363636364 0.000363636363636364 0.000363636363636364 0.000363636363636364 0.198848484848485 0.145878787878788 0.000363636363636364 0.000363636363636364 0.172181818181818 0.000363636363636364 0.000363636363636364 0.000363636363636364 0.000363636363636364 0.112181818181818 0.158848484848485 0.205515151515152 0.000363636363636364 0.000363636363636364; % $ D=0.5
0.218272727272727 0.000545454545454545 0.000545454545454545 0.000545454545454545 0.000545454545454545 0.00327272727272727 0.138818181818182 0.000545454545454545 0.000545454545454545 0.178272727272727 0.000545454545454545 0.000545454545454545 0.000545454545454545 0.000545454545454545 0.148272727272727 0.158272727272727 0.148272727272727 0.000545454545454545 0.000545454545454545; % D D=0.5
0.238272727272727 0.000545454545454545 0.000545454545454545 0.000545454545454545 0.000545454545454545 0.0882727272727273 0.168818181818182 0.000545454545454545 0.000545454545454545 0.158272727272727 0.000545454545454545 0.000545454545454545 0.000545454545454545 0.000545454545454545 0.188272727272727 0.148272727272727 0.00327272727272727 0.000545454545454545 0.000545454545454545; % F D=0.5
0.000545454545454545 9.09090909090909e-05 9.09090909090909e-05 9.09090909090909e-05 9.09090909090909e-05 0.000545454545454545 0.000636363636363636 9.09090909090909e-05 9.09090909090909e-05 0.000545454545454545 0.995090909090909 9.09090909090909e-05 9.09090909090909e-05 9.09090909090909e-05 0.000545454545454545 0.000545454545454545 0.000545454545454545 9.09090909090909e-05 9.09090909090909e-05; % G D=0.5
0.000545454545454545 9.09090909090909e-05 0.995090909090909 9.09090909090909e-05 9.09090909090909e-05 0.000545454545454545 0.000636363636363636 9.09090909090909e-05 9.09090909090909e-05 0.000545454545454545 9.09090909090909e-05 9.09090909090909e-05 9.09090909090909e-05 9.09090909090909e-05 0.000545454545454545 0.000545454545454545 0.000545454545454545 9.09090909090909e-05 9.09090909090909e-05; % J D=0.5
0.000545454545454545 9.09090909090909e-05 9.09090909090909e-05 9.09090909090909e-05 9.09090909090909e-05 0.000545454545454545 0.000636363636363636 9.09090909090909e-05 0.995090909090909 0.000545454545454545 9.09090909090909e-05 9.09090909090909e-05 9.09090909090909e-05 9.09090909090909e-05 0.000545454545454545 0.000545454545454545 0.000545454545454545 9.09090909090909e-05 9.09090909090909e-05; % L D=0.5
0.000545454545454545 9.09090909090909e-05 9.09090909090909e-05 9.09090909090909e-05 9.09090909090909e-05 0.000545454545454545 0.000636363636363636 9.09090909090909e-05 9.09090909090909e-05 0.000545454545454545 9.09090909090909e-05 0.995090909090909 9.09090909090909e-05 9.09090909090909e-05 0.000545454545454545 0.000545454545454545 0.000545454545454545 9.09090909090909e-05 9.09090909090909e-05; % M D=0.5
0.298272727272727 0.000545454545454545 0.000545454545454545 0.000545454545454545 0.000545454545454545 0.138272727272727 0.118818181818182 0.000545454545454545 0.000545454545454545 0.158272727272727 0.000545454545454545 0.000545454545454545 0.000545454545454545 0.000545454545454545 0.158272727272727 0.00327272727272727 0.118272727272727 0.000545454545454545 0.000545454545454545; % N D=0.5
0.000545454545454545 0.995090909090909 9.09090909090909e-05 9.09090909090909e-05 9.09090909090909e-05 0.000545454545454545 0.000636363636363636 9.09090909090909e-05 9.09090909090909e-05 0.000545454545454545 9.09090909090909e-05 9.09090909090909e-05 9.09090909090909e-05 9.09090909090909e-05 0.000545454545454545 0.000545454545454545 0.000545454545454545 9.09090909090909e-05 9.09090909090909e-05; % P D=0.5
0.000545454545454545 9.09090909090909e-05 9.09090909090909e-05 9.09090909090909e-05 9.09090909090909e-05 0.000545454545454545 0.000636363636363636 9.09090909090909e-05 9.09090909090909e-05 0.000545454545454545 9.09090909090909e-05 9.09090909090909e-05 9.09090909090909e-05 0.995090909090909 0.000545454545454545 0.000545454545454545 0.000545454545454545 9.09090909090909e-05 9.09090909090909e-05; % V D=0.5
0.188272727272727 0.000545454545454545 0.000545454545454545 0.000545454545454545 0.000545454545454545 0.188272727272727 0.198818181818182 0.000545454545454545 0.000545454545454545 0.118272727272727 0.000545454545454545 0.000545454545454545 0.000545454545454545 0.000545454545454545 0.00327272727272727 0.108272727272727 0.188272727272727 0.000545454545454545 0.000545454545454545; % Z D=0.5
0.000545454545454545 9.09090909090909e-05 9.09090909090909e-05 9.09090909090909e-05 9.09090909090909e-05 0.000545454545454545 0.000636363636363636 9.09090909090909e-05 9.09090909090909e-05 0.000545454545454545 9.09090909090909e-05 9.09090909090909e-05 9.09090909090909e-05 9.09090909090909e-05 0.000545454545454545 0.000545454545454545 0.000545454545454545 0.995090909090909 9.09090909090909e-05; % f D=0.5
0.000545454545454545 9.09090909090909e-05 9.09090909090909e-05 9.09090909090909e-05 0.995090909090909 0.000545454545454545 0.000636363636363636 9.09090909090909e-05 9.09090909090909e-05 0.000545454545454545 9.09090909090909e-05 9.09090909090909e-05 9.09090909090909e-05 9.09090909090909e-05 0.000545454545454545 0.000545454545454545 0.000545454545454545 9.09090909090909e-05 9.09090909090909e-05; % g D=0.5
0.278272727272727 0.000545454545454545 0.000545454545454545 0.000545454545454545 0.000545454545454545 0.108272727272727 0.138818181818182 0.000545454545454545 0.000545454545454545 0.00327272727272727 0.000545454545454545 0.000545454545454545 0.000545454545454545 0.000545454545454545 0.178272727272727 0.148272727272727 0.138272727272727 0.000545454545454545 0.000545454545454545; % k D=0.5
0.000545454545454545 9.09090909090909e-05 9.09090909090909e-05 0.995090909090909 9.09090909090909e-05 0.000545454545454545 0.000636363636363636 9.09090909090909e-05 9.09090909090909e-05 0.000545454545454545 9.09090909090909e-05 9.09090909090909e-05 9.09090909090909e-05 9.09090909090909e-05 0.000545454545454545 0.000545454545454545 0.000545454545454545 9.09090909090909e-05 9.09090909090909e-05; % l D=0.5
0.000545454545454545 9.09090909090909e-05 9.09090909090909e-05 9.09090909090909e-05 9.09090909090909e-05 0.000545454545454545 0.000636363636363636 0.995090909090909 9.09090909090909e-05 0.000545454545454545 9.09090909090909e-05 9.09090909090909e-05 9.09090909090909e-05 9.09090909090909e-05 0.000545454545454545 0.000545454545454545 0.000545454545454545 9.09090909090909e-05 9.09090909090909e-05; % n D=0.5
0.000545454545454545 9.09090909090909e-05 9.09090909090909e-05 9.09090909090909e-05 9.09090909090909e-05 0.000545454545454545 0.000636363636363636 9.09090909090909e-05 9.09090909090909e-05 0.000545454545454545 9.09090909090909e-05 9.09090909090909e-05 0.995090909090909 9.09090909090909e-05 0.000545454545454545 0.000545454545454545 0.000545454545454545 9.09090909090909e-05 9.09090909090909e-05; % p D=0.5
0.000545454545454545 9.09090909090909e-05 9.09090909090909e-05 9.09090909090909e-05 9.09090909090909e-05 0.000545454545454545 0.000636363636363636 9.09090909090909e-05 9.09090909090909e-05 0.000545454545454545 9.09090909090909e-05 9.09090909090909e-05 9.09090909090909e-05 9.09090909090909e-05 0.000545454545454545 0.000545454545454545 0.000545454545454545 9.09090909090909e-05 0.995090909090909; % v D=0.5
0.268818181818182 0.000636363636363636 0.000636363636363636 0.000636363636363636 0.000636363636363636 0.168818181818182 0.00945454545454546 0.000636363636363636 0.000636363636363636 0.118818181818182 0.000636363636363636 0.000636363636363636 0.000636363636363636 0.000636363636363636 0.148818181818182 0.188818181818182 0.0888181818181818 0.000636363636363636 0.000636363636363636; % z D=0.5
0.00261818181818182 0.000436363636363636 0.000436363636363636 0.000436363636363636 0.000436363636363636 0.198618181818182 0.145721212121212 0.000436363636363636 0.000436363636363636 0.171951515151515 0.000436363636363636 0.000436363636363636 0.000436363636363636 0.000436363636363636 0.111951515151515 0.158618181818182 0.205284848484848 0.000436363636363636 0.000436363636363636; % $ D=0.6
0.217927272727273 0.000654545454545455 0.000654545454545455 0.000654545454545455 0.000654545454545455 0.00392727272727273 0.138581818181818 0.000654545454545455 0.000654545454545455 0.177927272727273 0.000654545454545455 0.000654545454545455 0.000654545454545455 0.000654545454545455 0.147927272727273 0.157927272727273 0.147927272727273 0.000654545454545455 0.000654545454545455; % D D=0.6
0.237927272727273 0.000654545454545455 0.000654545454545455 0.000654545454545455 0.000654545454545455 0.0879272727272727 0.168581818181818 0.000654545454545455 0.000654545454545455 0.157927272727273 0.000654545454545455 0.000654545454545455 0.000654545454545455 0.000654545454545455 0.187927272727273 0.147927272727273 0.00392727272727273 0.000654545454545455 0.000654545454545455; % F D=0.6
0.000654545454545455 0.000109090909090909 0.000109090909090909 0.000109090909090909 0.000109090909090909 0.000654545454545455 0.000763636363636364 0.000109090909090909 0.000109090909090909 0.000654545454545455 0.994109090909091 0.000109090909090909 0.000109090909090909 0.000109090909090909 0.000654545454545455 0.000654545454545455 0.000654545454545455 0.000109090909090909 0.000109090909090909; % G D=0.6
