syllables = '$DGKPdfkpz';
discounts = [0.1 0.2 0.3 0.4 0.5 0.6 0.7 0.8 0.9 0.95];
kn_probs = [0.000285714285714286 9.52380952380953e-05 9.52380952380953e-05 9.52380952380953e-05 9.52380952380953e-05 0.313047619047619 9.52380952380953e-05 9.52380952380953e-05 0.313047619047619 0.373047619047619; % $ D=0.1
7.14285714285714e-05 2.38095238095238e-05 0.99952380952381 2.38095238095238e-05 2.38095238095238e-05 9.52380952380952e-05 2.38095238095238e-05 2.38095238095238e-05 9.52380952380952e-05 9.52380952380952e-05; % D D=0.1
0.259785714285714 9.52380952380952e-05 9.52380952380952e-05 9.52380952380952e-05 9.52380952380952e-05 0.204880952380952 9.52380952380952e-05 9.52380952380952e-05 0.189880952380952 0.344880952380952; % G D=0.1
0.229785714285714 9.52380952380952e-05 9.52380952380952e-05 9.52380952380952e-05 9.52380952380952e-05 0.239880952380952 9.52380952380952e-05 9.52380952380952e-05 0.369880952380952 0.159880952380952; % K D=0.1
7.14285714285714e-05 2.38095238095238e-05 2.38095238095238e-05 0.99952380952381 2.38095238095238e-05 9.52380952380952e-05 2.38095238095238e-05 2.38095238095238e-05 9.52380952380952e-05 9.52380952380952e-05; % P D=0.1
7.14285714285714e-05 0.99952380952381 2.38095238095238e-05 2.38095238095238e-05 2.38095238095238e-05 9.52380952380952e-05 2.38095238095238e-05 2.38095238095238e-05 9.52380952380952e-05 9.52380952380952e-05; % d D=0.1
7.14285714285714e-05 2.38095238095238e-05 2.38095238095238e-05 2.38095238095238e-05 0.99952380952381 9.52380952380952e-05 2.38095238095238e-05 2.38095238095238e-05 9.52380952380952e-05 9.52380952380952e-05; % f D=0.1
0.259785714285714 9.52380952380952e-05 9.52380952380952e-05 9.52380952380952e-05 9.52380952380952e-05 0.319880952380952 9.52380952380952e-05 9.52380952380952e-05 0.204880952380952 0.214880952380952; % k D=0.1
7.14285714285714e-05 2.38095238095238e-05 2.38095238095238e-05 2.38095238095238e-05 2.38095238095238e-05 9.52380952380952e-05 2.38095238095238e-05 0.99952380952381 9.52380952380952e-05 9.52380952380952e-05; % p D=0.1
7.14285714285714e-05 2.38095238095238e-05 2.38095238095238e-05 2.38095238095238e-05 2.38095238095238e-05 9.52380952380952e-05 0.99952380952381 2.38095238095238e-05 9.52380952380952e-05 9.52380952380952e-05; % z D=0.1
0.000571428571428571 0.000190476190476191 0.000190476190476191 0.000190476190476191 0.000190476190476191 0.312761904761905 0.000190476190476191 0.000190476190476191 0.312761904761905 0.372761904761905; % $ D=0.2
0.000142857142857143 4.76190476190476e-05 0.999047619047619 4.76190476190476e-05 4.76190476190476e-05 0.00019047619047619 4.76190476190476e-05 4.76190476190476e-05 0.00019047619047619 0.00019047619047619; % D D=0.2
0.259571428571429 0.00019047619047619 0.00019047619047619 0.00019047619047619 0.00019047619047619 0.204761904761905 0.00019047619047619 0.00019047619047619 0.189761904761905 0.344761904761905; % G D=0.2
0.229571428571429 0.00019047619047619 0.00019047619047619 0.00019047619047619 0.00019047619047619 0.239761904761905 0.00019047619047619 0.00019047619047619 0.369761904761905 0.159761904761905; % K D=0.2
0.000142857142857143 4.76190476190476e-05 4.76190476190476e-05 0.999047619047619 4.76190476190476e-05 0.00019047619047619 4.76190476190476e-05 4.76190476190476e-05 0.00019047619047619 0.00019047619047619; % P D=0.2
0.000142857142857143 0.999047619047619 4.76190476190476e-05 4.76190476190476e-05 4.76190476190476e-05 0.00019047619047619 4.76190476190476e-05 4.76190476190476e-05 0.00019047619047619 0.00019047619047619; % d D=0.2
0.000142857142857143 4.76190476190476e-05 4.76190476190476e-05 4.76190476190476e-05 0.999047619047619 0.00019047619047619 4.76190476190476e-05 4.76190476190476e-05 0.00019047619047619 0.00019047619047619; % f D=0.2
0.259571428571429 0.00019047619047619 0.00019047619047619 0.00019047619047619 0.00019047619047619 0.319761904761905 0.00019047619047619 0.00019047619047619 0.204761904761905 0.214761904761905; % k D=0.2
0.000142857142857143 4.76190476190476e-05 4.76190476190476e-05 4.76190476190476e-05 4.76190476190476e-05 0.00019047619047619 4.76190476190476e-05 0.999047619047619 0.00019047619047619 0.00019047619047619; % p D=0.2
0.000142857142857143 4.76190476190476e-05 4.76190476190476e-05 4.76190476190476e-05 4.76190476190476e-05 0.00019047619047619 0.999047619047619 4.76190476190476e-05 0.00019047619047619 0.00019047619047619; % z D=0.2
0.000857142857142857 0.000285714285714286 0.000285714285714286 0.000285714285714286 0.000285714285714286 0.312476190476191 0.000285714285714286 0.000285714285714286 0.312476190476191 0.372476190476191; % $ D=0.3
0.000214285714285714 7.14285714285714e-05 0.998571428571429 7.14285714285714e-05 7.14285714285714e-05 0.000285714285714286 7.14285714285714e-05 7.14285714285714e-05 0.000285714285714286 0.000285714285714286; % D D=0.3
0.259357142857143 0.000285714285714286 0.000285714285714286 0.000285714285714286 0.000285714285714286 0.204642857142857 0.000285714285714286 0.000285714285714286 0.189642857142857 0.344642857142857; % G D=0.3
0.229357142857143 0.000285714285714286 0.000285714285714286 0.000285714285714286 0.000285714285714286 0.239642857142857 0.000285714285714286 0.000285714285714286 0.369642857142857 0.159642857142857; % K D=0.3
0.000214285714285714 7.14285714285714e-05 7.14285714285714e-05 0.998571428571429 7.14285714285714e-05 0.000285714285714286 7.14285714285714e-05 7.14285714285714e-05 0.000285714285714286 0.000285714285714286; % P D=0.3
0.000214285714285714 0.998571428571429 7.14285714285714e-05 7.14285714285714e-05 7.14285714285714e-05 0.000285714285714286 7.14285714285714e-05 7.14285714285714e-05 0.000285714285714286 0.000285714285714286; % d D=0.3
0.000214285714285714 7.14285714285714e-05 7.14285714285714e-05 7.14285714285714e-05 0.998571428571429 0.000285714285714286 7.14285714285714e-05 7.14285714285714e-05 0.000285714285714286 0.000285714285714286; % f D=0.3
0.259357142857143 0.000285714285714286 0.000285714285714286 0.000285714285714286 0.000285714285714286 0.319642857142857 0.000285714285714286 0.000285714285714286 0.204642857142857 0.214642857142857; % k D=0.3
0.000214285714285714 7.14285714285714e-05 7.14285714285714e-05 7.14285714285714e-05 7.14285714285714e-05 0.000285714285714286 7.14285714285714e-05 0.998571428571429 0.000285714285714286 0.000285714285714286; % p D=0.3
0.000214285714285714 7.14285714285714e-05 7.14285714285714e-05 7.14285714285714e-05 7.14285714285714e-05 0.000285714285714286 0.998571428571429 7.14285714285714e-05 0.000285714285714286 0.000285714285714286; % z D=0.3
0.00114285714285714 0.000380952380952381 0.000380952380952381 0.000380952380952381 0.000380952380952381 0.312190476190476 0.000380952380952381 0.000380952380952381 0.312190476190476 0.372190476190476; % $ D=0.4
0.000285714285714286 9.52380952380952e-05 0.998095238095238 9.52380952380952e-05 9.52380952380952e-05 0.000380952380952381 9.52380952380952e-05 9.52380952380952e-05 0.000380952380952381 0.000380952380952381; % D D=0.4
0.259142857142857 0.000380952380952381 0.000380952380952381 0.000380952380952381 0.000380952380952381 0.20452380952381 0.000380952380952381 0.000380952380952381 0.18952380952381 0.34452380952381; % G D=0.4
0.229142857142857 0.000380952380952381 0.000380952380952381 0.000380952380952381 0.000380952380952381 0.23952380952381 0.000380952380952381 0.000380952380952381 0.36952380952381 0.15952380952381; % K D=0.4
0.000285714285714286 9.52380952380952e-05 9.52380952380952e-05 0.998095238095238 9.52380952380952e-05 0.000380952380952381 9.52380952380952e-05 9.52380952380952e-05 0.000380952380952381 0.000380952380952381; % P D=0.4
0.000285714285714286 0.998095238095238 9.52380952380952e-05 9.52380952380952e-05 9.52380952380952e-05 0.000380952380952381 9.52380952380952e-05 9.52380952380952e-05 0.000380952380952381 0.000380952380952381; % d D=0.4
0.000285714285714286 9.52380952380952e-05 9.52380952380952e-05 9.52380952380952e-05 0.998095238095238 0.000380952380952381 9.52380952380952e-05 9.52380952380952e-05 0.000380952380952381 0.000380952380952381; % f D=0.4
