syllables = '$BFMflnpvz';
discounts = [0.1 0.2 0.3 0.4 0.5 0.6 0.7 0.8 0.9 0.95];
kn_probs = [0.000315789473684211 0.286315789473684 0.000105263157894737 0.000105263157894737 0.399649122807018 0.000105263157894737 0.000105263157894737 0.000105263157894737 0.313087719298246 0.000105263157894737; % $ D=0.1
7.89473684210526e-05 7.89473684210526e-05 2.63157894736842e-05 2.63157894736842e-05 7.89473684210526e-05 2.63157894736842e-05 0.999526315789474 2.63157894736842e-05 0.000105263157894737 2.63157894736842e-05; % B D=0.1
0.214736842105263 0.384736842105263 7.89473684210526e-05 7.89473684210526e-05 0.000236842105263158 7.89473684210526e-05 7.89473684210526e-05 7.89473684210526e-05 0.399815789473684 7.89473684210526e-05; % F D=0.1
0.294736842105263 0.000236842105263158 7.89473684210526e-05 7.89473684210526e-05 0.354736842105263 7.89473684210526e-05 7.89473684210526e-05 7.89473684210526e-05 0.349815789473684 7.89473684210526e-05; % M D=0.1
7.89473684210526e-05 7.89473684210526e-05 2.63157894736842e-05 2.63157894736842e-05 7.89473684210526e-05 2.63157894736842e-05 2.63157894736842e-05 2.63157894736842e-05 0.000105263157894737 0.999526315789474; % f D=0.1
7.89473684210526e-05 7.89473684210526e-05 0.999526315789474 2.63157894736842e-05 7.89473684210526e-05 2.63157894736842e-05 2.63157894736842e-05 2.63157894736842e-05 0.000105263157894737 2.63157894736842e-05; % l D=0.1
7.89473684210526e-05 7.89473684210526e-05 2.63157894736842e-05 0.999526315789474 7.89473684210526e-05 2.63157894736842e-05 2.63157894736842e-05 2.63157894736842e-05 0.000105263157894737 2.63157894736842e-05; % n D=0.1
0.239815789473684 0.399815789473684 0.000105263157894737 0.000105263157894737 0.344815789473684 0.000105263157894737 0.000105263157894737 0.000105263157894737 0.0149210526315789 0.000105263157894737; % p D=0.1
7.89473684210526e-05 7.89473684210526e-05 2.63157894736842e-05 2.63157894736842e-05 7.89473684210526e-05 2.63157894736842e-05 2.63157894736842e-05 0.999526315789474 0.000105263157894737 2.63157894736842e-05; % v D=0.1
7.89473684210526e-05 7.89473684210526e-05 2.63157894736842e-05 2.63157894736842e-05 7.89473684210526e-05 0.999526315789474 2.63157894736842e-05 2.63157894736842e-05 0.000105263157894737 2.63157894736842e-05; % z D=0.1
0.000631578947368421 0.285964912280702 0.000210526315789474 0.000210526315789474 0.399298245614035 0.000210526315789474 0.000210526315789474 0.000210526315789474 0.312842105263158 0.000210526315789474; % $ D=0.2
0.000157894736842105 0.000157894736842105 5.26315789473684e-05 5.26315789473684e-05 0.000157894736842105 5.26315789473684e-05 0.999052631578948 5.26315789473684e-05 0.000210526315789474 5.26315789473684e-05; % B D=0.2
0.214473684210526 0.384473684210526 0.000157894736842105 0.000157894736842105 0.000473684210526316 0.000157894736842105 0.000157894736842105 0.000157894736842105 0.399631578947368 0.000157894736842105; % F D=0.2
0.294473684210526 0.000473684210526316 0.000157894736842105 0.000157894736842105 0.354473684210526 0.000157894736842105 0.000157894736842105 0.000157894736842105 0.349631578947368 0.000157894736842105; % M D=0.2
0.000157894736842105 0.000157894736842105 5.26315789473684e-05 5.26315789473684e-05 0.000157894736842105 5.26315789473684e-05 5.26315789473684e-05 5.26315789473684e-05 0.000210526315789474 0.999052631578948; % f D=0.2
0.000157894736842105 0.000157894736842105 0.999052631578948 5.26315789473684e-05 0.000157894736842105 5.26315789473684e-05 5.26315789473684e-05 5.26315789473684e-05 0.000210526315789474 5.26315789473684e-05; % l D=0.2
0.000157894736842105 0.000157894736842105 5.26315789473684e-05 0.999052631578948 0.000157894736842105 5.26315789473684e-05 5.26315789473684e-05 5.26315789473684e-05 0.000210526315789474 5.26315789473684e-05; % n D=0.2
0.239631578947368 0.399631578947368 0.000210526315789474 0.000210526315789474 0.344631578947368 0.000210526315789474 0.000210526315789474 0.000210526315789474 0.0148421052631579 0.000210526315789474; % p D=0.2
0.000157894736842105 0.000157894736842105 5.26315789473684e-05 5.26315789473684e-05 0.000157894736842105 5.26315789473684e-05 5.26315789473684e-05 0.999052631578948 0.000210526315789474 5.26315789473684e-05; % v D=0.2
0.000157894736842105 0.000157894736842105 5.26315789473684e-05 5.26315789473684e-05 0.000157894736842105 0.999052631578948 5.26315789473684e-05 5.26315789473684e-05 0.000210526315789474 5.26315789473684e-05; % z D=0.2
0.000947368421052632 0.285614035087719 0.00031578947368421 0.00031578947368421 0.398947368421053 0.00031578947368421 0.00031578947368421 0.00031578947368421 0.31259649122807 0.00031578947368421; % $ D=0.3
0.000236842105263158 0.000236842105263158 7.89473684210526e-05 7.89473684210526e-05 0.000236842105263158 7.89473684210526e-05 0.998578947368421 7.89473684210526e-05 0.000315789473684211 7.89473684210526e-05; % B D=0.3
0.214210526315789 0.38421052631579 0.000236842105263158 0.000236842105263158 0.000710526315789474 0.000236842105263158 0.000236842105263158 0.000236842105263158 0.399447368421053 0.000236842105263158; % F D=0.3
0.29421052631579 0.000710526315789474 0.000236842105263158 0.000236842105263158 0.35421052631579 0.000236842105263158 0.000236842105263158 0.000236842105263158 0.349447368421053 0.000236842105263158; % M D=0.3
0.000236842105263158 0.000236842105263158 7.89473684210526e-05 7.89473684210526e-05 0.000236842105263158 7.89473684210526e-05 7.89473684210526e-05 7.89473684210526e-05 0.000315789473684211 0.998578947368421; % f D=0.3
0.000236842105263158 0.000236842105263158 0.998578947368421 7.89473684210526e-05 0.000236842105263158 7.89473684210526e-05 7.89473684210526e-05 7.89473684210526e-05 0.000315789473684211 7.89473684210526e-05; % l D=0.3
0.000236842105263158 0.000236842105263158 7.89473684210526e-05 0.998578947368421 0.000236842105263158 7.89473684210526e-05 7.89473684210526e-05 7.89473684210526e-05 0.000315789473684211 7.89473684210526e-05; % n D=0.3
0.239447368421053 0.399447368421053 0.000315789473684211 0.000315789473684211 0.344447368421053 0.000315789473684211 0.000315789473684211 0.000315789473684211 0.0147631578947368 0.000315789473684211; % p D=0.3
0.000236842105263158 0.000236842105263158 7.89473684210526e-05 7.89473684210526e-05 0.000236842105263158 7.89473684210526e-05 7.89473684210526e-05 0.998578947368421 0.000315789473684211 7.89473684210526e-05; % v D=0.3
0.000236842105263158 0.000236842105263158 7.89473684210526e-05 7.89473684210526e-05 0.000236842105263158 0.998578947368421 7.89473684210526e-05 7.89473684210526e-05 0.000315789473684211 7.89473684210526e-05; % z D=0.3
0.00126315789473684 0.285263157894737 0.000421052631578947 0.000421052631578947 0.39859649122807 0.000421052631578947 0.000421052631578947 0.000421052631578947 0.312350877192982 0.000421052631578947; % $ D=0.4
0.000315789473684211 0.000315789473684211 0.000105263157894737 0.000105263157894737 0.000315789473684211 0.000105263157894737 0.998105263157895 0.000105263157894737 0.000421052631578947 0.000105263157894737; % B D=0.4
0.213947368421053 0.383947368421053 0.000315789473684211 0.000315789473684211 0.000947368421052632 0.000315789473684211 0.000315789473684211 0.000315789473684211 0.399263157894737 0.000315789473684211; % F D=0.4
0.293947368421053 0.000947368421052632 0.000315789473684211 0.000315789473684211 0.353947368421053 0.000315789473684211 0.000315789473684211 0.000315789473684211 0.349263157894737 0.000315789473684211; % M D=0.4
0.000315789473684211 0.000315789473684211 0.000105263157894737 0.000105263157894737 0.000315789473684211 0.000105263157894737 0.000105263157894737 0.000105263157894737 0.000421052631578947 0.998105263157895; % f D=0.4
0.000315789473684211 0.000315789473684211 0.998105263157895 0.000105263157894737 0.000315789473684211 0.000105263157894737 0.000105263157894737 0.000105263157894737 0.000421052631578947 0.000105263157894737; % l D=0.4
0.000315789473684211 0.000315789473684211 0.000105263157894737 0.998105263157895 0.000315789473684211 0.000105263157894737 0.000105263157894737 0.000105263157894737 0.000421052631578947 0.000105263157894737; % n D=0.4
0.239263157894737 0.399263157894737 0.000421052631578947 0.000421052631578947 0.344263157894737 0.000421052631578947 0.000421052631578947 0.000421052631578947 0.0146842105263158 0.000421052631578947; % p D=0.4
0.000315789473684211 0.000315789473684211 0.000105263157894737 0.000105263157894737 0.000315789473684211 0.000105263157894737 0.000105263157894737 0.998105263157895 0.000421052631578947 0.000105263157894737; % v D=0.4
0.000315789473684211 0.000315789473684211 0.000105263157894737 0.000105263157894737 0.000315789473684211 0.998105263157895 0.000105263157894737 0.000105263157894737 0.000421052631578947 0.000105263157894737; % z D=0.4
0.00157894736842105 0.284912280701754 0.000526315789473684 0.000526315789473684 0.398245614035088 0.000526315789473684 0.000526315789473684 0.000526315789473684 0.312105263157895 0.000526315789473684; % $ D=0.5
0.000394736842105263 0.000394736842105263 0.000131578947368421 0.000131578947368421 0.000394736842105263 0.000131578947368421 0.997631578947368 0.000131578947368421 0.000526315789473684 0.000131578947368421; % B D=0.5
0.213684210526316 0.383684210526316 0.000394736842105263 0.000394736842105263 0.00118421052631579 0.000394736842105263 0.000394736842105263 0.000394736842105263 0.399078947368421 0.000394736842105263; % F D=0.5
0.293684210526316 0.00118421052631579 0.000394736842105263 0.000394736842105263 0.353684210526316 0.000394736842105263 0.000394736842105263 0.000394736842105263 0.349078947368421 0.000394736842105263; % M D=0.5
0.000394736842105263 0.000394736842105263 0.000131578947368421 0.000131578947368421 0.000394736842105263 0.000131578947368421 0.000131578947368421 0.000131578947368421 0.000526315789473684 0.997631578947368; % f D=0.5
0.000394736842105263 0.000394736842105263 0.997631578947368 0.000131578947368421 0.000394736842105263 0.000131578947368421 0.000131578947368421 0.000131578947368421 0.000526315789473684 0.000131578947368421; % l D=0.5
0.000394736842105263 0.000394736842105263 0.000131578947368421 0.997631578947368 0.000394736842105263 0.000131578947368421 0.000131578947368421 0.000131578947368421 0.000526315789473684 0.000131578947368421; % n D=0.5
0.239078947368421 0.399078947368421 0.000526315789473684 0.000526315789473684 0.344078947368421 0.000526315789473684 0.000526315789473684 0.000526315789473684 0.0146052631578947 0.000526315789473684; % p D=0.5
0.000394736842105263 0.000394736842105263 0.000131578947368421 0.000131578947368421 0.000394736842105263 0.000131578947368421 0.000131578947368421 0.997631578947368 0.000526315789473684 0.000131578947368421; % v D=0.5
0.000394736842105263 0.000394736842105263 0.000131578947368421 0.000131578947368421 0.000394736842105263 0.997631578947368 0.000131578947368421 0.000131578947368421 0.000526315789473684 0.000131578947368421; % z D=0.5
0.00189473684210526 0.284561403508772 0.000631578947368421 0.000631578947368421 0.397894736842105 0.000631578947368421 0.000631578947368421 0.000631578947368421 0.311859649122807 0.000631578947368421; % $ D=0.6
0.000473684210526316 0.000473684210526316 0.000157894736842105 0.000157894736842105 0.000473684210526316 0.000157894736842105 0.997157894736842 0.000157894736842105 0.000631578947368421 0.000157894736842105; % B D=0.6
0.213421052631579 0.383421052631579 0.000473684210526316 0.000473684210526316 0.00142105263157895 0.000473684210526316 0.000473684210526316 0.000473684210526316 0.398894736842105 0.000473684210526316; % F D=0.6
0.293421052631579 0.00142105263157895 0.000473684210526316 0.000473684210526316 0.353421052631579 0.000473684210526316 0.000473684210526316 0.000473684210526316 0.348894736842105 0.000473684210526316; % M D=0.6
0.000473684210526316 0.000473684210526316 0.000157894736842105 0.000157894736842105 0.000473684210526316 0.000157894736842105 0.000157894736842105 0.000157894736842105 0.000631578947368421 0.997157894736842; % f D=0.6
0.000473684210526316 0.000473684210526316 0.997157894736842 0.000157894736842105 0.000473684210526316 0.000157894736842105 0.000157894736842105 0.000157894736842105 0.000631578947368421 0.000157894736842105; % l D=0.6
0.000473684210526316 0.000473684210526316 0.000157894736842105 0.997157894736842 0.000473684210526316 0.000157894736842105 0.000157894736842105 0.000157894736842105 0.000631578947368421 0.000157894736842105; % n D=0.6
0.238894736842105 0.398894736842105 0.000631578947368421 0.000631578947368421 0.343894736842105 0.000631578947368421 0.000631578947368421 0.000631578947368421 0.0145263157894737 0.000631578947368421; % p D=0.6
0.000473684210526316 0.000473684210526316 0.000157894736842105 0.000157894736842105 0.000473684210526316 0.000157894736842105 0.000157894736842105 0.997157894736842 0.000631578947368421 0.000157894736842105; % v D=0.6
0.000473684210526316 0.000473684210526316 0.000157894736842105 0.000157894736842105 0.000473684210526316 0.997157894736842 0.000157894736842105 0.000157894736842105 0.000631578947368421 0.000157894736842105; % z D=0.6
0.00221052631578947 0.284210526315789 0.000736842105263158 0.000736842105263158 0.397543859649123 0.000736842105263158 0.000736842105263158 0.000736842105263158 0.311614035087719 0.000736842105263158; % $ D=0.7
0.000552631578947368 0.000552631578947368 0.000184210526315789 0.000184210526315789 0.000552631578947368 0.000184210526315789 0.996684210526316 0.000184210526315789 0.000736842105263158 0.000184210526315789; % B D=0.7
0.213157894736842 0.383157894736842 0.000552631578947368 0.000552631578947368 0.0016578947368421 0.000552631578947368 0.000552631578947368 0.000552631578947368 0.398710526315789 0.000552631578947368; % F D=0.7
0.293157894736842 0.0016578947368421 0.000552631578947368 0.000552631578947368 0.353157894736842 0.000552631578947368 0.000552631578947368 0.000552631578947368 0.348710526315789 0.000552631578947368; % M D=0.7
0.000552631578947368 0.000552631578947368 0.000184210526315789 0.000184210526315789 0.000552631578947368 0.000184210526315789 0.000184210526315789 0.000184210526315789 0.000736842105263158 0.996684210526316; % f D=0.7
0.000552631578947368 0.000552631578947368 0.996684210526316 0.000184210526315789 0.000552631578947368 0.000184210526315789 0.000184210526315789 0.000184210526315789 0.000736842105263158 0.000184210526315789; % l D=0.7
0.000552631578947368 0.000552631578947368 0.000184210526315789 0.996684210526316 0.000552631578947368 0.000184210526315789 0.000184210526315789 0.000184210526315789 0.000736842105263158 0.000184210526315789; % n D=0.7
0.238710526315789 0.398710526315789 0.000736842105263158 0.000736842105263158 0.343710526315789 0.000736842105263158 0.000736842105263158 0.000736842105263158 0.0144473684210526 0.000736842105263158; % p D=0.7
0.000552631578947368 0.000552631578947368 0.000184210526315789 0.000184210526315789 0.000552631578947368 0.000184210526315789 0.000184210526315789 0.996684210526316 0.000736842105263158 0.000184210526315789; % v D=0.7
0.000552631578947368 0.000552631578947368 0.000184210526315789 0.000184210526315789 0.000552631578947368 0.996684210526316 0.000184210526315789 0.000184210526315789 0.000736842105263158 0.000184210526315789; % z D=0.7
0.00252631578947368 0.283859649122807 0.000842105263157895 0.000842105263157895 0.39719298245614 0.000842105263157895 0.000842105263157895 0.000842105263157895 0.311368421052632 0.000842105263157895; % $ D=0.8
0.000631578947368421 0.000631578947368421 0.000210526315789474 0.000210526315789474 0.000631578947368421 0.000210526315789474 0.996210526315789 0.000210526315789474 0.000842105263157895 0.000210526315789474; % B D=0.8
0.212894736842105 0.382894736842105 0.000631578947368421 0.000631578947368421 0.00189473684210526 0.000631578947368421 0.000631578947368421 0.000631578947368421 0.398526315789474 0.000631578947368421; % F D=0.8
0.292894736842105 0.00189473684210526 0.000631578947368421 0.000631578947368421 0.352894736842105 0.000631578947368421 0.000631578947368421 0.000631578947368421 0.348526315789474 0.000631578947368421; % M D=0.8
0.000631578947368421 0.000631578947368421 0.000210526315789474 0.000210526315789474 0.000631578947368421 0.000210526315789474 0.000210526315789474 0.000210526315789474 0.000842105263157895 0.996210526315789; % f D=0.8
0.000631578947368421 0.000631578947368421 0.996210526315789 0.000210526315789474 0.000631578947368421 0.000210526315789474 0.000210526315789474 0.000210526315789474 0.000842105263157895 0.000210526315789474; % l D=0.8
0.000631578947368421 0.000631578947368421 0.000210526315789474 0.996210526315789 0.000631578947368421 0.000210526315789474 0.000210526315789474 0.000210526315789474 0.000842105263157895 0.000210526315789474; % n D=0.8
0.238526315789474 0.398526315789474 0.000842105263157895 0.000842105263157895 0.343526315789474 0.000842105263157895 0.000842105263157895 0.000842105263157895 0.0143684210526316 0.000842105263157895; % p D=0.8
0.000631578947368421 0.000631578947368421 0.000210526315789474 0.000210526315789474 0.000631578947368421 0.000210526315789474 0.000210526315789474 0.996210526315789 0.000842105263157895 0.000210526315789474; % v D=0.8
0.000631578947368421 0.000631578947368421 0.000210526315789474 0.000210526315789474 0.000631578947368421 0.996210526315789 0.000210526315789474 0.000210526315789474 0.000842105263157895 0.000210526315789474; % z D=0.8
0.0028421052631579 0.283508771929825 0.000947368421052632 0.000947368421052632 0.396842105263158 0.000947368421052632 0.000947368421052632 0.000947368421052632 0.311122807017544 0.000947368421052632; % $ D=0.9
0.000710526315789474 0.000710526315789474 0.000236842105263158 0.000236842105263158 0.000710526315789474 0.000236842105263158 0.995736842105263 0.000236842105263158 0.000947368421052632 0.000236842105263158; % B D=0.9
0.212631578947368 0.382631578947368 0.000710526315789474 0.000710526315789474 0.00213157894736842 0.000710526315789474 0.000710526315789474 0.000710526315789474 0.398342105263158 0.000710526315789474; % F D=0.9
0.292631578947368 0.00213157894736842 0.000710526315789474 0.000710526315789474 0.352631578947368 0.000710526315789474 0.000710526315789474 0.000710526315789474 0.348342105263158 0.000710526315789474; % M D=0.9
0.000710526315789474 0.000710526315789474 0.000236842105263158 0.000236842105263158 0.000710526315789474 0.000236842105263158 0.000236842105263158 0.000236842105263158 0.000947368421052632 0.995736842105263; % f D=0.9
0.000710526315789474 0.000710526315789474 0.995736842105263 0.000236842105263158 0.000710526315789474 0.000236842105263158 0.000236842105263158 0.000236842105263158 0.000947368421052632 0.000236842105263158; % l D=0.9
0.000710526315789474 0.000710526315789474 0.000236842105263158 0.995736842105263 0.000710526315789474 0.000236842105263158 0.000236842105263158 0.000236842105263158 0.000947368421052632 0.000236842105263158; % n D=0.9
0.238342105263158 0.398342105263158 0.000947368421052632 0.000947368421052632 0.343342105263158 0.000947368421052632 0.000947368421052632 0.000947368421052632 0.0142894736842105 0.000947368421052632; % p D=0.9
0.000710526315789474 0.000710526315789474 0.000236842105263158 0.000236842105263158 0.000710526315789474 0.000236842105263158 0.000236842105263158 0.995736842105263 0.000947368421052632 0.000236842105263158; % v D=0.9
0.000710526315789474 0.000710526315789474 0.000236842105263158 0.000236842105263158 0.000710526315789474 0.995736842105263 0.000236842105263158 0.000236842105263158 0.000947368421052632 0.000236842105263158; % z D=0.9
0.003 0.283333333333333 0.001 0.001 0.396666666666667 0.001 0.001 0.001 0.311 0.001; % $ D=0.95
0.00075 0.00075 0.00025 0.00025 0.00075 0.00025 0.9955 0.00025 0.001 0.00025; % B D=0.95
0.2125 0.3825 0.00075 0.00075 0.00225 0.00075 0.00075 0.00075 0.39825 0.00075; % F D=0.95
0.2925 0.00225 0.00075 0.00075 0.3525 0.00075 0.00075 0.00075 0.34825 0.00075; % M D=0.95
0.00075 0.00075 0.00025 0.00025 0.00075 0.00025 0.00025 0.00025 0.001 0.9955; % f D=0.95
0.00075 0.00075 0.9955 0.00025 0.00075 0.00025 0.00025 0.00025 0.001 0.00025; % l D=0.95
0.00075 0.00075 0.00025 0.9955 0.00075 0.00025 0.00025 0.00025 0.001 0.00025; % n D=0.95
0.23825 0.39825 0.001 0.001 0.34325 0.001 0.001 0.001 0.01425 0.001; % p D=0.95
0.00075 0.00075 0.00025 0.00025 0.00075 0.00025 0.00025 0.9955 0.001 0.00025; % v D=0.95
0.00075 0.00075 0.00025 0.00025 0.00075 0.9955 0.00025 0.00025 0.001 0.00025]; % z D=0.95
