syllables = '$DFGMNVZgknr';
discounts = [0.1 0.2 0.3 0.4 0.5 0.6 0.7 0.8 0.9 0.95];
kn_probs = [0.000395061728395062 0.239728395061728 9.87654320987654e-05 0.313061728395062 9.87654320987654e-05 0.206395061728395 9.87654320987654e-05 9.87654320987654e-05 9.87654320987654e-05 9.87654320987654e-05 9.87654320987654e-05 0.239728395061728; % $ D=0.1
9.87654320987654e-05 9.87654320987654e-05 2.46913580246914e-05 9.87654320987654e-05 2.46913580246914e-05 9.87654320987654e-05 2.46913580246914e-05 2.46913580246914e-05 0.999358024691358 2.46913580246914e-05 2.46913580246914e-05 9.87654320987654e-05; % D D=0.1
9.87654320987654e-05 9.87654320987654e-05 2.46913580246914e-05 9.87654320987654e-05 2.46913580246914e-05 9.87654320987654e-05 2.46913580246914e-05 0.999358024691358 2.46913580246914e-05 2.46913580246914e-05 2.46913580246914e-05 9.87654320987654e-05; % F D=0.1
9.87654320987654e-05 9.87654320987654e-05 2.46913580246914e-05 9.87654320987654e-05 2.46913580246914e-05 9.87654320987654e-05 0.999358024691358 2.46913580246914e-05 2.46913580246914e-05 2.46913580246914e-05 2.46913580246914e-05 9.87654320987654e-05; % G D=0.1
0.253061728395062 0.000395061728395062 9.87654320987654e-05 0.206395061728395 9.87654320987654e-05 0.239728395061728 9.87654320987654e-05 9.87654320987654e-05 9.87654320987654e-05 9.87654320987654e-05 9.87654320987654e-05 0.299728395061728; % M D=0.1
9.87654320987654e-05 9.87654320987654e-05 2.46913580246914e-05 9.87654320987654e-05 2.46913580246914e-05 9.87654320987654e-05 2.46913580246914e-05 2.46913580246914e-05 2.46913580246914e-05 2.46913580246914e-05 0.999358024691358 9.87654320987654e-05; % N D=0.1
0.259728395061728 0.286395061728395 9.87654320987654e-05 0.000395061728395062 9.87654320987654e-05 0.199728395061728 9.87654320987654e-05 9.87654320987654e-05 9.87654320987654e-05 9.87654320987654e-05 9.87654320987654e-05 0.253061728395062; % V D=0.1
0.313061728395062 0.246395061728395 9.87654320987654e-05 0.233061728395062 9.87654320987654e-05 0.000395061728395062 9.87654320987654e-05 9.87654320987654e-05 9.87654320987654e-05 9.87654320987654e-05 9.87654320987654e-05 0.206395061728395; % Z D=0.1
9.87654320987654e-05 9.87654320987654e-05 2.46913580246914e-05 9.87654320987654e-05 0.999358024691358 9.87654320987654e-05 2.46913580246914e-05 2.46913580246914e-05 2.46913580246914e-05 2.46913580246914e-05 2.46913580246914e-05 9.87654320987654e-05; % g D=0.1
0.173061728395062 0.226395061728395 9.87654320987654e-05 0.246395061728395 9.87654320987654e-05 0.353061728395062 9.87654320987654e-05 9.87654320987654e-05 9.87654320987654e-05 9.87654320987654e-05 9.87654320987654e-05 0.000395061728395062; % k D=0.1
9.87654320987654e-05 9.87654320987654e-05 0.999358024691358 9.87654320987654e-05 2.46913580246914e-05 9.87654320987654e-05 2.46913580246914e-05 2.46913580246914e-05 2.46913580246914e-05 2.46913580246914e-05 2.46913580246914e-05 9.87654320987654e-05; % n D=0.1
9.87654320987654e-05 9.87654320987654e-05 2.46913580246914e-05 9.87654320987654e-05 2.46913580246914e-05 9.87654320987654e-05 2.46913580246914e-05 2.46913580246914e-05 2.46913580246914e-05 0.999358024691358 2.46913580246914e-05 9.87654320987654e-05; % r D=0.1
0.000790123456790124 0.239456790123457 0.000197530864197531 0.31279012345679 0.000197530864197531 0.206123456790123 0.000197530864197531 0.000197530864197531 0.000197530864197531 0.000197530864197531 0.000197530864197531 0.239456790123457; % $ D=0.2
0.000197530864197531 0.000197530864197531 4.93827160493827e-05 0.000197530864197531 4.93827160493827e-05 0.000197530864197531 4.93827160493827e-05 4.93827160493827e-05 0.998716049382716 4.93827160493827e-05 4.93827160493827e-05 0.000197530864197531; % D D=0.2
0.000197530864197531 0.000197530864197531 4.93827160493827e-05 0.000197530864197531 4.93827160493827e-05 0.000197530864197531 4.93827160493827e-05 0.998716049382716 4.93827160493827e-05 4.93827160493827e-05 4.93827160493827e-05 0.000197530864197531; % F D=0.2
0.000197530864197531 0.000197530864197531 4.93827160493827e-05 0.000197530864197531 4.93827160493827e-05 0.000197530864197531 0.998716049382716 4.93827160493827e-05 4.93827160493827e-05 4.93827160493827e-05 4.93827160493827e-05 0.000197530864197531; % G D=0.2
0.25279012345679 0.000790123456790124 0.000197530864197531 0.206123456790123 0.000197530864197531 0.239456790123457 0.000197530864197531 0.000197530864197531 0.000197530864197531 0.000197530864197531 0.000197530864197531 0.299456790123457; % M D=0.2
0.000197530864197531 0.000197530864197531 4.93827160493827e-05 0.000197530864197531 4.93827160493827e-05 0.000197530864197531 4.93827160493827e-05 4.93827160493827e-05 4.93827160493827e-05 4.93827160493827e-05 0.998716049382716 0.000197530864197531; % N D=0.2
0.259456790123457 0.286123456790123 0.000197530864197531 0.000790123456790124 0.000197530864197531 0.199456790123457 0.000197530864197531 0.000197530864197531 0.000197530864197531 0.000197530864197531 0.000197530864197531 0.25279012345679; % V D=0.2
0.31279012345679 0.246123456790123 0.000197530864197531 0.23279012345679 0.000197530864197531 0.000790123456790124 0.000197530864197531 0.000197530864197531 0.000197530864197531 0.000197530864197531 0.000197530864197531 0.206123456790123; % Z D=0.2
0.000197530864197531 0.000197530864197531 4.93827160493827e-05 0.000197530864197531 0.998716049382716 0.000197530864197531 4.93827160493827e-05 4.93827160493827e-05 4.93827160493827e-05 4.93827160493827e-05 4.93827160493827e-05 0.000197530864197531; % g D=0.2
0.17279012345679 0.226123456790123 0.000197530864197531 0.246123456790123 0.000197530864197531 0.35279012345679 0.000197530864197531 0.000197530864197531 0.000197530864197531 0.000197530864197531 0.000197530864197531 0.000790123456790124; % k D=0.2
0.000197530864197531 0.000197530864197531 0.998716049382716 0.000197530864197531 4.93827160493827e-05 0.000197530864197531 4.93827160493827e-05 4.93827160493827e-05 4.93827160493827e-05 4.93827160493827e-05 4.93827160493827e-05 0.000197530864197531; % n D=0.2
0.000197530864197531 0.000197530864197531 4.93827160493827e-05 0.000197530864197531 4.93827160493827e-05 0.000197530864197531 4.93827160493827e-05 4.93827160493827e-05 4.93827160493827e-05 0.998716049382716 4.93827160493827e-05 0.000197530864197531; % r D=0.2
0.00118518518518519 0.239185185185185 0.000296296296296296 0.312518518518519 0.000296296296296296 0.205851851851852 0.000296296296296296 0.000296296296296296 0.000296296296296296 0.000296296296296296 0.000296296296296296 0.239185185185185; % $ D=0.3
0.000296296296296296 0.000296296296296296 7.40740740740741e-05 0.000296296296296296 7.40740740740741e-05 0.000296296296296296 7.40740740740741e-05 7.40740740740741e-05 0.998074074074074 7.40740740740741e-05 7.40740740740741e-05 0.000296296296296296; % D D=0.3
0.000296296296296296 0.000296296296296296 7.40740740740741e-05 0.000296296296296296 7.40740740740741e-05 0.000296296296296296 7.40740740740741e-05 0.998074074074074 7.40740740740741e-05 7.40740740740741e-05 7.40740740740741e-05 0.000296296296296296; % F D=0.3
0.000296296296296296 0.000296296296296296 7.40740740740741e-05 0.000296296296296296 7.40740740740741e-05 0.000296296296296296 0.998074074074074 7.40740740740741e-05 7.40740740740741e-05 7.40740740740741e-05 7.40740740740741e-05 0.000296296296296296; % G D=0.3
0.252518518518519 0.00118518518518519 0.000296296296296296 0.205851851851852 0.000296296296296296 0.239185185185185 0.000296296296296296 0.000296296296296296 0.000296296296296296 0.000296296296296296 0.000296296296296296 0.299185185185185; % M D=0.3
0.000296296296296296 0.000296296296296296 7.40740740740741e-05 0.000296296296296296 7.40740740740741e-05 0.000296296296296296 7.40740740740741e-05 7.40740740740741e-05 7.40740740740741e-05 7.40740740740741e-05 0.998074074074074 0.000296296296296296; % N D=0.3
0.259185185185185 0.285851851851852 0.000296296296296296 0.00118518518518519 0.000296296296296296 0.199185185185185 0.000296296296296296 0.000296296296296296 0.000296296296296296 0.000296296296296296 0.000296296296296296 0.252518518518519; % V D=0.3
0.312518518518519 0.245851851851852 0.000296296296296296 0.232518518518519 0.000296296296296296 0.00118518518518519 0.000296296296296296 0.000296296296296296 0.000296296296296296 0.000296296296296296 0.000296296296296296 0.205851851851852; % Z D=0.3
0.000296296296296296 0.000296296296296296 7.40740740740741e-05 0.000296296296296296 0.998074074074074 0.000296296296296296 7.40740740740741e-05 7.40740740740741e-05 7.40740740740741e-05 7.40740740740741e-05 7.40740740740741e-05 0.000296296296296296; % g D=0.3
0.172518518518519 0.225851851851852 0.000296296296296296 0.245851851851852 0.000296296296296296 0.352518518518519 0.000296296296296296 0.000296296296296296 0.000296296296296296 0.000296296296296296 0.000296296296296296 0.00118518518518519; % k D=0.3
0.000296296296296296 0.000296296296296296 0.998074074074074 0.000296296296296296 7.40740740740741e-05 0.000296296296296296 7.40740740740741e-05 7.40740740740741e-05 7.40740740740741e-05 7.40740740740741e-05 7.40740740740741e-05 0.000296296296296296; % n D=0.3
0.000296296296296296 0.000296296296296296 7.40740740740741e-05 0.000296296296296296 7.40740740740741e-05 0.000296296296296296 7.40740740740741e-05 7.40740740740741e-05 7.40740740740741e-05 0.998074074074074 7.40740740740741e-05 0.000296296296296296; % r D=0.3
0.00158024691358025 0.238913580246914 0.000395061728395062 0.312246913580247 0.000395061728395062 0.20558024691358 0.000395061728395062 0.000395061728395062 0.000395061728395062 0.000395061728395062 0.000395061728395062 0.238913580246914; % $ D=0.4
0.000395061728395062 0.000395061728395062 9.87654320987654e-05 0.000395061728395062 9.87654320987654e-05 0.000395061728395062 9.87654320987654e-05 9.87654320987654e-05 0.997432098765432 9.87654320987654e-05 9.87654320987654e-05 0.000395061728395062; % D D=0.4
0.000395061728395062 0.000395061728395062 9.87654320987654e-05 0.000395061728395062 9.87654320987654e-05 0.000395061728395062 9.87654320987654e-05 0.997432098765432 9.87654320987654e-05 9.87654320987654e-05 9.87654320987654e-05 0.000395061728395062; % F D=0.4
0.000395061728395062 0.000395061728395062 9.87654320987654e-05 0.000395061728395062 9.87654320987654e-05 0.000395061728395062 0.997432098765432 9.87654320987654e-05 9.87654320987654e-05 9.87654320987654e-05 9.87654320987654e-05 0.000395061728395062; % G D=0.4
0.252246913580247 0.00158024691358025 0.000395061728395062 0.20558024691358 0.000395061728395062 0.238913580246914 0.000395061728395062 0.000395061728395062 0.000395061728395062 0.000395061728395062 0.000395061728395062 0.298913580246914; % M D=0.4
0.000395061728395062 0.000395061728395062 9.87654320987654e-05 0.000395061728395062 9.87654320987654e-05 0.000395061728395062 9.87654320987654e-05 9.87654320987654e-05 9.87654320987654e-05 9.87654320987654e-05 0.997432098765432 0.000395061728395062; % N D=0.4
0.258913580246914 0.28558024691358 0.000395061728395062 0.00158024691358025 0.000395061728395062 0.198913580246914 0.000395061728395062 0.000395061728395062 0.000395061728395062 0.000395061728395062 0.000395061728395062 0.252246913580247; % V D=0.4
0.312246913580247 0.24558024691358 0.000395061728395062 0.232246913580247 0.000395061728395062 0.00158024691358025 0.000395061728395062 0.000395061728395062 0.000395061728395062 0.000395061728395062 0.000395061728395062 0.20558024691358; % Z D=0.4
0.000395061728395062 0.000395061728395062 9.87654320987654e-05 0.000395061728395062 0.997432098765432 0.000395061728395062 9.87654320987654e-05 9.87654320987654e-05 9.87654320987654e-05 9.87654320987654e-05 9.87654320987654e-05 0.000395061728395062; % g D=0.4
0.172246913580247 0.22558024691358 0.000395061728395062 0.24558024691358 0.000395061728395062 0.352246913580247 0.000395061728395062 0.000395061728395062 0.000395061728395062 0.000395061728395062 0.000395061728395062 0.00158024691358025; % k D=0.4
0.000395061728395062 0.000395061728395062 0.997432098765432 0.000395061728395062 9.87654320987654e-05 0.000395061728395062 9.87654320987654e-05 9.87654320987654e-05 9.87654320987654e-05 9.87654320987654e-05 9.87654320987654e-05 0.000395061728395062; % n D=0.4
0.000395061728395062 0.000395061728395062 9.87654320987654e-05 0.000395061728395062 9.87654320987654e-05 0.000395061728395062 9.87654320987654e-05 9.87654320987654e-05 9.87654320987654e-05 0.997432098765432 9.87654320987654e-05 0.000395061728395062; % r D=0.4
0.00197530864197531 0.238641975308642 0.000493827160493827 0.311975308641975 0.000493827160493827 0.205308641975309 0.000493827160493827 0.000493827160493827 0.000493827160493827 0.000493827160493827 0.000493827160493827 0.238641975308642; % $ D=0.5
0.000493827160493827 0.000493827160493827 0.000123456790123457 0.000493827160493827 0.000123456790123457 0.000493827160493827 0.000123456790123457 0.000123456790123457 0.99679012345679 0.000123456790123457 0.000123456790123457 0.000493827160493827; % D D=0.5
0.000493827160493827 0.000493827160493827 0.000123456790123457 0.000493827160493827 0.000123456790123457 0.000493827160493827 0.000123456790123457 0.99679012345679 0.000123456790123457 0.000123456790123457 0.000123456790123457 0.000493827160493827; % F D=0.5
0.000493827160493827 0.000493827160493827 0.000123456790123457 0.000493827160493827 0.000123456790123457 0.000493827160493827 0.99679012345679 0.000123456790123457 0.000123456790123457 0.000123456790123457 0.000123456790123457 0.000493827160493827; % G D=0.5
0.251975308641975 0.00197530864197531 0.000493827160493827 0.205308641975309 0.000493827160493827 0.238641975308642 0.000493827160493827 0.000493827160493827 0.000493827160493827 0.000493827160493827 0.000493827160493827 0.298641975308642; % M D=0.5
0.000493827160493827 0.000493827160493827 0.000123456790123457 0.000493827160493827 0.000123456790123457 0.000493827160493827 0.000123456790123457 0.000123456790123457 0.000123456790123457 0.000123456790123457 0.99679012345679 0.000493827160493827; % N D=0.5
0.258641975308642 0.285308641975309 0.000493827160493827 0.00197530864197531 0.000493827160493827 0.198641975308642 0.000493827160493827 0.000493827160493827 0.000493827160493827 0.000493827160493827 0.000493827160493827 0.251975308641975; % V D=0.5
0.311975308641975 0.245308641975309 0.000493827160493827 0.231975308641975 0.000493827160493827 0.00197530864197531 0.000493827160493827 0.000493827160493827 0.000493827160493827 0.000493827160493827 0.000493827160493827 0.205308641975309; % Z D=0.5
0.000493827160493827 0.000493827160493827 0.000123456790123457 0.000493827160493827 0.99679012345679 0.000493827160493827 0.000123456790123457 0.000123456790123457 0.000123456790123457 0.000123456790123457 0.000123456790123457 0.000493827160493827; % g D=0.5
0.171975308641975 0.225308641975309 0.000493827160493827 0.245308641975309 0.000493827160493827 0.351975308641975 0.000493827160493827 0.000493827160493827 0.000493827160493827 0.000493827160493827 0.000493827160493827 0.00197530864197531; % k D=0.5
0.000493827160493827 0.000493827160493827 0.99679012345679 0.000493827160493827 0.000123456790123457 0.000493827160493827 0.000123456790123457 0.000123456790123457 0.000123456790123457 0.000123456790123457 0.000123456790123457 0.000493827160493827; % n D=0.5
0.000493827160493827 0.000493827160493827 0.000123456790123457 0.000493827160493827 0.000123456790123457 0.000493827160493827 0.000123456790123457 0.000123456790123457 0.000123456790123457 0.99679012345679 0.000123456790123457 0.000493827160493827; % r D=0.5
0.00237037037037037 0.23837037037037 0.000592592592592593 0.311703703703704 0.000592592592592593 0.205037037037037 0.000592592592592593 0.000592592592592593 0.000592592592592593 0.000592592592592593 0.000592592592592593 0.23837037037037; % $ D=0.6
0.000592592592592593 0.000592592592592593 0.000148148148148148 0.000592592592592593 0.000148148148148148 0.000592592592592593 0.000148148148148148 0.000148148148148148 0.996148148148148 0.000148148148148148 0.000148148148148148 0.000592592592592593; % D D=0.6
0.000592592592592593 0.000592592592592593 0.000148148148148148 0.000592592592592593 0.000148148148148148 0.000592592592592593 0.000148148148148148 0.996148148148148 0.000148148148148148 0.000148148148148148 0.000148148148148148 0.000592592592592593; % F D=0.6
0.000592592592592593 0.000592592592592593 0.000148148148148148 0.000592592592592593 0.000148148148148148 0.000592592592592593 0.996148148148148 0.000148148148148148 0.000148148148148148 0.000148148148148148 0.000148148148148148 0.000592592592592593; % G D=0.6
0.251703703703704 0.00237037037037037 0.000592592592592593 0.205037037037037 0.000592592592592593 0.23837037037037 0.000592592592592593 0.000592592592592593 0.000592592592592593 0.000592592592592593 0.000592592592592593 0.29837037037037; % M D=0.6
0.000592592592592593 0.000592592592592593 0.000148148148148148 0.000592592592592593 0.000148148148148148 0.000592592592592593 0.000148148148148148 0.000148148148148148 0.000148148148148148 0.000148148148148148 0.996148148148148 0.000592592592592593; % N D=0.6
0.25837037037037 0.285037037037037 0.000592592592592593 0.00237037037037037 0.000592592592592593 0.19837037037037 0.000592592592592593 0.000592592592592593 0.000592592592592593 0.000592592592592593 0.000592592592592593 0.251703703703704; % V D=0.6
0.311703703703704 0.245037037037037 0.000592592592592593 0.231703703703704 0.000592592592592593 0.00237037037037037 0.000592592592592593 0.000592592592592593 0.000592592592592593 0.000592592592592593 0.000592592592592593 0.205037037037037; % Z D=0.6
0.000592592592592593 0.000592592592592593 0.000148148148148148 0.000592592592592593 0.996148148148148 0.000592592592592593 0.000148148148148148 0.000148148148148148 0.000148148148148148 0.000148148148148148 0.000148148148148148 0.000592592592592593; % g D=0.6
0.171703703703704 0.225037037037037 0.000592592592592593 0.245037037037037 0.000592592592592593 0.351703703703704 0.000592592592592593 0.000592592592592593 0.000592592592592593 0.000592592592592593 0.000592592592592593 0.00237037037037037; % k D=0.6
0.000592592592592593 0.000592592592592593 0.996148148148148 0.000592592592592593 0.000148148148148148 0.000592592592592593 0.000148148148148148 0.000148148148148148 0.000148148148148148 0.000148148148148148 0.000148148148148148 0.000592592592592593; % n D=0.6
0.000592592592592593 0.000592592592592593 0.000148148148148148 0.000592592592592593 0.000148148148148148 0.000592592592592593 0.000148148148148148 0.000148148148148148 0.000148148148148148 0.996148148148148 0.000148148148148148 0.000592592592592593; % r D=0.6
0.00276543209876543 0.238098765432099 0.000691358024691358 0.311432098765432 0.000691358024691358 0.204765432098765 0.000691358024691358 0.000691358024691358 0.000691358024691358 0.000691358024691358 0.000691358024691358 0.238098765432099; % $ D=0.7
0.000691358024691358 0.000691358024691358 0.000172839506172839 0.000691358024691358 0.000172839506172839 0.000691358024691358 0.000172839506172839 0.000172839506172839 0.995506172839506 0.000172839506172839 0.000172839506172839 0.000691358024691358; % D D=0.7
0.000691358024691358 0.000691358024691358 0.000172839506172839 0.000691358024691358 0.000172839506172839 0.000691358024691358 0.000172839506172839 0.995506172839506 0.000172839506172839 0.000172839506172839 0.000172839506172839 0.000691358024691358; % F D=0.7
0.000691358024691358 0.000691358024691358 0.000172839506172839 0.000691358024691358 0.000172839506172839 0.000691358024691358 0.995506172839506 0.000172839506172839 0.000172839506172839 0.000172839506172839 0.000172839506172839 0.000691358024691358; % G D=0.7
0.251432098765432 0.00276543209876543 0.000691358024691358 0.204765432098765 0.000691358024691358 0.238098765432099 0.000691358024691358 0.000691358024691358 0.000691358024691358 0.000691358024691358 0.000691358024691358 0.298098765432099; % M D=0.7
0.000691358024691358 0.000691358024691358 0.000172839506172839 0.000691358024691358 0.000172839506172839 0.000691358024691358 0.000172839506172839 0.000172839506172839 0.000172839506172839 0.000172839506172839 0.995506172839506 0.000691358024691358; % N D=0.7
0.258098765432099 0.284765432098765 0.000691358024691358 0.00276543209876543 0.000691358024691358 0.198098765432099 0.000691358024691358 0.000691358024691358 0.000691358024691358 0.000691358024691358 0.000691358024691358 0.251432098765432; % V D=0.7
0.311432098765432 0.244765432098765 0.000691358024691358 0.231432098765432 0.000691358024691358 0.00276543209876543 0.000691358024691358 0.000691358024691358 0.000691358024691358 0.000691358024691358 0.000691358024691358 0.204765432098765; % Z D=0.7
0.000691358024691358 0.000691358024691358 0.000172839506172839 0.000691358024691358 0.995506172839506 0.000691358024691358 0.000172839506172839 0.000172839506172839 0.000172839506172839 0.000172839506172839 0.000172839506172839 0.000691358024691358; % g D=0.7
0.171432098765432 0.224765432098765 0.000691358024691358 0.244765432098765 0.000691358024691358 0.351432098765432 0.000691358024691358 0.000691358024691358 0.000691358024691358 0.000691358024691358 0.000691358024691358 0.00276543209876543; % k D=0.7
0.000691358024691358 0.000691358024691358 0.995506172839506 0.000691358024691358 0.000172839506172839 0.000691358024691358 0.000172839506172839 0.000172839506172839 0.000172839506172839 0.000172839506172839 0.000172839506172839 0.000691358024691358; % n D=0.7
0.000691358024691358 0.000691358024691358 0.000172839506172839 0.000691358024691358 0.000172839506172839 0.000691358024691358 0.000172839506172839 0.000172839506172839 0.000172839506172839 0.995506172839506 0.000172839506172839 0.000691358024691358; % r D=0.7
0.00316049382716049 0.237827160493827 0.000790123456790124 0.31116049382716 0.000790123456790124 0.204493827160494 0.000790123456790124 0.000790123456790124 0.000790123456790124 0.000790123456790124 0.000790123456790124 0.237827160493827; % $ D=0.8
0.000790123456790124 0.000790123456790124 0.000197530864197531 0.000790123456790124 0.000197530864197531 0.000790123456790124 0.000197530864197531 0.000197530864197531 0.994864197530864 0.000197530864197531 0.000197530864197531 0.000790123456790124; % D D=0.8
0.000790123456790124 0.000790123456790124 0.000197530864197531 0.000790123456790124 0.000197530864197531 0.000790123456790124 0.000197530864197531 0.994864197530864 0.000197530864197531 0.000197530864197531 0.000197530864197531 0.000790123456790124; % F D=0.8
0.000790123456790124 0.000790123456790124 0.000197530864197531 0.000790123456790124 0.000197530864197531 0.000790123456790124 0.994864197530864 0.000197530864197531 0.000197530864197531 0.000197530864197531 0.000197530864197531 0.000790123456790124; % G D=0.8
0.251160493827161 0.00316049382716049 0.000790123456790124 0.204493827160494 0.000790123456790124 0.237827160493827 0.000790123456790124 0.000790123456790124 0.000790123456790124 0.000790123456790124 0.000790123456790124 0.297827160493827; % M D=0.8
0.000790123456790124 0.000790123456790124 0.000197530864197531 0.000790123456790124 0.000197530864197531 0.000790123456790124 0.000197530864197531 0.000197530864197531 0.000197530864197531 0.000197530864197531 0.994864197530864 0.000790123456790124; % N D=0.8
0.257827160493827 0.284493827160494 0.000790123456790124 0.00316049382716049 0.000790123456790124 0.197827160493827 0.000790123456790124 0.000790123456790124 0.000790123456790124 0.000790123456790124 0.000790123456790124 0.251160493827161; % V D=0.8
0.31116049382716 0.244493827160494 0.000790123456790124 0.231160493827161 0.000790123456790124 0.00316049382716049 0.000790123456790124 0.000790123456790124 0.000790123456790124 0.000790123456790124 0.000790123456790124 0.204493827160494; % Z D=0.8
0.000790123456790124 0.000790123456790124 0.000197530864197531 0.000790123456790124 0.994864197530864 0.000790123456790124 0.000197530864197531 0.000197530864197531 0.000197530864197531 0.000197530864197531 0.000197530864197531 0.000790123456790124; % g D=0.8
0.17116049382716 0.224493827160494 0.000790123456790124 0.244493827160494 0.000790123456790124 0.351160493827161 0.000790123456790124 0.000790123456790124 0.000790123456790124 0.000790123456790124 0.000790123456790124 0.00316049382716049; % k D=0.8
0.000790123456790124 0.000790123456790124 0.994864197530864 0.000790123456790124 0.000197530864197531 0.000790123456790124 0.000197530864197531 0.000197530864197531 0.000197530864197531 0.000197530864197531 0.000197530864197531 0.000790123456790124; % n D=0.8
0.000790123456790124 0.000790123456790124 0.000197530864197531 0.000790123456790124 0.000197530864197531 0.000790123456790124 0.000197530864197531 0.000197530864197531 0.000197530864197531 0.994864197530864 0.000197530864197531 0.000790123456790124; % r D=0.8
0.00355555555555556 0.237555555555556 0.000888888888888889 0.310888888888889 0.000888888888888889 0.204222222222222 0.000888888888888889 0.000888888888888889 0.000888888888888889 0.000888888888888889 0.000888888888888889 0.237555555555556; % $ D=0.9
0.000888888888888889 0.000888888888888889 0.000222222222222222 0.000888888888888889 0.000222222222222222 0.000888888888888889 0.000222222222222222 0.000222222222222222 0.994222222222222 0.000222222222222222 0.000222222222222222 0.000888888888888889; % D D=0.9
0.000888888888888889 0.000888888888888889 0.000222222222222222 0.000888888888888889 0.000222222222222222 0.000888888888888889 0.000222222222222222 0.994222222222222 0.000222222222222222 0.000222222222222222 0.000222222222222222 0.000888888888888889; % F D=0.9
0.000888888888888889 0.000888888888888889 0.000222222222222222 0.000888888888888889 0.000222222222222222 0.000888888888888889 0.994222222222222 0.000222222222222222 0.000222222222222222 0.000222222222222222 0.000222222222222222 0.000888888888888889; % G D=0.9
0.250888888888889 0.00355555555555556 0.000888888888888889 0.204222222222222 0.000888888888888889 0.237555555555556 0.000888888888888889 0.000888888888888889 0.000888888888888889 0.000888888888888889 0.000888888888888889 0.297555555555556; % M D=0.9
0.000888888888888889 0.000888888888888889 0.000222222222222222 0.000888888888888889 0.000222222222222222 0.000888888888888889 0.000222222222222222 0.000222222222222222 0.000222222222222222 0.000222222222222222 0.994222222222222 0.000888888888888889; % N D=0.9
0.257555555555556 0.284222222222222 0.000888888888888889 0.00355555555555556 0.000888888888888889 0.197555555555556 0.000888888888888889 0.000888888888888889 0.000888888888888889 0.000888888888888889 0.000888888888888889 0.250888888888889; % V D=0.9
0.310888888888889 0.244222222222222 0.000888888888888889 0.230888888888889 0.000888888888888889 0.00355555555555556 0.000888888888888889 0.000888888888888889 0.000888888888888889 0.000888888888888889 0.000888888888888889 0.204222222222222; % Z D=0.9
0.000888888888888889 0.000888888888888889 0.000222222222222222 0.000888888888888889 0.994222222222222 0.000888888888888889 0.000222222222222222 0.000222222222222222 0.000222222222222222 0.000222222222222222 0.000222222222222222 0.000888888888888889; % g D=0.9
0.170888888888889 0.224222222222222 0.000888888888888889 0.244222222222222 0.000888888888888889 0.350888888888889 0.000888888888888889 0.000888888888888889 0.000888888888888889 0.000888888888888889 0.000888888888888889 0.00355555555555556; % k D=0.9
0.000888888888888889 0.000888888888888889 0.994222222222222 0.000888888888888889 0.000222222222222222 0.000888888888888889 0.000222222222222222 0.000222222222222222 0.000222222222222222 0.000222222222222222 0.000222222222222222 0.000888888888888889; % n D=0.9
0.000888888888888889 0.000888888888888889 0.000222222222222222 0.000888888888888889 0.000222222222222222 0.000888888888888889 0.000222222222222222 0.000222222222222222 0.000222222222222222 0.994222222222222 0.000222222222222222 0.000888888888888889; % r D=0.9
0.00375308641975309 0.23741975308642 0.000938271604938272 0.310753086419753 0.000938271604938272 0.204086419753086 0.000938271604938272 0.000938271604938272 0.000938271604938272 0.000938271604938272 0.000938271604938272 0.23741975308642; % $ D=0.95
0.000938271604938272 0.000938271604938272 0.000234567901234568 0.000938271604938272 0.000234567901234568 0.000938271604938272 0.000234567901234568 0.000234567901234568 0.993901234567901 0.000234567901234568 0.000234567901234568 0.000938271604938272; % D D=0.95
0.000938271604938272 0.000938271604938272 0.000234567901234568 0.000938271604938272 0.000234567901234568 0.000938271604938272 0.000234567901234568 0.993901234567901 0.000234567901234568 0.000234567901234568 0.000234567901234568 0.000938271604938272; % F D=0.95
0.000938271604938272 0.000938271604938272 0.000234567901234568 0.000938271604938272 0.000234567901234568 0.000938271604938272 0.993901234567901 0.000234567901234568 0.000234567901234568 0.000234567901234568 0.000234567901234568 0.000938271604938272; % G D=0.95
0.250753086419753 0.00375308641975309 0.000938271604938272 0.204086419753086 0.000938271604938272 0.23741975308642 0.000938271604938272 0.000938271604938272 0.000938271604938272 0.000938271604938272 0.000938271604938272 0.29741975308642; % M D=0.95
0.000938271604938272 0.000938271604938272 0.000234567901234568 0.000938271604938272 0.000234567901234568 0.000938271604938272 0.000234567901234568 0.000234567901234568 0.000234567901234568 0.000234567901234568 0.993901234567901 0.000938271604938272; % N D=0.95
0.25741975308642 0.284086419753086 0.000938271604938272 0.00375308641975309 0.000938271604938272 0.19741975308642 0.000938271604938272 0.000938271604938272 0.000938271604938272 0.000938271604938272 0.000938271604938272 0.250753086419753; % V D=0.95
0.310753086419753 0.244086419753086 0.000938271604938272 0.230753086419753 0.000938271604938272 0.00375308641975309 0.000938271604938272 0.000938271604938272 0.000938271604938272 0.000938271604938272 0.000938271604938272 0.204086419753086; % Z D=0.95
0.000938271604938272 0.000938271604938272 0.000234567901234568 0.000938271604938272 0.993901234567901 0.000938271604938272 0.000234567901234568 0.000234567901234568 0.000234567901234568 0.000234567901234568 0.000234567901234568 0.000938271604938272; % g D=0.95
0.170753086419753 0.224086419753086 0.000938271604938272 0.244086419753086 0.000938271604938272 0.350753086419753 0.000938271604938272 0.000938271604938272 0.000938271604938272 0.000938271604938272 0.000938271604938272 0.00375308641975309; % k D=0.95
0.000938271604938272 0.000938271604938272 0.993901234567901 0.000938271604938272 0.000234567901234568 0.000938271604938272 0.000234567901234568 0.000234567901234568 0.000234567901234568 0.000234567901234568 0.000234567901234568 0.000938271604938272; % n D=0.95
0.000938271604938272 0.000938271604938272 0.000234567901234568 0.000938271604938272 0.000234567901234568 0.000938271604938272 0.000234567901234568 0.000234567901234568 0.000234567901234568 0.993901234567901 0.000234567901234568 0.000938271604938272]; % r D=0.95
