syllables = '$BDJMNVZbdfgkmnprvz';
discounts = [0.1 0.2 0.3 0.4 0.5 0.6 0.7 0.8 0.9 0.95];
kn_probs = [0.000436363636363636 0.146436363636364 0.133175757575758 0.199769696969697 7.27272727272727e-05 0.139769696969697 7.27272727272727e-05 0.146436363636364 0.23310303030303 7.27272727272727e-05 7.27272727272727e-05 7.27272727272727e-05 7.27272727272727e-05 7.27272727272727e-05 7.27272727272727e-05 7.27272727272727e-05 7.27272727272727e-05 7.27272727272727e-05 7.27272727272727e-05; % $ D=0.1
0.000109090909090909 0.000109090909090909 0.000127272727272727 0.000109090909090909 1.81818181818182e-05 0.000109090909090909 1.81818181818182e-05 0.000109090909090909 0.000109090909090909 1.81818181818182e-05 1.81818181818182e-05 1.81818181818182e-05 1.81818181818182e-05 0.999018181818182 1.81818181818182e-05 1.81818181818182e-05 1.81818181818182e-05 1.81818181818182e-05 1.81818181818182e-05; % B D=0.1
0.000109090909090909 0.000109090909090909 0.000127272727272727 0.000109090909090909 1.81818181818182e-05 0.000109090909090909 1.81818181818182e-05 0.000109090909090909 0.000109090909090909 1.81818181818182e-05 1.81818181818182e-05 1.81818181818182e-05 1.81818181818182e-05 1.81818181818182e-05 1.81818181818182e-05 1.81818181818182e-05 0.999018181818182 1.81818181818182e-05 1.81818181818182e-05; % D D=0.1
0.000109090909090909 0.000109090909090909 0.000127272727272727 0.000109090909090909 1.81818181818182e-05 0.000109090909090909 1.81818181818182e-05 0.000109090909090909 0.000109090909090909 1.81818181818182e-05 1.81818181818182e-05 1.81818181818182e-05 1.81818181818182e-05 1.81818181818182e-05 1.81818181818182e-05 1.81818181818182e-05 1.81818181818182e-05 0.999018181818182 1.81818181818182e-05; % J D=0.1
0.000109090909090909 0.000109090909090909 0.000127272727272727 0.000109090909090909 1.81818181818182e-05 0.000109090909090909 1.81818181818182e-05 0.000109090909090909 0.000109090909090909 1.81818181818182e-05 1.81818181818182e-05 0.999018181818182 1.81818181818182e-05 1.81818181818182e-05 1.81818181818182e-05 1.81818181818182e-05 1.81818181818182e-05 1.81818181818182e-05 1.81818181818182e-05; % M D=0.1
0.000109090909090909 0.000109090909090909 0.000127272727272727 0.000109090909090909 1.81818181818182e-05 0.000109090909090909 1.81818181818182e-05 0.000109090909090909 0.000109090909090909 1.81818181818182e-05 1.81818181818182e-05 1.81818181818182e-05 1.81818181818182e-05 1.81818181818182e-05 0.999018181818182 1.81818181818182e-05 1.81818181818182e-05 1.81818181818182e-05 1.81818181818182e-05; % N D=0.1
0.229654545454545 0.129654545454545 0.149763636363636 0.000654545454545455 0.000109090909090909 0.119654545454545 0.000109090909090909 0.149654545454545 0.219654545454545 0.000109090909090909 0.000109090909090909 0.000109090909090909 0.000109090909090909 0.000109090909090909 0.000109090909090909 0.000109090909090909 0.000109090909090909 0.000109090909090909 0.000109090909090909; % V D=0.1
0.000109090909090909 0.000109090909090909 0.000127272727272727 0.000109090909090909 1.81818181818182e-05 0.000109090909090909 1.81818181818182e-05 0.000109090909090909 0.000109090909090909 1.81818181818182e-05 0.999018181818182 1.81818181818182e-05 1.81818181818182e-05 1.81818181818182e-05 1.81818181818182e-05 1.81818181818182e-05 1.81818181818182e-05 1.81818181818182e-05 1.81818181818182e-05; % Z D=0.1
0.000109090909090909 0.000109090909090909 0.000127272727272727 0.000109090909090909 1.81818181818182e-05 0.000109090909090909 1.81818181818182e-05 0.000109090909090909 0.000109090909090909 1.81818181818182e-05 1.81818181818182e-05 1.81818181818182e-05 1.81818181818182e-05 1.81818181818182e-05 1.81818181818182e-05 0.999018181818182 1.81818181818182e-05 1.81818181818182e-05 1.81818181818182e-05; % b D=0.1
0.279763636363636 0.139763636363636 0.00989090909090909 0.119763636363636 0.000127272727272727 0.209763636363636 0.000127272727272727 0.139763636363636 0.0997636363636364 0.000127272727272727 0.000127272727272727 0.000127272727272727 0.000127272727272727 0.000127272727272727 0.000127272727272727 0.000127272727272727 0.000127272727272727 0.000127272727272727 0.000127272727272727; % d D=0.1
0.000109090909090909 0.000109090909090909 0.000127272727272727 0.000109090909090909 0.999018181818182 0.000109090909090909 1.81818181818182e-05 0.000109090909090909 0.000109090909090909 1.81818181818182e-05 1.81818181818182e-05 1.81818181818182e-05 1.81818181818182e-05 1.81818181818182e-05 1.81818181818182e-05 1.81818181818182e-05 1.81818181818182e-05 1.81818181818182e-05 1.81818181818182e-05; % f D=0.1
0.269654545454545 0.189654545454545 0.149763636363636 0.149654545454545 0.000109090909090909 0.169654545454545 0.000109090909090909 0.000654545454545455 0.0696545454545455 0.000109090909090909 0.000109090909090909 0.000109090909090909 0.000109090909090909 0.000109090909090909 0.000109090909090909 0.000109090909090909 0.000109090909090909 0.000109090909090909 0.000109090909090909; % g D=0.1
0.209654545454545 0.159654545454545 0.189763636363636 0.0596545454545455 0.000109090909090909 0.159654545454545 0.000109090909090909 0.219654545454545 0.000654545454545455 0.000109090909090909 0.000109090909090909 0.000109090909090909 0.000109090909090909 0.000109090909090909 0.000109090909090909 0.000109090909090909 0.000109090909090909 0.000109090909090909 0.000109090909090909; % k D=0.1
0.289654545454545 0.000654545454545455 0.149763636363636 0.119654545454545 0.000109090909090909 0.129654545454545 0.000109090909090909 0.159654545454545 0.149654545454545 0.000109090909090909 0.000109090909090909 0.000109090909090909 0.000109090909090909 0.000109090909090909 0.000109090909090909 0.000109090909090909 0.000109090909090909 0.000109090909090909 0.000109090909090909; % m D=0.1
0.219654545454545 0.159654545454545 0.149763636363636 0.249654545454545 0.000109090909090909 0.000654545454545455 0.000109090909090909 0.109654545454545 0.109654545454545 0.000109090909090909 0.000109090909090909 0.000109090909090909 0.000109090909090909 0.000109090909090909 0.000109090909090909 0.000109090909090909 0.000109090909090909 0.000109090909090909 0.000109090909090909; % n D=0.1
0.000109090909090909 0.000109090909090909 0.000127272727272727 0.000109090909090909 1.81818181818182e-05 0.000109090909090909 1.81818181818182e-05 0.000109090909090909 0.000109090909090909 1.81818181818182e-05 1.81818181818182e-05 1.81818181818182e-05 1.81818181818182e-05 1.81818181818182e-05 1.81818181818182e-05 1.81818181818182e-05 1.81818181818182e-05 1.81818181818182e-05 0.999018181818182; % p D=0.1
0.000109090909090909 0.000109090909090909 0.000127272727272727 0.000109090909090909 1.81818181818182e-05 0.000109090909090909 1.81818181818182e-05 0.000109090909090909 0.000109090909090909 0.999018181818182 1.81818181818182e-05 1.81818181818182e-05 1.81818181818182e-05 1.81818181818182e-05 1.81818181818182e-05 1.81818181818182e-05 1.81818181818182e-05 1.81818181818182e-05 1.81818181818182e-05; % r D=0.1
0.000109090909090909 0.000109090909090909 0.000127272727272727 0.000109090909090909 1.81818181818182e-05 0.000109090909090909 0.999018181818182 0.000109090909090909 0.000109090909090909 1.81818181818182e-05 1.81818181818182e-05 1.81818181818182e-05 1.81818181818182e-05 1.81818181818182e-05 1.81818181818182e-05 1.81818181818182e-05 1.81818181818182e-05 1.81818181818182e-05 1.81818181818182e-05; % v D=0.1
0.000109090909090909 0.000109090909090909 0.000127272727272727 0.000109090909090909 1.81818181818182e-05 0.000109090909090909 1.81818181818182e-05 0.000109090909090909 0.000109090909090909 1.81818181818182e-05 1.81818181818182e-05 1.81818181818182e-05 0.999018181818182 1.81818181818182e-05 1.81818181818182e-05 1.81818181818182e-05 1.81818181818182e-05 1.81818181818182e-05 1.81818181818182e-05; % z D=0.1
