syllables = '$DJMTZdklrtv';
discounts = [0.1 0.2 0.3 0.4 0.5 0.6 0.7 0.8 0.9 0.95];
kn_probs = [0.000395061728395062 0.233061728395062 0.326395061728395 9.87654320987654e-05 9.87654320987654e-05 9.87654320987654e-05 9.87654320987654e-05 0.179728395061728 9.87654320987654e-05 9.87654320987654e-05 9.87654320987654e-05 0.259728395061728; % $ D=0.1
9.87654320987654e-05 9.87654320987654e-05 9.87654320987654e-05 2.46913580246914e-05 2.46913580246914e-05 2.46913580246914e-05 2.46913580246914e-05 9.87654320987654e-05 2.46913580246914e-05 0.999358024691358 2.46913580246914e-05 9.87654320987654e-05; % D D=0.1
9.87654320987654e-05 9.87654320987654e-05 9.87654320987654e-05 2.46913580246914e-05 2.46913580246914e-05 2.46913580246914e-05 2.46913580246914e-05 9.87654320987654e-05 0.999358024691358 2.46913580246914e-05 2.46913580246914e-05 9.87654320987654e-05; % J D=0.1
0.246395061728395 0.293061728395062 0.000395061728395062 9.87654320987654e-05 9.87654320987654e-05 9.87654320987654e-05 9.87654320987654e-05 0.199728395061728 9.87654320987654e-05 9.87654320987654e-05 9.87654320987654e-05 0.259728395061728; % M D=0.1
0.219728395061728 0.206395061728395 0.253061728395062 9.87654320987654e-05 9.87654320987654e-05 9.87654320987654e-05 9.87654320987654e-05 0.319728395061728 9.87654320987654e-05 9.87654320987654e-05 9.87654320987654e-05 0.000395061728395062; % T D=0.1
0.279728395061728 0.266395061728395 0.219728395061728 9.87654320987654e-05 9.87654320987654e-05 9.87654320987654e-05 9.87654320987654e-05 0.000395061728395062 9.87654320987654e-05 9.87654320987654e-05 9.87654320987654e-05 0.233061728395062; % Z D=0.1
9.87654320987654e-05 9.87654320987654e-05 9.87654320987654e-05 2.46913580246914e-05 2.46913580246914e-05 2.46913580246914e-05 2.46913580246914e-05 9.87654320987654e-05 2.46913580246914e-05 2.46913580246914e-05 0.999358024691358 9.87654320987654e-05; % d D=0.1
9.87654320987654e-05 9.87654320987654e-05 9.87654320987654e-05 2.46913580246914e-05 2.46913580246914e-05 0.999358024691358 2.46913580246914e-05 9.87654320987654e-05 2.46913580246914e-05 2.46913580246914e-05 2.46913580246914e-05 9.87654320987654e-05; % k D=0.1
9.87654320987654e-05 9.87654320987654e-05 9.87654320987654e-05 0.999358024691358 2.46913580246914e-05 2.46913580246914e-05 2.46913580246914e-05 9.87654320987654e-05 2.46913580246914e-05 2.46913580246914e-05 2.46913580246914e-05 9.87654320987654e-05; % l D=0.1
9.87654320987654e-05 9.87654320987654e-05 9.87654320987654e-05 2.46913580246914e-05 2.46913580246914e-05 2.46913580246914e-05 0.999358024691358 9.87654320987654e-05 2.46913580246914e-05 2.46913580246914e-05 2.46913580246914e-05 9.87654320987654e-05; % r D=0.1
0.253061728395062 0.000395061728395062 0.199728395061728 9.87654320987654e-05 9.87654320987654e-05 9.87654320987654e-05 9.87654320987654e-05 0.299728395061728 9.87654320987654e-05 9.87654320987654e-05 9.87654320987654e-05 0.246395061728395; % t D=0.1
9.87654320987654e-05 9.87654320987654e-05 9.87654320987654e-05 2.46913580246914e-05 0.999358024691358 2.46913580246914e-05 2.46913580246914e-05 9.87654320987654e-05 2.46913580246914e-05 2.46913580246914e-05 2.46913580246914e-05 9.87654320987654e-05; % v D=0.1
0.000790123456790124 0.23279012345679 0.326123456790123 0.000197530864197531 0.000197530864197531 0.000197530864197531 0.000197530864197531 0.179456790123457 0.000197530864197531 0.000197530864197531 0.000197530864197531 0.259456790123457; % $ D=0.2
0.000197530864197531 0.000197530864197531 0.000197530864197531 4.93827160493827e-05 4.93827160493827e-05 4.93827160493827e-05 4.93827160493827e-05 0.000197530864197531 4.93827160493827e-05 0.998716049382716 4.93827160493827e-05 0.000197530864197531; % D D=0.2
0.000197530864197531 0.000197530864197531 0.000197530864197531 4.93827160493827e-05 4.93827160493827e-05 4.93827160493827e-05 4.93827160493827e-05 0.000197530864197531 0.998716049382716 4.93827160493827e-05 4.93827160493827e-05 0.000197530864197531; % J D=0.2
0.246123456790123 0.29279012345679 0.000790123456790124 0.000197530864197531 0.000197530864197531 0.000197530864197531 0.000197530864197531 0.199456790123457 0.000197530864197531 0.000197530864197531 0.000197530864197531 0.259456790123457; % M D=0.2
0.219456790123457 0.206123456790123 0.25279012345679 0.000197530864197531 0.000197530864197531 0.000197530864197531 0.000197530864197531 0.319456790123457 0.000197530864197531 0.000197530864197531 0.000197530864197531 0.000790123456790124; % T D=0.2
0.279456790123457 0.266123456790123 0.219456790123457 0.000197530864197531 0.000197530864197531 0.000197530864197531 0.000197530864197531 0.000790123456790124 0.000197530864197531 0.000197530864197531 0.000197530864197531 0.23279012345679; % Z D=0.2
0.000197530864197531 0.000197530864197531 0.000197530864197531 4.93827160493827e-05 4.93827160493827e-05 4.93827160493827e-05 4.93827160493827e-05 0.000197530864197531 4.93827160493827e-05 4.93827160493827e-05 0.998716049382716 0.000197530864197531; % d D=0.2
0.000197530864197531 0.000197530864197531 0.000197530864197531 4.93827160493827e-05 4.93827160493827e-05 0.998716049382716 4.93827160493827e-05 0.000197530864197531 4.93827160493827e-05 4.93827160493827e-05 4.93827160493827e-05 0.000197530864197531; % k D=0.2
0.000197530864197531 0.000197530864197531 0.000197530864197531 0.998716049382716 4.93827160493827e-05 4.93827160493827e-05 4.93827160493827e-05 0.000197530864197531 4.93827160493827e-05 4.93827160493827e-05 4.93827160493827e-05 0.000197530864197531; % l D=0.2
0.000197530864197531 0.000197530864197531 0.000197530864197531 4.93827160493827e-05 4.93827160493827e-05 4.93827160493827e-05 0.998716049382716 0.000197530864197531 4.93827160493827e-05 4.93827160493827e-05 4.93827160493827e-05 0.000197530864197531; % r D=0.2
0.25279012345679 0.000790123456790124 0.199456790123457 0.000197530864197531 0.000197530864197531 0.000197530864197531 0.000197530864197531 0.299456790123457 0.000197530864197531 0.000197530864197531 0.000197530864197531 0.246123456790123; % t D=0.2
0.000197530864197531 0.000197530864197531 0.000197530864197531 4.93827160493827e-05 0.998716049382716 4.93827160493827e-05 4.93827160493827e-05 0.000197530864197531 4.93827160493827e-05 4.93827160493827e-05 4.93827160493827e-05 0.000197530864197531; % v D=0.2
0.00118518518518519 0.232518518518519 0.325851851851852 0.000296296296296296 0.000296296296296296 0.000296296296296296 0.000296296296296296 0.179185185185185 0.000296296296296296 0.000296296296296296 0.000296296296296296 0.259185185185185; % $ D=0.3
0.000296296296296296 0.000296296296296296 0.000296296296296296 7.40740740740741e-05 7.40740740740741e-05 7.40740740740741e-05 7.40740740740741e-05 0.000296296296296296 7.40740740740741e-05 0.998074074074074 7.40740740740741e-05 0.000296296296296296; % D D=0.3
0.000296296296296296 0.000296296296296296 0.000296296296296296 7.40740740740741e-05 7.40740740740741e-05 7.40740740740741e-05 7.40740740740741e-05 0.000296296296296296 0.998074074074074 7.40740740740741e-05 7.40740740740741e-05 0.000296296296296296; % J D=0.3
0.245851851851852 0.292518518518519 0.00118518518518519 0.000296296296296296 0.000296296296296296 0.000296296296296296 0.000296296296296296 0.199185185185185 0.000296296296296296 0.000296296296296296 0.000296296296296296 0.259185185185185; % M D=0.3
0.219185185185185 0.205851851851852 0.252518518518519 0.000296296296296296 0.000296296296296296 0.000296296296296296 0.000296296296296296 0.319185185185185 0.000296296296296296 0.000296296296296296 0.000296296296296296 0.00118518518518519; % T D=0.3
0.279185185185185 0.265851851851852 0.219185185185185 0.000296296296296296 0.000296296296296296 0.000296296296296296 0.000296296296296296 0.00118518518518519 0.000296296296296296 0.000296296296296296 0.000296296296296296 0.232518518518519; % Z D=0.3
