syllables = '$FGRZkptvz';
discounts = [0.1 0.2 0.3 0.4 0.5 0.6 0.7 0.8 0.9 0.95];
kn_probs = [0.000285714285714286 9.52380952380953e-05 9.52380952380953e-05 9.52380952380953e-05 9.52380952380953e-05 9.52380952380953e-05 0.299714285714286 0.373047619047619 0.326380952380952 9.52380952380953e-05; % $ D=0.1
7.14285714285714e-05 2.38095238095238e-05 0.99952380952381 2.38095238095238e-05 2.38095238095238e-05 2.38095238095238e-05 9.52380952380952e-05 9.52380952380952e-05 9.52380952380952e-05 2.38095238095238e-05; % F D=0.1
7.14285714285714e-05 2.38095238095238e-05 2.38095238095238e-05 2.38095238095238e-05 2.38095238095238e-05 0.99952380952381 9.52380952380952e-05 9.52380952380952e-05 9.52380952380952e-05 2.38095238095238e-05; % G D=0.1
0.294785714285714 9.52380952380952e-05 9.52380952380952e-05 9.52380952380952e-05 9.52380952380952e-05 9.52380952380952e-05 0.249880952380952 0.244880952380952 0.209880952380952 9.52380952380952e-05; % R D=0.1
0.244785714285714 9.52380952380952e-05 9.52380952380952e-05 9.52380952380952e-05 9.52380952380952e-05 9.52380952380952e-05 0.199880952380952 0.284880952380952 0.269880952380952 9.52380952380952e-05; % Z D=0.1
0.209785714285714 9.52380952380952e-05 9.52380952380952e-05 9.52380952380952e-05 9.52380952380952e-05 9.52380952380952e-05 0.324880952380952 0.189880952380952 0.274880952380952 9.52380952380952e-05; % k D=0.1
7.14285714285714e-05 2.38095238095238e-05 2.38095238095238e-05 2.38095238095238e-05 2.38095238095238e-05 2.38095238095238e-05 9.52380952380952e-05 9.52380952380952e-05 9.52380952380952e-05 0.99952380952381; % p D=0.1
7.14285714285714e-05 0.99952380952381 2.38095238095238e-05 2.38095238095238e-05 2.38095238095238e-05 2.38095238095238e-05 9.52380952380952e-05 9.52380952380952e-05 9.52380952380952e-05 2.38095238095238e-05; % t D=0.1
7.14285714285714e-05 2.38095238095238e-05 2.38095238095238e-05 0.99952380952381 2.38095238095238e-05 2.38095238095238e-05 9.52380952380952e-05 9.52380952380952e-05 9.52380952380952e-05 2.38095238095238e-05; % v D=0.1
7.14285714285714e-05 2.38095238095238e-05 2.38095238095238e-05 2.38095238095238e-05 0.99952380952381 2.38095238095238e-05 9.52380952380952e-05 9.52380952380952e-05 9.52380952380952e-05 2.38095238095238e-05; % z D=0.1
0.000571428571428571 0.000190476190476191 0.000190476190476191 0.000190476190476191 0.000190476190476191 0.000190476190476191 0.299428571428571 0.372761904761905 0.326095238095238 0.000190476190476191; % $ D=0.2
0.000142857142857143 4.76190476190476e-05 0.999047619047619 4.76190476190476e-05 4.76190476190476e-05 4.76190476190476e-05 0.00019047619047619 0.00019047619047619 0.00019047619047619 4.76190476190476e-05; % F D=0.2
0.000142857142857143 4.76190476190476e-05 4.76190476190476e-05 4.76190476190476e-05 4.76190476190476e-05 0.999047619047619 0.00019047619047619 0.00019047619047619 0.00019047619047619 4.76190476190476e-05; % G D=0.2
0.294571428571429 0.00019047619047619 0.00019047619047619 0.00019047619047619 0.00019047619047619 0.00019047619047619 0.249761904761905 0.244761904761905 0.209761904761905 0.00019047619047619; % R D=0.2
0.244571428571429 0.00019047619047619 0.00019047619047619 0.00019047619047619 0.00019047619047619 0.00019047619047619 0.199761904761905 0.284761904761905 0.269761904761905 0.00019047619047619; % Z D=0.2
0.209571428571429 0.00019047619047619 0.00019047619047619 0.00019047619047619 0.00019047619047619 0.00019047619047619 0.324761904761905 0.189761904761905 0.274761904761905 0.00019047619047619; % k D=0.2
0.000142857142857143 4.76190476190476e-05 4.76190476190476e-05 4.76190476190476e-05 4.76190476190476e-05 4.76190476190476e-05 0.00019047619047619 0.00019047619047619 0.00019047619047619 0.999047619047619; % p D=0.2
0.000142857142857143 0.999047619047619 4.76190476190476e-05 4.76190476190476e-05 4.76190476190476e-05 4.76190476190476e-05 0.00019047619047619 0.00019047619047619 0.00019047619047619 4.76190476190476e-05; % t D=0.2
0.000142857142857143 4.76190476190476e-05 4.76190476190476e-05 0.999047619047619 4.76190476190476e-05 4.76190476190476e-05 0.00019047619047619 0.00019047619047619 0.00019047619047619 4.76190476190476e-05; % v D=0.2
0.000142857142857143 4.76190476190476e-05 4.76190476190476e-05 4.76190476190476e-05 0.999047619047619 4.76190476190476e-05 0.00019047619047619 0.00019047619047619 0.00019047619047619 4.76190476190476e-05; % z D=0.2
0.000857142857142857 0.000285714285714286 0.000285714285714286 0.000285714285714286 0.000285714285714286 0.000285714285714286 0.299142857142857 0.372476190476191 0.325809523809524 0.000285714285714286; % $ D=0.3
0.000214285714285714 7.14285714285714e-05 0.998571428571429 7.14285714285714e-05 7.14285714285714e-05 7.14285714285714e-05 0.000285714285714286 0.000285714285714286 0.000285714285714286 7.14285714285714e-05; % F D=0.3
0.000214285714285714 7.14285714285714e-05 7.14285714285714e-05 7.14285714285714e-05 7.14285714285714e-05 0.998571428571429 0.000285714285714286 0.000285714285714286 0.000285714285714286 7.14285714285714e-05; % G D=0.3
0.294357142857143 0.000285714285714286 0.000285714285714286 0.000285714285714286 0.000285714285714286 0.000285714285714286 0.249642857142857 0.244642857142857 0.209642857142857 0.000285714285714286; % R D=0.3
0.244357142857143 0.000285714285714286 0.000285714285714286 0.000285714285714286 0.000285714285714286 0.000285714285714286 0.199642857142857 0.284642857142857 0.269642857142857 0.000285714285714286; % Z D=0.3
0.209357142857143 0.000285714285714286 0.000285714285714286 0.000285714285714286 0.000285714285714286 0.000285714285714286 0.324642857142857 0.189642857142857 0.274642857142857 0.000285714285714286; % k D=0.3
0.000214285714285714 7.14285714285714e-05 7.14285714285714e-05 7.14285714285714e-05 7.14285714285714e-05 7.14285714285714e-05 0.000285714285714286 0.000285714285714286 0.000285714285714286 0.998571428571429; % p D=0.3
0.000214285714285714 0.998571428571429 7.14285714285714e-05 7.14285714285714e-05 7.14285714285714e-05 7.14285714285714e-05 0.000285714285714286 0.000285714285714286 0.000285714285714286 7.14285714285714e-05; % t D=0.3
0.000214285714285714 7.14285714285714e-05 7.14285714285714e-05 0.998571428571429 7.14285714285714e-05 7.14285714285714e-05 0.000285714285714286 0.000285714285714286 0.000285714285714286 7.14285714285714e-05; % v D=0.3
0.000214285714285714 7.14285714285714e-05 7.14285714285714e-05 7.14285714285714e-05 0.998571428571429 7.14285714285714e-05 0.000285714285714286 0.000285714285714286 0.000285714285714286 7.14285714285714e-05; % z D=0.3
0.00114285714285714 0.000380952380952381 0.000380952380952381 0.000380952380952381 0.000380952380952381 0.000380952380952381 0.298857142857143 0.372190476190476 0.32552380952381 0.000380952380952381; % $ D=0.4
0.000285714285714286 9.52380952380952e-05 0.998095238095238 9.52380952380952e-05 9.52380952380952e-05 9.52380952380952e-05 0.000380952380952381 0.000380952380952381 0.000380952380952381 9.52380952380952e-05; % F D=0.4
0.000285714285714286 9.52380952380952e-05 9.52380952380952e-05 9.52380952380952e-05 9.52380952380952e-05 0.998095238095238 0.000380952380952381 0.000380952380952381 0.000380952380952381 9.52380952380952e-05; % G D=0.4
0.294142857142857 0.000380952380952381 0.000380952380952381 0.000380952380952381 0.000380952380952381 0.000380952380952381 0.24952380952381 0.24452380952381 0.20952380952381 0.000380952380952381; % R D=0.4
0.244142857142857 0.000380952380952381 0.000380952380952381 0.000380952380952381 0.000380952380952381 0.000380952380952381 0.19952380952381 0.28452380952381 0.26952380952381 0.000380952380952381; % Z D=0.4
0.209142857142857 0.000380952380952381 0.000380952380952381 0.000380952380952381 0.000380952380952381 0.000380952380952381 0.324523809523809 0.18952380952381 0.27452380952381 0.000380952380952381; % k D=0.4
0.000285714285714286 9.52380952380952e-05 9.52380952380952e-05 9.52380952380952e-05 9.52380952380952e-05 9.52380952380952e-05 0.000380952380952381 0.000380952380952381 0.000380952380952381 0.998095238095238; % p D=0.4
