syllables = '$DGJPZdfgl';
discounts = [0.1 0.2 0.3 0.4 0.5 0.6 0.7 0.8 0.9 0.95];
kn_probs = [0.000315789473684211 0.000105263157894737 0.000105263157894737 0.000105263157894737 0.359649122807018 0.333087719298246 0.000105263157894737 0.000105263157894737 0.306315789473684 0.000105263157894737; % $ D=0.1
7.89473684210526e-05 2.63157894736842e-05 0.999526315789474 2.63157894736842e-05 7.89473684210526e-05 0.000105263157894737 2.63157894736842e-05 2.63157894736842e-05 7.89473684210526e-05 2.63157894736842e-05; % D D=0.1
7.89473684210526e-05 2.63157894736842e-05 2.63157894736842e-05 2.63157894736842e-05 7.89473684210526e-05 0.000105263157894737 0.999526315789474 2.63157894736842e-05 7.89473684210526e-05 2.63157894736842e-05; % G D=0.1
0.234736842105263 7.89473684210526e-05 7.89473684210526e-05 7.89473684210526e-05 0.000236842105263158 0.384815789473684 7.89473684210526e-05 7.89473684210526e-05 0.379736842105263 7.89473684210526e-05; % J D=0.1
7.89473684210526e-05 2.63157894736842e-05 2.63157894736842e-05 2.63157894736842e-05 7.89473684210526e-05 0.000105263157894737 2.63157894736842e-05 0.999526315789474 7.89473684210526e-05 2.63157894736842e-05; % P D=0.1
7.89473684210526e-05 2.63157894736842e-05 2.63157894736842e-05 2.63157894736842e-05 7.89473684210526e-05 0.000105263157894737 2.63157894736842e-05 2.63157894736842e-05 7.89473684210526e-05 0.999526315789474; % Z D=0.1
0.299736842105263 7.89473684210526e-05 7.89473684210526e-05 7.89473684210526e-05 0.349736842105263 0.349815789473684 7.89473684210526e-05 7.89473684210526e-05 0.000236842105263158 7.89473684210526e-05; % d D=0.1
7.89473684210526e-05 2.63157894736842e-05 2.63157894736842e-05 0.999526315789474 7.89473684210526e-05 0.000105263157894737 2.63157894736842e-05 2.63157894736842e-05 7.89473684210526e-05 2.63157894736842e-05; % f D=0.1
7.89473684210526e-05 0.999526315789474 2.63157894736842e-05 2.63157894736842e-05 7.89473684210526e-05 0.000105263157894737 2.63157894736842e-05 2.63157894736842e-05 7.89473684210526e-05 2.63157894736842e-05; % g D=0.1
0.214815789473684 0.000105263157894737 0.000105263157894737 0.000105263157894737 0.379815789473684 0.0149210526315789 0.000105263157894737 0.000105263157894737 0.389815789473684 0.000105263157894737; % l D=0.1
0.000631578947368421 0.000210526315789474 0.000210526315789474 0.000210526315789474 0.359298245614035 0.332842105263158 0.000210526315789474 0.000210526315789474 0.305964912280702 0.000210526315789474; % $ D=0.2
0.000157894736842105 5.26315789473684e-05 0.999052631578948 5.26315789473684e-05 0.000157894736842105 0.000210526315789474 5.26315789473684e-05 5.26315789473684e-05 0.000157894736842105 5.26315789473684e-05; % D D=0.2
0.000157894736842105 5.26315789473684e-05 5.26315789473684e-05 5.26315789473684e-05 0.000157894736842105 0.000210526315789474 0.999052631578948 5.26315789473684e-05 0.000157894736842105 5.26315789473684e-05; % G D=0.2
0.234473684210526 0.000157894736842105 0.000157894736842105 0.000157894736842105 0.000473684210526316 0.384631578947368 0.000157894736842105 0.000157894736842105 0.379473684210526 0.000157894736842105; % J D=0.2
0.000157894736842105 5.26315789473684e-05 5.26315789473684e-05 5.26315789473684e-05 0.000157894736842105 0.000210526315789474 5.26315789473684e-05 0.999052631578948 0.000157894736842105 5.26315789473684e-05; % P D=0.2
0.000157894736842105 5.26315789473684e-05 5.26315789473684e-05 5.26315789473684e-05 0.000157894736842105 0.000210526315789474 5.26315789473684e-05 5.26315789473684e-05 0.000157894736842105 0.999052631578948; % Z D=0.2
0.299473684210526 0.000157894736842105 0.000157894736842105 0.000157894736842105 0.349473684210526 0.349631578947368 0.000157894736842105 0.000157894736842105 0.000473684210526316 0.000157894736842105; % d D=0.2
0.000157894736842105 5.26315789473684e-05 5.26315789473684e-05 0.999052631578948 0.000157894736842105 0.000210526315789474 5.26315789473684e-05 5.26315789473684e-05 0.000157894736842105 5.26315789473684e-05; % f D=0.2
0.000157894736842105 0.999052631578948 5.26315789473684e-05 5.26315789473684e-05 0.000157894736842105 0.000210526315789474 5.26315789473684e-05 5.26315789473684e-05 0.000157894736842105 5.26315789473684e-05; % g D=0.2
0.214631578947368 0.000210526315789474 0.000210526315789474 0.000210526315789474 0.379631578947368 0.0148421052631579 0.000210526315789474 0.000210526315789474 0.389631578947368 0.000210526315789474; % l D=0.2
0.000947368421052632 0.00031578947368421 0.00031578947368421 0.00031578947368421 0.358947368421053 0.33259649122807 0.00031578947368421 0.00031578947368421 0.305614035087719 0.00031578947368421; % $ D=0.3
0.000236842105263158 7.89473684210526e-05 0.998578947368421 7.89473684210526e-05 0.000236842105263158 0.000315789473684211 7.89473684210526e-05 7.89473684210526e-05 0.000236842105263158 7.89473684210526e-05; % D D=0.3
0.000236842105263158 7.89473684210526e-05 7.89473684210526e-05 7.89473684210526e-05 0.000236842105263158 0.000315789473684211 0.998578947368421 7.89473684210526e-05 0.000236842105263158 7.89473684210526e-05; % G D=0.3
0.234210526315789 0.000236842105263158 0.000236842105263158 0.000236842105263158 0.000710526315789474 0.384447368421053 0.000236842105263158 0.000236842105263158 0.379210526315789 0.000236842105263158; % J D=0.3
0.000236842105263158 7.89473684210526e-05 7.89473684210526e-05 7.89473684210526e-05 0.000236842105263158 0.000315789473684211 7.89473684210526e-05 0.998578947368421 0.000236842105263158 7.89473684210526e-05; % P D=0.3
0.000236842105263158 7.89473684210526e-05 7.89473684210526e-05 7.89473684210526e-05 0.000236842105263158 0.000315789473684211 7.89473684210526e-05 7.89473684210526e-05 0.000236842105263158 0.998578947368421; % Z D=0.3
0.299210526315789 0.000236842105263158 0.000236842105263158 0.000236842105263158 0.34921052631579 0.349447368421053 0.000236842105263158 0.000236842105263158 0.000710526315789474 0.000236842105263158; % d D=0.3
0.000236842105263158 7.89473684210526e-05 7.89473684210526e-05 0.998578947368421 0.000236842105263158 0.000315789473684211 7.89473684210526e-05 7.89473684210526e-05 0.000236842105263158 7.89473684210526e-05; % f D=0.3
0.000236842105263158 0.998578947368421 7.89473684210526e-05 7.89473684210526e-05 0.000236842105263158 0.000315789473684211 7.89473684210526e-05 7.89473684210526e-05 0.000236842105263158 7.89473684210526e-05; % g D=0.3
0.214447368421053 0.000315789473684211 0.000315789473684211 0.000315789473684211 0.379447368421053 0.0147631578947368 0.000315789473684211 0.000315789473684211 0.389447368421053 0.000315789473684211; % l D=0.3
0.00126315789473684 0.000421052631578947 0.000421052631578947 0.000421052631578947 0.35859649122807 0.332350877192982 0.000421052631578947 0.000421052631578947 0.305263157894737 0.000421052631578947; % $ D=0.4
0.000315789473684211 0.000105263157894737 0.998105263157895 0.000105263157894737 0.000315789473684211 0.000421052631578947 0.000105263157894737 0.000105263157894737 0.000315789473684211 0.000105263157894737; % D D=0.4
0.000315789473684211 0.000105263157894737 0.000105263157894737 0.000105263157894737 0.000315789473684211 0.000421052631578947 0.998105263157895 0.000105263157894737 0.000315789473684211 0.000105263157894737; % G D=0.4
0.233947368421053 0.000315789473684211 0.000315789473684211 0.000315789473684211 0.000947368421052632 0.384263157894737 0.000315789473684211 0.000315789473684211 0.378947368421053 0.000315789473684211; % J D=0.4
0.000315789473684211 0.000105263157894737 0.000105263157894737 0.000105263157894737 0.000315789473684211 0.000421052631578947 0.000105263157894737 0.998105263157895 0.000315789473684211 0.000105263157894737; % P D=0.4
0.000315789473684211 0.000105263157894737 0.000105263157894737 0.000105263157894737 0.000315789473684211 0.000421052631578947 0.000105263157894737 0.000105263157894737 0.000315789473684211 0.998105263157895; % Z D=0.4
