syllables = '$BDFGKMPRZdkrvz';
discounts = [0.1 0.2 0.3 0.4 0.5 0.6 0.7 0.8 0.9 0.95];
kn_probs = [0.000416666666666667 8.33333333333333e-05 8.33333333333333e-05 8.33333333333333e-05 8.33333333333333e-05 0.206416666666667 8.33333333333333e-05 8.33333333333333e-05 8.33333333333333e-05 0.199833333333333 0.193083333333333 8.33333333333333e-05 8.33333333333333e-05 0.173083333333333 0.226416666666667; % $ D=0.1
0.000104166666666667 2.08333333333333e-05 0.9991875 2.08333333333333e-05 2.08333333333333e-05 0.000104166666666667 2.08333333333333e-05 2.08333333333333e-05 2.08333333333333e-05 0.000125 0.000104166666666667 2.08333333333333e-05 2.08333333333333e-05 0.000104166666666667 0.000104166666666667; % B D=0.1
0.241354166666667 0.000104166666666667 0.000104166666666667 0.000104166666666667 0.000104166666666667 0.000520833333333333 0.000104166666666667 0.000104166666666667 0.000104166666666667 0.141458333333333 0.208020833333333 0.000104166666666667 0.000104166666666667 0.166354166666667 0.241354166666667; % D D=0.1
0.258020833333333 0.000104166666666667 0.000104166666666667 0.000104166666666667 0.000104166666666667 0.191354166666667 0.000104166666666667 0.000104166666666667 0.000104166666666667 0.199791666666667 0.000520833333333333 0.000104166666666667 0.000104166666666667 0.183020833333333 0.166354166666667; % F D=0.1
0.2246875 0.000104166666666667 0.000104166666666667 0.000104166666666667 0.000104166666666667 0.191354166666667 0.000104166666666667 0.000104166666666667 0.000104166666666667 0.208125 0.183020833333333 0.000104166666666667 0.000104166666666667 0.000520833333333333 0.191354166666667; % G D=0.1
0.000104166666666667 0.9991875 2.08333333333333e-05 2.08333333333333e-05 2.08333333333333e-05 0.000104166666666667 2.08333333333333e-05 2.08333333333333e-05 2.08333333333333e-05 0.000125 0.000104166666666667 2.08333333333333e-05 2.08333333333333e-05 0.000104166666666667 0.000104166666666667; % K D=0.1
0.000104166666666667 2.08333333333333e-05 2.08333333333333e-05 2.08333333333333e-05 2.08333333333333e-05 0.000104166666666667 2.08333333333333e-05 0.9991875 2.08333333333333e-05 0.000125 0.000104166666666667 2.08333333333333e-05 2.08333333333333e-05 0.000104166666666667 0.000104166666666667; % M D=0.1
0.2246875 0.000104166666666667 0.000104166666666667 0.000104166666666667 0.000104166666666667 0.158020833333333 0.000104166666666667 0.000104166666666667 0.000104166666666667 0.191458333333333 0.208020833333333 0.000104166666666667 0.000104166666666667 0.216354166666667 0.000520833333333333; % P D=0.1
0.000104166666666667 2.08333333333333e-05 2.08333333333333e-05 2.08333333333333e-05 2.08333333333333e-05 0.000104166666666667 2.08333333333333e-05 2.08333333333333e-05 2.08333333333333e-05 0.000125 0.000104166666666667 2.08333333333333e-05 0.9991875 0.000104166666666667 0.000104166666666667; % R D=0.1
0.000104166666666667 2.08333333333333e-05 2.08333333333333e-05 2.08333333333333e-05 2.08333333333333e-05 0.000104166666666667 2.08333333333333e-05 2.08333333333333e-05 2.08333333333333e-05 0.000125 0.000104166666666667 0.9991875 2.08333333333333e-05 0.000104166666666667 0.000104166666666667; % Z D=0.1
0.000104166666666667 2.08333333333333e-05 2.08333333333333e-05 0.9991875 2.08333333333333e-05 0.000104166666666667 2.08333333333333e-05 2.08333333333333e-05 2.08333333333333e-05 0.000125 0.000104166666666667 2.08333333333333e-05 2.08333333333333e-05 0.000104166666666667 0.000104166666666667; % d D=0.1
0.000104166666666667 2.08333333333333e-05 2.08333333333333e-05 2.08333333333333e-05 2.08333333333333e-05 0.000104166666666667 2.08333333333333e-05 2.08333333333333e-05 0.9991875 0.000125 0.000104166666666667 2.08333333333333e-05 2.08333333333333e-05 0.000104166666666667 0.000104166666666667; % k D=0.1
0.299791666666667 0.000125 0.000125 0.000125 0.000125 0.199791666666667 0.000125 0.000125 0.000125 0.00825 0.158125 0.000125 0.000125 0.216458333333333 0.116458333333333; % r D=0.1
0.000104166666666667 2.08333333333333e-05 2.08333333333333e-05 2.08333333333333e-05 0.9991875 0.000104166666666667 2.08333333333333e-05 2.08333333333333e-05 2.08333333333333e-05 0.000125 0.000104166666666667 2.08333333333333e-05 2.08333333333333e-05 0.000104166666666667 0.000104166666666667; % v D=0.1
0.000104166666666667 2.08333333333333e-05 2.08333333333333e-05 2.08333333333333e-05 2.08333333333333e-05 0.000104166666666667 0.9991875 2.08333333333333e-05 2.08333333333333e-05 0.000125 0.000104166666666667 2.08333333333333e-05 2.08333333333333e-05 0.000104166666666667 0.000104166666666667; % z D=0.1
0.000833333333333333 0.000166666666666667 0.000166666666666667 0.000166666666666667 0.000166666666666667 0.206166666666667 0.000166666666666667 0.000166666666666667 0.000166666666666667 0.199666666666667 0.192833333333333 0.000166666666666667 0.000166666666666667 0.172833333333333 0.226166666666667; % $ D=0.2
0.000208333333333333 4.16666666666667e-05 0.998375 4.16666666666667e-05 4.16666666666667e-05 0.000208333333333333 4.16666666666667e-05 4.16666666666667e-05 4.16666666666667e-05 0.00025 0.000208333333333333 4.16666666666667e-05 4.16666666666667e-05 0.000208333333333333 0.000208333333333333; % B D=0.2
0.241041666666667 0.000208333333333333 0.000208333333333333 0.000208333333333333 0.000208333333333333 0.00104166666666667 0.000208333333333333 0.000208333333333333 0.000208333333333333 0.14125 0.207708333333333 0.000208333333333333 0.000208333333333333 0.166041666666667 0.241041666666667; % D D=0.2
0.257708333333333 0.000208333333333333 0.000208333333333333 0.000208333333333333 0.000208333333333333 0.191041666666667 0.000208333333333333 0.000208333333333333 0.000208333333333333 0.199583333333333 0.00104166666666667 0.000208333333333333 0.000208333333333333 0.182708333333333 0.166041666666667; % F D=0.2
0.224375 0.000208333333333333 0.000208333333333333 0.000208333333333333 0.000208333333333333 0.191041666666667 0.000208333333333333 0.000208333333333333 0.000208333333333333 0.207916666666667 0.182708333333333 0.000208333333333333 0.000208333333333333 0.00104166666666667 0.191041666666667; % G D=0.2
0.000208333333333333 0.998375 4.16666666666667e-05 4.16666666666667e-05 4.16666666666667e-05 0.000208333333333333 4.16666666666667e-05 4.16666666666667e-05 4.16666666666667e-05 0.00025 0.000208333333333333 4.16666666666667e-05 4.16666666666667e-05 0.000208333333333333 0.000208333333333333; % K D=0.2
0.000208333333333333 4.16666666666667e-05 4.16666666666667e-05 4.16666666666667e-05 4.16666666666667e-05 0.000208333333333333 4.16666666666667e-05 0.998375 4.16666666666667e-05 0.00025 0.000208333333333333 4.16666666666667e-05 4.16666666666667e-05 0.000208333333333333 0.000208333333333333; % M D=0.2
0.224375 0.000208333333333333 0.000208333333333333 0.000208333333333333 0.000208333333333333 0.157708333333333 0.000208333333333333 0.000208333333333333 0.000208333333333333 0.19125 0.207708333333333 0.000208333333333333 0.000208333333333333 0.216041666666667 0.00104166666666667; % P D=0.2
0.000208333333333333 4.16666666666667e-05 4.16666666666667e-05 4.16666666666667e-05 4.16666666666667e-05 0.000208333333333333 4.16666666666667e-05 4.16666666666667e-05 4.16666666666667e-05 0.00025 0.000208333333333333 4.16666666666667e-05 0.998375 0.000208333333333333 0.000208333333333333; % R D=0.2
0.000208333333333333 4.16666666666667e-05 4.16666666666667e-05 4.16666666666667e-05 4.16666666666667e-05 0.000208333333333333 4.16666666666667e-05 4.16666666666667e-05 4.16666666666667e-05 0.00025 0.000208333333333333 0.998375 4.16666666666667e-05 0.000208333333333333 0.000208333333333333; % Z D=0.2
0.000208333333333333 4.16666666666667e-05 4.16666666666667e-05 0.998375 4.16666666666667e-05 0.000208333333333333 4.16666666666667e-05 4.16666666666667e-05 4.16666666666667e-05 0.00025 0.000208333333333333 4.16666666666667e-05 4.16666666666667e-05 0.000208333333333333 0.000208333333333333; % d D=0.2
