syllables = '$DKRVZdgklpz';
discounts = [0.1 0.2 0.3 0.4 0.5 0.6 0.7 0.8 0.9 0.95];
kn_probs = [0.000395061728395062 9.87654320987654e-05 9.87654320987654e-05 9.87654320987654e-05 0.206395061728395 0.213061728395062 9.87654320987654e-05 9.87654320987654e-05 0.293061728395062 9.87654320987654e-05 9.87654320987654e-05 0.286395061728395; % $ D=0.1
9.87654320987654e-05 2.46913580246914e-05 2.46913580246914e-05 2.46913580246914e-05 9.87654320987654e-05 9.87654320987654e-05 2.46913580246914e-05 0.999358024691358 9.87654320987654e-05 2.46913580246914e-05 2.46913580246914e-05 9.87654320987654e-05; % D D=0.1
0.186395061728395 9.87654320987654e-05 9.87654320987654e-05 9.87654320987654e-05 0.286395061728395 0.293061728395062 9.87654320987654e-05 9.87654320987654e-05 0.233061728395062 9.87654320987654e-05 9.87654320987654e-05 0.000395061728395062; % K D=0.1
9.87654320987654e-05 2.46913580246914e-05 2.46913580246914e-05 2.46913580246914e-05 9.87654320987654e-05 9.87654320987654e-05 2.46913580246914e-05 2.46913580246914e-05 9.87654320987654e-05 2.46913580246914e-05 0.999358024691358 9.87654320987654e-05; % R D=0.1
9.87654320987654e-05 2.46913580246914e-05 2.46913580246914e-05 0.999358024691358 9.87654320987654e-05 9.87654320987654e-05 2.46913580246914e-05 2.46913580246914e-05 9.87654320987654e-05 2.46913580246914e-05 2.46913580246914e-05 9.87654320987654e-05; % V D=0.1
9.87654320987654e-05 0.999358024691358 2.46913580246914e-05 2.46913580246914e-05 9.87654320987654e-05 9.87654320987654e-05 2.46913580246914e-05 2.46913580246914e-05 9.87654320987654e-05 2.46913580246914e-05 2.46913580246914e-05 9.87654320987654e-05; % Z D=0.1
0.239728395061728 9.87654320987654e-05 9.87654320987654e-05 9.87654320987654e-05 0.233061728395062 0.253061728395062 9.87654320987654e-05 9.87654320987654e-05 0.000395061728395062 9.87654320987654e-05 9.87654320987654e-05 0.273061728395062; % d D=0.1
9.87654320987654e-05 2.46913580246914e-05 2.46913580246914e-05 2.46913580246914e-05 9.87654320987654e-05 9.87654320987654e-05 2.46913580246914e-05 2.46913580246914e-05 9.87654320987654e-05 0.999358024691358 2.46913580246914e-05 9.87654320987654e-05; % g D=0.1
9.87654320987654e-05 2.46913580246914e-05 2.46913580246914e-05 2.46913580246914e-05 9.87654320987654e-05 9.87654320987654e-05 0.999358024691358 2.46913580246914e-05 9.87654320987654e-05 2.46913580246914e-05 2.46913580246914e-05 9.87654320987654e-05; % k D=0.1
0.319728395061728 9.87654320987654e-05 9.87654320987654e-05 9.87654320987654e-05 0.273061728395062 0.000395061728395062 9.87654320987654e-05 9.87654320987654e-05 0.239728395061728 9.87654320987654e-05 9.87654320987654e-05 0.166395061728395; % l D=0.1
0.253061728395062 9.87654320987654e-05 9.87654320987654e-05 9.87654320987654e-05 0.000395061728395062 0.239728395061728 9.87654320987654e-05 9.87654320987654e-05 0.233061728395062 9.87654320987654e-05 9.87654320987654e-05 0.273061728395062; % p D=0.1
9.87654320987654e-05 2.46913580246914e-05 0.999358024691358 2.46913580246914e-05 9.87654320987654e-05 9.87654320987654e-05 2.46913580246914e-05 2.46913580246914e-05 9.87654320987654e-05 2.46913580246914e-05 2.46913580246914e-05 9.87654320987654e-05; % z D=0.1
0.000790123456790124 0.000197530864197531 0.000197530864197531 0.000197530864197531 0.206123456790123 0.21279012345679 0.000197530864197531 0.000197530864197531 0.29279012345679 0.000197530864197531 0.000197530864197531 0.286123456790123; % $ D=0.2
0.000197530864197531 4.93827160493827e-05 4.93827160493827e-05 4.93827160493827e-05 0.000197530864197531 0.000197530864197531 4.93827160493827e-05 0.998716049382716 0.000197530864197531 4.93827160493827e-05 4.93827160493827e-05 0.000197530864197531; % D D=0.2
0.186123456790123 0.000197530864197531 0.000197530864197531 0.000197530864197531 0.286123456790123 0.29279012345679 0.000197530864197531 0.000197530864197531 0.23279012345679 0.000197530864197531 0.000197530864197531 0.000790123456790124; % K D=0.2
0.000197530864197531 4.93827160493827e-05 4.93827160493827e-05 4.93827160493827e-05 0.000197530864197531 0.000197530864197531 4.93827160493827e-05 4.93827160493827e-05 0.000197530864197531 4.93827160493827e-05 0.998716049382716 0.000197530864197531; % R D=0.2
0.000197530864197531 4.93827160493827e-05 4.93827160493827e-05 0.998716049382716 0.000197530864197531 0.000197530864197531 4.93827160493827e-05 4.93827160493827e-05 0.000197530864197531 4.93827160493827e-05 4.93827160493827e-05 0.000197530864197531; % V D=0.2
0.000197530864197531 0.998716049382716 4.93827160493827e-05 4.93827160493827e-05 0.000197530864197531 0.000197530864197531 4.93827160493827e-05 4.93827160493827e-05 0.000197530864197531 4.93827160493827e-05 4.93827160493827e-05 0.000197530864197531; % Z D=0.2
0.239456790123457 0.000197530864197531 0.000197530864197531 0.000197530864197531 0.23279012345679 0.25279012345679 0.000197530864197531 0.000197530864197531 0.000790123456790124 0.000197530864197531 0.000197530864197531 0.27279012345679; % d D=0.2
0.000197530864197531 4.93827160493827e-05 4.93827160493827e-05 4.93827160493827e-05 0.000197530864197531 0.000197530864197531 4.93827160493827e-05 4.93827160493827e-05 0.000197530864197531 0.998716049382716 4.93827160493827e-05 0.000197530864197531; % g D=0.2
0.000197530864197531 4.93827160493827e-05 4.93827160493827e-05 4.93827160493827e-05 0.000197530864197531 0.000197530864197531 0.998716049382716 4.93827160493827e-05 0.000197530864197531 4.93827160493827e-05 4.93827160493827e-05 0.000197530864197531; % k D=0.2
0.319456790123457 0.000197530864197531 0.000197530864197531 0.000197530864197531 0.27279012345679 0.000790123456790124 0.000197530864197531 0.000197530864197531 0.239456790123457 0.000197530864197531 0.000197530864197531 0.166123456790123; % l D=0.2
0.25279012345679 0.000197530864197531 0.000197530864197531 0.000197530864197531 0.000790123456790124 0.239456790123457 0.000197530864197531 0.000197530864197531 0.23279012345679 0.000197530864197531 0.000197530864197531 0.27279012345679; % p D=0.2
0.000197530864197531 4.93827160493827e-05 0.998716049382716 4.93827160493827e-05 0.000197530864197531 0.000197530864197531 4.93827160493827e-05 4.93827160493827e-05 0.000197530864197531 4.93827160493827e-05 4.93827160493827e-05 0.000197530864197531; % z D=0.2
0.00118518518518519 0.000296296296296296 0.000296296296296296 0.000296296296296296 0.205851851851852 0.212518518518518 0.000296296296296296 0.000296296296296296 0.292518518518519 0.000296296296296296 0.000296296296296296 0.285851851851852; % $ D=0.3
0.000296296296296296 7.40740740740741e-05 7.40740740740741e-05 7.40740740740741e-05 0.000296296296296296 0.000296296296296296 7.40740740740741e-05 0.998074074074074 0.000296296296296296 7.40740740740741e-05 7.40740740740741e-05 0.000296296296296296; % D D=0.3
0.185851851851852 0.000296296296296296 0.000296296296296296 0.000296296296296296 0.285851851851852 0.292518518518519 0.000296296296296296 0.000296296296296296 0.232518518518519 0.000296296296296296 0.000296296296296296 0.00118518518518519; % K D=0.3
0.000296296296296296 7.40740740740741e-05 7.40740740740741e-05 7.40740740740741e-05 0.000296296296296296 0.000296296296296296 7.40740740740741e-05 7.40740740740741e-05 0.000296296296296296 7.40740740740741e-05 0.998074074074074 0.000296296296296296; % R D=0.3
0.000296296296296296 7.40740740740741e-05 7.40740740740741e-05 0.998074074074074 0.000296296296296296 0.000296296296296296 7.40740740740741e-05 7.40740740740741e-05 0.000296296296296296 7.40740740740741e-05 7.40740740740741e-05 0.000296296296296296; % V D=0.3
0.000296296296296296 0.998074074074074 7.40740740740741e-05 7.40740740740741e-05 0.000296296296296296 0.000296296296296296 7.40740740740741e-05 7.40740740740741e-05 0.000296296296296296 7.40740740740741e-05 7.40740740740741e-05 0.000296296296296296; % Z D=0.3
0.239185185185185 0.000296296296296296 0.000296296296296296 0.000296296296296296 0.232518518518519 0.252518518518519 0.000296296296296296 0.000296296296296296 0.00118518518518519 0.000296296296296296 0.000296296296296296 0.272518518518519; % d D=0.3
0.000296296296296296 7.40740740740741e-05 7.40740740740741e-05 7.40740740740741e-05 0.000296296296296296 0.000296296296296296 7.40740740740741e-05 7.40740740740741e-05 0.000296296296296296 0.998074074074074 7.40740740740741e-05 0.000296296296296296; % g D=0.3
0.000296296296296296 7.40740740740741e-05 7.40740740740741e-05 7.40740740740741e-05 0.000296296296296296 0.000296296296296296 0.998074074074074 7.40740740740741e-05 0.000296296296296296 7.40740740740741e-05 7.40740740740741e-05 0.000296296296296296; % k D=0.3
0.319185185185185 0.000296296296296296 0.000296296296296296 0.000296296296296296 0.272518518518519 0.00118518518518519 0.000296296296296296 0.000296296296296296 0.239185185185185 0.000296296296296296 0.000296296296296296 0.165851851851852; % l D=0.3
0.252518518518519 0.000296296296296296 0.000296296296296296 0.000296296296296296 0.00118518518518519 0.239185185185185 0.000296296296296296 0.000296296296296296 0.232518518518519 0.000296296296296296 0.000296296296296296 0.272518518518519; % p D=0.3
0.000296296296296296 7.40740740740741e-05 0.998074074074074 7.40740740740741e-05 0.000296296296296296 0.000296296296296296 7.40740740740741e-05 7.40740740740741e-05 0.000296296296296296 7.40740740740741e-05 7.40740740740741e-05 0.000296296296296296; % z D=0.3
0.00158024691358025 0.000395061728395062 0.000395061728395062 0.000395061728395062 0.20558024691358 0.212246913580247 0.000395061728395062 0.000395061728395062 0.292246913580247 0.000395061728395062 0.000395061728395062 0.28558024691358; % $ D=0.4
0.000395061728395062 9.87654320987654e-05 9.87654320987654e-05 9.87654320987654e-05 0.000395061728395062 0.000395061728395062 9.87654320987654e-05 0.997432098765432 0.000395061728395062 9.87654320987654e-05 9.87654320987654e-05 0.000395061728395062; % D D=0.4
0.18558024691358 0.000395061728395062 0.000395061728395062 0.000395061728395062 0.28558024691358 0.292246913580247 0.000395061728395062 0.000395061728395062 0.232246913580247 0.000395061728395062 0.000395061728395062 0.00158024691358025; % K D=0.4
0.000395061728395062 9.87654320987654e-05 9.87654320987654e-05 9.87654320987654e-05 0.000395061728395062 0.000395061728395062 9.87654320987654e-05 9.87654320987654e-05 0.000395061728395062 9.87654320987654e-05 0.997432098765432 0.000395061728395062; % R D=0.4
0.000395061728395062 9.87654320987654e-05 9.87654320987654e-05 0.997432098765432 0.000395061728395062 0.000395061728395062 9.87654320987654e-05 9.87654320987654e-05 0.000395061728395062 9.87654320987654e-05 9.87654320987654e-05 0.000395061728395062; % V D=0.4
0.000395061728395062 0.997432098765432 9.87654320987654e-05 9.87654320987654e-05 0.000395061728395062 0.000395061728395062 9.87654320987654e-05 9.87654320987654e-05 0.000395061728395062 9.87654320987654e-05 9.87654320987654e-05 0.000395061728395062; % Z D=0.4
0.238913580246914 0.000395061728395062 0.000395061728395062 0.000395061728395062 0.232246913580247 0.252246913580247 0.000395061728395062 0.000395061728395062 0.00158024691358025 0.000395061728395062 0.000395061728395062 0.272246913580247; % d D=0.4
0.000395061728395062 9.87654320987654e-05 9.87654320987654e-05 9.87654320987654e-05 0.000395061728395062 0.000395061728395062 9.87654320987654e-05 9.87654320987654e-05 0.000395061728395062 0.997432098765432 9.87654320987654e-05 0.000395061728395062; % g D=0.4
0.000395061728395062 9.87654320987654e-05 9.87654320987654e-05 9.87654320987654e-05 0.000395061728395062 0.000395061728395062 0.997432098765432 9.87654320987654e-05 0.000395061728395062 9.87654320987654e-05 9.87654320987654e-05 0.000395061728395062; % k D=0.4
0.318913580246914 0.000395061728395062 0.000395061728395062 0.000395061728395062 0.272246913580247 0.00158024691358025 0.000395061728395062 0.000395061728395062 0.238913580246914 0.000395061728395062 0.000395061728395062 0.16558024691358; % l D=0.4
0.252246913580247 0.000395061728395062 0.000395061728395062 0.000395061728395062 0.00158024691358025 0.238913580246914 0.000395061728395062 0.000395061728395062 0.232246913580247 0.000395061728395062 0.000395061728395062 0.272246913580247; % p D=0.4
0.000395061728395062 9.87654320987654e-05 0.997432098765432 9.87654320987654e-05 0.000395061728395062 0.000395061728395062 9.87654320987654e-05 9.87654320987654e-05 0.000395061728395062 9.87654320987654e-05 9.87654320987654e-05 0.000395061728395062; % z D=0.4
0.00197530864197531 0.000493827160493827 0.000493827160493827 0.000493827160493827 0.205308641975309 0.211975308641975 0.000493827160493827 0.000493827160493827 0.291975308641975 0.000493827160493827 0.000493827160493827 0.285308641975309; % $ D=0.5
0.000493827160493827 0.000123456790123457 0.000123456790123457 0.000123456790123457 0.000493827160493827 0.000493827160493827 0.000123456790123457 0.99679012345679 0.000493827160493827 0.000123456790123457 0.000123456790123457 0.000493827160493827; % D D=0.5
0.185308641975309 0.000493827160493827 0.000493827160493827 0.000493827160493827 0.285308641975309 0.291975308641975 0.000493827160493827 0.000493827160493827 0.231975308641975 0.000493827160493827 0.000493827160493827 0.00197530864197531; % K D=0.5
0.000493827160493827 0.000123456790123457 0.000123456790123457 0.000123456790123457 0.000493827160493827 0.000493827160493827 0.000123456790123457 0.000123456790123457 0.000493827160493827 0.000123456790123457 0.99679012345679 0.000493827160493827; % R D=0.5
0.000493827160493827 0.000123456790123457 0.000123456790123457 0.99679012345679 0.000493827160493827 0.000493827160493827 0.000123456790123457 0.000123456790123457 0.000493827160493827 0.000123456790123457 0.000123456790123457 0.000493827160493827; % V D=0.5
0.000493827160493827 0.99679012345679 0.000123456790123457 0.000123456790123457 0.000493827160493827 0.000493827160493827 0.000123456790123457 0.000123456790123457 0.000493827160493827 0.000123456790123457 0.000123456790123457 0.000493827160493827; % Z D=0.5
0.238641975308642 0.000493827160493827 0.000493827160493827 0.000493827160493827 0.231975308641975 0.251975308641975 0.000493827160493827 0.000493827160493827 0.00197530864197531 0.000493827160493827 0.000493827160493827 0.271975308641975; % d D=0.5
0.000493827160493827 0.000123456790123457 0.000123456790123457 0.000123456790123457 0.000493827160493827 0.000493827160493827 0.000123456790123457 0.000123456790123457 0.000493827160493827 0.99679012345679 0.000123456790123457 0.000493827160493827; % g D=0.5
0.000493827160493827 0.000123456790123457 0.000123456790123457 0.000123456790123457 0.000493827160493827 0.000493827160493827 0.99679012345679 0.000123456790123457 0.000493827160493827 0.000123456790123457 0.000123456790123457 0.000493827160493827; % k D=0.5
0.318641975308642 0.000493827160493827 0.000493827160493827 0.000493827160493827 0.271975308641975 0.00197530864197531 0.000493827160493827 0.000493827160493827 0.238641975308642 0.000493827160493827 0.000493827160493827 0.165308641975309; % l D=0.5
0.251975308641975 0.000493827160493827 0.000493827160493827 0.000493827160493827 0.00197530864197531 0.238641975308642 0.000493827160493827 0.000493827160493827 0.231975308641975 0.000493827160493827 0.000493827160493827 0.271975308641975; % p D=0.5
0.000493827160493827 0.000123456790123457 0.99679012345679 0.000123456790123457 0.000493827160493827 0.000493827160493827 0.000123456790123457 0.000123456790123457 0.000493827160493827 0.000123456790123457 0.000123456790123457 0.000493827160493827; % z D=0.5
0.00237037037037037 0.000592592592592593 0.000592592592592593 0.000592592592592593 0.205037037037037 0.211703703703704 0.000592592592592593 0.000592592592592593 0.291703703703704 0.000592592592592593 0.000592592592592593 0.285037037037037; % $ D=0.6
0.000592592592592593 0.000148148148148148 0.000148148148148148 0.000148148148148148 0.000592592592592593 0.000592592592592593 0.000148148148148148 0.996148148148148 0.000592592592592593 0.000148148148148148 0.000148148148148148 0.000592592592592593; % D D=0.6
0.185037037037037 0.000592592592592593 0.000592592592592593 0.000592592592592593 0.285037037037037 0.291703703703704 0.000592592592592593 0.000592592592592593 0.231703703703704 0.000592592592592593 0.000592592592592593 0.00237037037037037; % K D=0.6
0.000592592592592593 0.000148148148148148 0.000148148148148148 0.000148148148148148 0.000592592592592593 0.000592592592592593 0.000148148148148148 0.000148148148148148 0.000592592592592593 0.000148148148148148 0.996148148148148 0.000592592592592593; % R D=0.6
0.000592592592592593 0.000148148148148148 0.000148148148148148 0.996148148148148 0.000592592592592593 0.000592592592592593 0.000148148148148148 0.000148148148148148 0.000592592592592593 0.000148148148148148 0.000148148148148148 0.000592592592592593; % V D=0.6
0.000592592592592593 0.996148148148148 0.000148148148148148 0.000148148148148148 0.000592592592592593 0.000592592592592593 0.000148148148148148 0.000148148148148148 0.000592592592592593 0.000148148148148148 0.000148148148148148 0.000592592592592593; % Z D=0.6
0.23837037037037 0.000592592592592593 0.000592592592592593 0.000592592592592593 0.231703703703704 0.251703703703704 0.000592592592592593 0.000592592592592593 0.00237037037037037 0.000592592592592593 0.000592592592592593 0.271703703703704; % d D=0.6
0.000592592592592593 0.000148148148148148 0.000148148148148148 0.000148148148148148 0.000592592592592593 0.000592592592592593 0.000148148148148148 0.000148148148148148 0.000592592592592593 0.996148148148148 0.000148148148148148 0.000592592592592593; % g D=0.6
0.000592592592592593 0.000148148148148148 0.000148148148148148 0.000148148148148148 0.000592592592592593 0.000592592592592593 0.996148148148148 0.000148148148148148 0.000592592592592593 0.000148148148148148 0.000148148148148148 0.000592592592592593; % k D=0.6
0.31837037037037 0.000592592592592593 0.000592592592592593 0.000592592592592593 0.271703703703704 0.00237037037037037 0.000592592592592593 0.000592592592592593 0.23837037037037 0.000592592592592593 0.000592592592592593 0.165037037037037; % l D=0.6
0.251703703703704 0.000592592592592593 0.000592592592592593 0.000592592592592593 0.00237037037037037 0.23837037037037 0.000592592592592593 0.000592592592592593 0.231703703703704 0.000592592592592593 0.000592592592592593 0.271703703703704; % p D=0.6
0.000592592592592593 0.000148148148148148 0.996148148148148 0.000148148148148148 0.000592592592592593 0.000592592592592593 0.000148148148148148 0.000148148148148148 0.000592592592592593 0.000148148148148148 0.000148148148148148 0.000592592592592593; % z D=0.6
0.00276543209876543 0.000691358024691358 0.000691358024691358 0.000691358024691358 0.204765432098765 0.211432098765432 0.000691358024691358 0.000691358024691358 0.291432098765432 0.000691358024691358 0.000691358024691358 0.284765432098765; % $ D=0.7
0.000691358024691358 0.000172839506172839 0.000172839506172839 0.000172839506172839 0.000691358024691358 0.000691358024691358 0.000172839506172839 0.995506172839506 0.000691358024691358 0.000172839506172839 0.000172839506172839 0.000691358024691358; % D D=0.7
0.184765432098765 0.000691358024691358 0.000691358024691358 0.000691358024691358 0.284765432098765 0.291432098765432 0.000691358024691358 0.000691358024691358 0.231432098765432 0.000691358024691358 0.000691358024691358 0.00276543209876543; % K D=0.7
0.000691358024691358 0.000172839506172839 0.000172839506172839 0.000172839506172839 0.000691358024691358 0.000691358024691358 0.000172839506172839 0.000172839506172839 0.000691358024691358 0.000172839506172839 0.995506172839506 0.000691358024691358; % R D=0.7
0.000691358024691358 0.000172839506172839 0.000172839506172839 0.995506172839506 0.000691358024691358 0.000691358024691358 0.000172839506172839 0.000172839506172839 0.000691358024691358 0.000172839506172839 0.000172839506172839 0.000691358024691358; % V D=0.7
0.000691358024691358 0.995506172839506 0.000172839506172839 0.000172839506172839 0.000691358024691358 0.000691358024691358 0.000172839506172839 0.000172839506172839 0.000691358024691358 0.000172839506172839 0.000172839506172839 0.000691358024691358; % Z D=0.7
0.238098765432099 0.000691358024691358 0.000691358024691358 0.000691358024691358 0.231432098765432 0.251432098765432 0.000691358024691358 0.000691358024691358 0.00276543209876543 0.000691358024691358 0.000691358024691358 0.271432098765432; % d D=0.7
0.000691358024691358 0.000172839506172839 0.000172839506172839 0.000172839506172839 0.000691358024691358 0.000691358024691358 0.000172839506172839 0.000172839506172839 0.000691358024691358 0.995506172839506 0.000172839506172839 0.000691358024691358; % g D=0.7
0.000691358024691358 0.000172839506172839 0.000172839506172839 0.000172839506172839 0.000691358024691358 0.000691358024691358 0.995506172839506 0.000172839506172839 0.000691358024691358 0.000172839506172839 0.000172839506172839 0.000691358024691358; % k D=0.7
0.318098765432099 0.000691358024691358 0.000691358024691358 0.000691358024691358 0.271432098765432 0.00276543209876543 0.000691358024691358 0.000691358024691358 0.238098765432099 0.000691358024691358 0.000691358024691358 0.164765432098765; % l D=0.7
0.251432098765432 0.000691358024691358 0.000691358024691358 0.000691358024691358 0.00276543209876543 0.238098765432099 0.000691358024691358 0.000691358024691358 0.231432098765432 0.000691358024691358 0.000691358024691358 0.271432098765432; % p D=0.7
0.000691358024691358 0.000172839506172839 0.995506172839506 0.000172839506172839 0.000691358024691358 0.000691358024691358 0.000172839506172839 0.000172839506172839 0.000691358024691358 0.000172839506172839 0.000172839506172839 0.000691358024691358; % z D=0.7
0.00316049382716049 0.000790123456790124 0.000790123456790124 0.000790123456790124 0.204493827160494 0.21116049382716 0.000790123456790124 0.000790123456790124 0.291160493827161 0.000790123456790124 0.000790123456790124 0.284493827160494; % $ D=0.8
0.000790123456790124 0.000197530864197531 0.000197530864197531 0.000197530864197531 0.000790123456790124 0.000790123456790124 0.000197530864197531 0.994864197530864 0.000790123456790124 0.000197530864197531 0.000197530864197531 0.000790123456790124; % D D=0.8
0.184493827160494 0.000790123456790124 0.000790123456790124 0.000790123456790124 0.284493827160494 0.291160493827161 0.000790123456790124 0.000790123456790124 0.231160493827161 0.000790123456790124 0.000790123456790124 0.00316049382716049; % K D=0.8
0.000790123456790124 0.000197530864197531 0.000197530864197531 0.000197530864197531 0.000790123456790124 0.000790123456790124 0.000197530864197531 0.000197530864197531 0.000790123456790124 0.000197530864197531 0.994864197530864 0.000790123456790124; % R D=0.8
0.000790123456790124 0.000197530864197531 0.000197530864197531 0.994864197530864 0.000790123456790124 0.000790123456790124 0.000197530864197531 0.000197530864197531 0.000790123456790124 0.000197530864197531 0.000197530864197531 0.000790123456790124; % V D=0.8
0.000790123456790124 0.994864197530864 0.000197530864197531 0.000197530864197531 0.000790123456790124 0.000790123456790124 0.000197530864197531 0.000197530864197531 0.000790123456790124 0.000197530864197531 0.000197530864197531 0.000790123456790124; % Z D=0.8
0.237827160493827 0.000790123456790124 0.000790123456790124 0.000790123456790124 0.231160493827161 0.251160493827161 0.000790123456790124 0.000790123456790124 0.00316049382716049 0.000790123456790124 0.000790123456790124 0.271160493827161; % d D=0.8
0.000790123456790124 0.000197530864197531 0.000197530864197531 0.000197530864197531 0.000790123456790124 0.000790123456790124 0.000197530864197531 0.000197530864197531 0.000790123456790124 0.994864197530864 0.000197530864197531 0.000790123456790124; % g D=0.8
0.000790123456790124 0.000197530864197531 0.000197530864197531 0.000197530864197531 0.000790123456790124 0.000790123456790124 0.994864197530864 0.000197530864197531 0.000790123456790124 0.000197530864197531 0.000197530864197531 0.000790123456790124; % k D=0.8
0.317827160493827 0.000790123456790124 0.000790123456790124 0.000790123456790124 0.271160493827161 0.00316049382716049 0.000790123456790124 0.000790123456790124 0.237827160493827 0.000790123456790124 0.000790123456790124 0.164493827160494; % l D=0.8
0.251160493827161 0.000790123456790124 0.000790123456790124 0.000790123456790124 0.00316049382716049 0.237827160493827 0.000790123456790124 0.000790123456790124 0.231160493827161 0.000790123456790124 0.000790123456790124 0.271160493827161; % p D=0.8
0.000790123456790124 0.000197530864197531 0.994864197530864 0.000197530864197531 0.000790123456790124 0.000790123456790124 0.000197530864197531 0.000197530864197531 0.000790123456790124 0.000197530864197531 0.000197530864197531 0.000790123456790124; % z D=0.8
0.00355555555555556 0.000888888888888889 0.000888888888888889 0.000888888888888889 0.204222222222222 0.210888888888889 0.000888888888888889 0.000888888888888889 0.290888888888889 0.000888888888888889 0.000888888888888889 0.284222222222222; % $ D=0.9
0.000888888888888889 0.000222222222222222 0.000222222222222222 0.000222222222222222 0.000888888888888889 0.000888888888888889 0.000222222222222222 0.994222222222222 0.000888888888888889 0.000222222222222222 0.000222222222222222 0.000888888888888889; % D D=0.9
0.184222222222222 0.000888888888888889 0.000888888888888889 0.000888888888888889 0.284222222222222 0.290888888888889 0.000888888888888889 0.000888888888888889 0.230888888888889 0.000888888888888889 0.000888888888888889 0.00355555555555556; % K D=0.9
0.000888888888888889 0.000222222222222222 0.000222222222222222 0.000222222222222222 0.000888888888888889 0.000888888888888889 0.000222222222222222 0.000222222222222222 0.000888888888888889 0.000222222222222222 0.994222222222222 0.000888888888888889; % R D=0.9
0.000888888888888889 0.000222222222222222 0.000222222222222222 0.994222222222222 0.000888888888888889 0.000888888888888889 0.000222222222222222 0.000222222222222222 0.000888888888888889 0.000222222222222222 0.000222222222222222 0.000888888888888889; % V D=0.9
0.000888888888888889 0.994222222222222 0.000222222222222222 0.000222222222222222 0.000888888888888889 0.000888888888888889 0.000222222222222222 0.000222222222222222 0.000888888888888889 0.000222222222222222 0.000222222222222222 0.000888888888888889; % Z D=0.9
0.237555555555556 0.000888888888888889 0.000888888888888889 0.000888888888888889 0.230888888888889 0.250888888888889 0.000888888888888889 0.000888888888888889 0.00355555555555556 0.000888888888888889 0.000888888888888889 0.270888888888889; % d D=0.9
0.000888888888888889 0.000222222222222222 0.000222222222222222 0.000222222222222222 0.000888888888888889 0.000888888888888889 0.000222222222222222 0.000222222222222222 0.000888888888888889 0.994222222222222 0.000222222222222222 0.000888888888888889; % g D=0.9
0.000888888888888889 0.000222222222222222 0.000222222222222222 0.000222222222222222 0.000888888888888889 0.000888888888888889 0.994222222222222 0.000222222222222222 0.000888888888888889 0.000222222222222222 0.000222222222222222 0.000888888888888889; % k D=0.9
0.317555555555556 0.000888888888888889 0.000888888888888889 0.000888888888888889 0.270888888888889 0.00355555555555556 0.000888888888888889 0.000888888888888889 0.237555555555556 0.000888888888888889 0.000888888888888889 0.164222222222222; % l D=0.9
0.250888888888889 0.000888888888888889 0.000888888888888889 0.000888888888888889 0.00355555555555556 0.237555555555556 0.000888888888888889 0.000888888888888889 0.230888888888889 0.000888888888888889 0.000888888888888889 0.270888888888889; % p D=0.9
0.000888888888888889 0.000222222222222222 0.994222222222222 0.000222222222222222 0.000888888888888889 0.000888888888888889 0.000222222222222222 0.000222222222222222 0.000888888888888889 0.000222222222222222 0.000222222222222222 0.000888888888888889; % z D=0.9
0.00375308641975309 0.000938271604938272 0.000938271604938272 0.000938271604938272 0.204086419753086 0.210753086419753 0.000938271604938272 0.000938271604938272 0.290753086419753 0.000938271604938272 0.000938271604938272 0.284086419753086; % $ D=0.95
0.000938271604938272 0.000234567901234568 0.000234567901234568 0.000234567901234568 0.000938271604938272 0.000938271604938272 0.000234567901234568 0.993901234567901 0.000938271604938272 0.000234567901234568 0.000234567901234568 0.000938271604938272; % D D=0.95
0.184086419753086 0.000938271604938272 0.000938271604938272 0.000938271604938272 0.284086419753086 0.290753086419753 0.000938271604938272 0.000938271604938272 0.230753086419753 0.000938271604938272 0.000938271604938272 0.00375308641975309; % K D=0.95
0.000938271604938272 0.000234567901234568 0.000234567901234568 0.000234567901234568 0.000938271604938272 0.000938271604938272 0.000234567901234568 0.000234567901234568 0.000938271604938272 0.000234567901234568 0.993901234567901 0.000938271604938272; % R D=0.95
0.000938271604938272 0.000234567901234568 0.000234567901234568 0.993901234567901 0.000938271604938272 0.000938271604938272 0.000234567901234568 0.000234567901234568 0.000938271604938272 0.000234567901234568 0.000234567901234568 0.000938271604938272; % V D=0.95
0.000938271604938272 0.993901234567901 0.000234567901234568 0.000234567901234568 0.000938271604938272 0.000938271604938272 0.000234567901234568 0.000234567901234568 0.000938271604938272 0.000234567901234568 0.000234567901234568 0.000938271604938272; % Z D=0.95
0.23741975308642 0.000938271604938272 0.000938271604938272 0.000938271604938272 0.230753086419753 0.250753086419753 0.000938271604938272 0.000938271604938272 0.00375308641975309 0.000938271604938272 0.000938271604938272 0.270753086419753; % d D=0.95
0.000938271604938272 0.000234567901234568 0.000234567901234568 0.000234567901234568 0.000938271604938272 0.000938271604938272 0.000234567901234568 0.000234567901234568 0.000938271604938272 0.993901234567901 0.000234567901234568 0.000938271604938272; % g D=0.95
0.000938271604938272 0.000234567901234568 0.000234567901234568 0.000234567901234568 0.000938271604938272 0.000938271604938272 0.993901234567901 0.000234567901234568 0.000938271604938272 0.000234567901234568 0.000234567901234568 0.000938271604938272; % k D=0.95
0.31741975308642 0.000938271604938272 0.000938271604938272 0.000938271604938272 0.270753086419753 0.00375308641975309 0.000938271604938272 0.000938271604938272 0.23741975308642 0.000938271604938272 0.000938271604938272 0.164086419753086; % l D=0.95
0.250753086419753 0.000938271604938272 0.000938271604938272 0.000938271604938272 0.00375308641975309 0.23741975308642 0.000938271604938272 0.000938271604938272 0.230753086419753 0.000938271604938272 0.000938271604938272 0.270753086419753; % p D=0.95
0.000938271604938272 0.000234567901234568 0.993901234567901 0.000234567901234568 0.000938271604938272 0.000938271604938272 0.000234567901234568 0.000234567901234568 0.000938271604938272 0.000234567901234568 0.000234567901234568 0.000938271604938272]; % z D=0.95
