syllables = '$BDFJKLMNPTZbdglnpz';
discounts = [0.1 0.2 0.3 0.4 0.5 0.6 0.7 0.8 0.9 0.95];
kn_probs = [0.000436363636363636 0.159842424242424 7.27272727272727e-05 0.139769696969697 7.27272727272727e-05 0.159769696969697 7.27272727272727e-05 7.27272727272727e-05 7.27272727272727e-05 0.146436363636364 7.27272727272727e-05 7.27272727272727e-05 7.27272727272727e-05 0.17310303030303 7.27272727272727e-05 7.27272727272727e-05 7.27272727272727e-05 7.27272727272727e-05 0.219769696969697; % $ D=0.1
0.000109090909090909 0.000127272727272727 1.81818181818182e-05 0.000109090909090909 1.81818181818182e-05 0.000109090909090909 0.999018181818182 1.81818181818182e-05 1.81818181818182e-05 0.000109090909090909 1.81818181818182e-05 1.81818181818182e-05 1.81818181818182e-05 0.000109090909090909 1.81818181818182e-05 1.81818181818182e-05 1.81818181818182e-05 1.81818181818182e-05 0.000109090909090909; % B D=0.1
0.000109090909090909 0.000127272727272727 1.81818181818182e-05 0.000109090909090909 0.999018181818182 0.000109090909090909 1.81818181818182e-05 1.81818181818182e-05 1.81818181818182e-05 0.000109090909090909 1.81818181818182e-05 1.81818181818182e-05 1.81818181818182e-05 0.000109090909090909 1.81818181818182e-05 1.81818181818182e-05 1.81818181818182e-05 1.81818181818182e-05 0.000109090909090909; % D D=0.1
0.000109090909090909 0.000127272727272727 1.81818181818182e-05 0.000109090909090909 1.81818181818182e-05 0.000109090909090909 1.81818181818182e-05 1.81818181818182e-05 0.999018181818182 0.000109090909090909 1.81818181818182e-05 1.81818181818182e-05 1.81818181818182e-05 0.000109090909090909 1.81818181818182e-05 1.81818181818182e-05 1.81818181818182e-05 1.81818181818182e-05 0.000109090909090909; % F D=0.1
0.000109090909090909 0.000127272727272727 1.81818181818182e-05 0.000109090909090909 1.81818181818182e-05 0.000109090909090909 1.81818181818182e-05 1.81818181818182e-05 1.81818181818182e-05 0.000109090909090909 1.81818181818182e-05 1.81818181818182e-05 1.81818181818182e-05 0.000109090909090909 0.999018181818182 1.81818181818182e-05 1.81818181818182e-05 1.81818181818182e-05 0.000109090909090909; % J D=0.1
0.000109090909090909 0.000127272727272727 0.999018181818182 0.000109090909090909 1.81818181818182e-05 0.000109090909090909 1.81818181818182e-05 1.81818181818182e-05 1.81818181818182e-05 0.000109090909090909 1.81818181818182e-05 1.81818181818182e-05 1.81818181818182e-05 0.000109090909090909 1.81818181818182e-05 1.81818181818182e-05 1.81818181818182e-05 1.81818181818182e-05 0.000109090909090909; % K D=0.1
0.000109090909090909 0.000127272727272727 1.81818181818182e-05 0.000109090909090909 1.81818181818182e-05 0.000109090909090909 1.81818181818182e-05 0.999018181818182 1.81818181818182e-05 0.000109090909090909 1.81818181818182e-05 1.81818181818182e-05 1.81818181818182e-05 0.000109090909090909 1.81818181818182e-05 1.81818181818182e-05 1.81818181818182e-05 1.81818181818182e-05 0.000109090909090909; % L D=0.1
0.279763636363636 0.0198909090909091 0.000127272727272727 0.109763636363636 0.000127272727272727 0.139763636363636 0.000127272727272727 0.000127272727272727 0.000127272727272727 0.179763636363636 0.000127272727272727 0.000127272727272727 0.000127272727272727 0.129763636363636 0.000127272727272727 0.000127272727272727 0.000127272727272727 0.000127272727272727 0.139763636363636; % M D=0.1
0.000109090909090909 0.000127272727272727 1.81818181818182e-05 0.000109090909090909 1.81818181818182e-05 0.000109090909090909 1.81818181818182e-05 1.81818181818182e-05 1.81818181818182e-05 0.000109090909090909 1.81818181818182e-05 1.81818181818182e-05 1.81818181818182e-05 0.000109090909090909 1.81818181818182e-05 1.81818181818182e-05 1.81818181818182e-05 0.999018181818182 0.000109090909090909; % N D=0.1
0.000109090909090909 0.000127272727272727 1.81818181818182e-05 0.000109090909090909 1.81818181818182e-05 0.000109090909090909 1.81818181818182e-05 1.81818181818182e-05 1.81818181818182e-05 0.000109090909090909 1.81818181818182e-05 1.81818181818182e-05 0.999018181818182 0.000109090909090909 1.81818181818182e-05 1.81818181818182e-05 1.81818181818182e-05 1.81818181818182e-05 0.000109090909090909; % P D=0.1
0.219654545454545 0.159763636363636 0.000109090909090909 0.000654545454545455 0.000109090909090909 0.109654545454545 0.000109090909090909 0.000109090909090909 0.000109090909090909 0.149654545454545 0.000109090909090909 0.000109090909090909 0.000109090909090909 0.209654545454545 0.000109090909090909 0.000109090909090909 0.000109090909090909 0.000109090909090909 0.149654545454545; % T D=0.1
0.269654545454545 0.119763636363636 0.000109090909090909 0.189654545454545 0.000109090909090909 0.179654545454545 0.000109090909090909 0.000109090909090909 0.000109090909090909 0.139654545454545 0.000109090909090909 0.000109090909090909 0.000109090909090909 0.000654545454545455 0.000109090909090909 0.000109090909090909 0.000109090909090909 0.000109090909090909 0.0996545454545455; % Z D=0.1
0.000109090909090909 0.000127272727272727 1.81818181818182e-05 0.000109090909090909 1.81818181818182e-05 0.000109090909090909 1.81818181818182e-05 1.81818181818182e-05 1.81818181818182e-05 0.000109090909090909 1.81818181818182e-05 1.81818181818182e-05 1.81818181818182e-05 0.000109090909090909 1.81818181818182e-05 1.81818181818182e-05 0.999018181818182 1.81818181818182e-05 0.000109090909090909; % b D=0.1
0.000109090909090909 0.000127272727272727 1.81818181818182e-05 0.000109090909090909 1.81818181818182e-05 0.000109090909090909 1.81818181818182e-05 1.81818181818182e-05 1.81818181818182e-05 0.000109090909090909 1.81818181818182e-05 0.999018181818182 1.81818181818182e-05 0.000109090909090909 1.81818181818182e-05 1.81818181818182e-05 1.81818181818182e-05 1.81818181818182e-05 0.000109090909090909; % d D=0.1
0.219654545454545 0.179763636363636 0.000109090909090909 0.209654545454545 0.000109090909090909 0.000654545454545455 0.000109090909090909 0.000109090909090909 0.000109090909090909 0.159654545454545 0.000109090909090909 0.000109090909090909 0.000109090909090909 0.129654545454545 0.000109090909090909 0.000109090909090909 0.000109090909090909 0.000109090909090909 0.0996545454545455; % g D=0.1
0.269654545454545 0.0997636363636364 0.000109090909090909 0.139654545454545 0.000109090909090909 0.179654545454545 0.000109090909090909 0.000109090909090909 0.000109090909090909 0.149654545454545 0.000109090909090909 0.000109090909090909 0.000109090909090909 0.159654545454545 0.000109090909090909 0.000109090909090909 0.000109090909090909 0.000109090909090909 0.000654545454545455; % l D=0.1
0.239654545454545 0.179763636363636 0.000109090909090909 0.139654545454545 0.000109090909090909 0.149654545454545 0.000109090909090909 0.000109090909090909 0.000109090909090909 0.000654545454545455 0.000109090909090909 0.000109090909090909 0.000109090909090909 0.109654545454545 0.000109090909090909 0.000109090909090909 0.000109090909090909 0.000109090909090909 0.179654545454545; % n D=0.1
0.000109090909090909 0.000127272727272727 1.81818181818182e-05 0.000109090909090909 1.81818181818182e-05 0.000109090909090909 1.81818181818182e-05 1.81818181818182e-05 1.81818181818182e-05 0.000109090909090909 0.999018181818182 1.81818181818182e-05 1.81818181818182e-05 0.000109090909090909 1.81818181818182e-05 1.81818181818182e-05 1.81818181818182e-05 1.81818181818182e-05 0.000109090909090909; % p D=0.1
0.000109090909090909 0.000127272727272727 1.81818181818182e-05 0.000109090909090909 1.81818181818182e-05 0.000109090909090909 1.81818181818182e-05 1.81818181818182e-05 1.81818181818182e-05 0.000109090909090909 1.81818181818182e-05 1.81818181818182e-05 1.81818181818182e-05 0.000109090909090909 1.81818181818182e-05 0.999018181818182 1.81818181818182e-05 1.81818181818182e-05 0.000109090909090909; % z D=0.1
