syllables = '$BDFJKNPRTVZfgz';
discounts = [0.1 0.2 0.3 0.4 0.5 0.6 0.7 0.8 0.9 0.95];
kn_probs = [0.000416666666666667 8.33333333333333e-05 8.33333333333333e-05 0.193083333333333 0.213166666666667 0.146416666666667 8.33333333333333e-05 8.33333333333333e-05 8.33333333333333e-05 8.33333333333333e-05 0.233083333333333 8.33333333333333e-05 8.33333333333333e-05 0.213083333333333 8.33333333333333e-05; % $ D=0.1
0.000104166666666667 2.08333333333333e-05 0.9991875 0.000104166666666667 0.000125 0.000104166666666667 2.08333333333333e-05 2.08333333333333e-05 2.08333333333333e-05 2.08333333333333e-05 0.000104166666666667 2.08333333333333e-05 2.08333333333333e-05 0.000104166666666667 2.08333333333333e-05; % B D=0.1
0.283125 0.000125 0.000125 0.216458333333333 0.0249166666666667 0.141458333333333 0.000125 0.000125 0.000125 0.000125 0.174791666666667 0.000125 0.000125 0.158125 0.000125; % D D=0.1
0.000104166666666667 2.08333333333333e-05 2.08333333333333e-05 0.000104166666666667 0.000125 0.000104166666666667 2.08333333333333e-05 2.08333333333333e-05 2.08333333333333e-05 2.08333333333333e-05 0.000104166666666667 2.08333333333333e-05 2.08333333333333e-05 0.000104166666666667 0.9991875; % F D=0.1
0.000104166666666667 0.9991875 2.08333333333333e-05 0.000104166666666667 0.000125 0.000104166666666667 2.08333333333333e-05 2.08333333333333e-05 2.08333333333333e-05 2.08333333333333e-05 0.000104166666666667 2.08333333333333e-05 2.08333333333333e-05 0.000104166666666667 2.08333333333333e-05; % J D=0.1
0.000104166666666667 2.08333333333333e-05 2.08333333333333e-05 0.000104166666666667 0.000125 0.000104166666666667 2.08333333333333e-05 2.08333333333333e-05 2.08333333333333e-05 0.9991875 0.000104166666666667 2.08333333333333e-05 2.08333333333333e-05 0.000104166666666667 2.08333333333333e-05; % K D=0.1
0.191354166666667 0.000104166666666667 0.000104166666666667 0.166354166666667 0.233125 0.000520833333333333 0.000104166666666667 0.000104166666666667 0.000104166666666667 0.000104166666666667 0.1746875 0.000104166666666667 0.000104166666666667 0.233020833333333 0.000104166666666667; % N D=0.1
0.000104166666666667 2.08333333333333e-05 2.08333333333333e-05 0.000104166666666667 0.000125 0.000104166666666667 2.08333333333333e-05 2.08333333333333e-05 2.08333333333333e-05 2.08333333333333e-05 0.000104166666666667 0.9991875 2.08333333333333e-05 0.000104166666666667 2.08333333333333e-05; % P D=0.1
0.266354166666667 0.000104166666666667 0.000104166666666667 0.166354166666667 0.183125 0.2496875 0.000104166666666667 0.000104166666666667 0.000104166666666667 0.000104166666666667 0.000520833333333333 0.000104166666666667 0.000104166666666667 0.133020833333333 0.000104166666666667; % R D=0.1
0.000104166666666667 2.08333333333333e-05 2.08333333333333e-05 0.000104166666666667 0.000125 0.000104166666666667 0.9991875 2.08333333333333e-05 2.08333333333333e-05 2.08333333333333e-05 0.000104166666666667 2.08333333333333e-05 2.08333333333333e-05 0.000104166666666667 2.08333333333333e-05; % T D=0.1
0.000104166666666667 2.08333333333333e-05 2.08333333333333e-05 0.000104166666666667 0.000125 0.000104166666666667 2.08333333333333e-05 2.08333333333333e-05 0.9991875 2.08333333333333e-05 0.000104166666666667 2.08333333333333e-05 2.08333333333333e-05 0.000104166666666667 2.08333333333333e-05; % V D=0.1
0.000104166666666667 2.08333333333333e-05 2.08333333333333e-05 0.000104166666666667 0.000125 0.000104166666666667 2.08333333333333e-05 2.08333333333333e-05 2.08333333333333e-05 2.08333333333333e-05 0.000104166666666667 2.08333333333333e-05 0.9991875 0.000104166666666667 2.08333333333333e-05; % Z D=0.1
0.283020833333333 0.000104166666666667 0.000104166666666667 0.208020833333333 0.141458333333333 0.216354166666667 0.000104166666666667 0.000104166666666667 0.000104166666666667 0.000104166666666667 0.1496875 0.000104166666666667 0.000104166666666667 0.000520833333333333 0.000104166666666667; % f D=0.1
0.000104166666666667 2.08333333333333e-05 2.08333333333333e-05 0.000104166666666667 0.000125 0.000104166666666667 2.08333333333333e-05 0.9991875 2.08333333333333e-05 2.08333333333333e-05 0.000104166666666667 2.08333333333333e-05 2.08333333333333e-05 0.000104166666666667 2.08333333333333e-05; % g D=0.1
0.2246875 0.000104166666666667 0.000104166666666667 0.000520833333333333 0.149791666666667 0.208020833333333 0.000104166666666667 0.000104166666666667 0.000104166666666667 0.000104166666666667 0.208020833333333 0.000104166666666667 0.000104166666666667 0.208020833333333 0.000104166666666667; % z D=0.1
0.000833333333333333 0.000166666666666667 0.000166666666666667 0.192833333333333 0.213 0.146166666666667 0.000166666666666667 0.000166666666666667 0.000166666666666667 0.000166666666666667 0.232833333333333 0.000166666666666667 0.000166666666666667 0.212833333333333 0.000166666666666667; % $ D=0.2
0.000208333333333333 4.16666666666667e-05 0.998375 0.000208333333333333 0.00025 0.000208333333333333 4.16666666666667e-05 4.16666666666667e-05 4.16666666666667e-05 4.16666666666667e-05 0.000208333333333333 4.16666666666667e-05 4.16666666666667e-05 0.000208333333333333 4.16666666666667e-05; % B D=0.2
0.282916666666667 0.00025 0.00025 0.21625 0.0248333333333333 0.14125 0.00025 0.00025 0.00025 0.00025 0.174583333333333 0.00025 0.00025 0.157916666666667 0.00025; % D D=0.2
0.000208333333333333 4.16666666666667e-05 4.16666666666667e-05 0.000208333333333333 0.00025 0.000208333333333333 4.16666666666667e-05 4.16666666666667e-05 4.16666666666667e-05 4.16666666666667e-05 0.000208333333333333 4.16666666666667e-05 4.16666666666667e-05 0.000208333333333333 0.998375; % F D=0.2
0.000208333333333333 0.998375 4.16666666666667e-05 0.000208333333333333 0.00025 0.000208333333333333 4.16666666666667e-05 4.16666666666667e-05 4.16666666666667e-05 4.16666666666667e-05 0.000208333333333333 4.16666666666667e-05 4.16666666666667e-05 0.000208333333333333 4.16666666666667e-05; % J D=0.2
0.000208333333333333 4.16666666666667e-05 4.16666666666667e-05 0.000208333333333333 0.00025 0.000208333333333333 4.16666666666667e-05 4.16666666666667e-05 4.16666666666667e-05 0.998375 0.000208333333333333 4.16666666666667e-05 4.16666666666667e-05 0.000208333333333333 4.16666666666667e-05; % K D=0.2
0.191041666666667 0.000208333333333333 0.000208333333333333 0.166041666666667 0.232916666666667 0.00104166666666667 0.000208333333333333 0.000208333333333333 0.000208333333333333 0.000208333333333333 0.174375 0.000208333333333333 0.000208333333333333 0.232708333333333 0.000208333333333333; % N D=0.2
0.000208333333333333 4.16666666666667e-05 4.16666666666667e-05 0.000208333333333333 0.00025 0.000208333333333333 4.16666666666667e-05 4.16666666666667e-05 4.16666666666667e-05 4.16666666666667e-05 0.000208333333333333 0.998375 4.16666666666667e-05 0.000208333333333333 4.16666666666667e-05; % P D=0.2
0.266041666666667 0.000208333333333333 0.000208333333333333 0.166041666666667 0.182916666666667 0.249375 0.000208333333333333 0.000208333333333333 0.000208333333333333 0.000208333333333333 0.00104166666666667 0.000208333333333333 0.000208333333333333 0.132708333333333 0.000208333333333333; % R D=0.2
0.000208333333333333 4.16666666666667e-05 4.16666666666667e-05 0.000208333333333333 0.00025 0.000208333333333333 0.998375 4.16666666666667e-05 4.16666666666667e-05 4.16666666666667e-05 0.000208333333333333 4.16666666666667e-05 4.16666666666667e-05 0.000208333333333333 4.16666666666667e-05; % T D=0.2
0.000208333333333333 4.16666666666667e-05 4.16666666666667e-05 0.000208333333333333 0.00025 0.000208333333333333 4.16666666666667e-05 4.16666666666667e-05 0.998375 4.16666666666667e-05 0.000208333333333333 4.16666666666667e-05 4.16666666666667e-05 0.000208333333333333 4.16666666666667e-05; % V D=0.2
0.000208333333333333 4.16666666666667e-05 4.16666666666667e-05 0.000208333333333333 0.00025 0.000208333333333333 4.16666666666667e-05 4.16666666666667e-05 4.16666666666667e-05 4.16666666666667e-05 0.000208333333333333 4.16666666666667e-05 0.998375 0.000208333333333333 4.16666666666667e-05; % Z D=0.2
