syllables = '$DFJLMNTVbfgklp';
discounts = [0.1 0.2 0.3 0.4 0.5 0.6 0.7 0.8 0.9 0.95];
kn_probs = [0.000416666666666667 8.33333333333333e-05 8.33333333333333e-05 0.213083333333333 8.33333333333333e-05 8.33333333333333e-05 0.206416666666667 8.33333333333333e-05 0.213166666666667 8.33333333333333e-05 8.33333333333333e-05 8.33333333333333e-05 8.33333333333333e-05 0.113083333333333 0.253083333333333; % $ D=0.1
0.000104166666666667 2.08333333333333e-05 2.08333333333333e-05 0.000104166666666667 2.08333333333333e-05 0.9991875 0.000104166666666667 2.08333333333333e-05 0.000125 2.08333333333333e-05 2.08333333333333e-05 2.08333333333333e-05 2.08333333333333e-05 0.000104166666666667 0.000104166666666667; % D D=0.1
0.000104166666666667 2.08333333333333e-05 2.08333333333333e-05 0.000104166666666667 2.08333333333333e-05 2.08333333333333e-05 0.000104166666666667 0.9991875 0.000125 2.08333333333333e-05 2.08333333333333e-05 2.08333333333333e-05 2.08333333333333e-05 0.000104166666666667 0.000104166666666667; % F D=0.1
0.000104166666666667 2.08333333333333e-05 2.08333333333333e-05 0.000104166666666667 2.08333333333333e-05 2.08333333333333e-05 0.000104166666666667 2.08333333333333e-05 0.000125 0.9991875 2.08333333333333e-05 2.08333333333333e-05 2.08333333333333e-05 0.000104166666666667 0.000104166666666667; % J D=0.1
0.233020833333333 0.000104166666666667 0.000104166666666667 0.1746875 0.000104166666666667 0.000104166666666667 0.000520833333333333 0.000104166666666667 0.191458333333333 0.000104166666666667 0.000104166666666667 0.000104166666666667 0.000104166666666667 0.2246875 0.1746875; % L D=0.1
0.241354166666667 0.000104166666666667 0.000104166666666667 0.258020833333333 0.000104166666666667 0.000104166666666667 0.0996875 0.000104166666666667 0.224791666666667 0.000104166666666667 0.000104166666666667 0.000104166666666667 0.000104166666666667 0.1746875 0.000520833333333333; % M D=0.1
0.000104166666666667 2.08333333333333e-05 2.08333333333333e-05 0.000104166666666667 0.9991875 2.08333333333333e-05 0.000104166666666667 2.08333333333333e-05 0.000125 2.08333333333333e-05 2.08333333333333e-05 2.08333333333333e-05 2.08333333333333e-05 0.000104166666666667 0.000104166666666667; % N D=0.1
0.000104166666666667 2.08333333333333e-05 2.08333333333333e-05 0.000104166666666667 2.08333333333333e-05 2.08333333333333e-05 0.000104166666666667 2.08333333333333e-05 0.000125 2.08333333333333e-05 2.08333333333333e-05 2.08333333333333e-05 0.9991875 0.000104166666666667 0.000104166666666667; % T D=0.1
0.000104166666666667 2.08333333333333e-05 2.08333333333333e-05 0.000104166666666667 2.08333333333333e-05 2.08333333333333e-05 0.000104166666666667 2.08333333333333e-05 0.000125 2.08333333333333e-05 2.08333333333333e-05 0.9991875 2.08333333333333e-05 0.000104166666666667 0.000104166666666667; % V D=0.1
0.216354166666667 0.000104166666666667 0.000104166666666667 0.000520833333333333 0.000104166666666667 0.000104166666666667 0.1996875 0.000104166666666667 0.216458333333333 0.000104166666666667 0.000104166666666667 0.000104166666666667 0.000104166666666667 0.1996875 0.166354166666667; % b D=0.1
0.216458333333333 0.000125 0.000125 0.149791666666667 0.000125 0.000125 0.199791666666667 0.000125 0.00825 0.000125 0.000125 0.000125 0.000125 0.258125 0.166458333333333; % f D=0.1
0.000104166666666667 2.08333333333333e-05 2.08333333333333e-05 0.000104166666666667 2.08333333333333e-05 2.08333333333333e-05 0.000104166666666667 2.08333333333333e-05 0.000125 2.08333333333333e-05 0.9991875 2.08333333333333e-05 2.08333333333333e-05 0.000104166666666667 0.000104166666666667; % g D=0.1
0.341354166666667 0.000104166666666667 0.000104166666666667 0.1496875 0.000104166666666667 0.000104166666666667 0.241354166666667 0.000104166666666667 0.0914583333333333 0.000104166666666667 0.000104166666666667 0.000104166666666667 0.000104166666666667 0.000520833333333333 0.1746875; % k D=0.1
0.000104166666666667 2.08333333333333e-05 0.9991875 0.000104166666666667 2.08333333333333e-05 2.08333333333333e-05 0.000104166666666667 2.08333333333333e-05 0.000125 2.08333333333333e-05 2.08333333333333e-05 2.08333333333333e-05 2.08333333333333e-05 0.000104166666666667 0.000104166666666667; % l D=0.1
0.000104166666666667 0.9991875 2.08333333333333e-05 0.000104166666666667 2.08333333333333e-05 2.08333333333333e-05 0.000104166666666667 2.08333333333333e-05 0.000125 2.08333333333333e-05 2.08333333333333e-05 2.08333333333333e-05 2.08333333333333e-05 0.000104166666666667 0.000104166666666667; % p D=0.1
0.000833333333333333 0.000166666666666667 0.000166666666666667 0.212833333333333 0.000166666666666667 0.000166666666666667 0.206166666666667 0.000166666666666667 0.213 0.000166666666666667 0.000166666666666667 0.000166666666666667 0.000166666666666667 0.112833333333333 0.252833333333333; % $ D=0.2
0.000208333333333333 4.16666666666667e-05 4.16666666666667e-05 0.000208333333333333 4.16666666666667e-05 0.998375 0.000208333333333333 4.16666666666667e-05 0.00025 4.16666666666667e-05 4.16666666666667e-05 4.16666666666667e-05 4.16666666666667e-05 0.000208333333333333 0.000208333333333333; % D D=0.2
0.000208333333333333 4.16666666666667e-05 4.16666666666667e-05 0.000208333333333333 4.16666666666667e-05 4.16666666666667e-05 0.000208333333333333 0.998375 0.00025 4.16666666666667e-05 4.16666666666667e-05 4.16666666666667e-05 4.16666666666667e-05 0.000208333333333333 0.000208333333333333; % F D=0.2
0.000208333333333333 4.16666666666667e-05 4.16666666666667e-05 0.000208333333333333 4.16666666666667e-05 4.16666666666667e-05 0.000208333333333333 4.16666666666667e-05 0.00025 0.998375 4.16666666666667e-05 4.16666666666667e-05 4.16666666666667e-05 0.000208333333333333 0.000208333333333333; % J D=0.2
0.232708333333333 0.000208333333333333 0.000208333333333333 0.174375 0.000208333333333333 0.000208333333333333 0.00104166666666667 0.000208333333333333 0.19125 0.000208333333333333 0.000208333333333333 0.000208333333333333 0.000208333333333333 0.224375 0.174375; % L D=0.2
0.241041666666667 0.000208333333333333 0.000208333333333333 0.257708333333333 0.000208333333333333 0.000208333333333333 0.099375 0.000208333333333333 0.224583333333333 0.000208333333333333 0.000208333333333333 0.000208333333333333 0.000208333333333333 0.174375 0.00104166666666667; % M D=0.2
0.000208333333333333 4.16666666666667e-05 4.16666666666667e-05 0.000208333333333333 0.998375 4.16666666666667e-05 0.000208333333333333 4.16666666666667e-05 0.00025 4.16666666666667e-05 4.16666666666667e-05 4.16666666666667e-05 4.16666666666667e-05 0.000208333333333333 0.000208333333333333; % N D=0.2
0.000208333333333333 4.16666666666667e-05 4.16666666666667e-05 0.000208333333333333 4.16666666666667e-05 4.16666666666667e-05 0.000208333333333333 4.16666666666667e-05 0.00025 4.16666666666667e-05 4.16666666666667e-05 4.16666666666667e-05 0.998375 0.000208333333333333 0.000208333333333333; % T D=0.2
0.000208333333333333 4.16666666666667e-05 4.16666666666667e-05 0.000208333333333333 4.16666666666667e-05 4.16666666666667e-05 0.000208333333333333 4.16666666666667e-05 0.00025 4.16666666666667e-05 4.16666666666667e-05 0.998375 4.16666666666667e-05 0.000208333333333333 0.000208333333333333; % V D=0.2
0.216041666666667 0.000208333333333333 0.000208333333333333 0.00104166666666667 0.000208333333333333 0.000208333333333333 0.199375 0.000208333333333333 0.21625 0.000208333333333333 0.000208333333333333 0.000208333333333333 0.000208333333333333 0.199375 0.166041666666667; % b D=0.2
0.21625 0.00025 0.00025 0.149583333333333 0.00025 0.00025 0.199583333333333 0.00025 0.00816666666666667 0.00025 0.00025 0.00025 0.00025 0.257916666666667 0.16625; % f D=0.2
0.000208333333333333 4.16666666666667e-05 4.16666666666667e-05 0.000208333333333333 4.16666666666667e-05 4.16666666666667e-05 0.000208333333333333 4.16666666666667e-05 0.00025 4.16666666666667e-05 0.998375 4.16666666666667e-05 4.16666666666667e-05 0.000208333333333333 0.000208333333333333; % g D=0.2
0.341041666666667 0.000208333333333333 0.000208333333333333 0.149375 0.000208333333333333 0.000208333333333333 0.241041666666667 0.000208333333333333 0.09125 0.000208333333333333 0.000208333333333333 0.000208333333333333 0.000208333333333333 0.00104166666666667 0.174375; % k D=0.2
0.000208333333333333 4.16666666666667e-05 0.998375 0.000208333333333333 4.16666666666667e-05 4.16666666666667e-05 0.000208333333333333 4.16666666666667e-05 0.00025 4.16666666666667e-05 4.16666666666667e-05 4.16666666666667e-05 4.16666666666667e-05 0.000208333333333333 0.000208333333333333; % l D=0.2
0.000208333333333333 0.998375 4.16666666666667e-05 0.000208333333333333 4.16666666666667e-05 4.16666666666667e-05 0.000208333333333333 4.16666666666667e-05 0.00025 4.16666666666667e-05 4.16666666666667e-05 4.16666666666667e-05 4.16666666666667e-05 0.000208333333333333 0.000208333333333333; % p D=0.2
0.00125 0.00025 0.00025 0.212583333333333 0.00025 0.00025 0.205916666666667 0.00025 0.212833333333333 0.00025 0.00025 0.00025 0.00025 0.112583333333333 0.252583333333333; % $ D=0.3
0.0003125 6.25e-05 6.25e-05 0.0003125 6.25e-05 0.9975625 0.0003125 6.25e-05 0.000375 6.25e-05 6.25e-05 6.25e-05 6.25e-05 0.0003125 0.0003125; % D D=0.3
0.0003125 6.25e-05 6.25e-05 0.0003125 6.25e-05 6.25e-05 0.0003125 0.9975625 0.000375 6.25e-05 6.25e-05 6.25e-05 6.25e-05 0.0003125 0.0003125; % F D=0.3
0.0003125 6.25e-05 6.25e-05 0.0003125 6.25e-05 6.25e-05 0.0003125 6.25e-05 0.000375 0.9975625 6.25e-05 6.25e-05 6.25e-05 0.0003125 0.0003125; % J D=0.3
0.232395833333333 0.0003125 0.0003125 0.1740625 0.0003125 0.0003125 0.0015625 0.0003125 0.191041666666667 0.0003125 0.0003125 0.0003125 0.0003125 0.2240625 0.1740625; % L D=0.3
0.240729166666667 0.0003125 0.0003125 0.257395833333333 0.0003125 0.0003125 0.0990625 0.0003125 0.224375 0.0003125 0.0003125 0.0003125 0.0003125 0.1740625 0.0015625; % M D=0.3
0.0003125 6.25e-05 6.25e-05 0.0003125 0.9975625 6.25e-05 0.0003125 6.25e-05 0.000375 6.25e-05 6.25e-05 6.25e-05 6.25e-05 0.0003125 0.0003125; % N D=0.3
0.0003125 6.25e-05 6.25e-05 0.0003125 6.25e-05 6.25e-05 0.0003125 6.25e-05 0.000375 6.25e-05 6.25e-05 6.25e-05 0.9975625 0.0003125 0.0003125; % T D=0.3
0.0003125 6.25e-05 6.25e-05 0.0003125 6.25e-05 6.25e-05 0.0003125 6.25e-05 0.000375 6.25e-05 6.25e-05 0.9975625 6.25e-05 0.0003125 0.0003125; % V D=0.3
0.215729166666667 0.0003125 0.0003125 0.0015625 0.0003125 0.0003125 0.1990625 0.0003125 0.216041666666667 0.0003125 0.0003125 0.0003125 0.0003125 0.1990625 0.165729166666667; % b D=0.3
0.216041666666667 0.000375 0.000375 0.149375 0.000375 0.000375 0.199375 0.000375 0.00808333333333333 0.000375 0.000375 0.000375 0.000375 0.257708333333333 0.166041666666667; % f D=0.3
0.0003125 6.25e-05 6.25e-05 0.0003125 6.25e-05 6.25e-05 0.0003125 6.25e-05 0.000375 6.25e-05 0.9975625 6.25e-05 6.25e-05 0.0003125 0.0003125; % g D=0.3
0.340729166666667 0.0003125 0.0003125 0.1490625 0.0003125 0.0003125 0.240729166666667 0.0003125 0.0910416666666667 0.0003125 0.0003125 0.0003125 0.0003125 0.0015625 0.1740625; % k D=0.3
0.0003125 6.25e-05 0.9975625 0.0003125 6.25e-05 6.25e-05 0.0003125 6.25e-05 0.000375 6.25e-05 6.25e-05 6.25e-05 6.25e-05 0.0003125 0.0003125; % l D=0.3
0.0003125 0.9975625 6.25e-05 0.0003125 6.25e-05 6.25e-05 0.0003125 6.25e-05 0.000375 6.25e-05 6.25e-05 6.25e-05 6.25e-05 0.0003125 0.0003125; % p D=0.3
0.00166666666666667 0.000333333333333333 0.000333333333333333 0.212333333333333 0.000333333333333333 0.000333333333333333 0.205666666666667 0.000333333333333333 0.212666666666667 0.000333333333333333 0.000333333333333333 0.000333333333333333 0.000333333333333333 0.112333333333333 0.252333333333333; % $ D=0.4
0.000416666666666667 8.33333333333333e-05 8.33333333333333e-05 0.000416666666666667 8.33333333333333e-05 0.99675 0.000416666666666667 8.33333333333333e-05 0.0005 8.33333333333333e-05 8.33333333333333e-05 8.33333333333333e-05 8.33333333333333e-05 0.000416666666666667 0.000416666666666667; % D D=0.4
0.000416666666666667 8.33333333333333e-05 8.33333333333333e-05 0.000416666666666667 8.33333333333333e-05 8.33333333333333e-05 0.000416666666666667 0.99675 0.0005 8.33333333333333e-05 8.33333333333333e-05 8.33333333333333e-05 8.33333333333333e-05 0.000416666666666667 0.000416666666666667; % F D=0.4
0.000416666666666667 8.33333333333333e-05 8.33333333333333e-05 0.000416666666666667 8.33333333333333e-05 8.33333333333333e-05 0.000416666666666667 8.33333333333333e-05 0.0005 0.99675 8.33333333333333e-05 8.33333333333333e-05 8.33333333333333e-05 0.000416666666666667 0.000416666666666667; % J D=0.4
0.232083333333333 0.000416666666666667 0.000416666666666667 0.17375 0.000416666666666667 0.000416666666666667 0.00208333333333333 0.000416666666666667 0.190833333333333 0.000416666666666667 0.000416666666666667 0.000416666666666667 0.000416666666666667 0.22375 0.17375; % L D=0.4
0.240416666666667 0.000416666666666667 0.000416666666666667 0.257083333333333 0.000416666666666667 0.000416666666666667 0.09875 0.000416666666666667 0.224166666666667 0.000416666666666667 0.000416666666666667 0.000416666666666667 0.000416666666666667 0.17375 0.00208333333333333; % M D=0.4
0.000416666666666667 8.33333333333333e-05 8.33333333333333e-05 0.000416666666666667 0.99675 8.33333333333333e-05 0.000416666666666667 8.33333333333333e-05 0.0005 8.33333333333333e-05 8.33333333333333e-05 8.33333333333333e-05 8.33333333333333e-05 0.000416666666666667 0.000416666666666667; % N D=0.4
0.000416666666666667 8.33333333333333e-05 8.33333333333333e-05 0.000416666666666667 8.33333333333333e-05 8.33333333333333e-05 0.000416666666666667 8.33333333333333e-05 0.0005 8.33333333333333e-05 8.33333333333333e-05 8.33333333333333e-05 0.99675 0.000416666666666667 0.000416666666666667; % T D=0.4
0.000416666666666667 8.33333333333333e-05 8.33333333333333e-05 0.000416666666666667 8.33333333333333e-05 8.33333333333333e-05 0.000416666666666667 8.33333333333333e-05 0.0005 8.33333333333333e-05 8.33333333333333e-05 0.99675 8.33333333333333e-05 0.000416666666666667 0.000416666666666667; % V D=0.4
0.215416666666667 0.000416666666666667 0.000416666666666667 0.00208333333333333 0.000416666666666667 0.000416666666666667 0.19875 0.000416666666666667 0.215833333333333 0.000416666666666667 0.000416666666666667 0.000416666666666667 0.000416666666666667 0.19875 0.165416666666667; % b D=0.4
0.215833333333333 0.0005 0.0005 0.149166666666667 0.0005 0.0005 0.199166666666667 0.0005 0.008 0.0005 0.0005 0.0005 0.0005 0.2575 0.165833333333333; % f D=0.4
0.000416666666666667 8.33333333333333e-05 8.33333333333333e-05 0.000416666666666667 8.33333333333333e-05 8.33333333333333e-05 0.000416666666666667 8.33333333333333e-05 0.0005 8.33333333333333e-05 0.99675 8.33333333333333e-05 8.33333333333333e-05 0.000416666666666667 0.000416666666666667; % g D=0.4
0.340416666666667 0.000416666666666667 0.000416666666666667 0.14875 0.000416666666666667 0.000416666666666667 0.240416666666667 0.000416666666666667 0.0908333333333333 0.000416666666666667 0.000416666666666667 0.000416666666666667 0.000416666666666667 0.00208333333333333 0.17375; % k D=0.4
0.000416666666666667 8.33333333333333e-05 0.99675 0.000416666666666667 8.33333333333333e-05 8.33333333333333e-05 0.000416666666666667 8.33333333333333e-05 0.0005 8.33333333333333e-05 8.33333333333333e-05 8.33333333333333e-05 8.33333333333333e-05 0.000416666666666667 0.000416666666666667; % l D=0.4
0.000416666666666667 0.99675 8.33333333333333e-05 0.000416666666666667 8.33333333333333e-05 8.33333333333333e-05 0.000416666666666667 8.33333333333333e-05 0.0005 8.33333333333333e-05 8.33333333333333e-05 8.33333333333333e-05 8.33333333333333e-05 0.000416666666666667 0.000416666666666667; % p D=0.4
0.00208333333333333 0.000416666666666667 0.000416666666666667 0.212083333333333 0.000416666666666667 0.000416666666666667 0.205416666666667 0.000416666666666667 0.2125 0.000416666666666667 0.000416666666666667 0.000416666666666667 0.000416666666666667 0.112083333333333 0.252083333333333; % $ D=0.5
0.000520833333333333 0.000104166666666667 0.000104166666666667 0.000520833333333333 0.000104166666666667 0.9959375 0.000520833333333333 0.000104166666666667 0.000625 0.000104166666666667 0.000104166666666667 0.000104166666666667 0.000104166666666667 0.000520833333333333 0.000520833333333333; % D D=0.5
0.000520833333333333 0.000104166666666667 0.000104166666666667 0.000520833333333333 0.000104166666666667 0.000104166666666667 0.000520833333333333 0.9959375 0.000625 0.000104166666666667 0.000104166666666667 0.000104166666666667 0.000104166666666667 0.000520833333333333 0.000520833333333333; % F D=0.5
0.000520833333333333 0.000104166666666667 0.000104166666666667 0.000520833333333333 0.000104166666666667 0.000104166666666667 0.000520833333333333 0.000104166666666667 0.000625 0.9959375 0.000104166666666667 0.000104166666666667 0.000104166666666667 0.000520833333333333 0.000520833333333333; % J D=0.5
0.231770833333333 0.000520833333333333 0.000520833333333333 0.1734375 0.000520833333333333 0.000520833333333333 0.00260416666666667 0.000520833333333333 0.190625 0.000520833333333333 0.000520833333333333 0.000520833333333333 0.000520833333333333 0.2234375 0.1734375; % L D=0.5
0.240104166666667 0.000520833333333333 0.000520833333333333 0.256770833333333 0.000520833333333333 0.000520833333333333 0.0984375 0.000520833333333333 0.223958333333333 0.000520833333333333 0.000520833333333333 0.000520833333333333 0.000520833333333333 0.1734375 0.00260416666666667; % M D=0.5
0.000520833333333333 0.000104166666666667 0.000104166666666667 0.000520833333333333 0.9959375 0.000104166666666667 0.000520833333333333 0.000104166666666667 0.000625 0.000104166666666667 0.000104166666666667 0.000104166666666667 0.000104166666666667 0.000520833333333333 0.000520833333333333; % N D=0.5
0.000520833333333333 0.000104166666666667 0.000104166666666667 0.000520833333333333 0.000104166666666667 0.000104166666666667 0.000520833333333333 0.000104166666666667 0.000625 0.000104166666666667 0.000104166666666667 0.000104166666666667 0.9959375 0.000520833333333333 0.000520833333333333; % T D=0.5
0.000520833333333333 0.000104166666666667 0.000104166666666667 0.000520833333333333 0.000104166666666667 0.000104166666666667 0.000520833333333333 0.000104166666666667 0.000625 0.000104166666666667 0.000104166666666667 0.9959375 0.000104166666666667 0.000520833333333333 0.000520833333333333; % V D=0.5
0.215104166666667 0.000520833333333333 0.000520833333333333 0.00260416666666667 0.000520833333333333 0.000520833333333333 0.1984375 0.000520833333333333 0.215625 0.000520833333333333 0.000520833333333333 0.000520833333333333 0.000520833333333333 0.1984375 0.165104166666667; % b D=0.5
0.215625 0.000625 0.000625 0.148958333333333 0.000625 0.000625 0.198958333333333 0.000625 0.00791666666666667 0.000625 0.000625 0.000625 0.000625 0.257291666666667 0.165625; % f D=0.5
0.000520833333333333 0.000104166666666667 0.000104166666666667 0.000520833333333333 0.000104166666666667 0.000104166666666667 0.000520833333333333 0.000104166666666667 0.000625 0.000104166666666667 0.9959375 0.000104166666666667 0.000104166666666667 0.000520833333333333 0.000520833333333333; % g D=0.5
0.340104166666667 0.000520833333333333 0.000520833333333333 0.1484375 0.000520833333333333 0.000520833333333333 0.240104166666667 0.000520833333333333 0.090625 0.000520833333333333 0.000520833333333333 0.000520833333333333 0.000520833333333333 0.00260416666666667 0.1734375; % k D=0.5
0.000520833333333333 0.000104166666666667 0.9959375 0.000520833333333333 0.000104166666666667 0.000104166666666667 0.000520833333333333 0.000104166666666667 0.000625 0.000104166666666667 0.000104166666666667 0.000104166666666667 0.000104166666666667 0.000520833333333333 0.000520833333333333; % l D=0.5
0.000520833333333333 0.9959375 0.000104166666666667 0.000520833333333333 0.000104166666666667 0.000104166666666667 0.000520833333333333 0.000104166666666667 0.000625 0.000104166666666667 0.000104166666666667 0.000104166666666667 0.000104166666666667 0.000520833333333333 0.000520833333333333; % p D=0.5
0.0025 0.0005 0.0005 0.211833333333333 0.0005 0.0005 0.205166666666667 0.0005 0.212333333333333 0.0005 0.0005 0.0005 0.0005 0.111833333333333 0.251833333333333; % $ D=0.6
0.000625 0.000125 0.000125 0.000625 0.000125 0.995125 0.000625 0.000125 0.00075 0.000125 0.000125 0.000125 0.000125 0.000625 0.000625; % D D=0.6
0.000625 0.000125 0.000125 0.000625 0.000125 0.000125 0.000625 0.995125 0.00075 0.000125 0.000125 0.000125 0.000125 0.000625 0.000625; % F D=0.6
0.000625 0.000125 0.000125 0.000625 0.000125 0.000125 0.000625 0.000125 0.00075 0.995125 0.000125 0.000125 0.000125 0.000625 0.000625; % J D=0.6
0.231458333333333 0.000625 0.000625 0.173125 0.000625 0.000625 0.003125 0.000625 0.190416666666667 0.000625 0.000625 0.000625 0.000625 0.223125 0.173125; % L D=0.6
0.239791666666667 0.000625 0.000625 0.256458333333333 0.000625 0.000625 0.098125 0.000625 0.22375 0.000625 0.000625 0.000625 0.000625 0.173125 0.003125; % M D=0.6
0.000625 0.000125 0.000125 0.000625 0.995125 0.000125 0.000625 0.000125 0.00075 0.000125 0.000125 0.000125 0.000125 0.000625 0.000625; % N D=0.6
0.000625 0.000125 0.000125 0.000625 0.000125 0.000125 0.000625 0.000125 0.00075 0.000125 0.000125 0.000125 0.995125 0.000625 0.000625; % T D=0.6
0.000625 0.000125 0.000125 0.000625 0.000125 0.000125 0.000625 0.000125 0.00075 0.000125 0.000125 0.995125 0.000125 0.000625 0.000625; % V D=0.6
0.214791666666667 0.000625 0.000625 0.003125 0.000625 0.000625 0.198125 0.000625 0.215416666666667 0.000625 0.000625 0.000625 0.000625 0.198125 0.164791666666667; % b D=0.6
0.215416666666667 0.00075 0.00075 0.14875 0.00075 0.00075 0.19875 0.00075 0.00783333333333333 0.00075 0.00075 0.00075 0.00075 0.257083333333333 0.165416666666667; % f D=0.6
0.000625 0.000125 0.000125 0.000625 0.000125 0.000125 0.000625 0.000125 0.00075 0.000125 0.995125 0.000125 0.000125 0.000625 0.000625; % g D=0.6
0.339791666666667 0.000625 0.000625 0.148125 0.000625 0.000625 0.239791666666667 0.000625 0.0904166666666667 0.000625 0.000625 0.000625 0.000625 0.003125 0.173125; % k D=0.6
0.000625 0.000125 0.995125 0.000625 0.000125 0.000125 0.000625 0.000125 0.00075 0.000125 0.000125 0.000125 0.000125 0.000625 0.000625; % l D=0.6
0.000625 0.995125 0.000125 0.000625 0.000125 0.000125 0.000625 0.000125 0.00075 0.000125 0.000125 0.000125 0.000125 0.000625 0.000625; % p D=0.6
0.00291666666666667 0.000583333333333333 0.000583333333333333 0.211583333333333 0.000583333333333333 0.000583333333333333 0.204916666666667 0.000583333333333333 0.212166666666667 0.000583333333333333 0.000583333333333333 0.000583333333333333 0.000583333333333333 0.111583333333333 0.251583333333333; % $ D=0.7
0.000729166666666667 0.000145833333333333 0.000145833333333333 0.000729166666666667 0.000145833333333333 0.9943125 0.000729166666666667 0.000145833333333333 0.000875 0.000145833333333333 0.000145833333333333 0.000145833333333333 0.000145833333333333 0.000729166666666667 0.000729166666666667; % D D=0.7
0.000729166666666667 0.000145833333333333 0.000145833333333333 0.000729166666666667 0.000145833333333333 0.000145833333333333 0.000729166666666667 0.9943125 0.000875 0.000145833333333333 0.000145833333333333 0.000145833333333333 0.000145833333333333 0.000729166666666667 0.000729166666666667; % F D=0.7
0.000729166666666667 0.000145833333333333 0.000145833333333333 0.000729166666666667 0.000145833333333333 0.000145833333333333 0.000729166666666667 0.000145833333333333 0.000875 0.9943125 0.000145833333333333 0.000145833333333333 0.000145833333333333 0.000729166666666667 0.000729166666666667; % J D=0.7
0.231145833333333 0.000729166666666667 0.000729166666666667 0.1728125 0.000729166666666667 0.000729166666666667 0.00364583333333333 0.000729166666666667 0.190208333333333 0.000729166666666667 0.000729166666666667 0.000729166666666667 0.000729166666666667 0.2228125 0.1728125; % L D=0.7
0.239479166666667 0.000729166666666667 0.000729166666666667 0.256145833333333 0.000729166666666667 0.000729166666666667 0.0978125 0.000729166666666667 0.223541666666667 0.000729166666666667 0.000729166666666667 0.000729166666666667 0.000729166666666667 0.1728125 0.00364583333333333; % M D=0.7
0.000729166666666667 0.000145833333333333 0.000145833333333333 0.000729166666666667 0.9943125 0.000145833333333333 0.000729166666666667 0.000145833333333333 0.000875 0.000145833333333333 0.000145833333333333 0.000145833333333333 0.000145833333333333 0.000729166666666667 0.000729166666666667; % N D=0.7
0.000729166666666667 0.000145833333333333 0.000145833333333333 0.000729166666666667 0.000145833333333333 0.000145833333333333 0.000729166666666667 0.000145833333333333 0.000875 0.000145833333333333 0.000145833333333333 0.000145833333333333 0.9943125 0.000729166666666667 0.000729166666666667; % T D=0.7
0.000729166666666667 0.000145833333333333 0.000145833333333333 0.000729166666666667 0.000145833333333333 0.000145833333333333 0.000729166666666667 0.000145833333333333 0.000875 0.000145833333333333 0.000145833333333333 0.9943125 0.000145833333333333 0.000729166666666667 0.000729166666666667; % V D=0.7
0.214479166666667 0.000729166666666667 0.000729166666666667 0.00364583333333333 0.000729166666666667 0.000729166666666667 0.1978125 0.000729166666666667 0.215208333333333 0.000729166666666667 0.000729166666666667 0.000729166666666667 0.000729166666666667 0.1978125 0.164479166666667; % b D=0.7
0.215208333333333 0.000875 0.000875 0.148541666666667 0.000875 0.000875 0.198541666666667 0.000875 0.00775 0.000875 0.000875 0.000875 0.000875 0.256875 0.165208333333333; % f D=0.7
0.000729166666666667 0.000145833333333333 0.000145833333333333 0.000729166666666667 0.000145833333333333 0.000145833333333333 0.000729166666666667 0.000145833333333333 0.000875 0.000145833333333333 0.9943125 0.000145833333333333 0.000145833333333333 0.000729166666666667 0.000729166666666667; % g D=0.7
0.339479166666667 0.000729166666666667 0.000729166666666667 0.1478125 0.000729166666666667 0.000729166666666667 0.239479166666667 0.000729166666666667 0.0902083333333333 0.000729166666666667 0.000729166666666667 0.000729166666666667 0.000729166666666667 0.00364583333333333 0.1728125; % k D=0.7
0.000729166666666667 0.000145833333333333 0.9943125 0.000729166666666667 0.000145833333333333 0.000145833333333333 0.000729166666666667 0.000145833333333333 0.000875 0.000145833333333333 0.000145833333333333 0.000145833333333333 0.000145833333333333 0.000729166666666667 0.000729166666666667; % l D=0.7
0.000729166666666667 0.9943125 0.000145833333333333 0.000729166666666667 0.000145833333333333 0.000145833333333333 0.000729166666666667 0.000145833333333333 0.000875 0.000145833333333333 0.000145833333333333 0.000145833333333333 0.000145833333333333 0.000729166666666667 0.000729166666666667; % p D=0.7
0.00333333333333333 0.000666666666666667 0.000666666666666667 0.211333333333333 0.000666666666666667 0.000666666666666667 0.204666666666667 0.000666666666666667 0.212 0.000666666666666667 0.000666666666666667 0.000666666666666667 0.000666666666666667 0.111333333333333 0.251333333333333; % $ D=0.8
0.000833333333333333 0.000166666666666667 0.000166666666666667 0.000833333333333333 0.000166666666666667 0.9935 0.000833333333333333 0.000166666666666667 0.001 0.000166666666666667 0.000166666666666667 0.000166666666666667 0.000166666666666667 0.000833333333333333 0.000833333333333333; % D D=0.8
0.000833333333333333 0.000166666666666667 0.000166666666666667 0.000833333333333333 0.000166666666666667 0.000166666666666667 0.000833333333333333 0.9935 0.001 0.000166666666666667 0.000166666666666667 0.000166666666666667 0.000166666666666667 0.000833333333333333 0.000833333333333333; % F D=0.8
0.000833333333333333 0.000166666666666667 0.000166666666666667 0.000833333333333333 0.000166666666666667 0.000166666666666667 0.000833333333333333 0.000166666666666667 0.001 0.9935 0.000166666666666667 0.000166666666666667 0.000166666666666667 0.000833333333333333 0.000833333333333333; % J D=0.8
0.230833333333333 0.000833333333333333 0.000833333333333333 0.1725 0.000833333333333333 0.000833333333333333 0.00416666666666667 0.000833333333333333 0.19 0.000833333333333333 0.000833333333333333 0.000833333333333333 0.000833333333333333 0.2225 0.1725; % L D=0.8
0.239166666666667 0.000833333333333333 0.000833333333333333 0.255833333333333 0.000833333333333333 0.000833333333333333 0.0975 0.000833333333333333 0.223333333333333 0.000833333333333333 0.000833333333333333 0.000833333333333333 0.000833333333333333 0.1725 0.00416666666666667; % M D=0.8
0.000833333333333333 0.000166666666666667 0.000166666666666667 0.000833333333333333 0.9935 0.000166666666666667 0.000833333333333333 0.000166666666666667 0.001 0.000166666666666667 0.000166666666666667 0.000166666666666667 0.000166666666666667 0.000833333333333333 0.000833333333333333; % N D=0.8
0.000833333333333333 0.000166666666666667 0.000166666666666667 0.000833333333333333 0.000166666666666667 0.000166666666666667 0.000833333333333333 0.000166666666666667 0.001 0.000166666666666667 0.000166666666666667 0.000166666666666667 0.9935 0.000833333333333333 0.000833333333333333; % T D=0.8
0.000833333333333333 0.000166666666666667 0.000166666666666667 0.000833333333333333 0.000166666666666667 0.000166666666666667 0.000833333333333333 0.000166666666666667 0.001 0.000166666666666667 0.000166666666666667 0.9935 0.000166666666666667 0.000833333333333333 0.000833333333333333; % V D=0.8
0.214166666666667 0.000833333333333333 0.000833333333333333 0.00416666666666667 0.000833333333333333 0.000833333333333333 0.1975 0.000833333333333333 0.215 0.000833333333333333 0.000833333333333333 0.000833333333333333 0.000833333333333333 0.1975 0.164166666666667; % b D=0.8
0.215 0.001 0.001 0.148333333333333 0.001 0.001 0.198333333333333 0.001 0.00766666666666667 0.001 0.001 0.001 0.001 0.256666666666667 0.165; % f D=0.8
0.000833333333333333 0.000166666666666667 0.000166666666666667 0.000833333333333333 0.000166666666666667 0.000166666666666667 0.000833333333333333 0.000166666666666667 0.001 0.000166666666666667 0.9935 0.000166666666666667 0.000166666666666667 0.000833333333333333 0.000833333333333333; % g D=0.8
0.339166666666667 0.000833333333333333 0.000833333333333333 0.1475 0.000833333333333333 0.000833333333333333 0.239166666666667 0.000833333333333333 0.09 0.000833333333333333 0.000833333333333333 0.000833333333333333 0.000833333333333333 0.00416666666666667 0.1725; % k D=0.8
0.000833333333333333 0.000166666666666667 0.9935 0.000833333333333333 0.000166666666666667 0.000166666666666667 0.000833333333333333 0.000166666666666667 0.001 0.000166666666666667 0.000166666666666667 0.000166666666666667 0.000166666666666667 0.000833333333333333 0.000833333333333333; % l D=0.8
0.000833333333333333 0.9935 0.000166666666666667 0.000833333333333333 0.000166666666666667 0.000166666666666667 0.000833333333333333 0.000166666666666667 0.001 0.000166666666666667 0.000166666666666667 0.000166666666666667 0.000166666666666667 0.000833333333333333 0.000833333333333333; % p D=0.8
0.00375 0.00075 0.00075 0.211083333333333 0.00075 0.00075 0.204416666666667 0.00075 0.211833333333333 0.00075 0.00075 0.00075 0.00075 0.111083333333333 0.251083333333333; % $ D=0.9
0.0009375 0.0001875 0.0001875 0.0009375 0.0001875 0.9926875 0.0009375 0.0001875 0.001125 0.0001875 0.0001875 0.0001875 0.0001875 0.0009375 0.0009375; % D D=0.9
0.0009375 0.0001875 0.0001875 0.0009375 0.0001875 0.0001875 0.0009375 0.9926875 0.001125 0.0001875 0.0001875 0.0001875 0.0001875 0.0009375 0.0009375; % F D=0.9
0.0009375 0.0001875 0.0001875 0.0009375 0.0001875 0.0001875 0.0009375 0.0001875 0.001125 0.9926875 0.0001875 0.0001875 0.0001875 0.0009375 0.0009375; % J D=0.9
0.230520833333333 0.0009375 0.0009375 0.1721875 0.0009375 0.0009375 0.0046875 0.0009375 0.189791666666667 0.0009375 0.0009375 0.0009375 0.0009375 0.2221875 0.1721875; % L D=0.9
0.238854166666667 0.0009375 0.0009375 0.255520833333333 0.0009375 0.0009375 0.0971875 0.0009375 0.223125 0.0009375 0.0009375 0.0009375 0.0009375 0.1721875 0.0046875; % M D=0.9
0.0009375 0.0001875 0.0001875 0.0009375 0.9926875 0.0001875 0.0009375 0.0001875 0.001125 0.0001875 0.0001875 0.0001875 0.0001875 0.0009375 0.0009375; % N D=0.9
0.0009375 0.0001875 0.0001875 0.0009375 0.0001875 0.0001875 0.0009375 0.0001875 0.001125 0.0001875 0.0001875 0.0001875 0.9926875 0.0009375 0.0009375; % T D=0.9
0.0009375 0.0001875 0.0001875 0.0009375 0.0001875 0.0001875 0.0009375 0.0001875 0.001125 0.0001875 0.0001875 0.9926875 0.0001875 0.0009375 0.0009375; % V D=0.9
0.213854166666667 0.0009375 0.0009375 0.0046875 0.0009375 0.0009375 0.1971875 0.0009375 0.214791666666667 0.0009375 0.0009375 0.0009375 0.0009375 0.1971875 0.163854166666667; % b D=0.9
0.214791666666667 0.001125 0.001125 0.148125 0.001125 0.001125 0.198125 0.001125 0.00758333333333333 0.001125 0.001125 0.001125 0.001125 0.256458333333333 0.164791666666667; % f D=0.9
0.0009375 0.0001875 0.0001875 0.0009375 0.0001875 0.0001875 0.0009375 0.0001875 0.001125 0.0001875 0.9926875 0.0001875 0.0001875 0.0009375 0.0009375; % g D=0.9
0.338854166666667 0.0009375 0.0009375 0.1471875 0.0009375 0.0009375 0.238854166666667 0.0009375 0.0897916666666667 0.0009375 0.0009375 0.0009375 0.0009375 0.0046875 0.1721875; % k D=0.9
0.0009375 0.0001875 0.9926875 0.0009375 0.0001875 0.0001875 0.0009375 0.0001875 0.001125 0.0001875 0.0001875 0.0001875 0.0001875 0.0009375 0.0009375; % l D=0.9
0.0009375 0.9926875 0.0001875 0.0009375 0.0001875 0.0001875 0.0009375 0.0001875 0.001125 0.0001875 0.0001875 0.0001875 0.0001875 0.0009375 0.0009375; % p D=0.9
0.00395833333333333 0.000791666666666667 0.000791666666666667 0.210958333333333 0.000791666666666667 0.000791666666666667 0.204291666666667 0.000791666666666667 0.21175 0.000791666666666667 0.000791666666666667 0.000791666666666667 0.000791666666666667 0.110958333333333 0.250958333333333; % $ D=0.95
0.000989583333333333 0.000197916666666667 0.000197916666666667 0.000989583333333333 0.000197916666666667 0.99228125 0.000989583333333333 0.000197916666666667 0.0011875 0.000197916666666667 0.000197916666666667 0.000197916666666667 0.000197916666666667 0.000989583333333333 0.000989583333333333; % D D=0.95
0.000989583333333333 0.000197916666666667 0.000197916666666667 0.000989583333333333 0.000197916666666667 0.000197916666666667 0.000989583333333333 0.99228125 0.0011875 0.000197916666666667 0.000197916666666667 0.000197916666666667 0.000197916666666667 0.000989583333333333 0.000989583333333333; % F D=0.95
0.000989583333333333 0.000197916666666667 0.000197916666666667 0.000989583333333333 0.000197916666666667 0.000197916666666667 0.000989583333333333 0.000197916666666667 0.0011875 0.99228125 0.000197916666666667 0.000197916666666667 0.000197916666666667 0.000989583333333333 0.000989583333333333; % J D=0.95
0.230364583333333 0.000989583333333333 0.000989583333333333 0.17203125 0.000989583333333333 0.000989583333333333 0.00494791666666667 0.000989583333333333 0.1896875 0.000989583333333333 0.000989583333333333 0.000989583333333333 0.000989583333333333 0.22203125 0.17203125; % L D=0.95
0.238697916666667 0.000989583333333333 0.000989583333333333 0.255364583333333 0.000989583333333333 0.000989583333333333 0.09703125 0.000989583333333333 0.223020833333333 0.000989583333333333 0.000989583333333333 0.000989583333333333 0.000989583333333333 0.17203125 0.00494791666666667; % M D=0.95
0.000989583333333333 0.000197916666666667 0.000197916666666667 0.000989583333333333 0.99228125 0.000197916666666667 0.000989583333333333 0.000197916666666667 0.0011875 0.000197916666666667 0.000197916666666667 0.000197916666666667 0.000197916666666667 0.000989583333333333 0.000989583333333333; % N D=0.95
0.000989583333333333 0.000197916666666667 0.000197916666666667 0.000989583333333333 0.000197916666666667 0.000197916666666667 0.000989583333333333 0.000197916666666667 0.0011875 0.000197916666666667 0.000197916666666667 0.000197916666666667 0.99228125 0.000989583333333333 0.000989583333333333; % T D=0.95
0.000989583333333333 0.000197916666666667 0.000197916666666667 0.000989583333333333 0.000197916666666667 0.000197916666666667 0.000989583333333333 0.000197916666666667 0.0011875 0.000197916666666667 0.000197916666666667 0.99228125 0.000197916666666667 0.000989583333333333 0.000989583333333333; % V D=0.95
0.213697916666667 0.000989583333333333 0.000989583333333333 0.00494791666666667 0.000989583333333333 0.000989583333333333 0.19703125 0.000989583333333333 0.2146875 0.000989583333333333 0.000989583333333333 0.000989583333333333 0.000989583333333333 0.19703125 0.163697916666667; % b D=0.95
0.2146875 0.0011875 0.0011875 0.148020833333333 0.0011875 0.0011875 0.198020833333333 0.0011875 0.00754166666666667 0.0011875 0.0011875 0.0011875 0.0011875 0.256354166666667 0.1646875; % f D=0.95
0.000989583333333333 0.000197916666666667 0.000197916666666667 0.000989583333333333 0.000197916666666667 0.000197916666666667 0.000989583333333333 0.000197916666666667 0.0011875 0.000197916666666667 0.99228125 0.000197916666666667 0.000197916666666667 0.000989583333333333 0.000989583333333333; % g D=0.95
0.338697916666667 0.000989583333333333 0.000989583333333333 0.14703125 0.000989583333333333 0.000989583333333333 0.238697916666667 0.000989583333333333 0.0896875 0.000989583333333333 0.000989583333333333 0.000989583333333333 0.000989583333333333 0.00494791666666667 0.17203125; % k D=0.95
0.000989583333333333 0.000197916666666667 0.99228125 0.000989583333333333 0.000197916666666667 0.000197916666666667 0.000989583333333333 0.000197916666666667 0.0011875 0.000197916666666667 0.000197916666666667 0.000197916666666667 0.000197916666666667 0.000989583333333333 0.000989583333333333; % l D=0.95
0.000989583333333333 0.99228125 0.000197916666666667 0.000989583333333333 0.000197916666666667 0.000197916666666667 0.000989583333333333 0.000197916666666667 0.0011875 0.000197916666666667 0.000197916666666667 0.000197916666666667 0.000197916666666667 0.000989583333333333 0.000989583333333333]; % p D=0.95
