syllables = '$DGTVblnpz';
discounts = [0.1 0.2 0.3 0.4 0.5 0.6 0.7 0.8 0.9 0.95];
kn_probs = [0.000285714285714286 0.313047619047619 9.52380952380953e-05 9.52380952380953e-05 9.52380952380953e-05 0.306380952380952 9.52380952380953e-05 9.52380952380953e-05 9.52380952380953e-05 0.379714285714286; % $ D=0.1
7.14285714285714e-05 9.52380952380952e-05 2.38095238095238e-05 2.38095238095238e-05 2.38095238095238e-05 9.52380952380952e-05 2.38095238095238e-05 2.38095238095238e-05 0.99952380952381 9.52380952380952e-05; % D D=0.1
7.14285714285714e-05 9.52380952380952e-05 2.38095238095238e-05 2.38095238095238e-05 2.38095238095238e-05 9.52380952380952e-05 0.99952380952381 2.38095238095238e-05 2.38095238095238e-05 9.52380952380952e-05; % G D=0.1
7.14285714285714e-05 9.52380952380952e-05 0.99952380952381 2.38095238095238e-05 2.38095238095238e-05 9.52380952380952e-05 2.38095238095238e-05 2.38095238095238e-05 2.38095238095238e-05 9.52380952380952e-05; % T D=0.1
0.254785714285714 0.279880952380952 9.52380952380952e-05 9.52380952380952e-05 9.52380952380952e-05 0.269880952380952 9.52380952380952e-05 9.52380952380952e-05 9.52380952380952e-05 0.194880952380952; % V D=0.1
7.14285714285714e-05 9.52380952380952e-05 2.38095238095238e-05 0.99952380952381 2.38095238095238e-05 9.52380952380952e-05 2.38095238095238e-05 2.38095238095238e-05 2.38095238095238e-05 9.52380952380952e-05; % b D=0.1
0.244785714285714 0.279880952380952 9.52380952380952e-05 9.52380952380952e-05 9.52380952380952e-05 0.184880952380952 9.52380952380952e-05 9.52380952380952e-05 9.52380952380952e-05 0.289880952380952; % l D=0.1
0.249785714285714 0.204880952380952 9.52380952380952e-05 9.52380952380952e-05 9.52380952380952e-05 0.314880952380952 9.52380952380952e-05 9.52380952380952e-05 9.52380952380952e-05 0.229880952380952; % n D=0.1
7.14285714285714e-05 9.52380952380952e-05 2.38095238095238e-05 2.38095238095238e-05 2.38095238095238e-05 9.52380952380952e-05 2.38095238095238e-05 0.99952380952381 2.38095238095238e-05 9.52380952380952e-05; % p D=0.1
7.14285714285714e-05 9.52380952380952e-05 2.38095238095238e-05 2.38095238095238e-05 0.99952380952381 9.52380952380952e-05 2.38095238095238e-05 2.38095238095238e-05 2.38095238095238e-05 9.52380952380952e-05; % z D=0.1
0.000571428571428571 0.312761904761905 0.000190476190476191 0.000190476190476191 0.000190476190476191 0.306095238095238 0.000190476190476191 0.000190476190476191 0.000190476190476191 0.379428571428571; % $ D=0.2
0.000142857142857143 0.00019047619047619 4.76190476190476e-05 4.76190476190476e-05 4.76190476190476e-05 0.00019047619047619 4.76190476190476e-05 4.76190476190476e-05 0.999047619047619 0.00019047619047619; % D D=0.2
0.000142857142857143 0.00019047619047619 4.76190476190476e-05 4.76190476190476e-05 4.76190476190476e-05 0.00019047619047619 0.999047619047619 4.76190476190476e-05 4.76190476190476e-05 0.00019047619047619; % G D=0.2
0.000142857142857143 0.00019047619047619 0.999047619047619 4.76190476190476e-05 4.76190476190476e-05 0.00019047619047619 4.76190476190476e-05 4.76190476190476e-05 4.76190476190476e-05 0.00019047619047619; % T D=0.2
0.254571428571429 0.279761904761905 0.00019047619047619 0.00019047619047619 0.00019047619047619 0.269761904761905 0.00019047619047619 0.00019047619047619 0.00019047619047619 0.194761904761905; % V D=0.2
0.000142857142857143 0.00019047619047619 4.76190476190476e-05 0.999047619047619 4.76190476190476e-05 0.00019047619047619 4.76190476190476e-05 4.76190476190476e-05 4.76190476190476e-05 0.00019047619047619; % b D=0.2
0.244571428571429 0.279761904761905 0.00019047619047619 0.00019047619047619 0.00019047619047619 0.184761904761905 0.00019047619047619 0.00019047619047619 0.00019047619047619 0.289761904761905; % l D=0.2
0.249571428571429 0.204761904761905 0.00019047619047619 0.00019047619047619 0.00019047619047619 0.314761904761905 0.00019047619047619 0.00019047619047619 0.00019047619047619 0.229761904761905; % n D=0.2
0.000142857142857143 0.00019047619047619 4.76190476190476e-05 4.76190476190476e-05 4.76190476190476e-05 0.00019047619047619 4.76190476190476e-05 0.999047619047619 4.76190476190476e-05 0.00019047619047619; % p D=0.2
0.000142857142857143 0.00019047619047619 4.76190476190476e-05 4.76190476190476e-05 0.999047619047619 0.00019047619047619 4.76190476190476e-05 4.76190476190476e-05 4.76190476190476e-05 0.00019047619047619; % z D=0.2
0.000857142857142857 0.312476190476191 0.000285714285714286 0.000285714285714286 0.000285714285714286 0.305809523809524 0.000285714285714286 0.000285714285714286 0.000285714285714286 0.379142857142857; % $ D=0.3
0.000214285714285714 0.000285714285714286 7.14285714285714e-05 7.14285714285714e-05 7.14285714285714e-05 0.000285714285714286 7.14285714285714e-05 7.14285714285714e-05 0.998571428571429 0.000285714285714286; % D D=0.3
0.000214285714285714 0.000285714285714286 7.14285714285714e-05 7.14285714285714e-05 7.14285714285714e-05 0.000285714285714286 0.998571428571429 7.14285714285714e-05 7.14285714285714e-05 0.000285714285714286; % G D=0.3
0.000214285714285714 0.000285714285714286 0.998571428571429 7.14285714285714e-05 7.14285714285714e-05 0.000285714285714286 7.14285714285714e-05 7.14285714285714e-05 7.14285714285714e-05 0.000285714285714286; % T D=0.3
0.254357142857143 0.279642857142857 0.000285714285714286 0.000285714285714286 0.000285714285714286 0.269642857142857 0.000285714285714286 0.000285714285714286 0.000285714285714286 0.194642857142857; % V D=0.3
0.000214285714285714 0.000285714285714286 7.14285714285714e-05 0.998571428571429 7.14285714285714e-05 0.000285714285714286 7.14285714285714e-05 7.14285714285714e-05 7.14285714285714e-05 0.000285714285714286; % b D=0.3
0.244357142857143 0.279642857142857 0.000285714285714286 0.000285714285714286 0.000285714285714286 0.184642857142857 0.000285714285714286 0.000285714285714286 0.000285714285714286 0.289642857142857; % l D=0.3
0.249357142857143 0.204642857142857 0.000285714285714286 0.000285714285714286 0.000285714285714286 0.314642857142857 0.000285714285714286 0.000285714285714286 0.000285714285714286 0.229642857142857; % n D=0.3
0.000214285714285714 0.000285714285714286 7.14285714285714e-05 7.14285714285714e-05 7.14285714285714e-05 0.000285714285714286 7.14285714285714e-05 0.998571428571429 7.14285714285714e-05 0.000285714285714286; % p D=0.3
0.000214285714285714 0.000285714285714286 7.14285714285714e-05 7.14285714285714e-05 0.998571428571429 0.000285714285714286 7.14285714285714e-05 7.14285714285714e-05 7.14285714285714e-05 0.000285714285714286; % z D=0.3
0.00114285714285714 0.312190476190476 0.000380952380952381 0.000380952380952381 0.000380952380952381 0.30552380952381 0.000380952380952381 0.000380952380952381 0.000380952380952381 0.378857142857143; % $ D=0.4
0.000285714285714286 0.000380952380952381 9.52380952380952e-05 9.52380952380952e-05 9.52380952380952e-05 0.000380952380952381 9.52380952380952e-05 9.52380952380952e-05 0.998095238095238 0.000380952380952381; % D D=0.4
0.000285714285714286 0.000380952380952381 9.52380952380952e-05 9.52380952380952e-05 9.52380952380952e-05 0.000380952380952381 0.998095238095238 9.52380952380952e-05 9.52380952380952e-05 0.000380952380952381; % G D=0.4
0.000285714285714286 0.000380952380952381 0.998095238095238 9.52380952380952e-05 9.52380952380952e-05 0.000380952380952381 9.52380952380952e-05 9.52380952380952e-05 9.52380952380952e-05 0.000380952380952381; % T D=0.4
0.254142857142857 0.27952380952381 0.000380952380952381 0.000380952380952381 0.000380952380952381 0.26952380952381 0.000380952380952381 0.000380952380952381 0.000380952380952381 0.19452380952381; % V D=0.4
0.000285714285714286 0.000380952380952381 9.52380952380952e-05 0.998095238095238 9.52380952380952e-05 0.000380952380952381 9.52380952380952e-05 9.52380952380952e-05 9.52380952380952e-05 0.000380952380952381; % b D=0.4
0.244142857142857 0.27952380952381 0.000380952380952381 0.000380952380952381 0.000380952380952381 0.18452380952381 0.000380952380952381 0.000380952380952381 0.000380952380952381 0.28952380952381; % l D=0.4
0.249142857142857 0.20452380952381 0.000380952380952381 0.000380952380952381 0.000380952380952381 0.31452380952381 0.000380952380952381 0.000380952380952381 0.000380952380952381 0.22952380952381; % n D=0.4
0.000285714285714286 0.000380952380952381 9.52380952380952e-05 9.52380952380952e-05 9.52380952380952e-05 0.000380952380952381 9.52380952380952e-05 0.998095238095238 9.52380952380952e-05 0.000380952380952381; % p D=0.4
0.000285714285714286 0.000380952380952381 9.52380952380952e-05 9.52380952380952e-05 0.998095238095238 0.000380952380952381 9.52380952380952e-05 9.52380952380952e-05 9.52380952380952e-05 0.000380952380952381; % z D=0.4
0.00142857142857143 0.311904761904762 0.000476190476190476 0.000476190476190476 0.000476190476190476 0.305238095238095 0.000476190476190476 0.000476190476190476 0.000476190476190476 0.378571428571429; % $ D=0.5
0.000357142857142857 0.000476190476190476 0.000119047619047619 0.000119047619047619 0.000119047619047619 0.000476190476190476 0.000119047619047619 0.000119047619047619 0.997619047619048 0.000476190476190476; % D D=0.5
0.000357142857142857 0.000476190476190476 0.000119047619047619 0.000119047619047619 0.000119047619047619 0.000476190476190476 0.997619047619048 0.000119047619047619 0.000119047619047619 0.000476190476190476; % G D=0.5
0.000357142857142857 0.000476190476190476 0.997619047619048 0.000119047619047619 0.000119047619047619 0.000476190476190476 0.000119047619047619 0.000119047619047619 0.000119047619047619 0.000476190476190476; % T D=0.5
0.253928571428571 0.279404761904762 0.000476190476190476 0.000476190476190476 0.000476190476190476 0.269404761904762 0.000476190476190476 0.000476190476190476 0.000476190476190476 0.194404761904762; % V D=0.5
0.000357142857142857 0.000476190476190476 0.000119047619047619 0.997619047619048 0.000119047619047619 0.000476190476190476 0.000119047619047619 0.000119047619047619 0.000119047619047619 0.000476190476190476; % b D=0.5
0.243928571428571 0.279404761904762 0.000476190476190476 0.000476190476190476 0.000476190476190476 0.184404761904762 0.000476190476190476 0.000476190476190476 0.000476190476190476 0.289404761904762; % l D=0.5
0.248928571428571 0.204404761904762 0.000476190476190476 0.000476190476190476 0.000476190476190476 0.314404761904762 0.000476190476190476 0.000476190476190476 0.000476190476190476 0.229404761904762; % n D=0.5
0.000357142857142857 0.000476190476190476 0.000119047619047619 0.000119047619047619 0.000119047619047619 0.000476190476190476 0.000119047619047619 0.997619047619048 0.000119047619047619 0.000476190476190476; % p D=0.5
0.000357142857142857 0.000476190476190476 0.000119047619047619 0.000119047619047619 0.997619047619048 0.000476190476190476 0.000119047619047619 0.000119047619047619 0.000119047619047619 0.000476190476190476; % z D=0.5
0.00171428571428571 0.311619047619048 0.000571428571428571 0.000571428571428571 0.000571428571428571 0.304952380952381 0.000571428571428571 0.000571428571428571 0.000571428571428571 0.378285714285714; % $ D=0.6
0.000428571428571429 0.000571428571428571 0.000142857142857143 0.000142857142857143 0.000142857142857143 0.000571428571428571 0.000142857142857143 0.000142857142857143 0.997142857142857 0.000571428571428571; % D D=0.6
0.000428571428571429 0.000571428571428571 0.000142857142857143 0.000142857142857143 0.000142857142857143 0.000571428571428571 0.997142857142857 0.000142857142857143 0.000142857142857143 0.000571428571428571; % G D=0.6
0.000428571428571429 0.000571428571428571 0.997142857142857 0.000142857142857143 0.000142857142857143 0.000571428571428571 0.000142857142857143 0.000142857142857143 0.000142857142857143 0.000571428571428571; % T D=0.6
0.253714285714286 0.279285714285714 0.000571428571428571 0.000571428571428571 0.000571428571428571 0.269285714285714 0.000571428571428571 0.000571428571428571 0.000571428571428571 0.194285714285714; % V D=0.6
0.000428571428571429 0.000571428571428571 0.000142857142857143 0.997142857142857 0.000142857142857143 0.000571428571428571 0.000142857142857143 0.000142857142857143 0.000142857142857143 0.000571428571428571; % b D=0.6
0.243714285714286 0.279285714285714 0.000571428571428571 0.000571428571428571 0.000571428571428571 0.184285714285714 0.000571428571428571 0.000571428571428571 0.000571428571428571 0.289285714285714; % l D=0.6
0.248714285714286 0.204285714285714 0.000571428571428571 0.000571428571428571 0.000571428571428571 0.314285714285714 0.000571428571428571 0.000571428571428571 0.000571428571428571 0.229285714285714; % n D=0.6
0.000428571428571429 0.000571428571428571 0.000142857142857143 0.000142857142857143 0.000142857142857143 0.000571428571428571 0.000142857142857143 0.997142857142857 0.000142857142857143 0.000571428571428571; % p D=0.6
0.000428571428571429 0.000571428571428571 0.000142857142857143 0.000142857142857143 0.997142857142857 0.000571428571428571 0.000142857142857143 0.000142857142857143 0.000142857142857143 0.000571428571428571; % z D=0.6
0.002 0.311333333333333 0.000666666666666667 0.000666666666666667 0.000666666666666667 0.304666666666667 0.000666666666666667 0.000666666666666667 0.000666666666666667 0.378; % $ D=0.7
0.0005 0.000666666666666667 0.000166666666666667 0.000166666666666667 0.000166666666666667 0.000666666666666667 0.000166666666666667 0.000166666666666667 0.996666666666667 0.000666666666666667; % D D=0.7
0.0005 0.000666666666666667 0.000166666666666667 0.000166666666666667 0.000166666666666667 0.000666666666666667 0.996666666666667 0.000166666666666667 0.000166666666666667 0.000666666666666667; % G D=0.7
0.0005 0.000666666666666667 0.996666666666667 0.000166666666666667 0.000166666666666667 0.000666666666666667 0.000166666666666667 0.000166666666666667 0.000166666666666667 0.000666666666666667; % T D=0.7
0.2535 0.279166666666667 0.000666666666666667 0.000666666666666667 0.000666666666666667 0.269166666666667 0.000666666666666667 0.000666666666666667 0.000666666666666667 0.194166666666667; % V D=0.7
0.0005 0.000666666666666667 0.000166666666666667 0.996666666666667 0.000166666666666667 0.000666666666666667 0.000166666666666667 0.000166666666666667 0.000166666666666667 0.000666666666666667; % b D=0.7
0.2435 0.279166666666667 0.000666666666666667 0.000666666666666667 0.000666666666666667 0.184166666666667 0.000666666666666667 0.000666666666666667 0.000666666666666667 0.289166666666667; % l D=0.7
0.2485 0.204166666666667 0.000666666666666667 0.000666666666666667 0.000666666666666667 0.314166666666667 0.000666666666666667 0.000666666666666667 0.000666666666666667 0.229166666666667; % n D=0.7
0.0005 0.000666666666666667 0.000166666666666667 0.000166666666666667 0.000166666666666667 0.000666666666666667 0.000166666666666667 0.996666666666667 0.000166666666666667 0.000666666666666667; % p D=0.7
0.0005 0.000666666666666667 0.000166666666666667 0.000166666666666667 0.996666666666667 0.000666666666666667 0.000166666666666667 0.000166666666666667 0.000166666666666667 0.000666666666666667; % z D=0.7
0.00228571428571429 0.311047619047619 0.000761904761904762 0.000761904761904762 0.000761904761904762 0.304380952380952 0.000761904761904762 0.000761904761904762 0.000761904761904762 0.377714285714286; % $ D=0.8
0.000571428571428571 0.000761904761904762 0.00019047619047619 0.00019047619047619 0.00019047619047619 0.000761904761904762 0.00019047619047619 0.00019047619047619 0.996190476190476 0.000761904761904762; % D D=0.8
0.000571428571428571 0.000761904761904762 0.00019047619047619 0.00019047619047619 0.00019047619047619 0.000761904761904762 0.996190476190476 0.00019047619047619 0.00019047619047619 0.000761904761904762; % G D=0.8
0.000571428571428571 0.000761904761904762 0.996190476190476 0.00019047619047619 0.00019047619047619 0.000761904761904762 0.00019047619047619 0.00019047619047619 0.00019047619047619 0.000761904761904762; % T D=0.8
0.253285714285714 0.279047619047619 0.000761904761904762 0.000761904761904762 0.000761904761904762 0.269047619047619 0.000761904761904762 0.000761904761904762 0.000761904761904762 0.194047619047619; % V D=0.8
0.000571428571428571 0.000761904761904762 0.00019047619047619 0.996190476190476 0.00019047619047619 0.000761904761904762 0.00019047619047619 0.00019047619047619 0.00019047619047619 0.000761904761904762; % b D=0.8
0.243285714285714 0.279047619047619 0.000761904761904762 0.000761904761904762 0.000761904761904762 0.184047619047619 0.000761904761904762 0.000761904761904762 0.000761904761904762 0.289047619047619; % l D=0.8
0.248285714285714 0.204047619047619 0.000761904761904762 0.000761904761904762 0.000761904761904762 0.314047619047619 0.000761904761904762 0.000761904761904762 0.000761904761904762 0.229047619047619; % n D=0.8
0.000571428571428571 0.000761904761904762 0.00019047619047619 0.00019047619047619 0.00019047619047619 0.000761904761904762 0.00019047619047619 0.996190476190476 0.00019047619047619 0.000761904761904762; % p D=0.8
0.000571428571428571 0.000761904761904762 0.00019047619047619 0.00019047619047619 0.996190476190476 0.000761904761904762 0.00019047619047619 0.00019047619047619 0.00019047619047619 0.000761904761904762; % z D=0.8
0.00257142857142857 0.310761904761905 0.000857142857142857 0.000857142857142857 0.000857142857142857 0.304095238095238 0.000857142857142857 0.000857142857142857 0.000857142857142857 0.377428571428571; % $ D=0.9
0.000642857142857143 0.000857142857142857 0.000214285714285714 0.000214285714285714 0.000214285714285714 0.000857142857142857 0.000214285714285714 0.000214285714285714 0.995714285714286 0.000857142857142857; % D D=0.9
0.000642857142857143 0.000857142857142857 0.000214285714285714 0.000214285714285714 0.000214285714285714 0.000857142857142857 0.995714285714286 0.000214285714285714 0.000214285714285714 0.000857142857142857; % G D=0.9
0.000642857142857143 0.000857142857142857 0.995714285714286 0.000214285714285714 0.000214285714285714 0.000857142857142857 0.000214285714285714 0.000214285714285714 0.000214285714285714 0.000857142857142857; % T D=0.9
0.253071428571429 0.278928571428571 0.000857142857142857 0.000857142857142857 0.000857142857142857 0.268928571428571 0.000857142857142857 0.000857142857142857 0.000857142857142857 0.193928571428571; % V D=0.9
0.000642857142857143 0.000857142857142857 0.000214285714285714 0.995714285714286 0.000214285714285714 0.000857142857142857 0.000214285714285714 0.000214285714285714 0.000214285714285714 0.000857142857142857; % b D=0.9
0.243071428571429 0.278928571428571 0.000857142857142857 0.000857142857142857 0.000857142857142857 0.183928571428571 0.000857142857142857 0.000857142857142857 0.000857142857142857 0.288928571428571; % l D=0.9
0.248071428571429 0.203928571428571 0.000857142857142857 0.000857142857142857 0.000857142857142857 0.313928571428571 0.000857142857142857 0.000857142857142857 0.000857142857142857 0.228928571428571; % n D=0.9
0.000642857142857143 0.000857142857142857 0.000214285714285714 0.000214285714285714 0.000214285714285714 0.000857142857142857 0.000214285714285714 0.995714285714286 0.000214285714285714 0.000857142857142857; % p D=0.9
0.000642857142857143 0.000857142857142857 0.000214285714285714 0.000214285714285714 0.995714285714286 0.000857142857142857 0.000214285714285714 0.000214285714285714 0.000214285714285714 0.000857142857142857; % z D=0.9
0.00271428571428571 0.310619047619048 0.000904761904761905 0.000904761904761905 0.000904761904761905 0.303952380952381 0.000904761904761905 0.000904761904761905 0.000904761904761905 0.377285714285714; % $ D=0.95
0.000678571428571428 0.000904761904761905 0.000226190476190476 0.000226190476190476 0.000226190476190476 0.000904761904761905 0.000226190476190476 0.000226190476190476 0.995476190476191 0.000904761904761905; % D D=0.95
0.000678571428571428 0.000904761904761905 0.000226190476190476 0.000226190476190476 0.000226190476190476 0.000904761904761905 0.995476190476191 0.000226190476190476 0.000226190476190476 0.000904761904761905; % G D=0.95
0.000678571428571428 0.000904761904761905 0.995476190476191 0.000226190476190476 0.000226190476190476 0.000904761904761905 0.000226190476190476 0.000226190476190476 0.000226190476190476 0.000904761904761905; % T D=0.95
0.252964285714286 0.278869047619048 0.000904761904761905 0.000904761904761905 0.000904761904761905 0.268869047619048 0.000904761904761905 0.000904761904761905 0.000904761904761905 0.193869047619048; % V D=0.95
0.000678571428571428 0.000904761904761905 0.000226190476190476 0.995476190476191 0.000226190476190476 0.000904761904761905 0.000226190476190476 0.000226190476190476 0.000226190476190476 0.000904761904761905; % b D=0.95
0.242964285714286 0.278869047619048 0.000904761904761905 0.000904761904761905 0.000904761904761905 0.183869047619048 0.000904761904761905 0.000904761904761905 0.000904761904761905 0.288869047619048; % l D=0.95
0.247964285714286 0.203869047619048 0.000904761904761905 0.000904761904761905 0.000904761904761905 0.313869047619048 0.000904761904761905 0.000904761904761905 0.000904761904761905 0.228869047619048; % n D=0.95
0.000678571428571428 0.000904761904761905 0.000226190476190476 0.000226190476190476 0.000226190476190476 0.000904761904761905 0.000226190476190476 0.995476190476191 0.000226190476190476 0.000904761904761905; % p D=0.95
0.000678571428571428 0.000904761904761905 0.000226190476190476 0.000226190476190476 0.995476190476191 0.000904761904761905 0.000226190476190476 0.000226190476190476 0.000226190476190476 0.000904761904761905]; % z D=0.95
