syllables = '$BGKLMNRTZdlnrt';
discounts = [0.1 0.2 0.3 0.4 0.5 0.6 0.7 0.8 0.9 0.95];
kn_probs = [0.000427350427350427 8.54700854700855e-05 8.54700854700855e-05 0.179760683760684 0.233094017094017 8.54700854700855e-05 8.54700854700855e-05 0.173094017094017 0.219760683760684 0.193094017094017 8.54700854700855e-05 8.54700854700855e-05 8.54700854700855e-05 8.54700854700855e-05 8.54700854700855e-05; % $ D=0.1
0.224700854700855 0.000106837606837607 0.000106837606837607 0.208034188034188 0.000534188034188034 0.000106837606837607 0.000106837606837607 0.183034188034188 0.233034188034188 0.149700854700855 0.000106837606837607 0.000106837606837607 0.000106837606837607 0.000106837606837607 0.000106837606837607; % B D=0.1
0.324700854700855 0.000106837606837607 0.000106837606837607 0.199700854700855 0.149700854700855 0.000106837606837607 0.000106837606837607 0.000534188034188034 0.166367521367521 0.158034188034188 0.000106837606837607 0.000106837606837607 0.000106837606837607 0.000106837606837607 0.000106837606837607; % G D=0.1
0.000106837606837607 2.13675213675214e-05 2.13675213675214e-05 0.000106837606837607 0.000106837606837607 2.13675213675214e-05 0.999188034188034 0.000106837606837607 0.000106837606837607 0.000106837606837607 2.13675213675214e-05 2.13675213675214e-05 2.13675213675214e-05 2.13675213675214e-05 2.13675213675214e-05; % K D=0.1
0.000106837606837607 2.13675213675214e-05 2.13675213675214e-05 0.000106837606837607 0.000106837606837607 2.13675213675214e-05 2.13675213675214e-05 0.000106837606837607 0.000106837606837607 0.000106837606837607 2.13675213675214e-05 2.13675213675214e-05 0.999188034188034 2.13675213675214e-05 2.13675213675214e-05; % L D=0.1
0.000106837606837607 0.999188034188034 2.13675213675214e-05 0.000106837606837607 0.000106837606837607 2.13675213675214e-05 2.13675213675214e-05 0.000106837606837607 0.000106837606837607 0.000106837606837607 2.13675213675214e-05 2.13675213675214e-05 2.13675213675214e-05 2.13675213675214e-05 2.13675213675214e-05; % M D=0.1
0.000106837606837607 2.13675213675214e-05 2.13675213675214e-05 0.000106837606837607 0.000106837606837607 2.13675213675214e-05 2.13675213675214e-05 0.000106837606837607 0.000106837606837607 0.000106837606837607 0.999188034188034 2.13675213675214e-05 2.13675213675214e-05 2.13675213675214e-05 2.13675213675214e-05; % N D=0.1
0.000106837606837607 2.13675213675214e-05 0.999188034188034 0.000106837606837607 0.000106837606837607 2.13675213675214e-05 2.13675213675214e-05 0.000106837606837607 0.000106837606837607 0.000106837606837607 2.13675213675214e-05 2.13675213675214e-05 2.13675213675214e-05 2.13675213675214e-05 2.13675213675214e-05; % R D=0.1
0.000106837606837607 2.13675213675214e-05 2.13675213675214e-05 0.000106837606837607 0.000106837606837607 2.13675213675214e-05 2.13675213675214e-05 0.000106837606837607 0.000106837606837607 0.000106837606837607 2.13675213675214e-05 2.13675213675214e-05 2.13675213675214e-05 0.999188034188034 2.13675213675214e-05; % T D=0.1
0.000106837606837607 2.13675213675214e-05 2.13675213675214e-05 0.000106837606837607 0.000106837606837607 2.13675213675214e-05 2.13675213675214e-05 0.000106837606837607 0.000106837606837607 0.000106837606837607 2.13675213675214e-05 2.13675213675214e-05 2.13675213675214e-05 2.13675213675214e-05 0.999188034188034; % Z D=0.1
0.216367521367521 0.000106837606837607 0.000106837606837607 0.000534188034188034 0.183034188034188 0.000106837606837607 0.000106837606837607 0.199700854700855 0.149700854700855 0.249700854700855 0.000106837606837607 0.000106837606837607 0.000106837606837607 0.000106837606837607 0.000106837606837607; % d D=0.1
0.258034188034188 0.000106837606837607 0.000106837606837607 0.174700854700855 0.199700854700855 0.000106837606837607 0.000106837606837607 0.191367521367521 0.174700854700855 0.000534188034188034 0.000106837606837607 0.000106837606837607 0.000106837606837607 0.000106837606837607 0.000106837606837607; % l D=0.1
0.000106837606837607 2.13675213675214e-05 2.13675213675214e-05 0.000106837606837607 0.000106837606837607 0.999188034188034 2.13675213675214e-05 0.000106837606837607 0.000106837606837607 0.000106837606837607 2.13675213675214e-05 2.13675213675214e-05 2.13675213675214e-05 2.13675213675214e-05 2.13675213675214e-05; % n D=0.1
0.224700854700855 0.000106837606837607 0.000106837606837607 0.191367521367521 0.174700854700855 0.000106837606837607 0.000106837606837607 0.208034188034188 0.000534188034188034 0.199700854700855 0.000106837606837607 0.000106837606837607 0.000106837606837607 0.000106837606837607 0.000106837606837607; % r D=0.1
0.000106837606837607 2.13675213675214e-05 2.13675213675214e-05 0.000106837606837607 0.000106837606837607 2.13675213675214e-05 2.13675213675214e-05 0.000106837606837607 0.000106837606837607 0.000106837606837607 2.13675213675214e-05 0.999188034188034 2.13675213675214e-05 2.13675213675214e-05 2.13675213675214e-05; % t D=0.1
0.000854700854700855 0.000170940170940171 0.000170940170940171 0.179521367521368 0.232854700854701 0.000170940170940171 0.000170940170940171 0.172854700854701 0.219521367521367 0.192854700854701 0.000170940170940171 0.000170940170940171 0.000170940170940171 0.000170940170940171 0.000170940170940171; % $ D=0.2
0.224401709401709 0.000213675213675214 0.000213675213675214 0.207735042735043 0.00106837606837607 0.000213675213675214 0.000213675213675214 0.182735042735043 0.232735042735043 0.149401709401709 0.000213675213675214 0.000213675213675214 0.000213675213675214 0.000213675213675214 0.000213675213675214; % B D=0.2
0.324401709401709 0.000213675213675214 0.000213675213675214 0.199401709401709 0.149401709401709 0.000213675213675214 0.000213675213675214 0.00106837606837607 0.166068376068376 0.157735042735043 0.000213675213675214 0.000213675213675214 0.000213675213675214 0.000213675213675214 0.000213675213675214; % G D=0.2
0.000213675213675214 4.27350427350427e-05 4.27350427350427e-05 0.000213675213675214 0.000213675213675214 4.27350427350427e-05 0.998376068376068 0.000213675213675214 0.000213675213675214 0.000213675213675214 4.27350427350427e-05 4.27350427350427e-05 4.27350427350427e-05 4.27350427350427e-05 4.27350427350427e-05; % K D=0.2
0.000213675213675214 4.27350427350427e-05 4.27350427350427e-05 0.000213675213675214 0.000213675213675214 4.27350427350427e-05 4.27350427350427e-05 0.000213675213675214 0.000213675213675214 0.000213675213675214 4.27350427350427e-05 4.27350427350427e-05 0.998376068376068 4.27350427350427e-05 4.27350427350427e-05; % L D=0.2
0.000213675213675214 0.998376068376068 4.27350427350427e-05 0.000213675213675214 0.000213675213675214 4.27350427350427e-05 4.27350427350427e-05 0.000213675213675214 0.000213675213675214 0.000213675213675214 4.27350427350427e-05 4.27350427350427e-05 4.27350427350427e-05 4.27350427350427e-05 4.27350427350427e-05; % M D=0.2
0.000213675213675214 4.27350427350427e-05 4.27350427350427e-05 0.000213675213675214 0.000213675213675214 4.27350427350427e-05 4.27350427350427e-05 0.000213675213675214 0.000213675213675214 0.000213675213675214 0.998376068376068 4.27350427350427e-05 4.27350427350427e-05 4.27350427350427e-05 4.27350427350427e-05; % N D=0.2
0.000213675213675214 4.27350427350427e-05 0.998376068376068 0.000213675213675214 0.000213675213675214 4.27350427350427e-05 4.27350427350427e-05 0.000213675213675214 0.000213675213675214 0.000213675213675214 4.27350427350427e-05 4.27350427350427e-05 4.27350427350427e-05 4.27350427350427e-05 4.27350427350427e-05; % R D=0.2
0.000213675213675214 4.27350427350427e-05 4.27350427350427e-05 0.000213675213675214 0.000213675213675214 4.27350427350427e-05 4.27350427350427e-05 0.000213675213675214 0.000213675213675214 0.000213675213675214 4.27350427350427e-05 4.27350427350427e-05 4.27350427350427e-05 0.998376068376068 4.27350427350427e-05; % T D=0.2
