syllables = '$LMNPRZfnv';
discounts = [0.1 0.2 0.3 0.4 0.5 0.6 0.7 0.8 0.9 0.95];
kn_probs = [0.000285714285714286 0.319714285714286 9.52380952380953e-05 9.52380952380953e-05 9.52380952380953e-05 9.52380952380953e-05 0.299714285714286 9.52380952380953e-05 0.379714285714286 9.52380952380953e-05; % $ D=0.1
7.14285714285714e-05 9.52380952380952e-05 0.99952380952381 2.38095238095238e-05 2.38095238095238e-05 2.38095238095238e-05 9.52380952380952e-05 2.38095238095238e-05 9.52380952380952e-05 2.38095238095238e-05; % L D=0.1
7.14285714285714e-05 9.52380952380952e-05 2.38095238095238e-05 2.38095238095238e-05 2.38095238095238e-05 2.38095238095238e-05 9.52380952380952e-05 0.99952380952381 9.52380952380952e-05 2.38095238095238e-05; % M D=0.1
0.234785714285714 0.264880952380952 9.52380952380952e-05 9.52380952380952e-05 9.52380952380952e-05 9.52380952380952e-05 0.209880952380952 9.52380952380952e-05 0.289880952380952 9.52380952380952e-05; % N D=0.1
0.299785714285714 0.174880952380952 9.52380952380952e-05 9.52380952380952e-05 9.52380952380952e-05 9.52380952380952e-05 0.279880952380952 9.52380952380952e-05 0.244880952380952 9.52380952380952e-05; % P D=0.1
7.14285714285714e-05 9.52380952380952e-05 2.38095238095238e-05 0.99952380952381 2.38095238095238e-05 2.38095238095238e-05 9.52380952380952e-05 2.38095238095238e-05 9.52380952380952e-05 2.38095238095238e-05; % R D=0.1
7.14285714285714e-05 9.52380952380952e-05 2.38095238095238e-05 2.38095238095238e-05 2.38095238095238e-05 0.99952380952381 9.52380952380952e-05 2.38095238095238e-05 9.52380952380952e-05 2.38095238095238e-05; % Z D=0.1
7.14285714285714e-05 9.52380952380952e-05 2.38095238095238e-05 2.38095238095238e-05 0.99952380952381 2.38095238095238e-05 9.52380952380952e-05 2.38095238095238e-05 9.52380952380952e-05 2.38095238095238e-05; % f D=0.1
7.14285714285714e-05 9.52380952380952e-05 2.38095238095238e-05 2.38095238095238e-05 2.38095238095238e-05 2.38095238095238e-05 9.52380952380952e-05 2.38095238095238e-05 9.52380952380952e-05 0.99952380952381; % n D=0.1
0.214785714285714 0.319880952380952 9.52380952380952e-05 9.52380952380952e-05 9.52380952380952e-05 9.52380952380952e-05 0.284880952380952 9.52380952380952e-05 0.179880952380952 9.52380952380952e-05; % v D=0.1
0.000571428571428571 0.319428571428571 0.000190476190476191 0.000190476190476191 0.000190476190476191 0.000190476190476191 0.299428571428571 0.000190476190476191 0.379428571428571 0.000190476190476191; % $ D=0.2
0.000142857142857143 0.00019047619047619 0.999047619047619 4.76190476190476e-05 4.76190476190476e-05 4.76190476190476e-05 0.00019047619047619 4.76190476190476e-05 0.00019047619047619 4.76190476190476e-05; % L D=0.2
0.000142857142857143 0.00019047619047619 4.76190476190476e-05 4.76190476190476e-05 4.76190476190476e-05 4.76190476190476e-05 0.00019047619047619 0.999047619047619 0.00019047619047619 4.76190476190476e-05; % M D=0.2
0.234571428571429 0.264761904761905 0.00019047619047619 0.00019047619047619 0.00019047619047619 0.00019047619047619 0.209761904761905 0.00019047619047619 0.289761904761905 0.00019047619047619; % N D=0.2
0.299571428571429 0.174761904761905 0.00019047619047619 0.00019047619047619 0.00019047619047619 0.00019047619047619 0.279761904761905 0.00019047619047619 0.244761904761905 0.00019047619047619; % P D=0.2
0.000142857142857143 0.00019047619047619 4.76190476190476e-05 0.999047619047619 4.76190476190476e-05 4.76190476190476e-05 0.00019047619047619 4.76190476190476e-05 0.00019047619047619 4.76190476190476e-05; % R D=0.2
0.000142857142857143 0.00019047619047619 4.76190476190476e-05 4.76190476190476e-05 4.76190476190476e-05 0.999047619047619 0.00019047619047619 4.76190476190476e-05 0.00019047619047619 4.76190476190476e-05; % Z D=0.2
0.000142857142857143 0.00019047619047619 4.76190476190476e-05 4.76190476190476e-05 0.999047619047619 4.76190476190476e-05 0.00019047619047619 4.76190476190476e-05 0.00019047619047619 4.76190476190476e-05; % f D=0.2
0.000142857142857143 0.00019047619047619 4.76190476190476e-05 4.76190476190476e-05 4.76190476190476e-05 4.76190476190476e-05 0.00019047619047619 4.76190476190476e-05 0.00019047619047619 0.999047619047619; % n D=0.2
0.214571428571429 0.319761904761905 0.00019047619047619 0.00019047619047619 0.00019047619047619 0.00019047619047619 0.284761904761905 0.00019047619047619 0.179761904761905 0.00019047619047619; % v D=0.2
0.000857142857142857 0.319142857142857 0.000285714285714286 0.000285714285714286 0.000285714285714286 0.000285714285714286 0.299142857142857 0.000285714285714286 0.379142857142857 0.000285714285714286; % $ D=0.3
0.000214285714285714 0.000285714285714286 0.998571428571429 7.14285714285714e-05 7.14285714285714e-05 7.14285714285714e-05 0.000285714285714286 7.14285714285714e-05 0.000285714285714286 7.14285714285714e-05; % L D=0.3
0.000214285714285714 0.000285714285714286 7.14285714285714e-05 7.14285714285714e-05 7.14285714285714e-05 7.14285714285714e-05 0.000285714285714286 0.998571428571429 0.000285714285714286 7.14285714285714e-05; % M D=0.3
0.234357142857143 0.264642857142857 0.000285714285714286 0.000285714285714286 0.000285714285714286 0.000285714285714286 0.209642857142857 0.000285714285714286 0.289642857142857 0.000285714285714286; % N D=0.3
0.299357142857143 0.174642857142857 0.000285714285714286 0.000285714285714286 0.000285714285714286 0.000285714285714286 0.279642857142857 0.000285714285714286 0.244642857142857 0.000285714285714286; % P D=0.3
0.000214285714285714 0.000285714285714286 7.14285714285714e-05 0.998571428571429 7.14285714285714e-05 7.14285714285714e-05 0.000285714285714286 7.14285714285714e-05 0.000285714285714286 7.14285714285714e-05; % R D=0.3
0.000214285714285714 0.000285714285714286 7.14285714285714e-05 7.14285714285714e-05 7.14285714285714e-05 0.998571428571429 0.000285714285714286 7.14285714285714e-05 0.000285714285714286 7.14285714285714e-05; % Z D=0.3
0.000214285714285714 0.000285714285714286 7.14285714285714e-05 7.14285714285714e-05 0.998571428571429 7.14285714285714e-05 0.000285714285714286 7.14285714285714e-05 0.000285714285714286 7.14285714285714e-05; % f D=0.3
0.000214285714285714 0.000285714285714286 7.14285714285714e-05 7.14285714285714e-05 7.14285714285714e-05 7.14285714285714e-05 0.000285714285714286 7.14285714285714e-05 0.000285714285714286 0.998571428571429; % n D=0.3
0.214357142857143 0.319642857142857 0.000285714285714286 0.000285714285714286 0.000285714285714286 0.000285714285714286 0.284642857142857 0.000285714285714286 0.179642857142857 0.000285714285714286; % v D=0.3
0.00114285714285714 0.318857142857143 0.000380952380952381 0.000380952380952381 0.000380952380952381 0.000380952380952381 0.298857142857143 0.000380952380952381 0.378857142857143 0.000380952380952381; % $ D=0.4
0.000285714285714286 0.000380952380952381 0.998095238095238 9.52380952380952e-05 9.52380952380952e-05 9.52380952380952e-05 0.000380952380952381 9.52380952380952e-05 0.000380952380952381 9.52380952380952e-05; % L D=0.4
0.000285714285714286 0.000380952380952381 9.52380952380952e-05 9.52380952380952e-05 9.52380952380952e-05 9.52380952380952e-05 0.000380952380952381 0.998095238095238 0.000380952380952381 9.52380952380952e-05; % M D=0.4
0.234142857142857 0.26452380952381 0.000380952380952381 0.000380952380952381 0.000380952380952381 0.000380952380952381 0.20952380952381 0.000380952380952381 0.28952380952381 0.000380952380952381; % N D=0.4
0.299142857142857 0.17452380952381 0.000380952380952381 0.000380952380952381 0.000380952380952381 0.000380952380952381 0.27952380952381 0.000380952380952381 0.24452380952381 0.000380952380952381; % P D=0.4
0.000285714285714286 0.000380952380952381 9.52380952380952e-05 0.998095238095238 9.52380952380952e-05 9.52380952380952e-05 0.000380952380952381 9.52380952380952e-05 0.000380952380952381 9.52380952380952e-05; % R D=0.4
0.000285714285714286 0.000380952380952381 9.52380952380952e-05 9.52380952380952e-05 9.52380952380952e-05 0.998095238095238 0.000380952380952381 9.52380952380952e-05 0.000380952380952381 9.52380952380952e-05; % Z D=0.4
