syllables = '$JKLPgklmnpv';
discounts = [0.1 0.2 0.3 0.4 0.5 0.6 0.7 0.8 0.9 0.95];
kn_probs = [0.000395061728395062 9.87654320987654e-05 0.273061728395062 9.87654320987654e-05 9.87654320987654e-05 9.87654320987654e-05 0.199728395061728 0.259728395061728 9.87654320987654e-05 9.87654320987654e-05 9.87654320987654e-05 0.266395061728395; % $ D=0.1
9.87654320987654e-05 2.46913580246914e-05 9.87654320987654e-05 2.46913580246914e-05 2.46913580246914e-05 2.46913580246914e-05 9.87654320987654e-05 9.87654320987654e-05 2.46913580246914e-05 0.999358024691358 2.46913580246914e-05 9.87654320987654e-05; % J D=0.1
9.87654320987654e-05 2.46913580246914e-05 9.87654320987654e-05 2.46913580246914e-05 0.999358024691358 2.46913580246914e-05 9.87654320987654e-05 9.87654320987654e-05 2.46913580246914e-05 2.46913580246914e-05 2.46913580246914e-05 9.87654320987654e-05; % K D=0.1
0.213061728395062 9.87654320987654e-05 0.293061728395062 9.87654320987654e-05 9.87654320987654e-05 9.87654320987654e-05 0.000395061728395062 0.219728395061728 9.87654320987654e-05 9.87654320987654e-05 9.87654320987654e-05 0.273061728395062; % L D=0.1
9.87654320987654e-05 0.999358024691358 9.87654320987654e-05 2.46913580246914e-05 2.46913580246914e-05 2.46913580246914e-05 9.87654320987654e-05 9.87654320987654e-05 2.46913580246914e-05 2.46913580246914e-05 2.46913580246914e-05 9.87654320987654e-05; % P D=0.1
0.279728395061728 9.87654320987654e-05 0.213061728395062 9.87654320987654e-05 9.87654320987654e-05 9.87654320987654e-05 0.233061728395062 0.273061728395062 9.87654320987654e-05 9.87654320987654e-05 9.87654320987654e-05 0.000395061728395062; % g D=0.1
9.87654320987654e-05 2.46913580246914e-05 9.87654320987654e-05 0.999358024691358 2.46913580246914e-05 2.46913580246914e-05 9.87654320987654e-05 9.87654320987654e-05 2.46913580246914e-05 2.46913580246914e-05 2.46913580246914e-05 9.87654320987654e-05; % k D=0.1
9.87654320987654e-05 2.46913580246914e-05 9.87654320987654e-05 2.46913580246914e-05 2.46913580246914e-05 2.46913580246914e-05 9.87654320987654e-05 9.87654320987654e-05 0.999358024691358 2.46913580246914e-05 2.46913580246914e-05 9.87654320987654e-05; % l D=0.1
0.313061728395062 9.87654320987654e-05 0.219728395061728 9.87654320987654e-05 9.87654320987654e-05 9.87654320987654e-05 0.219728395061728 0.000395061728395062 9.87654320987654e-05 9.87654320987654e-05 9.87654320987654e-05 0.246395061728395; % m D=0.1
0.193061728395062 9.87654320987654e-05 0.000395061728395062 9.87654320987654e-05 9.87654320987654e-05 9.87654320987654e-05 0.346395061728395 0.246395061728395 9.87654320987654e-05 9.87654320987654e-05 9.87654320987654e-05 0.213061728395062; % n D=0.1
9.87654320987654e-05 2.46913580246914e-05 9.87654320987654e-05 2.46913580246914e-05 2.46913580246914e-05 0.999358024691358 9.87654320987654e-05 9.87654320987654e-05 2.46913580246914e-05 2.46913580246914e-05 2.46913580246914e-05 9.87654320987654e-05; % p D=0.1
9.87654320987654e-05 2.46913580246914e-05 9.87654320987654e-05 2.46913580246914e-05 2.46913580246914e-05 2.46913580246914e-05 9.87654320987654e-05 9.87654320987654e-05 2.46913580246914e-05 2.46913580246914e-05 0.999358024691358 9.87654320987654e-05; % v D=0.1
0.000790123456790124 0.000197530864197531 0.27279012345679 0.000197530864197531 0.000197530864197531 0.000197530864197531 0.199456790123457 0.259456790123457 0.000197530864197531 0.000197530864197531 0.000197530864197531 0.266123456790123; % $ D=0.2
0.000197530864197531 4.93827160493827e-05 0.000197530864197531 4.93827160493827e-05 4.93827160493827e-05 4.93827160493827e-05 0.000197530864197531 0.000197530864197531 4.93827160493827e-05 0.998716049382716 4.93827160493827e-05 0.000197530864197531; % J D=0.2
0.000197530864197531 4.93827160493827e-05 0.000197530864197531 4.93827160493827e-05 0.998716049382716 4.93827160493827e-05 0.000197530864197531 0.000197530864197531 4.93827160493827e-05 4.93827160493827e-05 4.93827160493827e-05 0.000197530864197531; % K D=0.2
0.21279012345679 0.000197530864197531 0.29279012345679 0.000197530864197531 0.000197530864197531 0.000197530864197531 0.000790123456790124 0.219456790123457 0.000197530864197531 0.000197530864197531 0.000197530864197531 0.27279012345679; % L D=0.2
0.000197530864197531 0.998716049382716 0.000197530864197531 4.93827160493827e-05 4.93827160493827e-05 4.93827160493827e-05 0.000197530864197531 0.000197530864197531 4.93827160493827e-05 4.93827160493827e-05 4.93827160493827e-05 0.000197530864197531; % P D=0.2
0.279456790123457 0.000197530864197531 0.21279012345679 0.000197530864197531 0.000197530864197531 0.000197530864197531 0.23279012345679 0.27279012345679 0.000197530864197531 0.000197530864197531 0.000197530864197531 0.000790123456790124; % g D=0.2
0.000197530864197531 4.93827160493827e-05 0.000197530864197531 0.998716049382716 4.93827160493827e-05 4.93827160493827e-05 0.000197530864197531 0.000197530864197531 4.93827160493827e-05 4.93827160493827e-05 4.93827160493827e-05 0.000197530864197531; % k D=0.2
0.000197530864197531 4.93827160493827e-05 0.000197530864197531 4.93827160493827e-05 4.93827160493827e-05 4.93827160493827e-05 0.000197530864197531 0.000197530864197531 0.998716049382716 4.93827160493827e-05 4.93827160493827e-05 0.000197530864197531; % l D=0.2
0.31279012345679 0.000197530864197531 0.219456790123457 0.000197530864197531 0.000197530864197531 0.000197530864197531 0.219456790123457 0.000790123456790124 0.000197530864197531 0.000197530864197531 0.000197530864197531 0.246123456790123; % m D=0.2
0.19279012345679 0.000197530864197531 0.000790123456790124 0.000197530864197531 0.000197530864197531 0.000197530864197531 0.346123456790123 0.246123456790123 0.000197530864197531 0.000197530864197531 0.000197530864197531 0.21279012345679; % n D=0.2
0.000197530864197531 4.93827160493827e-05 0.000197530864197531 4.93827160493827e-05 4.93827160493827e-05 0.998716049382716 0.000197530864197531 0.000197530864197531 4.93827160493827e-05 4.93827160493827e-05 4.93827160493827e-05 0.000197530864197531; % p D=0.2
0.000197530864197531 4.93827160493827e-05 0.000197530864197531 4.93827160493827e-05 4.93827160493827e-05 4.93827160493827e-05 0.000197530864197531 0.000197530864197531 4.93827160493827e-05 4.93827160493827e-05 0.998716049382716 0.000197530864197531; % v D=0.2
0.00118518518518519 0.000296296296296296 0.272518518518519 0.000296296296296296 0.000296296296296296 0.000296296296296296 0.199185185185185 0.259185185185185 0.000296296296296296 0.000296296296296296 0.000296296296296296 0.265851851851852; % $ D=0.3
0.000296296296296296 7.40740740740741e-05 0.000296296296296296 7.40740740740741e-05 7.40740740740741e-05 7.40740740740741e-05 0.000296296296296296 0.000296296296296296 7.40740740740741e-05 0.998074074074074 7.40740740740741e-05 0.000296296296296296; % J D=0.3
0.000296296296296296 7.40740740740741e-05 0.000296296296296296 7.40740740740741e-05 0.998074074074074 7.40740740740741e-05 0.000296296296296296 0.000296296296296296 7.40740740740741e-05 7.40740740740741e-05 7.40740740740741e-05 0.000296296296296296; % K D=0.3
0.212518518518518 0.000296296296296296 0.292518518518519 0.000296296296296296 0.000296296296296296 0.000296296296296296 0.00118518518518519 0.219185185185185 0.000296296296296296 0.000296296296296296 0.000296296296296296 0.272518518518519; % L D=0.3
0.000296296296296296 0.998074074074074 0.000296296296296296 7.40740740740741e-05 7.40740740740741e-05 7.40740740740741e-05 0.000296296296296296 0.000296296296296296 7.40740740740741e-05 7.40740740740741e-05 7.40740740740741e-05 0.000296296296296296; % P D=0.3
0.279185185185185 0.000296296296296296 0.212518518518518 0.000296296296296296 0.000296296296296296 0.000296296296296296 0.232518518518519 0.272518518518519 0.000296296296296296 0.000296296296296296 0.000296296296296296 0.00118518518518519; % g D=0.3
