syllables = '$JKNPRZdkt';
discounts = [0.1 0.2 0.3 0.4 0.5 0.6 0.7 0.8 0.9 0.95];
kn_probs = [0.000315789473684211 0.346421052631579 0.319649122807018 0.332982456140351 0.000105263157894737 0.000105263157894737 0.000105263157894737 0.000105263157894737 0.000105263157894737 0.000105263157894737; % $ D=0.1
7.89473684210526e-05 0.000105263157894737 7.89473684210526e-05 7.89473684210526e-05 2.63157894736842e-05 2.63157894736842e-05 0.999526315789474 2.63157894736842e-05 2.63157894736842e-05 2.63157894736842e-05; % J D=0.1
7.89473684210526e-05 0.000105263157894737 7.89473684210526e-05 7.89473684210526e-05 2.63157894736842e-05 2.63157894736842e-05 2.63157894736842e-05 2.63157894736842e-05 2.63157894736842e-05 0.999526315789474; % K D=0.1
7.89473684210526e-05 0.000105263157894737 7.89473684210526e-05 7.89473684210526e-05 2.63157894736842e-05 2.63157894736842e-05 2.63157894736842e-05 2.63157894736842e-05 0.999526315789474 2.63157894736842e-05; % N D=0.1
0.229815789473684 0.00492105263157895 0.399815789473684 0.364815789473684 0.000105263157894737 0.000105263157894737 0.000105263157894737 0.000105263157894737 0.000105263157894737 0.000105263157894737; % P D=0.1
7.89473684210526e-05 0.000105263157894737 7.89473684210526e-05 7.89473684210526e-05 0.999526315789474 2.63157894736842e-05 2.63157894736842e-05 2.63157894736842e-05 2.63157894736842e-05 2.63157894736842e-05; % R D=0.1
7.89473684210526e-05 0.000105263157894737 7.89473684210526e-05 7.89473684210526e-05 2.63157894736842e-05 0.999526315789474 2.63157894736842e-05 2.63157894736842e-05 2.63157894736842e-05 2.63157894736842e-05; % Z D=0.1
0.259736842105263 0.379815789473684 0.359736842105263 0.000236842105263158 7.89473684210526e-05 7.89473684210526e-05 7.89473684210526e-05 7.89473684210526e-05 7.89473684210526e-05 7.89473684210526e-05; % d D=0.1
7.89473684210526e-05 0.000105263157894737 7.89473684210526e-05 7.89473684210526e-05 2.63157894736842e-05 2.63157894736842e-05 2.63157894736842e-05 0.999526315789474 2.63157894736842e-05 2.63157894736842e-05; % k D=0.1
0.259736842105263 0.354815789473684 0.000236842105263158 0.384736842105263 7.89473684210526e-05 7.89473684210526e-05 7.89473684210526e-05 7.89473684210526e-05 7.89473684210526e-05 7.89473684210526e-05; % t D=0.1
0.000631578947368421 0.346175438596491 0.319298245614035 0.332631578947368 0.000210526315789474 0.000210526315789474 0.000210526315789474 0.000210526315789474 0.000210526315789474 0.000210526315789474; % $ D=0.2
0.000157894736842105 0.000210526315789474 0.000157894736842105 0.000157894736842105 5.26315789473684e-05 5.26315789473684e-05 0.999052631578948 5.26315789473684e-05 5.26315789473684e-05 5.26315789473684e-05; % J D=0.2
0.000157894736842105 0.000210526315789474 0.000157894736842105 0.000157894736842105 5.26315789473684e-05 5.26315789473684e-05 5.26315789473684e-05 5.26315789473684e-05 5.26315789473684e-05 0.999052631578948; % K D=0.2
0.000157894736842105 0.000210526315789474 0.000157894736842105 0.000157894736842105 5.26315789473684e-05 5.26315789473684e-05 5.26315789473684e-05 5.26315789473684e-05 0.999052631578948 5.26315789473684e-05; % N D=0.2
0.229631578947368 0.00484210526315789 0.399631578947368 0.364631578947368 0.000210526315789474 0.000210526315789474 0.000210526315789474 0.000210526315789474 0.000210526315789474 0.000210526315789474; % P D=0.2
0.000157894736842105 0.000210526315789474 0.000157894736842105 0.000157894736842105 0.999052631578948 5.26315789473684e-05 5.26315789473684e-05 5.26315789473684e-05 5.26315789473684e-05 5.26315789473684e-05; % R D=0.2
0.000157894736842105 0.000210526315789474 0.000157894736842105 0.000157894736842105 5.26315789473684e-05 0.999052631578948 5.26315789473684e-05 5.26315789473684e-05 5.26315789473684e-05 5.26315789473684e-05; % Z D=0.2
0.259473684210526 0.379631578947368 0.359473684210526 0.000473684210526316 0.000157894736842105 0.000157894736842105 0.000157894736842105 0.000157894736842105 0.000157894736842105 0.000157894736842105; % d D=0.2
0.000157894736842105 0.000210526315789474 0.000157894736842105 0.000157894736842105 5.26315789473684e-05 5.26315789473684e-05 5.26315789473684e-05 0.999052631578948 5.26315789473684e-05 5.26315789473684e-05; % k D=0.2
0.259473684210526 0.354631578947368 0.000473684210526316 0.384473684210526 0.000157894736842105 0.000157894736842105 0.000157894736842105 0.000157894736842105 0.000157894736842105 0.000157894736842105; % t D=0.2
0.000947368421052632 0.345929824561404 0.318947368421053 0.332280701754386 0.00031578947368421 0.00031578947368421 0.00031578947368421 0.00031578947368421 0.00031578947368421 0.00031578947368421; % $ D=0.3
0.000236842105263158 0.000315789473684211 0.000236842105263158 0.000236842105263158 7.89473684210526e-05 7.89473684210526e-05 0.998578947368421 7.89473684210526e-05 7.89473684210526e-05 7.89473684210526e-05; % J D=0.3
0.000236842105263158 0.000315789473684211 0.000236842105263158 0.000236842105263158 7.89473684210526e-05 7.89473684210526e-05 7.89473684210526e-05 7.89473684210526e-05 7.89473684210526e-05 0.998578947368421; % K D=0.3
0.000236842105263158 0.000315789473684211 0.000236842105263158 0.000236842105263158 7.89473684210526e-05 7.89473684210526e-05 7.89473684210526e-05 7.89473684210526e-05 0.998578947368421 7.89473684210526e-05; % N D=0.3
0.229447368421053 0.00476315789473684 0.399447368421053 0.364447368421053 0.000315789473684211 0.000315789473684211 0.000315789473684211 0.000315789473684211 0.000315789473684211 0.000315789473684211; % P D=0.3
0.000236842105263158 0.000315789473684211 0.000236842105263158 0.000236842105263158 0.998578947368421 7.89473684210526e-05 7.89473684210526e-05 7.89473684210526e-05 7.89473684210526e-05 7.89473684210526e-05; % R D=0.3
0.000236842105263158 0.000315789473684211 0.000236842105263158 0.000236842105263158 7.89473684210526e-05 0.998578947368421 7.89473684210526e-05 7.89473684210526e-05 7.89473684210526e-05 7.89473684210526e-05; % Z D=0.3
0.25921052631579 0.379447368421053 0.35921052631579 0.000710526315789474 0.000236842105263158 0.000236842105263158 0.000236842105263158 0.000236842105263158 0.000236842105263158 0.000236842105263158; % d D=0.3
0.000236842105263158 0.000315789473684211 0.000236842105263158 0.000236842105263158 7.89473684210526e-05 7.89473684210526e-05 7.89473684210526e-05 0.998578947368421 7.89473684210526e-05 7.89473684210526e-05; % k D=0.3
0.25921052631579 0.354447368421053 0.000710526315789474 0.38421052631579 0.000236842105263158 0.000236842105263158 0.000236842105263158 0.000236842105263158 0.000236842105263158 0.000236842105263158; % t D=0.3
0.00126315789473684 0.345684210526316 0.31859649122807 0.331929824561404 0.000421052631578947 0.000421052631578947 0.000421052631578947 0.000421052631578947 0.000421052631578947 0.000421052631578947; % $ D=0.4
0.000315789473684211 0.000421052631578947 0.000315789473684211 0.000315789473684211 0.000105263157894737 0.000105263157894737 0.998105263157895 0.000105263157894737 0.000105263157894737 0.000105263157894737; % J D=0.4
0.000315789473684211 0.000421052631578947 0.000315789473684211 0.000315789473684211 0.000105263157894737 0.000105263157894737 0.000105263157894737 0.000105263157894737 0.000105263157894737 0.998105263157895; % K D=0.4
0.000315789473684211 0.000421052631578947 0.000315789473684211 0.000315789473684211 0.000105263157894737 0.000105263157894737 0.000105263157894737 0.000105263157894737 0.998105263157895 0.000105263157894737; % N D=0.4
0.229263157894737 0.00468421052631579 0.399263157894737 0.364263157894737 0.000421052631578947 0.000421052631578947 0.000421052631578947 0.000421052631578947 0.000421052631578947 0.000421052631578947; % P D=0.4
0.000315789473684211 0.000421052631578947 0.000315789473684211 0.000315789473684211 0.998105263157895 0.000105263157894737 0.000105263157894737 0.000105263157894737 0.000105263157894737 0.000105263157894737; % R D=0.4
