syllables = '$GJKLNTVbdgklmnrtvz';
discounts = [0.1 0.2 0.3 0.4 0.5 0.6 0.7 0.8 0.9 0.95];
kn_probs = [0.000436363636363636 7.27272727272727e-05 7.27272727272727e-05 7.27272727272727e-05 7.27272727272727e-05 7.27272727272727e-05 0.159769696969697 0.159769696969697 0.199842424242424 7.27272727272727e-05 7.27272727272727e-05 0.146436363636364 7.27272727272727e-05 0.166436363636364 7.27272727272727e-05 0.166436363636364 7.27272727272727e-05 7.27272727272727e-05 7.27272727272727e-05; % $ D=0.1
0.219654545454545 0.000109090909090909 0.000109090909090909 0.000109090909090909 0.000109090909090909 0.000109090909090909 0.000654545454545455 0.149654545454545 0.179763636363636 0.000109090909090909 0.000109090909090909 0.169654545454545 0.000109090909090909 0.129654545454545 0.000109090909090909 0.149654545454545 0.000109090909090909 0.000109090909090909 0.000109090909090909; % G D=0.1
0.269763636363636 0.000127272727272727 0.000127272727272727 0.000127272727272727 0.000127272727272727 0.000127272727272727 0.119763636363636 0.159763636363636 0.00989090909090909 0.000127272727272727 0.000127272727272727 0.119763636363636 0.000127272727272727 0.169763636363636 0.000127272727272727 0.149763636363636 0.000127272727272727 0.000127272727272727 0.000127272727272727; % J D=0.1
0.239654545454545 0.000109090909090909 0.000109090909090909 0.000109090909090909 0.000109090909090909 0.000109090909090909 0.199654545454545 0.0896545454545455 0.109763636363636 0.000109090909090909 0.000109090909090909 0.179654545454545 0.000109090909090909 0.000654545454545455 0.000109090909090909 0.179654545454545 0.000109090909090909 0.000109090909090909 0.000109090909090909; % K D=0.1
0.000109090909090909 1.81818181818182e-05 1.81818181818182e-05 1.81818181818182e-05 1.81818181818182e-05 1.81818181818182e-05 0.000109090909090909 0.000109090909090909 0.000127272727272727 1.81818181818182e-05 1.81818181818182e-05 0.000109090909090909 1.81818181818182e-05 0.000109090909090909 0.999018181818182 0.000109090909090909 1.81818181818182e-05 1.81818181818182e-05 1.81818181818182e-05; % L D=0.1
0.000109090909090909 1.81818181818182e-05 1.81818181818182e-05 1.81818181818182e-05 1.81818181818182e-05 1.81818181818182e-05 0.000109090909090909 0.000109090909090909 0.000127272727272727 1.81818181818182e-05 1.81818181818182e-05 0.000109090909090909 0.999018181818182 0.000109090909090909 1.81818181818182e-05 0.000109090909090909 1.81818181818182e-05 1.81818181818182e-05 1.81818181818182e-05; % N D=0.1
0.000109090909090909 1.81818181818182e-05 1.81818181818182e-05 1.81818181818182e-05 0.999018181818182 1.81818181818182e-05 0.000109090909090909 0.000109090909090909 0.000127272727272727 1.81818181818182e-05 1.81818181818182e-05 0.000109090909090909 1.81818181818182e-05 0.000109090909090909 1.81818181818182e-05 0.000109090909090909 1.81818181818182e-05 1.81818181818182e-05 1.81818181818182e-05; % T D=0.1
0.000109090909090909 1.81818181818182e-05 1.81818181818182e-05 1.81818181818182e-05 1.81818181818182e-05 1.81818181818182e-05 0.000109090909090909 0.000109090909090909 0.000127272727272727 0.999018181818182 1.81818181818182e-05 0.000109090909090909 1.81818181818182e-05 0.000109090909090909 1.81818181818182e-05 0.000109090909090909 1.81818181818182e-05 1.81818181818182e-05 1.81818181818182e-05; % V D=0.1
0.000109090909090909 1.81818181818182e-05 0.999018181818182 1.81818181818182e-05 1.81818181818182e-05 1.81818181818182e-05 0.000109090909090909 0.000109090909090909 0.000127272727272727 1.81818181818182e-05 1.81818181818182e-05 0.000109090909090909 1.81818181818182e-05 0.000109090909090909 1.81818181818182e-05 0.000109090909090909 1.81818181818182e-05 1.81818181818182e-05 1.81818181818182e-05; % b D=0.1
0.000109090909090909 1.81818181818182e-05 1.81818181818182e-05 1.81818181818182e-05 1.81818181818182e-05 1.81818181818182e-05 0.000109090909090909 0.000109090909090909 0.000127272727272727 1.81818181818182e-05 1.81818181818182e-05 0.000109090909090909 1.81818181818182e-05 0.000109090909090909 1.81818181818182e-05 0.000109090909090909 0.999018181818182 1.81818181818182e-05 1.81818181818182e-05; % d D=0.1
0.239654545454545 0.000109090909090909 0.000109090909090909 0.000109090909090909 0.000109090909090909 0.000109090909090909 0.119654545454545 0.179654545454545 0.159763636363636 0.000109090909090909 0.000109090909090909 0.179654545454545 0.000109090909090909 0.119654545454545 0.000109090909090909 0.000654545454545455 0.000109090909090909 0.000109090909090909 0.000109090909090909; % g D=0.1
0.000109090909090909 1.81818181818182e-05 1.81818181818182e-05 1.81818181818182e-05 1.81818181818182e-05 0.999018181818182 0.000109090909090909 0.000109090909090909 0.000127272727272727 1.81818181818182e-05 1.81818181818182e-05 0.000109090909090909 1.81818181818182e-05 0.000109090909090909 1.81818181818182e-05 0.000109090909090909 1.81818181818182e-05 1.81818181818182e-05 1.81818181818182e-05; % k D=0.1
0.299654545454545 0.000109090909090909 0.000109090909090909 0.000109090909090909 0.000109090909090909 0.000109090909090909 0.119654545454545 0.179654545454545 0.129763636363636 0.000109090909090909 0.000109090909090909 0.000654545454545455 0.000109090909090909 0.129654545454545 0.000109090909090909 0.139654545454545 0.000109090909090909 0.000109090909090909 0.000109090909090909; % l D=0.1
0.000109090909090909 1.81818181818182e-05 1.81818181818182e-05 0.999018181818182 1.81818181818182e-05 1.81818181818182e-05 0.000109090909090909 0.000109090909090909 0.000127272727272727 1.81818181818182e-05 1.81818181818182e-05 0.000109090909090909 1.81818181818182e-05 0.000109090909090909 1.81818181818182e-05 0.000109090909090909 1.81818181818182e-05 1.81818181818182e-05 1.81818181818182e-05; % m D=0.1
0.000109090909090909 0.999018181818182 1.81818181818182e-05 1.81818181818182e-05 1.81818181818182e-05 1.81818181818182e-05 0.000109090909090909 0.000109090909090909 0.000127272727272727 1.81818181818182e-05 1.81818181818182e-05 0.000109090909090909 1.81818181818182e-05 0.000109090909090909 1.81818181818182e-05 0.000109090909090909 1.81818181818182e-05 1.81818181818182e-05 1.81818181818182e-05; % n D=0.1
0.000109090909090909 1.81818181818182e-05 1.81818181818182e-05 1.81818181818182e-05 1.81818181818182e-05 1.81818181818182e-05 0.000109090909090909 0.000109090909090909 0.000127272727272727 1.81818181818182e-05 1.81818181818182e-05 0.000109090909090909 1.81818181818182e-05 0.000109090909090909 1.81818181818182e-05 0.000109090909090909 1.81818181818182e-05 0.999018181818182 1.81818181818182e-05; % r D=0.1
0.000109090909090909 1.81818181818182e-05 1.81818181818182e-05 1.81818181818182e-05 1.81818181818182e-05 1.81818181818182e-05 0.000109090909090909 0.000109090909090909 0.000127272727272727 1.81818181818182e-05 1.81818181818182e-05 0.000109090909090909 1.81818181818182e-05 0.000109090909090909 1.81818181818182e-05 0.000109090909090909 1.81818181818182e-05 1.81818181818182e-05 0.999018181818182; % t D=0.1
0.000109090909090909 1.81818181818182e-05 1.81818181818182e-05 1.81818181818182e-05 1.81818181818182e-05 1.81818181818182e-05 0.000109090909090909 0.000109090909090909 0.000127272727272727 1.81818181818182e-05 0.999018181818182 0.000109090909090909 1.81818181818182e-05 0.000109090909090909 1.81818181818182e-05 0.000109090909090909 1.81818181818182e-05 1.81818181818182e-05 1.81818181818182e-05; % v D=0.1
0.229654545454545 0.000109090909090909 0.000109090909090909 0.000109090909090909 0.000109090909090909 0.000109090909090909 0.199654545454545 0.000654545454545455 0.109763636363636 0.000109090909090909 0.000109090909090909 0.129654545454545 0.000109090909090909 0.199654545454545 0.000109090909090909 0.129654545454545 0.000109090909090909 0.000109090909090909 0.000109090909090909; % z D=0.1
0.000872727272727273 0.000145454545454545 0.000145454545454545 0.000145454545454545 0.000145454545454545 0.000145454545454545 0.159539393939394 0.159539393939394 0.199684848484848 0.000145454545454545 0.000145454545454545 0.146206060606061 0.000145454545454545 0.166206060606061 0.000145454545454545 0.166206060606061 0.000145454545454545 0.000145454545454545 0.000145454545454545; % $ D=0.2
0.219309090909091 0.000218181818181818 0.000218181818181818 0.000218181818181818 0.000218181818181818 0.000218181818181818 0.00130909090909091 0.149309090909091 0.179527272727273 0.000218181818181818 0.000218181818181818 0.169309090909091 0.000218181818181818 0.129309090909091 0.000218181818181818 0.149309090909091 0.000218181818181818 0.000218181818181818 0.000218181818181818; % G D=0.2
0.269527272727273 0.000254545454545455 0.000254545454545455 0.000254545454545455 0.000254545454545455 0.000254545454545455 0.119527272727273 0.159527272727273 0.00978181818181818 0.000254545454545455 0.000254545454545455 0.119527272727273 0.000254545454545455 0.169527272727273 0.000254545454545455 0.149527272727273 0.000254545454545455 0.000254545454545455 0.000254545454545455; % J D=0.2
0.239309090909091 0.000218181818181818 0.000218181818181818 0.000218181818181818 0.000218181818181818 0.000218181818181818 0.199309090909091 0.0893090909090909 0.109527272727273 0.000218181818181818 0.000218181818181818 0.179309090909091 0.000218181818181818 0.00130909090909091 0.000218181818181818 0.179309090909091 0.000218181818181818 0.000218181818181818 0.000218181818181818; % K D=0.2
0.000218181818181818 3.63636363636364e-05 3.63636363636364e-05 3.63636363636364e-05 3.63636363636364e-05 3.63636363636364e-05 0.000218181818181818 0.000218181818181818 0.000254545454545455 3.63636363636364e-05 3.63636363636364e-05 0.000218181818181818 3.63636363636364e-05 0.000218181818181818 0.998036363636364 0.000218181818181818 3.63636363636364e-05 3.63636363636364e-05 3.63636363636364e-05; % L D=0.2
0.000218181818181818 3.63636363636364e-05 3.63636363636364e-05 3.63636363636364e-05 3.63636363636364e-05 3.63636363636364e-05 0.000218181818181818 0.000218181818181818 0.000254545454545455 3.63636363636364e-05 3.63636363636364e-05 0.000218181818181818 0.998036363636364 0.000218181818181818 3.63636363636364e-05 0.000218181818181818 3.63636363636364e-05 3.63636363636364e-05 3.63636363636364e-05; % N D=0.2
0.000218181818181818 3.63636363636364e-05 3.63636363636364e-05 3.63636363636364e-05 0.998036363636364 3.63636363636364e-05 0.000218181818181818 0.000218181818181818 0.000254545454545455 3.63636363636364e-05 3.63636363636364e-05 0.000218181818181818 3.63636363636364e-05 0.000218181818181818 3.63636363636364e-05 0.000218181818181818 3.63636363636364e-05 3.63636363636364e-05 3.63636363636364e-05; % T D=0.2
0.000218181818181818 3.63636363636364e-05 3.63636363636364e-05 3.63636363636364e-05 3.63636363636364e-05 3.63636363636364e-05 0.000218181818181818 0.000218181818181818 0.000254545454545455 0.998036363636364 3.63636363636364e-05 0.000218181818181818 3.63636363636364e-05 0.000218181818181818 3.63636363636364e-05 0.000218181818181818 3.63636363636364e-05 3.63636363636364e-05 3.63636363636364e-05; % V D=0.2
0.000218181818181818 3.63636363636364e-05 0.998036363636364 3.63636363636364e-05 3.63636363636364e-05 3.63636363636364e-05 0.000218181818181818 0.000218181818181818 0.000254545454545455 3.63636363636364e-05 3.63636363636364e-05 0.000218181818181818 3.63636363636364e-05 0.000218181818181818 3.63636363636364e-05 0.000218181818181818 3.63636363636364e-05 3.63636363636364e-05 3.63636363636364e-05; % b D=0.2
0.000218181818181818 3.63636363636364e-05 3.63636363636364e-05 3.63636363636364e-05 3.63636363636364e-05 3.63636363636364e-05 0.000218181818181818 0.000218181818181818 0.000254545454545455 3.63636363636364e-05 3.63636363636364e-05 0.000218181818181818 3.63636363636364e-05 0.000218181818181818 3.63636363636364e-05 0.000218181818181818 0.998036363636364 3.63636363636364e-05 3.63636363636364e-05; % d D=0.2
0.239309090909091 0.000218181818181818 0.000218181818181818 0.000218181818181818 0.000218181818181818 0.000218181818181818 0.119309090909091 0.179309090909091 0.159527272727273 0.000218181818181818 0.000218181818181818 0.179309090909091 0.000218181818181818 0.119309090909091 0.000218181818181818 0.00130909090909091 0.000218181818181818 0.000218181818181818 0.000218181818181818; % g D=0.2
0.000218181818181818 3.63636363636364e-05 3.63636363636364e-05 3.63636363636364e-05 3.63636363636364e-05 0.998036363636364 0.000218181818181818 0.000218181818181818 0.000254545454545455 3.63636363636364e-05 3.63636363636364e-05 0.000218181818181818 3.63636363636364e-05 0.000218181818181818 3.63636363636364e-05 0.000218181818181818 3.63636363636364e-05 3.63636363636364e-05 3.63636363636364e-05; % k D=0.2
0.299309090909091 0.000218181818181818 0.000218181818181818 0.000218181818181818 0.000218181818181818 0.000218181818181818 0.119309090909091 0.179309090909091 0.129527272727273 0.000218181818181818 0.000218181818181818 0.00130909090909091 0.000218181818181818 0.129309090909091 0.000218181818181818 0.139309090909091 0.000218181818181818 0.000218181818181818 0.000218181818181818; % l D=0.2
0.000218181818181818 3.63636363636364e-05 3.63636363636364e-05 0.998036363636364 3.63636363636364e-05 3.63636363636364e-05 0.000218181818181818 0.000218181818181818 0.000254545454545455 3.63636363636364e-05 3.63636363636364e-05 0.000218181818181818 3.63636363636364e-05 0.000218181818181818 3.63636363636364e-05 0.000218181818181818 3.63636363636364e-05 3.63636363636364e-05 3.63636363636364e-05; % m D=0.2
0.000218181818181818 0.998036363636364 3.63636363636364e-05 3.63636363636364e-05 3.63636363636364e-05 3.63636363636364e-05 0.000218181818181818 0.000218181818181818 0.000254545454545455 3.63636363636364e-05 3.63636363636364e-05 0.000218181818181818 3.63636363636364e-05 0.000218181818181818 3.63636363636364e-05 0.000218181818181818 3.63636363636364e-05 3.63636363636364e-05 3.63636363636364e-05; % n D=0.2
0.000218181818181818 3.63636363636364e-05 3.63636363636364e-05 3.63636363636364e-05 3.63636363636364e-05 3.63636363636364e-05 0.000218181818181818 0.000218181818181818 0.000254545454545455 3.63636363636364e-05 3.63636363636364e-05 0.000218181818181818 3.63636363636364e-05 0.000218181818181818 3.63636363636364e-05 0.000218181818181818 3.63636363636364e-05 0.998036363636364 3.63636363636364e-05; % r D=0.2
0.000218181818181818 3.63636363636364e-05 3.63636363636364e-05 3.63636363636364e-05 3.63636363636364e-05 3.63636363636364e-05 0.000218181818181818 0.000218181818181818 0.000254545454545455 3.63636363636364e-05 3.63636363636364e-05 0.000218181818181818 3.63636363636364e-05 0.000218181818181818 3.63636363636364e-05 0.000218181818181818 3.63636363636364e-05 3.63636363636364e-05 0.998036363636364; % t D=0.2
0.000218181818181818 3.63636363636364e-05 3.63636363636364e-05 3.63636363636364e-05 3.63636363636364e-05 3.63636363636364e-05 0.000218181818181818 0.000218181818181818 0.000254545454545455 3.63636363636364e-05 0.998036363636364 0.000218181818181818 3.63636363636364e-05 0.000218181818181818 3.63636363636364e-05 0.000218181818181818 3.63636363636364e-05 3.63636363636364e-05 3.63636363636364e-05; % v D=0.2
0.229309090909091 0.000218181818181818 0.000218181818181818 0.000218181818181818 0.000218181818181818 0.000218181818181818 0.199309090909091 0.00130909090909091 0.109527272727273 0.000218181818181818 0.000218181818181818 0.129309090909091 0.000218181818181818 0.199309090909091 0.000218181818181818 0.129309090909091 0.000218181818181818 0.000218181818181818 0.000218181818181818; % z D=0.2
0.00130909090909091 0.000218181818181818 0.000218181818181818 0.000218181818181818 0.000218181818181818 0.000218181818181818 0.159309090909091 0.159309090909091 0.199527272727273 0.000218181818181818 0.000218181818181818 0.145975757575758 0.000218181818181818 0.165975757575758 0.000218181818181818 0.165975757575758 0.000218181818181818 0.000218181818181818 0.000218181818181818; % $ D=0.3
0.218963636363636 0.000327272727272727 0.000327272727272727 0.000327272727272727 0.000327272727272727 0.000327272727272727 0.00196363636363636 0.148963636363636 0.179290909090909 0.000327272727272727 0.000327272727272727 0.168963636363636 0.000327272727272727 0.128963636363636 0.000327272727272727 0.148963636363636 0.000327272727272727 0.000327272727272727 0.000327272727272727; % G D=0.3
0.269290909090909 0.000381818181818182 0.000381818181818182 0.000381818181818182 0.000381818181818182 0.000381818181818182 0.119290909090909 0.159290909090909 0.00967272727272727 0.000381818181818182 0.000381818181818182 0.119290909090909 0.000381818181818182 0.169290909090909 0.000381818181818182 0.149290909090909 0.000381818181818182 0.000381818181818182 0.000381818181818182; % J D=0.3
0.238963636363636 0.000327272727272727 0.000327272727272727 0.000327272727272727 0.000327272727272727 0.000327272727272727 0.198963636363636 0.0889636363636364 0.109290909090909 0.000327272727272727 0.000327272727272727 0.178963636363636 0.000327272727272727 0.00196363636363636 0.000327272727272727 0.178963636363636 0.000327272727272727 0.000327272727272727 0.000327272727272727; % K D=0.3
0.000327272727272727 5.45454545454545e-05 5.45454545454545e-05 5.45454545454545e-05 5.45454545454545e-05 5.45454545454545e-05 0.000327272727272727 0.000327272727272727 0.000381818181818182 5.45454545454545e-05 5.45454545454545e-05 0.000327272727272727 5.45454545454545e-05 0.000327272727272727 0.997054545454545 0.000327272727272727 5.45454545454545e-05 5.45454545454545e-05 5.45454545454545e-05; % L D=0.3
0.000327272727272727 5.45454545454545e-05 5.45454545454545e-05 5.45454545454545e-05 5.45454545454545e-05 5.45454545454545e-05 0.000327272727272727 0.000327272727272727 0.000381818181818182 5.45454545454545e-05 5.45454545454545e-05 0.000327272727272727 0.997054545454545 0.000327272727272727 5.45454545454545e-05 0.000327272727272727 5.45454545454545e-05 5.45454545454545e-05 5.45454545454545e-05; % N D=0.3
0.000327272727272727 5.45454545454545e-05 5.45454545454545e-05 5.45454545454545e-05 0.997054545454545 5.45454545454545e-05 0.000327272727272727 0.000327272727272727 0.000381818181818182 5.45454545454545e-05 5.45454545454545e-05 0.000327272727272727 5.45454545454545e-05 0.000327272727272727 5.45454545454545e-05 0.000327272727272727 5.45454545454545e-05 5.45454545454545e-05 5.45454545454545e-05; % T D=0.3
0.000327272727272727 5.45454545454545e-05 5.45454545454545e-05 5.45454545454545e-05 5.45454545454545e-05 5.45454545454545e-05 0.000327272727272727 0.000327272727272727 0.000381818181818182 0.997054545454545 5.45454545454545e-05 0.000327272727272727 5.45454545454545e-05 0.000327272727272727 5.45454545454545e-05 0.000327272727272727 5.45454545454545e-05 5.45454545454545e-05 5.45454545454545e-05; % V D=0.3
0.000327272727272727 5.45454545454545e-05 0.997054545454545 5.45454545454545e-05 5.45454545454545e-05 5.45454545454545e-05 0.000327272727272727 0.000327272727272727 0.000381818181818182 5.45454545454545e-05 5.45454545454545e-05 0.000327272727272727 5.45454545454545e-05 0.000327272727272727 5.45454545454545e-05 0.000327272727272727 5.45454545454545e-05 5.45454545454545e-05 5.45454545454545e-05; % b D=0.3
0.000327272727272727 5.45454545454545e-05 5.45454545454545e-05 5.45454545454545e-05 5.45454545454545e-05 5.45454545454545e-05 0.000327272727272727 0.000327272727272727 0.000381818181818182 5.45454545454545e-05 5.45454545454545e-05 0.000327272727272727 5.45454545454545e-05 0.000327272727272727 5.45454545454545e-05 0.000327272727272727 0.997054545454545 5.45454545454545e-05 5.45454545454545e-05; % d D=0.3
0.238963636363636 0.000327272727272727 0.000327272727272727 0.000327272727272727 0.000327272727272727 0.000327272727272727 0.118963636363636 0.178963636363636 0.159290909090909 0.000327272727272727 0.000327272727272727 0.178963636363636 0.000327272727272727 0.118963636363636 0.000327272727272727 0.00196363636363636 0.000327272727272727 0.000327272727272727 0.000327272727272727; % g D=0.3
0.000327272727272727 5.45454545454545e-05 5.45454545454545e-05 5.45454545454545e-05 5.45454545454545e-05 0.997054545454545 0.000327272727272727 0.000327272727272727 0.000381818181818182 5.45454545454545e-05 5.45454545454545e-05 0.000327272727272727 5.45454545454545e-05 0.000327272727272727 5.45454545454545e-05 0.000327272727272727 5.45454545454545e-05 5.45454545454545e-05 5.45454545454545e-05; % k D=0.3
0.298963636363636 0.000327272727272727 0.000327272727272727 0.000327272727272727 0.000327272727272727 0.000327272727272727 0.118963636363636 0.178963636363636 0.129290909090909 0.000327272727272727 0.000327272727272727 0.00196363636363636 0.000327272727272727 0.128963636363636 0.000327272727272727 0.138963636363636 0.000327272727272727 0.000327272727272727 0.000327272727272727; % l D=0.3
0.000327272727272727 5.45454545454545e-05 5.45454545454545e-05 0.997054545454545 5.45454545454545e-05 5.45454545454545e-05 0.000327272727272727 0.000327272727272727 0.000381818181818182 5.45454545454545e-05 5.45454545454545e-05 0.000327272727272727 5.45454545454545e-05 0.000327272727272727 5.45454545454545e-05 0.000327272727272727 5.45454545454545e-05 5.45454545454545e-05 5.45454545454545e-05; % m D=0.3
0.000327272727272727 0.997054545454545 5.45454545454545e-05 5.45454545454545e-05 5.45454545454545e-05 5.45454545454545e-05 0.000327272727272727 0.000327272727272727 0.000381818181818182 5.45454545454545e-05 5.45454545454545e-05 0.000327272727272727 5.45454545454545e-05 0.000327272727272727 5.45454545454545e-05 0.000327272727272727 5.45454545454545e-05 5.45454545454545e-05 5.45454545454545e-05; % n D=0.3
0.000327272727272727 5.45454545454545e-05 5.45454545454545e-05 5.45454545454545e-05 5.45454545454545e-05 5.45454545454545e-05 0.000327272727272727 0.000327272727272727 0.000381818181818182 5.45454545454545e-05 5.45454545454545e-05 0.000327272727272727 5.45454545454545e-05 0.000327272727272727 5.45454545454545e-05 0.000327272727272727 5.45454545454545e-05 0.997054545454545 5.45454545454545e-05; % r D=0.3
0.000327272727272727 5.45454545454545e-05 5.45454545454545e-05 5.45454545454545e-05 5.45454545454545e-05 5.45454545454545e-05 0.000327272727272727 0.000327272727272727 0.000381818181818182 5.45454545454545e-05 5.45454545454545e-05 0.000327272727272727 5.45454545454545e-05 0.000327272727272727 5.45454545454545e-05 0.000327272727272727 5.45454545454545e-05 5.45454545454545e-05 0.997054545454545; % t D=0.3
0.000327272727272727 5.45454545454545e-05 5.45454545454545e-05 5.45454545454545e-05 5.45454545454545e-05 5.45454545454545e-05 0.000327272727272727 0.000327272727272727 0.000381818181818182 5.45454545454545e-05 0.997054545454545 0.000327272727272727 5.45454545454545e-05 0.000327272727272727 5.45454545454545e-05 0.000327272727272727 5.45454545454545e-05 5.45454545454545e-05 5.45454545454545e-05; % v D=0.3
0.228963636363636 0.000327272727272727 0.000327272727272727 0.000327272727272727 0.000327272727272727 0.000327272727272727 0.198963636363636 0.00196363636363636 0.109290909090909 0.000327272727272727 0.000327272727272727 0.128963636363636 0.000327272727272727 0.198963636363636 0.000327272727272727 0.128963636363636 0.000327272727272727 0.000327272727272727 0.000327272727272727; % z D=0.3
0.00174545454545455 0.000290909090909091 0.000290909090909091 0.000290909090909091 0.000290909090909091 0.000290909090909091 0.159078787878788 0.159078787878788 0.199369696969697 0.000290909090909091 0.000290909090909091 0.145745454545455 0.000290909090909091 0.165745454545455 0.000290909090909091 0.165745454545455 0.000290909090909091 0.000290909090909091 0.000290909090909091; % $ D=0.4
0.218618181818182 0.000436363636363636 0.000436363636363636 0.000436363636363636 0.000436363636363636 0.000436363636363636 0.00261818181818182 0.148618181818182 0.179054545454545 0.000436363636363636 0.000436363636363636 0.168618181818182 0.000436363636363636 0.128618181818182 0.000436363636363636 0.148618181818182 0.000436363636363636 0.000436363636363636 0.000436363636363636; % G D=0.4
0.269054545454545 0.000509090909090909 0.000509090909090909 0.000509090909090909 0.000509090909090909 0.000509090909090909 0.119054545454545 0.159054545454545 0.00956363636363636 0.000509090909090909 0.000509090909090909 0.119054545454545 0.000509090909090909 0.169054545454545 0.000509090909090909 0.149054545454545 0.000509090909090909 0.000509090909090909 0.000509090909090909; % J D=0.4
0.238618181818182 0.000436363636363636 0.000436363636363636 0.000436363636363636 0.000436363636363636 0.000436363636363636 0.198618181818182 0.0886181818181818 0.109054545454545 0.000436363636363636 0.000436363636363636 0.178618181818182 0.000436363636363636 0.00261818181818182 0.000436363636363636 0.178618181818182 0.000436363636363636 0.000436363636363636 0.000436363636363636; % K D=0.4
0.000436363636363636 7.27272727272727e-05 7.27272727272727e-05 7.27272727272727e-05 7.27272727272727e-05 7.27272727272727e-05 0.000436363636363636 0.000436363636363636 0.000509090909090909 7.27272727272727e-05 7.27272727272727e-05 0.000436363636363636 7.27272727272727e-05 0.000436363636363636 0.996072727272727 0.000436363636363636 7.27272727272727e-05 7.27272727272727e-05 7.27272727272727e-05; % L D=0.4
0.000436363636363636 7.27272727272727e-05 7.27272727272727e-05 7.27272727272727e-05 7.27272727272727e-05 7.27272727272727e-05 0.000436363636363636 0.000436363636363636 0.000509090909090909 7.27272727272727e-05 7.27272727272727e-05 0.000436363636363636 0.996072727272727 0.000436363636363636 7.27272727272727e-05 0.000436363636363636 7.27272727272727e-05 7.27272727272727e-05 7.27272727272727e-05; % N D=0.4
0.000436363636363636 7.27272727272727e-05 7.27272727272727e-05 7.27272727272727e-05 0.996072727272727 7.27272727272727e-05 0.000436363636363636 0.000436363636363636 0.000509090909090909 7.27272727272727e-05 7.27272727272727e-05 0.000436363636363636 7.27272727272727e-05 0.000436363636363636 7.27272727272727e-05 0.000436363636363636 7.27272727272727e-05 7.27272727272727e-05 7.27272727272727e-05; % T D=0.4
0.000436363636363636 7.27272727272727e-05 7.27272727272727e-05 7.27272727272727e-05 7.27272727272727e-05 7.27272727272727e-05 0.000436363636363636 0.000436363636363636 0.000509090909090909 0.996072727272727 7.27272727272727e-05 0.000436363636363636 7.27272727272727e-05 0.000436363636363636 7.27272727272727e-05 0.000436363636363636 7.27272727272727e-05 7.27272727272727e-05 7.27272727272727e-05; % V D=0.4
0.000436363636363636 7.27272727272727e-05 0.996072727272727 7.27272727272727e-05 7.27272727272727e-05 7.27272727272727e-05 0.000436363636363636 0.000436363636363636 0.000509090909090909 7.27272727272727e-05 7.27272727272727e-05 0.000436363636363636 7.27272727272727e-05 0.000436363636363636 7.27272727272727e-05 0.000436363636363636 7.27272727272727e-05 7.27272727272727e-05 7.27272727272727e-05; % b D=0.4
0.000436363636363636 7.27272727272727e-05 7.27272727272727e-05 7.27272727272727e-05 7.27272727272727e-05 7.27272727272727e-05 0.000436363636363636 0.000436363636363636 0.000509090909090909 7.27272727272727e-05 7.27272727272727e-05 0.000436363636363636 7.27272727272727e-05 0.000436363636363636 7.27272727272727e-05 0.000436363636363636 0.996072727272727 7.27272727272727e-05 7.27272727272727e-05; % d D=0.4
0.238618181818182 0.000436363636363636 0.000436363636363636 0.000436363636363636 0.000436363636363636 0.000436363636363636 0.118618181818182 0.178618181818182 0.159054545454545 0.000436363636363636 0.000436363636363636 0.178618181818182 0.000436363636363636 0.118618181818182 0.000436363636363636 0.00261818181818182 0.000436363636363636 0.000436363636363636 0.000436363636363636; % g D=0.4
0.000436363636363636 7.27272727272727e-05 7.27272727272727e-05 7.27272727272727e-05 7.27272727272727e-05 0.996072727272727 0.000436363636363636 0.000436363636363636 0.000509090909090909 7.27272727272727e-05 7.27272727272727e-05 0.000436363636363636 7.27272727272727e-05 0.000436363636363636 7.27272727272727e-05 0.000436363636363636 7.27272727272727e-05 7.27272727272727e-05 7.27272727272727e-05; % k D=0.4
0.298618181818182 0.000436363636363636 0.000436363636363636 0.000436363636363636 0.000436363636363636 0.000436363636363636 0.118618181818182 0.178618181818182 0.129054545454545 0.000436363636363636 0.000436363636363636 0.00261818181818182 0.000436363636363636 0.128618181818182 0.000436363636363636 0.138618181818182 0.000436363636363636 0.000436363636363636 0.000436363636363636; % l D=0.4
0.000436363636363636 7.27272727272727e-05 7.27272727272727e-05 0.996072727272727 7.27272727272727e-05 7.27272727272727e-05 0.000436363636363636 0.000436363636363636 0.000509090909090909 7.27272727272727e-05 7.27272727272727e-05 0.000436363636363636 7.27272727272727e-05 0.000436363636363636 7.27272727272727e-05 0.000436363636363636 7.27272727272727e-05 7.27272727272727e-05 7.27272727272727e-05; % m D=0.4
0.000436363636363636 0.996072727272727 7.27272727272727e-05 7.27272727272727e-05 7.27272727272727e-05 7.27272727272727e-05 0.000436363636363636 0.000436363636363636 0.000509090909090909 7.27272727272727e-05 7.27272727272727e-05 0.000436363636363636 7.27272727272727e-05 0.000436363636363636 7.27272727272727e-05 0.000436363636363636 7.27272727272727e-05 7.27272727272727e-05 7.27272727272727e-05; % n D=0.4
0.000436363636363636 7.27272727272727e-05 7.27272727272727e-05 7.27272727272727e-05 7.27272727272727e-05 7.27272727272727e-05 0.000436363636363636 0.000436363636363636 0.000509090909090909 7.27272727272727e-05 7.27272727272727e-05 0.000436363636363636 7.27272727272727e-05 0.000436363636363636 7.27272727272727e-05 0.000436363636363636 7.27272727272727e-05 0.996072727272727 7.27272727272727e-05; % r D=0.4
0.000436363636363636 7.27272727272727e-05 7.27272727272727e-05 7.27272727272727e-05 7.27272727272727e-05 7.27272727272727e-05 0.000436363636363636 0.000436363636363636 0.000509090909090909 7.27272727272727e-05 7.27272727272727e-05 0.000436363636363636 7.27272727272727e-05 0.000436363636363636 7.27272727272727e-05 0.000436363636363636 7.27272727272727e-05 7.27272727272727e-05 0.996072727272727; % t D=0.4
0.000436363636363636 7.27272727272727e-05 7.27272727272727e-05 7.27272727272727e-05 7.27272727272727e-05 7.27272727272727e-05 0.000436363636363636 0.000436363636363636 0.000509090909090909 7.27272727272727e-05 0.996072727272727 0.000436363636363636 7.27272727272727e-05 0.000436363636363636 7.27272727272727e-05 0.000436363636363636 7.27272727272727e-05 7.27272727272727e-05 7.27272727272727e-05; % v D=0.4
0.228618181818182 0.000436363636363636 0.000436363636363636 0.000436363636363636 0.000436363636363636 0.000436363636363636 0.198618181818182 0.00261818181818182 0.109054545454545 0.000436363636363636 0.000436363636363636 0.128618181818182 0.000436363636363636 0.198618181818182 0.000436363636363636 0.128618181818182 0.000436363636363636 0.000436363636363636 0.000436363636363636; % z D=0.4
0.00218181818181818 0.000363636363636364 0.000363636363636364 0.000363636363636364 0.000363636363636364 0.000363636363636364 0.158848484848485 0.158848484848485 0.199212121212121 0.000363636363636364 0.000363636363636364 0.145515151515152 0.000363636363636364 0.165515151515152 0.000363636363636364 0.165515151515152 0.000363636363636364 0.000363636363636364 0.000363636363636364; % $ D=0.5
0.218272727272727 0.000545454545454545 0.000545454545454545 0.000545454545454545 0.000545454545454545 0.000545454545454545 0.00327272727272727 0.148272727272727 0.178818181818182 0.000545454545454545 0.000545454545454545 0.168272727272727 0.000545454545454545 0.128272727272727 0.000545454545454545 0.148272727272727 0.000545454545454545 0.000545454545454545 0.000545454545454545; % G D=0.5
0.268818181818182 0.000636363636363636 0.000636363636363636 0.000636363636363636 0.000636363636363636 0.000636363636363636 0.118818181818182 0.158818181818182 0.00945454545454546 0.000636363636363636 0.000636363636363636 0.118818181818182 0.000636363636363636 0.168818181818182 0.000636363636363636 0.148818181818182 0.000636363636363636 0.000636363636363636 0.000636363636363636; % J D=0.5
0.238272727272727 0.000545454545454545 0.000545454545454545 0.000545454545454545 0.000545454545454545 0.000545454545454545 0.198272727272727 0.0882727272727273 0.108818181818182 0.000545454545454545 0.000545454545454545 0.178272727272727 0.000545454545454545 0.00327272727272727 0.000545454545454545 0.178272727272727 0.000545454545454545 0.000545454545454545 0.000545454545454545; % K D=0.5
0.000545454545454545 9.09090909090909e-05 9.09090909090909e-05 9.09090909090909e-05 9.09090909090909e-05 9.09090909090909e-05 0.000545454545454545 0.000545454545454545 0.000636363636363636 9.09090909090909e-05 9.09090909090909e-05 0.000545454545454545 9.09090909090909e-05 0.000545454545454545 0.995090909090909 0.000545454545454545 9.09090909090909e-05 9.09090909090909e-05 9.09090909090909e-05; % L D=0.5
0.000545454545454545 9.09090909090909e-05 9.09090909090909e-05 9.09090909090909e-05 9.09090909090909e-05 9.09090909090909e-05 0.000545454545454545 0.000545454545454545 0.000636363636363636 9.09090909090909e-05 9.09090909090909e-05 0.000545454545454545 0.995090909090909 0.000545454545454545 9.09090909090909e-05 0.000545454545454545 9.09090909090909e-05 9.09090909090909e-05 9.09090909090909e-05; % N D=0.5
0.000545454545454545 9.09090909090909e-05 9.09090909090909e-05 9.09090909090909e-05 0.995090909090909 9.09090909090909e-05 0.000545454545454545 0.000545454545454545 0.000636363636363636 9.09090909090909e-05 9.09090909090909e-05 0.000545454545454545 9.09090909090909e-05 0.000545454545454545 9.09090909090909e-05 0.000545454545454545 9.09090909090909e-05 9.09090909090909e-05 9.09090909090909e-05; % T D=0.5
0.000545454545454545 9.09090909090909e-05 9.09090909090909e-05 9.09090909090909e-05 9.09090909090909e-05 9.09090909090909e-05 0.000545454545454545 0.000545454545454545 0.000636363636363636 0.995090909090909 9.09090909090909e-05 0.000545454545454545 9.09090909090909e-05 0.000545454545454545 9.09090909090909e-05 0.000545454545454545 9.09090909090909e-05 9.09090909090909e-05 9.09090909090909e-05; % V D=0.5
0.000545454545454545 9.09090909090909e-05 0.995090909090909 9.09090909090909e-05 9.09090909090909e-05 9.09090909090909e-05 0.000545454545454545 0.000545454545454545 0.000636363636363636 9.09090909090909e-05 9.09090909090909e-05 0.000545454545454545 9.09090909090909e-05 0.000545454545454545 9.09090909090909e-05 0.000545454545454545 9.09090909090909e-05 9.09090909090909e-05 9.09090909090909e-05; % b D=0.5
0.000545454545454545 9.09090909090909e-05 9.09090909090909e-05 9.09090909090909e-05 9.09090909090909e-05 9.09090909090909e-05 0.000545454545454545 0.000545454545454545 0.000636363636363636 9.09090909090909e-05 9.09090909090909e-05 0.000545454545454545 9.09090909090909e-05 0.000545454545454545 9.09090909090909e-05 0.000545454545454545 0.995090909090909 9.09090909090909e-05 9.09090909090909e-05; % d D=0.5
0.238272727272727 0.000545454545454545 0.000545454545454545 0.000545454545454545 0.000545454545454545 0.000545454545454545 0.118272727272727 0.178272727272727 0.158818181818182 0.000545454545454545 0.000545454545454545 0.178272727272727 0.000545454545454545 0.118272727272727 0.000545454545454545 0.00327272727272727 0.000545454545454545 0.000545454545454545 0.000545454545454545; % g D=0.5
0.000545454545454545 9.09090909090909e-05 9.09090909090909e-05 9.09090909090909e-05 9.09090909090909e-05 0.995090909090909 0.000545454545454545 0.000545454545454545 0.000636363636363636 9.09090909090909e-05 9.09090909090909e-05 0.000545454545454545 9.09090909090909e-05 0.000545454545454545 9.09090909090909e-05 0.000545454545454545 9.09090909090909e-05 9.09090909090909e-05 9.09090909090909e-05; % k D=0.5
0.298272727272727 0.000545454545454545 0.000545454545454545 0.000545454545454545 0.000545454545454545 0.000545454545454545 0.118272727272727 0.178272727272727 0.128818181818182 0.000545454545454545 0.000545454545454545 0.00327272727272727 0.000545454545454545 0.128272727272727 0.000545454545454545 0.138272727272727 0.000545454545454545 0.000545454545454545 0.000545454545454545; % l D=0.5
0.000545454545454545 9.09090909090909e-05 9.09090909090909e-05 0.995090909090909 9.09090909090909e-05 9.09090909090909e-05 0.000545454545454545 0.000545454545454545 0.000636363636363636 9.09090909090909e-05 9.09090909090909e-05 0.000545454545454545 9.09090909090909e-05 0.000545454545454545 9.09090909090909e-05 0.000545454545454545 9.09090909090909e-05 9.09090909090909e-05 9.09090909090909e-05; % m D=0.5
0.000545454545454545 0.995090909090909 9.09090909090909e-05 9.09090909090909e-05 9.09090909090909e-05 9.09090909090909e-05 0.000545454545454545 0.000545454545454545 0.000636363636363636 9.09090909090909e-05 9.09090909090909e-05 0.000545454545454545 9.09090909090909e-05 0.000545454545454545 9.09090909090909e-05 0.000545454545454545 9.09090909090909e-05 9.09090909090909e-05 9.09090909090909e-05; % n D=0.5
0.000545454545454545 9.09090909090909e-05 9.09090909090909e-05 9.09090909090909e-05 9.09090909090909e-05 9.09090909090909e-05 0.000545454545454545 0.000545454545454545 0.000636363636363636 9.09090909090909e-05 9.09090909090909e-05 0.000545454545454545 9.09090909090909e-05 0.000545454545454545 9.09090909090909e-05 0.000545454545454545 9.09090909090909e-05 0.995090909090909 9.09090909090909e-05; % r D=0.5
0.000545454545454545 9.09090909090909e-05 9.09090909090909e-05 9.09090909090909e-05 9.09090909090909e-05 9.09090909090909e-05 0.000545454545454545 0.000545454545454545 0.000636363636363636 9.09090909090909e-05 9.09090909090909e-05 0.000545454545454545 9.09090909090909e-05 0.000545454545454545 9.09090909090909e-05 0.000545454545454545 9.09090909090909e-05 9.09090909090909e-05 0.995090909090909; % t D=0.5
0.000545454545454545 9.09090909090909e-05 9.09090909090909e-05 9.09090909090909e-05 9.09090909090909e-05 9.09090909090909e-05 0.000545454545454545 0.000545454545454545 0.000636363636363636 9.09090909090909e-05 0.995090909090909 0.000545454545454545 9.09090909090909e-05 0.000545454545454545 9.09090909090909e-05 0.000545454545454545 9.09090909090909e-05 9.09090909090909e-05 9.09090909090909e-05; % v D=0.5
0.228272727272727 0.000545454545454545 0.000545454545454545 0.000545454545454545 0.000545454545454545 0.000545454545454545 0.198272727272727 0.00327272727272727 0.108818181818182 0.000545454545454545 0.000545454545454545 0.128272727272727 0.000545454545454545 0.198272727272727 0.000545454545454545 0.128272727272727 0.000545454545454545 0.000545454545454545 0.000545454545454545; % z D=0.5
0.00261818181818182 0.000436363636363636 0.000436363636363636 0.000436363636363636 0.000436363636363636 0.000436363636363636 0.158618181818182 0.158618181818182 0.199054545454545 0.000436363636363636 0.000436363636363636 0.145284848484848 0.000436363636363636 0.165284848484848 0.000436363636363636 0.165284848484848 0.000436363636363636 0.000436363636363636 0.000436363636363636; % $ D=0.6
0.217927272727273 0.000654545454545455 0.000654545454545455 0.000654545454545455 0.000654545454545455 0.000654545454545455 0.00392727272727273 0.147927272727273 0.178581818181818 0.000654545454545455 0.000654545454545455 0.167927272727273 0.000654545454545455 0.127927272727273 0.000654545454545455 0.147927272727273 0.000654545454545455 0.000654545454545455 0.000654545454545455; % G D=0.6
0.268581818181818 0.000763636363636364 0.000763636363636364 0.000763636363636364 0.000763636363636364 0.000763636363636364 0.118581818181818 0.158581818181818 0.00934545454545455 0.000763636363636364 0.000763636363636364 0.118581818181818 0.000763636363636364 0.168581818181818 0.000763636363636364 0.148581818181818 0.000763636363636364 0.000763636363636364 0.000763636363636364; % J D=0.6
0.237927272727273 0.000654545454545455 0.000654545454545455 0.000654545454545455 0.000654545454545455 0.000654545454545455 0.197927272727273 0.0879272727272727 0.108581818181818 0.000654545454545455 0.000654545454545455 0.177927272727273 0.000654545454545455 0.00392727272727273 0.000654545454545455 0.177927272727273 0.000654545454545455 0.000654545454545455 0.000654545454545455; % K D=0.6
