syllables = '$BLMTZfgklrz';
discounts = [0.1 0.2 0.3 0.4 0.5 0.6 0.7 0.8 0.9 0.95];
kn_probs = [0.000395061728395062 9.87654320987654e-05 0.239728395061728 9.87654320987654e-05 9.87654320987654e-05 0.226395061728395 9.87654320987654e-05 9.87654320987654e-05 9.87654320987654e-05 0.293061728395062 9.87654320987654e-05 0.239728395061728; % $ D=0.1
9.87654320987654e-05 2.46913580246914e-05 9.87654320987654e-05 2.46913580246914e-05 2.46913580246914e-05 9.87654320987654e-05 0.999358024691358 2.46913580246914e-05 2.46913580246914e-05 9.87654320987654e-05 2.46913580246914e-05 9.87654320987654e-05; % B D=0.1
9.87654320987654e-05 2.46913580246914e-05 9.87654320987654e-05 2.46913580246914e-05 0.999358024691358 9.87654320987654e-05 2.46913580246914e-05 2.46913580246914e-05 2.46913580246914e-05 9.87654320987654e-05 2.46913580246914e-05 9.87654320987654e-05; % L D=0.1
9.87654320987654e-05 2.46913580246914e-05 9.87654320987654e-05 2.46913580246914e-05 2.46913580246914e-05 9.87654320987654e-05 2.46913580246914e-05 0.999358024691358 2.46913580246914e-05 9.87654320987654e-05 2.46913580246914e-05 9.87654320987654e-05; % M D=0.1
0.253061728395062 9.87654320987654e-05 0.000395061728395062 9.87654320987654e-05 9.87654320987654e-05 0.286395061728395 9.87654320987654e-05 9.87654320987654e-05 9.87654320987654e-05 0.213061728395062 9.87654320987654e-05 0.246395061728395; % T D=0.1
9.87654320987654e-05 2.46913580246914e-05 9.87654320987654e-05 2.46913580246914e-05 2.46913580246914e-05 9.87654320987654e-05 2.46913580246914e-05 2.46913580246914e-05 0.999358024691358 9.87654320987654e-05 2.46913580246914e-05 9.87654320987654e-05; % Z D=0.1
0.233061728395062 9.87654320987654e-05 0.206395061728395 9.87654320987654e-05 9.87654320987654e-05 0.299728395061728 9.87654320987654e-05 9.87654320987654e-05 9.87654320987654e-05 0.000395061728395062 9.87654320987654e-05 0.259728395061728; % f D=0.1
0.239728395061728 9.87654320987654e-05 0.319728395061728 9.87654320987654e-05 9.87654320987654e-05 0.186395061728395 9.87654320987654e-05 9.87654320987654e-05 9.87654320987654e-05 0.253061728395062 9.87654320987654e-05 0.000395061728395062; % g D=0.1
0.273061728395062 9.87654320987654e-05 0.233061728395062 9.87654320987654e-05 9.87654320987654e-05 0.000395061728395062 9.87654320987654e-05 9.87654320987654e-05 9.87654320987654e-05 0.239728395061728 9.87654320987654e-05 0.253061728395062; % k D=0.1
9.87654320987654e-05 0.999358024691358 9.87654320987654e-05 2.46913580246914e-05 2.46913580246914e-05 9.87654320987654e-05 2.46913580246914e-05 2.46913580246914e-05 2.46913580246914e-05 9.87654320987654e-05 2.46913580246914e-05 9.87654320987654e-05; % l D=0.1
9.87654320987654e-05 2.46913580246914e-05 9.87654320987654e-05 0.999358024691358 2.46913580246914e-05 9.87654320987654e-05 2.46913580246914e-05 2.46913580246914e-05 2.46913580246914e-05 9.87654320987654e-05 2.46913580246914e-05 9.87654320987654e-05; % r D=0.1
9.87654320987654e-05 2.46913580246914e-05 9.87654320987654e-05 2.46913580246914e-05 2.46913580246914e-05 9.87654320987654e-05 2.46913580246914e-05 2.46913580246914e-05 2.46913580246914e-05 9.87654320987654e-05 0.999358024691358 9.87654320987654e-05; % z D=0.1
0.000790123456790124 0.000197530864197531 0.239456790123457 0.000197530864197531 0.000197530864197531 0.226123456790123 0.000197530864197531 0.000197530864197531 0.000197530864197531 0.29279012345679 0.000197530864197531 0.239456790123457; % $ D=0.2
0.000197530864197531 4.93827160493827e-05 0.000197530864197531 4.93827160493827e-05 4.93827160493827e-05 0.000197530864197531 0.998716049382716 4.93827160493827e-05 4.93827160493827e-05 0.000197530864197531 4.93827160493827e-05 0.000197530864197531; % B D=0.2
0.000197530864197531 4.93827160493827e-05 0.000197530864197531 4.93827160493827e-05 0.998716049382716 0.000197530864197531 4.93827160493827e-05 4.93827160493827e-05 4.93827160493827e-05 0.000197530864197531 4.93827160493827e-05 0.000197530864197531; % L D=0.2
0.000197530864197531 4.93827160493827e-05 0.000197530864197531 4.93827160493827e-05 4.93827160493827e-05 0.000197530864197531 4.93827160493827e-05 0.998716049382716 4.93827160493827e-05 0.000197530864197531 4.93827160493827e-05 0.000197530864197531; % M D=0.2
0.25279012345679 0.000197530864197531 0.000790123456790124 0.000197530864197531 0.000197530864197531 0.286123456790123 0.000197530864197531 0.000197530864197531 0.000197530864197531 0.21279012345679 0.000197530864197531 0.246123456790123; % T D=0.2
0.000197530864197531 4.93827160493827e-05 0.000197530864197531 4.93827160493827e-05 4.93827160493827e-05 0.000197530864197531 4.93827160493827e-05 4.93827160493827e-05 0.998716049382716 0.000197530864197531 4.93827160493827e-05 0.000197530864197531; % Z D=0.2
0.23279012345679 0.000197530864197531 0.206123456790123 0.000197530864197531 0.000197530864197531 0.299456790123457 0.000197530864197531 0.000197530864197531 0.000197530864197531 0.000790123456790124 0.000197530864197531 0.259456790123457; % f D=0.2
0.239456790123457 0.000197530864197531 0.319456790123457 0.000197530864197531 0.000197530864197531 0.186123456790123 0.000197530864197531 0.000197530864197531 0.000197530864197531 0.25279012345679 0.000197530864197531 0.000790123456790124; % g D=0.2
0.27279012345679 0.000197530864197531 0.23279012345679 0.000197530864197531 0.000197530864197531 0.000790123456790124 0.000197530864197531 0.000197530864197531 0.000197530864197531 0.239456790123457 0.000197530864197531 0.25279012345679; % k D=0.2
0.000197530864197531 0.998716049382716 0.000197530864197531 4.93827160493827e-05 4.93827160493827e-05 0.000197530864197531 4.93827160493827e-05 4.93827160493827e-05 4.93827160493827e-05 0.000197530864197531 4.93827160493827e-05 0.000197530864197531; % l D=0.2
0.000197530864197531 4.93827160493827e-05 0.000197530864197531 0.998716049382716 4.93827160493827e-05 0.000197530864197531 4.93827160493827e-05 4.93827160493827e-05 4.93827160493827e-05 0.000197530864197531 4.93827160493827e-05 0.000197530864197531; % r D=0.2
0.000197530864197531 4.93827160493827e-05 0.000197530864197531 4.93827160493827e-05 4.93827160493827e-05 0.000197530864197531 4.93827160493827e-05 4.93827160493827e-05 4.93827160493827e-05 0.000197530864197531 0.998716049382716 0.000197530864197531; % z D=0.2
0.00118518518518519 0.000296296296296296 0.239185185185185 0.000296296296296296 0.000296296296296296 0.225851851851852 0.000296296296296296 0.000296296296296296 0.000296296296296296 0.292518518518519 0.000296296296296296 0.239185185185185; % $ D=0.3
0.000296296296296296 7.40740740740741e-05 0.000296296296296296 7.40740740740741e-05 7.40740740740741e-05 0.000296296296296296 0.998074074074074 7.40740740740741e-05 7.40740740740741e-05 0.000296296296296296 7.40740740740741e-05 0.000296296296296296; % B D=0.3
0.000296296296296296 7.40740740740741e-05 0.000296296296296296 7.40740740740741e-05 0.998074074074074 0.000296296296296296 7.40740740740741e-05 7.40740740740741e-05 7.40740740740741e-05 0.000296296296296296 7.40740740740741e-05 0.000296296296296296; % L D=0.3
0.000296296296296296 7.40740740740741e-05 0.000296296296296296 7.40740740740741e-05 7.40740740740741e-05 0.000296296296296296 7.40740740740741e-05 0.998074074074074 7.40740740740741e-05 0.000296296296296296 7.40740740740741e-05 0.000296296296296296; % M D=0.3
0.252518518518519 0.000296296296296296 0.00118518518518519 0.000296296296296296 0.000296296296296296 0.285851851851852 0.000296296296296296 0.000296296296296296 0.000296296296296296 0.212518518518518 0.000296296296296296 0.245851851851852; % T D=0.3
0.000296296296296296 7.40740740740741e-05 0.000296296296296296 7.40740740740741e-05 7.40740740740741e-05 0.000296296296296296 7.40740740740741e-05 7.40740740740741e-05 0.998074074074074 0.000296296296296296 7.40740740740741e-05 0.000296296296296296; % Z D=0.3
