syllables = '$BFJMRTVZdgmntz';
discounts = [0.1 0.2 0.3 0.4 0.5 0.6 0.7 0.8 0.9 0.95];
kn_probs = [0.000416666666666667 8.33333333333333e-05 8.33333333333333e-05 0.17975 0.193166666666667 8.33333333333333e-05 8.33333333333333e-05 0.233083333333333 8.33333333333333e-05 0.206416666666667 0.186416666666667 8.33333333333333e-05 8.33333333333333e-05 8.33333333333333e-05 8.33333333333333e-05; % $ D=0.1
0.308020833333333 0.000104166666666667 0.000104166666666667 0.1496875 0.133125 0.000104166666666667 0.000104166666666667 0.183020833333333 0.000104166666666667 0.2246875 0.000520833333333333 0.000104166666666667 0.000104166666666667 0.000104166666666667 0.000104166666666667; % B D=0.1
0.216354166666667 0.000104166666666667 0.000104166666666667 0.2246875 0.241458333333333 0.000104166666666667 0.000104166666666667 0.116354166666667 0.000104166666666667 0.000520833333333333 0.1996875 0.000104166666666667 0.000104166666666667 0.000104166666666667 0.000104166666666667; % F D=0.1
0.000104166666666667 2.08333333333333e-05 2.08333333333333e-05 0.000104166666666667 0.000125 2.08333333333333e-05 2.08333333333333e-05 0.000104166666666667 2.08333333333333e-05 0.000104166666666667 0.000104166666666667 2.08333333333333e-05 2.08333333333333e-05 0.9991875 2.08333333333333e-05; % J D=0.1
0.000104166666666667 2.08333333333333e-05 2.08333333333333e-05 0.000104166666666667 0.000125 2.08333333333333e-05 2.08333333333333e-05 0.000104166666666667 2.08333333333333e-05 0.000104166666666667 0.000104166666666667 0.9991875 2.08333333333333e-05 2.08333333333333e-05 2.08333333333333e-05; % M D=0.1
0.2496875 0.000104166666666667 0.000104166666666667 0.000520833333333333 0.116458333333333 0.000104166666666667 0.000104166666666667 0.233020833333333 0.000104166666666667 0.183020833333333 0.216354166666667 0.000104166666666667 0.000104166666666667 0.000104166666666667 0.000104166666666667; % R D=0.1
0.000104166666666667 2.08333333333333e-05 2.08333333333333e-05 0.000104166666666667 0.000125 2.08333333333333e-05 2.08333333333333e-05 0.000104166666666667 0.9991875 0.000104166666666667 0.000104166666666667 2.08333333333333e-05 2.08333333333333e-05 2.08333333333333e-05 2.08333333333333e-05; % T D=0.1
0.000104166666666667 2.08333333333333e-05 2.08333333333333e-05 0.000104166666666667 0.000125 2.08333333333333e-05 2.08333333333333e-05 0.000104166666666667 2.08333333333333e-05 0.000104166666666667 0.000104166666666667 2.08333333333333e-05 0.9991875 2.08333333333333e-05 2.08333333333333e-05; % V D=0.1
0.241458333333333 0.000125 0.000125 0.224791666666667 0.0165833333333333 0.000125 0.000125 0.174791666666667 0.000125 0.124791666666667 0.216458333333333 0.000125 0.000125 0.000125 0.000125; % Z D=0.1
0.000104166666666667 2.08333333333333e-05 0.9991875 0.000104166666666667 0.000125 2.08333333333333e-05 2.08333333333333e-05 0.000104166666666667 2.08333333333333e-05 0.000104166666666667 0.000104166666666667 2.08333333333333e-05 2.08333333333333e-05 2.08333333333333e-05 2.08333333333333e-05; % d D=0.1
0.000104166666666667 2.08333333333333e-05 2.08333333333333e-05 0.000104166666666667 0.000125 2.08333333333333e-05 2.08333333333333e-05 0.000104166666666667 2.08333333333333e-05 0.000104166666666667 0.000104166666666667 2.08333333333333e-05 2.08333333333333e-05 2.08333333333333e-05 0.9991875; % g D=0.1
0.000104166666666667 2.08333333333333e-05 2.08333333333333e-05 0.000104166666666667 0.000125 2.08333333333333e-05 0.9991875 0.000104166666666667 2.08333333333333e-05 0.000104166666666667 0.000104166666666667 2.08333333333333e-05 2.08333333333333e-05 2.08333333333333e-05 2.08333333333333e-05; % m D=0.1
0.233020833333333 0.000104166666666667 0.000104166666666667 0.1746875 0.249791666666667 0.000104166666666667 0.000104166666666667 0.000520833333333333 0.000104166666666667 0.208020833333333 0.133020833333333 0.000104166666666667 0.000104166666666667 0.000104166666666667 0.000104166666666667; % n D=0.1
0.000104166666666667 2.08333333333333e-05 2.08333333333333e-05 0.000104166666666667 0.000125 0.9991875 2.08333333333333e-05 0.000104166666666667 2.08333333333333e-05 0.000104166666666667 0.000104166666666667 2.08333333333333e-05 2.08333333333333e-05 2.08333333333333e-05 2.08333333333333e-05; % t D=0.1
0.000104166666666667 0.9991875 2.08333333333333e-05 0.000104166666666667 0.000125 2.08333333333333e-05 2.08333333333333e-05 0.000104166666666667 2.08333333333333e-05 0.000104166666666667 0.000104166666666667 2.08333333333333e-05 2.08333333333333e-05 2.08333333333333e-05 2.08333333333333e-05; % z D=0.1
0.000833333333333333 0.000166666666666667 0.000166666666666667 0.1795 0.193 0.000166666666666667 0.000166666666666667 0.232833333333333 0.000166666666666667 0.206166666666667 0.186166666666667 0.000166666666666667 0.000166666666666667 0.000166666666666667 0.000166666666666667; % $ D=0.2
0.307708333333333 0.000208333333333333 0.000208333333333333 0.149375 0.132916666666667 0.000208333333333333 0.000208333333333333 0.182708333333333 0.000208333333333333 0.224375 0.00104166666666667 0.000208333333333333 0.000208333333333333 0.000208333333333333 0.000208333333333333; % B D=0.2
0.216041666666667 0.000208333333333333 0.000208333333333333 0.224375 0.24125 0.000208333333333333 0.000208333333333333 0.116041666666667 0.000208333333333333 0.00104166666666667 0.199375 0.000208333333333333 0.000208333333333333 0.000208333333333333 0.000208333333333333; % F D=0.2
0.000208333333333333 4.16666666666667e-05 4.16666666666667e-05 0.000208333333333333 0.00025 4.16666666666667e-05 4.16666666666667e-05 0.000208333333333333 4.16666666666667e-05 0.000208333333333333 0.000208333333333333 4.16666666666667e-05 4.16666666666667e-05 0.998375 4.16666666666667e-05; % J D=0.2
0.000208333333333333 4.16666666666667e-05 4.16666666666667e-05 0.000208333333333333 0.00025 4.16666666666667e-05 4.16666666666667e-05 0.000208333333333333 4.16666666666667e-05 0.000208333333333333 0.000208333333333333 0.998375 4.16666666666667e-05 4.16666666666667e-05 4.16666666666667e-05; % M D=0.2
0.249375 0.000208333333333333 0.000208333333333333 0.00104166666666667 0.11625 0.000208333333333333 0.000208333333333333 0.232708333333333 0.000208333333333333 0.182708333333333 0.216041666666667 0.000208333333333333 0.000208333333333333 0.000208333333333333 0.000208333333333333; % R D=0.2
0.000208333333333333 4.16666666666667e-05 4.16666666666667e-05 0.000208333333333333 0.00025 4.16666666666667e-05 4.16666666666667e-05 0.000208333333333333 0.998375 0.000208333333333333 0.000208333333333333 4.16666666666667e-05 4.16666666666667e-05 4.16666666666667e-05 4.16666666666667e-05; % T D=0.2
0.000208333333333333 4.16666666666667e-05 4.16666666666667e-05 0.000208333333333333 0.00025 4.16666666666667e-05 4.16666666666667e-05 0.000208333333333333 4.16666666666667e-05 0.000208333333333333 0.000208333333333333 4.16666666666667e-05 0.998375 4.16666666666667e-05 4.16666666666667e-05; % V D=0.2
0.24125 0.00025 0.00025 0.224583333333333 0.0165 0.00025 0.00025 0.174583333333333 0.00025 0.124583333333333 0.21625 0.00025 0.00025 0.00025 0.00025; % Z D=0.2
0.000208333333333333 4.16666666666667e-05 0.998375 0.000208333333333333 0.00025 4.16666666666667e-05 4.16666666666667e-05 0.000208333333333333 4.16666666666667e-05 0.000208333333333333 0.000208333333333333 4.16666666666667e-05 4.16666666666667e-05 4.16666666666667e-05 4.16666666666667e-05; % d D=0.2
0.000208333333333333 4.16666666666667e-05 4.16666666666667e-05 0.000208333333333333 0.00025 4.16666666666667e-05 4.16666666666667e-05 0.000208333333333333 4.16666666666667e-05 0.000208333333333333 0.000208333333333333 4.16666666666667e-05 4.16666666666667e-05 4.16666666666667e-05 0.998375; % g D=0.2
0.000208333333333333 4.16666666666667e-05 4.16666666666667e-05 0.000208333333333333 0.00025 4.16666666666667e-05 0.998375 0.000208333333333333 4.16666666666667e-05 0.000208333333333333 0.000208333333333333 4.16666666666667e-05 4.16666666666667e-05 4.16666666666667e-05 4.16666666666667e-05; % m D=0.2
