syllables = '$GJPRTVZdfgknpr';
discounts = [0.1 0.2 0.3 0.4 0.5 0.6 0.7 0.8 0.9 0.95];
kn_probs = [0.000416666666666667 8.33333333333333e-05 8.33333333333333e-05 8.33333333333333e-05 8.33333333333333e-05 0.17975 0.21975 8.33333333333333e-05 8.33333333333333e-05 8.33333333333333e-05 8.33333333333333e-05 0.19975 8.33333333333333e-05 0.166416666666667 0.233166666666667; % $ D=0.1
0.308020833333333 0.000104166666666667 0.000104166666666667 0.000104166666666667 0.000104166666666667 0.166354166666667 0.000520833333333333 0.000104166666666667 0.000104166666666667 0.000104166666666667 0.000104166666666667 0.166354166666667 0.000104166666666667 0.2246875 0.133125; % G D=0.1
0.000104166666666667 2.08333333333333e-05 2.08333333333333e-05 2.08333333333333e-05 2.08333333333333e-05 0.000104166666666667 0.000104166666666667 2.08333333333333e-05 2.08333333333333e-05 0.9991875 2.08333333333333e-05 0.000104166666666667 2.08333333333333e-05 0.000104166666666667 0.000125; % J D=0.1
0.000104166666666667 2.08333333333333e-05 0.9991875 2.08333333333333e-05 2.08333333333333e-05 0.000104166666666667 0.000104166666666667 2.08333333333333e-05 2.08333333333333e-05 2.08333333333333e-05 2.08333333333333e-05 0.000104166666666667 2.08333333333333e-05 0.000104166666666667 0.000125; % P D=0.1
0.283020833333333 0.000104166666666667 0.000104166666666667 0.000104166666666667 0.000104166666666667 0.1746875 0.1496875 0.000104166666666667 0.000104166666666667 0.000104166666666667 0.000104166666666667 0.241354166666667 0.000104166666666667 0.000520833333333333 0.149791666666667; % R D=0.1
0.000104166666666667 2.08333333333333e-05 2.08333333333333e-05 0.9991875 2.08333333333333e-05 0.000104166666666667 0.000104166666666667 2.08333333333333e-05 2.08333333333333e-05 2.08333333333333e-05 2.08333333333333e-05 0.000104166666666667 2.08333333333333e-05 0.000104166666666667 0.000125; % T D=0.1
0.000104166666666667 2.08333333333333e-05 2.08333333333333e-05 2.08333333333333e-05 2.08333333333333e-05 0.000104166666666667 0.000104166666666667 2.08333333333333e-05 2.08333333333333e-05 2.08333333333333e-05 0.9991875 0.000104166666666667 2.08333333333333e-05 0.000104166666666667 0.000125; % V D=0.1
0.191458333333333 0.000125 0.000125 0.000125 0.000125 0.199791666666667 0.166458333333333 0.000125 0.000125 0.000125 0.000125 0.183125 0.000125 0.233125 0.0249166666666667; % Z D=0.1
0.133020833333333 0.000104166666666667 0.000104166666666667 0.000104166666666667 0.000104166666666667 0.233020833333333 0.216354166666667 0.000104166666666667 0.000104166666666667 0.000104166666666667 0.000104166666666667 0.000520833333333333 0.000104166666666667 0.166354166666667 0.249791666666667; % d D=0.1
0.333020833333333 0.000104166666666667 0.000104166666666667 0.000104166666666667 0.000104166666666667 0.000520833333333333 0.191354166666667 0.000104166666666667 0.000104166666666667 0.000104166666666667 0.000104166666666667 0.158020833333333 0.000104166666666667 0.166354166666667 0.149791666666667; % f D=0.1
0.000104166666666667 0.9991875 2.08333333333333e-05 2.08333333333333e-05 2.08333333333333e-05 0.000104166666666667 0.000104166666666667 2.08333333333333e-05 2.08333333333333e-05 2.08333333333333e-05 2.08333333333333e-05 0.000104166666666667 2.08333333333333e-05 0.000104166666666667 0.000125; % g D=0.1
0.000104166666666667 2.08333333333333e-05 2.08333333333333e-05 2.08333333333333e-05 2.08333333333333e-05 0.000104166666666667 0.000104166666666667 2.08333333333333e-05 0.9991875 2.08333333333333e-05 2.08333333333333e-05 0.000104166666666667 2.08333333333333e-05 0.000104166666666667 0.000125; % k D=0.1
0.000104166666666667 2.08333333333333e-05 2.08333333333333e-05 2.08333333333333e-05 0.9991875 0.000104166666666667 0.000104166666666667 2.08333333333333e-05 2.08333333333333e-05 2.08333333333333e-05 2.08333333333333e-05 0.000104166666666667 2.08333333333333e-05 0.000104166666666667 0.000125; % n D=0.1
0.000104166666666667 2.08333333333333e-05 2.08333333333333e-05 2.08333333333333e-05 2.08333333333333e-05 0.000104166666666667 0.000104166666666667 2.08333333333333e-05 2.08333333333333e-05 2.08333333333333e-05 2.08333333333333e-05 0.000104166666666667 0.9991875 0.000104166666666667 0.000125; % p D=0.1
0.000104166666666667 2.08333333333333e-05 2.08333333333333e-05 2.08333333333333e-05 2.08333333333333e-05 0.000104166666666667 0.000104166666666667 0.9991875 2.08333333333333e-05 2.08333333333333e-05 2.08333333333333e-05 0.000104166666666667 2.08333333333333e-05 0.000104166666666667 0.000125; % r D=0.1
0.000833333333333333 0.000166666666666667 0.000166666666666667 0.000166666666666667 0.000166666666666667 0.1795 0.2195 0.000166666666666667 0.000166666666666667 0.000166666666666667 0.000166666666666667 0.1995 0.000166666666666667 0.166166666666667 0.233; % $ D=0.2
0.307708333333333 0.000208333333333333 0.000208333333333333 0.000208333333333333 0.000208333333333333 0.166041666666667 0.00104166666666667 0.000208333333333333 0.000208333333333333 0.000208333333333333 0.000208333333333333 0.166041666666667 0.000208333333333333 0.224375 0.132916666666667; % G D=0.2
0.000208333333333333 4.16666666666667e-05 4.16666666666667e-05 4.16666666666667e-05 4.16666666666667e-05 0.000208333333333333 0.000208333333333333 4.16666666666667e-05 4.16666666666667e-05 0.998375 4.16666666666667e-05 0.000208333333333333 4.16666666666667e-05 0.000208333333333333 0.00025; % J D=0.2
0.000208333333333333 4.16666666666667e-05 0.998375 4.16666666666667e-05 4.16666666666667e-05 0.000208333333333333 0.000208333333333333 4.16666666666667e-05 4.16666666666667e-05 4.16666666666667e-05 4.16666666666667e-05 0.000208333333333333 4.16666666666667e-05 0.000208333333333333 0.00025; % P D=0.2
0.282708333333333 0.000208333333333333 0.000208333333333333 0.000208333333333333 0.000208333333333333 0.174375 0.149375 0.000208333333333333 0.000208333333333333 0.000208333333333333 0.000208333333333333 0.241041666666667 0.000208333333333333 0.00104166666666667 0.149583333333333; % R D=0.2
0.000208333333333333 4.16666666666667e-05 4.16666666666667e-05 0.998375 4.16666666666667e-05 0.000208333333333333 0.000208333333333333 4.16666666666667e-05 4.16666666666667e-05 4.16666666666667e-05 4.16666666666667e-05 0.000208333333333333 4.16666666666667e-05 0.000208333333333333 0.00025; % T D=0.2
0.000208333333333333 4.16666666666667e-05 4.16666666666667e-05 4.16666666666667e-05 4.16666666666667e-05 0.000208333333333333 0.000208333333333333 4.16666666666667e-05 4.16666666666667e-05 4.16666666666667e-05 0.998375 0.000208333333333333 4.16666666666667e-05 0.000208333333333333 0.00025; % V D=0.2
0.19125 0.00025 0.00025 0.00025 0.00025 0.199583333333333 0.16625 0.00025 0.00025 0.00025 0.00025 0.182916666666667 0.00025 0.232916666666667 0.0248333333333333; % Z D=0.2
0.132708333333333 0.000208333333333333 0.000208333333333333 0.000208333333333333 0.000208333333333333 0.232708333333333 0.216041666666667 0.000208333333333333 0.000208333333333333 0.000208333333333333 0.000208333333333333 0.00104166666666667 0.000208333333333333 0.166041666666667 0.249583333333333; % d D=0.2
0.332708333333333 0.000208333333333333 0.000208333333333333 0.000208333333333333 0.000208333333333333 0.00104166666666667 0.191041666666667 0.000208333333333333 0.000208333333333333 0.000208333333333333 0.000208333333333333 0.157708333333333 0.000208333333333333 0.166041666666667 0.149583333333333; % f D=0.2
0.000208333333333333 0.998375 4.16666666666667e-05 4.16666666666667e-05 4.16666666666667e-05 0.000208333333333333 0.000208333333333333 4.16666666666667e-05 4.16666666666667e-05 4.16666666666667e-05 4.16666666666667e-05 0.000208333333333333 4.16666666666667e-05 0.000208333333333333 0.00025; % g D=0.2
0.000208333333333333 4.16666666666667e-05 4.16666666666667e-05 4.16666666666667e-05 4.16666666666667e-05 0.000208333333333333 0.000208333333333333 4.16666666666667e-05 0.998375 4.16666666666667e-05 4.16666666666667e-05 0.000208333333333333 4.16666666666667e-05 0.000208333333333333 0.00025; % k D=0.2
