syllables = '$BDFNPRVfgknprv';
discounts = [0.1 0.2 0.3 0.4 0.5 0.6 0.7 0.8 0.9 0.95];
kn_probs = [0.000427350427350427 8.54700854700855e-05 0.24642735042735 8.54700854700855e-05 8.54700854700855e-05 0.159760683760684 8.54700854700855e-05 0.159760683760684 0.233094017094017 8.54700854700855e-05 0.199760683760684 8.54700854700855e-05 8.54700854700855e-05 8.54700854700855e-05 8.54700854700855e-05; % $ D=0.1
0.000106837606837607 2.13675213675214e-05 0.000106837606837607 2.13675213675214e-05 2.13675213675214e-05 0.000106837606837607 2.13675213675214e-05 0.000106837606837607 0.000106837606837607 2.13675213675214e-05 0.000106837606837607 2.13675213675214e-05 2.13675213675214e-05 2.13675213675214e-05 0.999188034188034; % B D=0.1
0.000106837606837607 2.13675213675214e-05 0.000106837606837607 0.999188034188034 2.13675213675214e-05 0.000106837606837607 2.13675213675214e-05 0.000106837606837607 0.000106837606837607 2.13675213675214e-05 0.000106837606837607 2.13675213675214e-05 2.13675213675214e-05 2.13675213675214e-05 2.13675213675214e-05; % D D=0.1
0.000106837606837607 0.999188034188034 0.000106837606837607 2.13675213675214e-05 2.13675213675214e-05 0.000106837606837607 2.13675213675214e-05 0.000106837606837607 0.000106837606837607 2.13675213675214e-05 0.000106837606837607 2.13675213675214e-05 2.13675213675214e-05 2.13675213675214e-05 2.13675213675214e-05; % F D=0.1
0.000106837606837607 2.13675213675214e-05 0.000106837606837607 2.13675213675214e-05 2.13675213675214e-05 0.000106837606837607 2.13675213675214e-05 0.000106837606837607 0.000106837606837607 2.13675213675214e-05 0.000106837606837607 0.999188034188034 2.13675213675214e-05 2.13675213675214e-05 2.13675213675214e-05; % N D=0.1
0.000106837606837607 2.13675213675214e-05 0.000106837606837607 2.13675213675214e-05 2.13675213675214e-05 0.000106837606837607 2.13675213675214e-05 0.000106837606837607 0.000106837606837607 0.999188034188034 0.000106837606837607 2.13675213675214e-05 2.13675213675214e-05 2.13675213675214e-05 2.13675213675214e-05; % P D=0.1
0.324700854700855 0.000106837606837607 0.124700854700855 0.000106837606837607 0.000106837606837607 0.166367521367521 0.000106837606837607 0.183034188034188 0.000534188034188034 0.000106837606837607 0.199700854700855 0.000106837606837607 0.000106837606837607 0.000106837606837607 0.000106837606837607; % R D=0.1
0.000106837606837607 2.13675213675214e-05 0.000106837606837607 2.13675213675214e-05 0.999188034188034 0.000106837606837607 2.13675213675214e-05 0.000106837606837607 0.000106837606837607 2.13675213675214e-05 0.000106837606837607 2.13675213675214e-05 2.13675213675214e-05 2.13675213675214e-05 2.13675213675214e-05; % V D=0.1
0.000106837606837607 2.13675213675214e-05 0.000106837606837607 2.13675213675214e-05 2.13675213675214e-05 0.000106837606837607 2.13675213675214e-05 0.000106837606837607 0.000106837606837607 2.13675213675214e-05 0.000106837606837607 2.13675213675214e-05 2.13675213675214e-05 0.999188034188034 2.13675213675214e-05; % f D=0.1
0.241367521367521 0.000106837606837607 0.183034188034188 0.000106837606837607 0.000106837606837607 0.000534188034188034 0.000106837606837607 0.191367521367521 0.166367521367521 0.000106837606837607 0.216367521367521 0.000106837606837607 0.000106837606837607 0.000106837606837607 0.000106837606837607; % g D=0.1
0.000106837606837607 2.13675213675214e-05 0.000106837606837607 2.13675213675214e-05 2.13675213675214e-05 0.000106837606837607 2.13675213675214e-05 0.000106837606837607 0.000106837606837607 2.13675213675214e-05 0.000106837606837607 2.13675213675214e-05 0.999188034188034 2.13675213675214e-05 2.13675213675214e-05; % k D=0.1
0.224700854700855 0.000106837606837607 0.216367521367521 0.000106837606837607 0.000106837606837607 0.208034188034188 0.000106837606837607 0.000534188034188034 0.166367521367521 0.000106837606837607 0.183034188034188 0.000106837606837607 0.000106837606837607 0.000106837606837607 0.000106837606837607; % n D=0.1
0.191367521367521 0.000106837606837607 0.166367521367521 0.000106837606837607 0.000106837606837607 0.216367521367521 0.000106837606837607 0.274700854700855 0.149700854700855 0.000106837606837607 0.000534188034188034 0.000106837606837607 0.000106837606837607 0.000106837606837607 0.000106837606837607; % p D=0.1
0.000106837606837607 2.13675213675214e-05 0.000106837606837607 2.13675213675214e-05 2.13675213675214e-05 0.000106837606837607 0.999188034188034 0.000106837606837607 0.000106837606837607 2.13675213675214e-05 0.000106837606837607 2.13675213675214e-05 2.13675213675214e-05 2.13675213675214e-05 2.13675213675214e-05; % r D=0.1
0.266367521367521 0.000106837606837607 0.000534188034188034 0.000106837606837607 0.000106837606837607 0.208034188034188 0.000106837606837607 0.149700854700855 0.224700854700855 0.000106837606837607 0.149700854700855 0.000106837606837607 0.000106837606837607 0.000106837606837607 0.000106837606837607; % v D=0.1
0.000854700854700855 0.000170940170940171 0.246188034188034 0.000170940170940171 0.000170940170940171 0.159521367521368 0.000170940170940171 0.159521367521368 0.232854700854701 0.000170940170940171 0.199521367521368 0.000170940170940171 0.000170940170940171 0.000170940170940171 0.000170940170940171; % $ D=0.2
0.000213675213675214 4.27350427350427e-05 0.000213675213675214 4.27350427350427e-05 4.27350427350427e-05 0.000213675213675214 4.27350427350427e-05 0.000213675213675214 0.000213675213675214 4.27350427350427e-05 0.000213675213675214 4.27350427350427e-05 4.27350427350427e-05 4.27350427350427e-05 0.998376068376068; % B D=0.2
0.000213675213675214 4.27350427350427e-05 0.000213675213675214 0.998376068376068 4.27350427350427e-05 0.000213675213675214 4.27350427350427e-05 0.000213675213675214 0.000213675213675214 4.27350427350427e-05 0.000213675213675214 4.27350427350427e-05 4.27350427350427e-05 4.27350427350427e-05 4.27350427350427e-05; % D D=0.2
0.000213675213675214 0.998376068376068 0.000213675213675214 4.27350427350427e-05 4.27350427350427e-05 0.000213675213675214 4.27350427350427e-05 0.000213675213675214 0.000213675213675214 4.27350427350427e-05 0.000213675213675214 4.27350427350427e-05 4.27350427350427e-05 4.27350427350427e-05 4.27350427350427e-05; % F D=0.2
0.000213675213675214 4.27350427350427e-05 0.000213675213675214 4.27350427350427e-05 4.27350427350427e-05 0.000213675213675214 4.27350427350427e-05 0.000213675213675214 0.000213675213675214 4.27350427350427e-05 0.000213675213675214 0.998376068376068 4.27350427350427e-05 4.27350427350427e-05 4.27350427350427e-05; % N D=0.2
0.000213675213675214 4.27350427350427e-05 0.000213675213675214 4.27350427350427e-05 4.27350427350427e-05 0.000213675213675214 4.27350427350427e-05 0.000213675213675214 0.000213675213675214 0.998376068376068 0.000213675213675214 4.27350427350427e-05 4.27350427350427e-05 4.27350427350427e-05 4.27350427350427e-05; % P D=0.2
0.324401709401709 0.000213675213675214 0.124401709401709 0.000213675213675214 0.000213675213675214 0.166068376068376 0.000213675213675214 0.182735042735043 0.00106837606837607 0.000213675213675214 0.199401709401709 0.000213675213675214 0.000213675213675214 0.000213675213675214 0.000213675213675214; % R D=0.2
0.000213675213675214 4.27350427350427e-05 0.000213675213675214 4.27350427350427e-05 0.998376068376068 0.000213675213675214 4.27350427350427e-05 0.000213675213675214 0.000213675213675214 4.27350427350427e-05 0.000213675213675214 4.27350427350427e-05 4.27350427350427e-05 4.27350427350427e-05 4.27350427350427e-05; % V D=0.2
0.000213675213675214 4.27350427350427e-05 0.000213675213675214 4.27350427350427e-05 4.27350427350427e-05 0.000213675213675214 4.27350427350427e-05 0.000213675213675214 0.000213675213675214 4.27350427350427e-05 0.000213675213675214 4.27350427350427e-05 4.27350427350427e-05 0.998376068376068 4.27350427350427e-05; % f D=0.2
