syllables = '$NRVklmntv';
discounts = [0.1 0.2 0.3 0.4 0.5 0.6 0.7 0.8 0.9 0.95];
kn_probs = [0.000285714285714286 9.52380952380953e-05 9.52380952380953e-05 9.52380952380953e-05 0.279714285714286 9.52380952380953e-05 9.52380952380953e-05 0.386380952380952 9.52380952380953e-05 0.333047619047619; % $ D=0.1
0.194785714285714 9.52380952380952e-05 9.52380952380952e-05 9.52380952380952e-05 0.299880952380952 9.52380952380952e-05 9.52380952380952e-05 0.249880952380952 9.52380952380952e-05 0.254880952380952; % N D=0.1
7.14285714285714e-05 2.38095238095238e-05 2.38095238095238e-05 2.38095238095238e-05 9.52380952380952e-05 2.38095238095238e-05 2.38095238095238e-05 9.52380952380952e-05 0.99952380952381 9.52380952380952e-05; % R D=0.1
7.14285714285714e-05 2.38095238095238e-05 0.99952380952381 2.38095238095238e-05 9.52380952380952e-05 2.38095238095238e-05 2.38095238095238e-05 9.52380952380952e-05 2.38095238095238e-05 9.52380952380952e-05; % V D=0.1
7.14285714285714e-05 2.38095238095238e-05 2.38095238095238e-05 2.38095238095238e-05 9.52380952380952e-05 2.38095238095238e-05 0.99952380952381 9.52380952380952e-05 2.38095238095238e-05 9.52380952380952e-05; % k D=0.1
0.289785714285714 9.52380952380952e-05 9.52380952380952e-05 9.52380952380952e-05 0.219880952380952 9.52380952380952e-05 9.52380952380952e-05 0.204880952380952 9.52380952380952e-05 0.284880952380952; % l D=0.1
7.14285714285714e-05 2.38095238095238e-05 2.38095238095238e-05 2.38095238095238e-05 9.52380952380952e-05 0.99952380952381 2.38095238095238e-05 9.52380952380952e-05 2.38095238095238e-05 9.52380952380952e-05; % m D=0.1
7.14285714285714e-05 0.99952380952381 2.38095238095238e-05 2.38095238095238e-05 9.52380952380952e-05 2.38095238095238e-05 2.38095238095238e-05 9.52380952380952e-05 2.38095238095238e-05 9.52380952380952e-05; % n D=0.1
0.264785714285714 9.52380952380952e-05 9.52380952380952e-05 9.52380952380952e-05 0.269880952380952 9.52380952380952e-05 9.52380952380952e-05 0.254880952380952 9.52380952380952e-05 0.209880952380952; % t D=0.1
7.14285714285714e-05 2.38095238095238e-05 2.38095238095238e-05 0.99952380952381 9.52380952380952e-05 2.38095238095238e-05 2.38095238095238e-05 9.52380952380952e-05 2.38095238095238e-05 9.52380952380952e-05; % v D=0.1
0.000571428571428571 0.000190476190476191 0.000190476190476191 0.000190476190476191 0.279428571428571 0.000190476190476191 0.000190476190476191 0.386095238095238 0.000190476190476191 0.332761904761905; % $ D=0.2
0.194571428571429 0.00019047619047619 0.00019047619047619 0.00019047619047619 0.299761904761905 0.00019047619047619 0.00019047619047619 0.249761904761905 0.00019047619047619 0.254761904761905; % N D=0.2
0.000142857142857143 4.76190476190476e-05 4.76190476190476e-05 4.76190476190476e-05 0.00019047619047619 4.76190476190476e-05 4.76190476190476e-05 0.00019047619047619 0.999047619047619 0.00019047619047619; % R D=0.2
0.000142857142857143 4.76190476190476e-05 0.999047619047619 4.76190476190476e-05 0.00019047619047619 4.76190476190476e-05 4.76190476190476e-05 0.00019047619047619 4.76190476190476e-05 0.00019047619047619; % V D=0.2
0.000142857142857143 4.76190476190476e-05 4.76190476190476e-05 4.76190476190476e-05 0.00019047619047619 4.76190476190476e-05 0.999047619047619 0.00019047619047619 4.76190476190476e-05 0.00019047619047619; % k D=0.2
0.289571428571429 0.00019047619047619 0.00019047619047619 0.00019047619047619 0.219761904761905 0.00019047619047619 0.00019047619047619 0.204761904761905 0.00019047619047619 0.284761904761905; % l D=0.2
0.000142857142857143 4.76190476190476e-05 4.76190476190476e-05 4.76190476190476e-05 0.00019047619047619 0.999047619047619 4.76190476190476e-05 0.00019047619047619 4.76190476190476e-05 0.00019047619047619; % m D=0.2
0.000142857142857143 0.999047619047619 4.76190476190476e-05 4.76190476190476e-05 0.00019047619047619 4.76190476190476e-05 4.76190476190476e-05 0.00019047619047619 4.76190476190476e-05 0.00019047619047619; % n D=0.2
0.264571428571429 0.00019047619047619 0.00019047619047619 0.00019047619047619 0.269761904761905 0.00019047619047619 0.00019047619047619 0.254761904761905 0.00019047619047619 0.209761904761905; % t D=0.2
0.000142857142857143 4.76190476190476e-05 4.76190476190476e-05 0.999047619047619 0.00019047619047619 4.76190476190476e-05 4.76190476190476e-05 0.00019047619047619 4.76190476190476e-05 0.00019047619047619; % v D=0.2
0.000857142857142857 0.000285714285714286 0.000285714285714286 0.000285714285714286 0.279142857142857 0.000285714285714286 0.000285714285714286 0.385809523809524 0.000285714285714286 0.332476190476191; % $ D=0.3
0.194357142857143 0.000285714285714286 0.000285714285714286 0.000285714285714286 0.299642857142857 0.000285714285714286 0.000285714285714286 0.249642857142857 0.000285714285714286 0.254642857142857; % N D=0.3
0.000214285714285714 7.14285714285714e-05 7.14285714285714e-05 7.14285714285714e-05 0.000285714285714286 7.14285714285714e-05 7.14285714285714e-05 0.000285714285714286 0.998571428571429 0.000285714285714286; % R D=0.3
0.000214285714285714 7.14285714285714e-05 0.998571428571429 7.14285714285714e-05 0.000285714285714286 7.14285714285714e-05 7.14285714285714e-05 0.000285714285714286 7.14285714285714e-05 0.000285714285714286; % V D=0.3
0.000214285714285714 7.14285714285714e-05 7.14285714285714e-05 7.14285714285714e-05 0.000285714285714286 7.14285714285714e-05 0.998571428571429 0.000285714285714286 7.14285714285714e-05 0.000285714285714286; % k D=0.3
0.289357142857143 0.000285714285714286 0.000285714285714286 0.000285714285714286 0.219642857142857 0.000285714285714286 0.000285714285714286 0.204642857142857 0.000285714285714286 0.284642857142857; % l D=0.3
0.000214285714285714 7.14285714285714e-05 7.14285714285714e-05 7.14285714285714e-05 0.000285714285714286 0.998571428571429 7.14285714285714e-05 0.000285714285714286 7.14285714285714e-05 0.000285714285714286; % m D=0.3
0.000214285714285714 0.998571428571429 7.14285714285714e-05 7.14285714285714e-05 0.000285714285714286 7.14285714285714e-05 7.14285714285714e-05 0.000285714285714286 7.14285714285714e-05 0.000285714285714286; % n D=0.3
0.264357142857143 0.000285714285714286 0.000285714285714286 0.000285714285714286 0.269642857142857 0.000285714285714286 0.000285714285714286 0.254642857142857 0.000285714285714286 0.209642857142857; % t D=0.3
0.000214285714285714 7.14285714285714e-05 7.14285714285714e-05 0.998571428571429 0.000285714285714286 7.14285714285714e-05 7.14285714285714e-05 0.000285714285714286 7.14285714285714e-05 0.000285714285714286; % v D=0.3
0.00114285714285714 0.000380952380952381 0.000380952380952381 0.000380952380952381 0.278857142857143 0.000380952380952381 0.000380952380952381 0.38552380952381 0.000380952380952381 0.332190476190476; % $ D=0.4
0.194142857142857 0.000380952380952381 0.000380952380952381 0.000380952380952381 0.29952380952381 0.000380952380952381 0.000380952380952381 0.24952380952381 0.000380952380952381 0.25452380952381; % N D=0.4
0.000285714285714286 9.52380952380952e-05 9.52380952380952e-05 9.52380952380952e-05 0.000380952380952381 9.52380952380952e-05 9.52380952380952e-05 0.000380952380952381 0.998095238095238 0.000380952380952381; % R D=0.4
0.000285714285714286 9.52380952380952e-05 0.998095238095238 9.52380952380952e-05 0.000380952380952381 9.52380952380952e-05 9.52380952380952e-05 0.000380952380952381 9.52380952380952e-05 0.000380952380952381; % V D=0.4
0.000285714285714286 9.52380952380952e-05 9.52380952380952e-05 9.52380952380952e-05 0.000380952380952381 9.52380952380952e-05 0.998095238095238 0.000380952380952381 9.52380952380952e-05 0.000380952380952381; % k D=0.4
0.289142857142857 0.000380952380952381 0.000380952380952381 0.000380952380952381 0.21952380952381 0.000380952380952381 0.000380952380952381 0.20452380952381 0.000380952380952381 0.28452380952381; % l D=0.4
0.000285714285714286 9.52380952380952e-05 9.52380952380952e-05 9.52380952380952e-05 0.000380952380952381 0.998095238095238 9.52380952380952e-05 0.000380952380952381 9.52380952380952e-05 0.000380952380952381; % m D=0.4
0.000285714285714286 0.998095238095238 9.52380952380952e-05 9.52380952380952e-05 0.000380952380952381 9.52380952380952e-05 9.52380952380952e-05 0.000380952380952381 9.52380952380952e-05 0.000380952380952381; % n D=0.4
0.264142857142857 0.000380952380952381 0.000380952380952381 0.000380952380952381 0.26952380952381 0.000380952380952381 0.000380952380952381 0.25452380952381 0.000380952380952381 0.20952380952381; % t D=0.4
0.000285714285714286 9.52380952380952e-05 9.52380952380952e-05 0.998095238095238 0.000380952380952381 9.52380952380952e-05 9.52380952380952e-05 0.000380952380952381 9.52380952380952e-05 0.000380952380952381; % v D=0.4
0.00142857142857143 0.000476190476190476 0.000476190476190476 0.000476190476190476 0.278571428571429 0.000476190476190476 0.000476190476190476 0.385238095238095 0.000476190476190476 0.331904761904762; % $ D=0.5
0.193928571428571 0.000476190476190476 0.000476190476190476 0.000476190476190476 0.299404761904762 0.000476190476190476 0.000476190476190476 0.249404761904762 0.000476190476190476 0.254404761904762; % N D=0.5
0.000357142857142857 0.000119047619047619 0.000119047619047619 0.000119047619047619 0.000476190476190476 0.000119047619047619 0.000119047619047619 0.000476190476190476 0.997619047619048 0.000476190476190476; % R D=0.5
0.000357142857142857 0.000119047619047619 0.997619047619048 0.000119047619047619 0.000476190476190476 0.000119047619047619 0.000119047619047619 0.000476190476190476 0.000119047619047619 0.000476190476190476; % V D=0.5
0.000357142857142857 0.000119047619047619 0.000119047619047619 0.000119047619047619 0.000476190476190476 0.000119047619047619 0.997619047619048 0.000476190476190476 0.000119047619047619 0.000476190476190476; % k D=0.5
0.288928571428571 0.000476190476190476 0.000476190476190476 0.000476190476190476 0.219404761904762 0.000476190476190476 0.000476190476190476 0.204404761904762 0.000476190476190476 0.284404761904762; % l D=0.5
0.000357142857142857 0.000119047619047619 0.000119047619047619 0.000119047619047619 0.000476190476190476 0.997619047619048 0.000119047619047619 0.000476190476190476 0.000119047619047619 0.000476190476190476; % m D=0.5
0.000357142857142857 0.997619047619048 0.000119047619047619 0.000119047619047619 0.000476190476190476 0.000119047619047619 0.000119047619047619 0.000476190476190476 0.000119047619047619 0.000476190476190476; % n D=0.5
0.263928571428571 0.000476190476190476 0.000476190476190476 0.000476190476190476 0.269404761904762 0.000476190476190476 0.000476190476190476 0.254404761904762 0.000476190476190476 0.209404761904762; % t D=0.5
0.000357142857142857 0.000119047619047619 0.000119047619047619 0.997619047619048 0.000476190476190476 0.000119047619047619 0.000119047619047619 0.000476190476190476 0.000119047619047619 0.000476190476190476; % v D=0.5
0.00171428571428571 0.000571428571428571 0.000571428571428571 0.000571428571428571 0.278285714285714 0.000571428571428571 0.000571428571428571 0.384952380952381 0.000571428571428571 0.331619047619048; % $ D=0.6
0.193714285714286 0.000571428571428571 0.000571428571428571 0.000571428571428571 0.299285714285714 0.000571428571428571 0.000571428571428571 0.249285714285714 0.000571428571428571 0.254285714285714; % N D=0.6
0.000428571428571429 0.000142857142857143 0.000142857142857143 0.000142857142857143 0.000571428571428571 0.000142857142857143 0.000142857142857143 0.000571428571428571 0.997142857142857 0.000571428571428571; % R D=0.6
0.000428571428571429 0.000142857142857143 0.997142857142857 0.000142857142857143 0.000571428571428571 0.000142857142857143 0.000142857142857143 0.000571428571428571 0.000142857142857143 0.000571428571428571; % V D=0.6
0.000428571428571429 0.000142857142857143 0.000142857142857143 0.000142857142857143 0.000571428571428571 0.000142857142857143 0.997142857142857 0.000571428571428571 0.000142857142857143 0.000571428571428571; % k D=0.6
0.288714285714286 0.000571428571428571 0.000571428571428571 0.000571428571428571 0.219285714285714 0.000571428571428571 0.000571428571428571 0.204285714285714 0.000571428571428571 0.284285714285714; % l D=0.6
0.000428571428571429 0.000142857142857143 0.000142857142857143 0.000142857142857143 0.000571428571428571 0.997142857142857 0.000142857142857143 0.000571428571428571 0.000142857142857143 0.000571428571428571; % m D=0.6
0.000428571428571429 0.997142857142857 0.000142857142857143 0.000142857142857143 0.000571428571428571 0.000142857142857143 0.000142857142857143 0.000571428571428571 0.000142857142857143 0.000571428571428571; % n D=0.6
0.263714285714286 0.000571428571428571 0.000571428571428571 0.000571428571428571 0.269285714285714 0.000571428571428571 0.000571428571428571 0.254285714285714 0.000571428571428571 0.209285714285714; % t D=0.6
0.000428571428571429 0.000142857142857143 0.000142857142857143 0.997142857142857 0.000571428571428571 0.000142857142857143 0.000142857142857143 0.000571428571428571 0.000142857142857143 0.000571428571428571; % v D=0.6
0.002 0.000666666666666667 0.000666666666666667 0.000666666666666667 0.278 0.000666666666666667 0.000666666666666667 0.384666666666667 0.000666666666666667 0.331333333333333; % $ D=0.7
0.1935 0.000666666666666667 0.000666666666666667 0.000666666666666667 0.299166666666667 0.000666666666666667 0.000666666666666667 0.249166666666667 0.000666666666666667 0.254166666666667; % N D=0.7
0.0005 0.000166666666666667 0.000166666666666667 0.000166666666666667 0.000666666666666667 0.000166666666666667 0.000166666666666667 0.000666666666666667 0.996666666666667 0.000666666666666667; % R D=0.7
0.0005 0.000166666666666667 0.996666666666667 0.000166666666666667 0.000666666666666667 0.000166666666666667 0.000166666666666667 0.000666666666666667 0.000166666666666667 0.000666666666666667; % V D=0.7
0.0005 0.000166666666666667 0.000166666666666667 0.000166666666666667 0.000666666666666667 0.000166666666666667 0.996666666666667 0.000666666666666667 0.000166666666666667 0.000666666666666667; % k D=0.7
0.2885 0.000666666666666667 0.000666666666666667 0.000666666666666667 0.219166666666667 0.000666666666666667 0.000666666666666667 0.204166666666667 0.000666666666666667 0.284166666666667; % l D=0.7
0.0005 0.000166666666666667 0.000166666666666667 0.000166666666666667 0.000666666666666667 0.996666666666667 0.000166666666666667 0.000666666666666667 0.000166666666666667 0.000666666666666667; % m D=0.7
0.0005 0.996666666666667 0.000166666666666667 0.000166666666666667 0.000666666666666667 0.000166666666666667 0.000166666666666667 0.000666666666666667 0.000166666666666667 0.000666666666666667; % n D=0.7
0.2635 0.000666666666666667 0.000666666666666667 0.000666666666666667 0.269166666666667 0.000666666666666667 0.000666666666666667 0.254166666666667 0.000666666666666667 0.209166666666667; % t D=0.7
0.0005 0.000166666666666667 0.000166666666666667 0.996666666666667 0.000666666666666667 0.000166666666666667 0.000166666666666667 0.000666666666666667 0.000166666666666667 0.000666666666666667; % v D=0.7
0.00228571428571429 0.000761904761904762 0.000761904761904762 0.000761904761904762 0.277714285714286 0.000761904761904762 0.000761904761904762 0.384380952380952 0.000761904761904762 0.331047619047619; % $ D=0.8
0.193285714285714 0.000761904761904762 0.000761904761904762 0.000761904761904762 0.299047619047619 0.000761904761904762 0.000761904761904762 0.249047619047619 0.000761904761904762 0.254047619047619; % N D=0.8
0.000571428571428571 0.00019047619047619 0.00019047619047619 0.00019047619047619 0.000761904761904762 0.00019047619047619 0.00019047619047619 0.000761904761904762 0.996190476190476 0.000761904761904762; % R D=0.8
0.000571428571428571 0.00019047619047619 0.996190476190476 0.00019047619047619 0.000761904761904762 0.00019047619047619 0.00019047619047619 0.000761904761904762 0.00019047619047619 0.000761904761904762; % V D=0.8
0.000571428571428571 0.00019047619047619 0.00019047619047619 0.00019047619047619 0.000761904761904762 0.00019047619047619 0.996190476190476 0.000761904761904762 0.00019047619047619 0.000761904761904762; % k D=0.8
0.288285714285714 0.000761904761904762 0.000761904761904762 0.000761904761904762 0.219047619047619 0.000761904761904762 0.000761904761904762 0.204047619047619 0.000761904761904762 0.284047619047619; % l D=0.8
0.000571428571428571 0.00019047619047619 0.00019047619047619 0.00019047619047619 0.000761904761904762 0.996190476190476 0.00019047619047619 0.000761904761904762 0.00019047619047619 0.000761904761904762; % m D=0.8
0.000571428571428571 0.996190476190476 0.00019047619047619 0.00019047619047619 0.000761904761904762 0.00019047619047619 0.00019047619047619 0.000761904761904762 0.00019047619047619 0.000761904761904762; % n D=0.8
0.263285714285714 0.000761904761904762 0.000761904761904762 0.000761904761904762 0.269047619047619 0.000761904761904762 0.000761904761904762 0.254047619047619 0.000761904761904762 0.209047619047619; % t D=0.8
0.000571428571428571 0.00019047619047619 0.00019047619047619 0.996190476190476 0.000761904761904762 0.00019047619047619 0.00019047619047619 0.000761904761904762 0.00019047619047619 0.000761904761904762; % v D=0.8
0.00257142857142857 0.000857142857142857 0.000857142857142857 0.000857142857142857 0.277428571428571 0.000857142857142857 0.000857142857142857 0.384095238095238 0.000857142857142857 0.330761904761905; % $ D=0.9
0.193071428571429 0.000857142857142857 0.000857142857142857 0.000857142857142857 0.298928571428571 0.000857142857142857 0.000857142857142857 0.248928571428571 0.000857142857142857 0.253928571428571; % N D=0.9
0.000642857142857143 0.000214285714285714 0.000214285714285714 0.000214285714285714 0.000857142857142857 0.000214285714285714 0.000214285714285714 0.000857142857142857 0.995714285714286 0.000857142857142857; % R D=0.9
0.000642857142857143 0.000214285714285714 0.995714285714286 0.000214285714285714 0.000857142857142857 0.000214285714285714 0.000214285714285714 0.000857142857142857 0.000214285714285714 0.000857142857142857; % V D=0.9
0.000642857142857143 0.000214285714285714 0.000214285714285714 0.000214285714285714 0.000857142857142857 0.000214285714285714 0.995714285714286 0.000857142857142857 0.000214285714285714 0.000857142857142857; % k D=0.9
0.288071428571429 0.000857142857142857 0.000857142857142857 0.000857142857142857 0.218928571428571 0.000857142857142857 0.000857142857142857 0.203928571428571 0.000857142857142857 0.283928571428571; % l D=0.9
0.000642857142857143 0.000214285714285714 0.000214285714285714 0.000214285714285714 0.000857142857142857 0.995714285714286 0.000214285714285714 0.000857142857142857 0.000214285714285714 0.000857142857142857; % m D=0.9
0.000642857142857143 0.995714285714286 0.000214285714285714 0.000214285714285714 0.000857142857142857 0.000214285714285714 0.000214285714285714 0.000857142857142857 0.000214285714285714 0.000857142857142857; % n D=0.9
0.263071428571429 0.000857142857142857 0.000857142857142857 0.000857142857142857 0.268928571428571 0.000857142857142857 0.000857142857142857 0.253928571428571 0.000857142857142857 0.208928571428571; % t D=0.9
0.000642857142857143 0.000214285714285714 0.000214285714285714 0.995714285714286 0.000857142857142857 0.000214285714285714 0.000214285714285714 0.000857142857142857 0.000214285714285714 0.000857142857142857; % v D=0.9
0.00271428571428571 0.000904761904761905 0.000904761904761905 0.000904761904761905 0.277285714285714 0.000904761904761905 0.000904761904761905 0.383952380952381 0.000904761904761905 0.330619047619048; % $ D=0.95
0.192964285714286 0.000904761904761905 0.000904761904761905 0.000904761904761905 0.298869047619048 0.000904761904761905 0.000904761904761905 0.248869047619048 0.000904761904761905 0.253869047619048; % N D=0.95
0.000678571428571428 0.000226190476190476 0.000226190476190476 0.000226190476190476 0.000904761904761905 0.000226190476190476 0.000226190476190476 0.000904761904761905 0.995476190476191 0.000904761904761905; % R D=0.95
0.000678571428571428 0.000226190476190476 0.995476190476191 0.000226190476190476 0.000904761904761905 0.000226190476190476 0.000226190476190476 0.000904761904761905 0.000226190476190476 0.000904761904761905; % V D=0.95
0.000678571428571428 0.000226190476190476 0.000226190476190476 0.000226190476190476 0.000904761904761905 0.000226190476190476 0.995476190476191 0.000904761904761905 0.000226190476190476 0.000904761904761905; % k D=0.95
0.287964285714286 0.000904761904761905 0.000904761904761905 0.000904761904761905 0.218869047619048 0.000904761904761905 0.000904761904761905 0.203869047619048 0.000904761904761905 0.283869047619048; % l D=0.95
0.000678571428571428 0.000226190476190476 0.000226190476190476 0.000226190476190476 0.000904761904761905 0.995476190476191 0.000226190476190476 0.000904761904761905 0.000226190476190476 0.000904761904761905; % m D=0.95
0.000678571428571428 0.995476190476191 0.000226190476190476 0.000226190476190476 0.000904761904761905 0.000226190476190476 0.000226190476190476 0.000904761904761905 0.000226190476190476 0.000904761904761905; % n D=0.95
0.262964285714286 0.000904761904761905 0.000904761904761905 0.000904761904761905 0.268869047619048 0.000904761904761905 0.000904761904761905 0.253869047619048 0.000904761904761905 0.208869047619048; % t D=0.95
0.000678571428571428 0.000226190476190476 0.000226190476190476 0.995476190476191 0.000904761904761905 0.000226190476190476 0.000226190476190476 0.000904761904761905 0.000226190476190476 0.000904761904761905]; % v D=0.95
