syllables = '$BDFGJLRblnprvz';
discounts = [0.1 0.2 0.3 0.4 0.5 0.6 0.7 0.8 0.9 0.95];
kn_probs = [0.000416666666666667 0.19975 8.33333333333333e-05 8.33333333333333e-05 0.179833333333333 8.33333333333333e-05 0.206416666666667 0.246416666666667 8.33333333333333e-05 8.33333333333333e-05 8.33333333333333e-05 8.33333333333333e-05 8.33333333333333e-05 0.166416666666667 8.33333333333333e-05; % $ D=0.1
0.000104166666666667 0.000104166666666667 2.08333333333333e-05 2.08333333333333e-05 0.000125 2.08333333333333e-05 0.000104166666666667 0.000104166666666667 0.9991875 2.08333333333333e-05 2.08333333333333e-05 2.08333333333333e-05 2.08333333333333e-05 0.000104166666666667 2.08333333333333e-05; % B D=0.1
0.291354166666667 0.208020833333333 0.000104166666666667 0.000104166666666667 0.241458333333333 0.000104166666666667 0.116354166666667 0.141354166666667 0.000104166666666667 0.000104166666666667 0.000104166666666667 0.000104166666666667 0.000104166666666667 0.000520833333333333 0.000104166666666667; % D D=0.1
0.183020833333333 0.000520833333333333 0.000104166666666667 0.000104166666666667 0.183125 0.000104166666666667 0.241354166666667 0.191354166666667 0.000104166666666667 0.000104166666666667 0.000104166666666667 0.000104166666666667 0.000104166666666667 0.1996875 0.000104166666666667; % F D=0.1
0.000104166666666667 0.000104166666666667 2.08333333333333e-05 2.08333333333333e-05 0.000125 2.08333333333333e-05 0.000104166666666667 0.000104166666666667 2.08333333333333e-05 2.08333333333333e-05 2.08333333333333e-05 2.08333333333333e-05 0.9991875 0.000104166666666667 2.08333333333333e-05; % G D=0.1
0.000104166666666667 0.000104166666666667 0.9991875 2.08333333333333e-05 0.000125 2.08333333333333e-05 0.000104166666666667 0.000104166666666667 2.08333333333333e-05 2.08333333333333e-05 2.08333333333333e-05 2.08333333333333e-05 2.08333333333333e-05 0.000104166666666667 2.08333333333333e-05; % J D=0.1
0.000104166666666667 0.000104166666666667 2.08333333333333e-05 2.08333333333333e-05 0.000125 2.08333333333333e-05 0.000104166666666667 0.000104166666666667 2.08333333333333e-05 2.08333333333333e-05 2.08333333333333e-05 2.08333333333333e-05 2.08333333333333e-05 0.000104166666666667 0.9991875; % L D=0.1
0.000104166666666667 0.000104166666666667 2.08333333333333e-05 2.08333333333333e-05 0.000125 2.08333333333333e-05 0.000104166666666667 0.000104166666666667 2.08333333333333e-05 2.08333333333333e-05 2.08333333333333e-05 0.9991875 2.08333333333333e-05 0.000104166666666667 2.08333333333333e-05; % R D=0.1
0.000104166666666667 0.000104166666666667 2.08333333333333e-05 0.9991875 0.000125 2.08333333333333e-05 0.000104166666666667 0.000104166666666667 2.08333333333333e-05 2.08333333333333e-05 2.08333333333333e-05 2.08333333333333e-05 2.08333333333333e-05 0.000104166666666667 2.08333333333333e-05; % b D=0.1
0.208125 0.208125 0.000125 0.000125 0.0165833333333333 0.000125 0.174791666666667 0.216458333333333 0.000125 0.000125 0.000125 0.000125 0.000125 0.174791666666667 0.000125; % l D=0.1
0.000104166666666667 0.000104166666666667 2.08333333333333e-05 2.08333333333333e-05 0.000125 0.9991875 0.000104166666666667 0.000104166666666667 2.08333333333333e-05 2.08333333333333e-05 2.08333333333333e-05 2.08333333333333e-05 2.08333333333333e-05 0.000104166666666667 2.08333333333333e-05; % n D=0.1
0.266354166666667 0.183020833333333 0.000104166666666667 0.000104166666666667 0.124791666666667 0.000104166666666667 0.208020833333333 0.000520833333333333 0.000104166666666667 0.000104166666666667 0.000104166666666667 0.000104166666666667 0.000104166666666667 0.216354166666667 0.000104166666666667; % p D=0.1
0.000104166666666667 0.000104166666666667 2.08333333333333e-05 2.08333333333333e-05 0.000125 2.08333333333333e-05 0.000104166666666667 0.000104166666666667 2.08333333333333e-05 0.9991875 2.08333333333333e-05 2.08333333333333e-05 2.08333333333333e-05 0.000104166666666667 2.08333333333333e-05; % r D=0.1
0.000104166666666667 0.000104166666666667 2.08333333333333e-05 2.08333333333333e-05 0.000125 2.08333333333333e-05 0.000104166666666667 0.000104166666666667 2.08333333333333e-05 2.08333333333333e-05 0.9991875 2.08333333333333e-05 2.08333333333333e-05 0.000104166666666667 2.08333333333333e-05; % v D=0.1
0.2996875 0.1496875 0.000104166666666667 0.000104166666666667 0.208125 0.000104166666666667 0.000520833333333333 0.141354166666667 0.000104166666666667 0.000104166666666667 0.000104166666666667 0.000104166666666667 0.000104166666666667 0.1996875 0.000104166666666667; % z D=0.1
0.000833333333333333 0.1995 0.000166666666666667 0.000166666666666667 0.179666666666667 0.000166666666666667 0.206166666666667 0.246166666666667 0.000166666666666667 0.000166666666666667 0.000166666666666667 0.000166666666666667 0.000166666666666667 0.166166666666667 0.000166666666666667; % $ D=0.2
0.000208333333333333 0.000208333333333333 4.16666666666667e-05 4.16666666666667e-05 0.00025 4.16666666666667e-05 0.000208333333333333 0.000208333333333333 0.998375 4.16666666666667e-05 4.16666666666667e-05 4.16666666666667e-05 4.16666666666667e-05 0.000208333333333333 4.16666666666667e-05; % B D=0.2
0.291041666666667 0.207708333333333 0.000208333333333333 0.000208333333333333 0.24125 0.000208333333333333 0.116041666666667 0.141041666666667 0.000208333333333333 0.000208333333333333 0.000208333333333333 0.000208333333333333 0.000208333333333333 0.00104166666666667 0.000208333333333333; % D D=0.2
0.182708333333333 0.00104166666666667 0.000208333333333333 0.000208333333333333 0.182916666666667 0.000208333333333333 0.241041666666667 0.191041666666667 0.000208333333333333 0.000208333333333333 0.000208333333333333 0.000208333333333333 0.000208333333333333 0.199375 0.000208333333333333; % F D=0.2
0.000208333333333333 0.000208333333333333 4.16666666666667e-05 4.16666666666667e-05 0.00025 4.16666666666667e-05 0.000208333333333333 0.000208333333333333 4.16666666666667e-05 4.16666666666667e-05 4.16666666666667e-05 4.16666666666667e-05 0.998375 0.000208333333333333 4.16666666666667e-05; % G D=0.2
0.000208333333333333 0.000208333333333333 0.998375 4.16666666666667e-05 0.00025 4.16666666666667e-05 0.000208333333333333 0.000208333333333333 4.16666666666667e-05 4.16666666666667e-05 4.16666666666667e-05 4.16666666666667e-05 4.16666666666667e-05 0.000208333333333333 4.16666666666667e-05; % J D=0.2
0.000208333333333333 0.000208333333333333 4.16666666666667e-05 4.16666666666667e-05 0.00025 4.16666666666667e-05 0.000208333333333333 0.000208333333333333 4.16666666666667e-05 4.16666666666667e-05 4.16666666666667e-05 4.16666666666667e-05 4.16666666666667e-05 0.000208333333333333 0.998375; % L D=0.2
0.000208333333333333 0.000208333333333333 4.16666666666667e-05 4.16666666666667e-05 0.00025 4.16666666666667e-05 0.000208333333333333 0.000208333333333333 4.16666666666667e-05 4.16666666666667e-05 4.16666666666667e-05 0.998375 4.16666666666667e-05 0.000208333333333333 4.16666666666667e-05; % R D=0.2
0.000208333333333333 0.000208333333333333 4.16666666666667e-05 0.998375 0.00025 4.16666666666667e-05 0.000208333333333333 0.000208333333333333 4.16666666666667e-05 4.16666666666667e-05 4.16666666666667e-05 4.16666666666667e-05 4.16666666666667e-05 0.000208333333333333 4.16666666666667e-05; % b D=0.2
0.207916666666667 0.207916666666667 0.00025 0.00025 0.0165 0.00025 0.174583333333333 0.21625 0.00025 0.00025 0.00025 0.00025 0.00025 0.174583333333333 0.00025; % l D=0.2
0.000208333333333333 0.000208333333333333 4.16666666666667e-05 4.16666666666667e-05 0.00025 0.998375 0.000208333333333333 0.000208333333333333 4.16666666666667e-05 4.16666666666667e-05 4.16666666666667e-05 4.16666666666667e-05 4.16666666666667e-05 0.000208333333333333 4.16666666666667e-05; % n D=0.2
0.266041666666667 0.182708333333333 0.000208333333333333 0.000208333333333333 0.124583333333333 0.000208333333333333 0.207708333333333 0.00104166666666667 0.000208333333333333 0.000208333333333333 0.000208333333333333 0.000208333333333333 0.000208333333333333 0.216041666666667 0.000208333333333333; % p D=0.2
