syllables = '$JLNZblnrt';
discounts = [0.1 0.2 0.3 0.4 0.5 0.6 0.7 0.8 0.9 0.95];
kn_probs = [0.000285714285714286 0.339714285714286 0.326380952380952 9.52380952380953e-05 0.333047619047619 9.52380952380953e-05 9.52380952380953e-05 9.52380952380953e-05 9.52380952380953e-05 9.52380952380953e-05; % $ D=0.1
7.14285714285714e-05 9.52380952380952e-05 9.52380952380952e-05 2.38095238095238e-05 9.52380952380952e-05 0.99952380952381 2.38095238095238e-05 2.38095238095238e-05 2.38095238095238e-05 2.38095238095238e-05; % J D=0.1
7.14285714285714e-05 9.52380952380952e-05 9.52380952380952e-05 2.38095238095238e-05 9.52380952380952e-05 2.38095238095238e-05 2.38095238095238e-05 2.38095238095238e-05 0.99952380952381 2.38095238095238e-05; % L D=0.1
0.224785714285714 0.194880952380952 0.304880952380952 9.52380952380952e-05 0.274880952380952 9.52380952380952e-05 9.52380952380952e-05 9.52380952380952e-05 9.52380952380952e-05 9.52380952380952e-05; % N D=0.1
7.14285714285714e-05 9.52380952380952e-05 9.52380952380952e-05 2.38095238095238e-05 9.52380952380952e-05 2.38095238095238e-05 2.38095238095238e-05 0.99952380952381 2.38095238095238e-05 2.38095238095238e-05; % Z D=0.1
7.14285714285714e-05 9.52380952380952e-05 9.52380952380952e-05 0.99952380952381 9.52380952380952e-05 2.38095238095238e-05 2.38095238095238e-05 2.38095238095238e-05 2.38095238095238e-05 2.38095238095238e-05; % b D=0.1
7.14285714285714e-05 9.52380952380952e-05 9.52380952380952e-05 2.38095238095238e-05 9.52380952380952e-05 2.38095238095238e-05 2.38095238095238e-05 2.38095238095238e-05 2.38095238095238e-05 0.99952380952381; % l D=0.1
7.14285714285714e-05 9.52380952380952e-05 9.52380952380952e-05 2.38095238095238e-05 9.52380952380952e-05 2.38095238095238e-05 0.99952380952381 2.38095238095238e-05 2.38095238095238e-05 2.38095238095238e-05; % n D=0.1
0.259785714285714 0.309880952380952 0.184880952380952 9.52380952380952e-05 0.244880952380952 9.52380952380952e-05 9.52380952380952e-05 9.52380952380952e-05 9.52380952380952e-05 9.52380952380952e-05; % r D=0.1
0.264785714285714 0.239880952380952 0.264880952380952 9.52380952380952e-05 0.229880952380952 9.52380952380952e-05 9.52380952380952e-05 9.52380952380952e-05 9.52380952380952e-05 9.52380952380952e-05; % t D=0.1
0.000571428571428571 0.339428571428571 0.326095238095238 0.000190476190476191 0.332761904761905 0.000190476190476191 0.000190476190476191 0.000190476190476191 0.000190476190476191 0.000190476190476191; % $ D=0.2
0.000142857142857143 0.00019047619047619 0.00019047619047619 4.76190476190476e-05 0.00019047619047619 0.999047619047619 4.76190476190476e-05 4.76190476190476e-05 4.76190476190476e-05 4.76190476190476e-05; % J D=0.2
0.000142857142857143 0.00019047619047619 0.00019047619047619 4.76190476190476e-05 0.00019047619047619 4.76190476190476e-05 4.76190476190476e-05 4.76190476190476e-05 0.999047619047619 4.76190476190476e-05; % L D=0.2
0.224571428571429 0.194761904761905 0.304761904761905 0.00019047619047619 0.274761904761905 0.00019047619047619 0.00019047619047619 0.00019047619047619 0.00019047619047619 0.00019047619047619; % N D=0.2
0.000142857142857143 0.00019047619047619 0.00019047619047619 4.76190476190476e-05 0.00019047619047619 4.76190476190476e-05 4.76190476190476e-05 0.999047619047619 4.76190476190476e-05 4.76190476190476e-05; % Z D=0.2
0.000142857142857143 0.00019047619047619 0.00019047619047619 0.999047619047619 0.00019047619047619 4.76190476190476e-05 4.76190476190476e-05 4.76190476190476e-05 4.76190476190476e-05 4.76190476190476e-05; % b D=0.2
0.000142857142857143 0.00019047619047619 0.00019047619047619 4.76190476190476e-05 0.00019047619047619 4.76190476190476e-05 4.76190476190476e-05 4.76190476190476e-05 4.76190476190476e-05 0.999047619047619; % l D=0.2
0.000142857142857143 0.00019047619047619 0.00019047619047619 4.76190476190476e-05 0.00019047619047619 4.76190476190476e-05 0.999047619047619 4.76190476190476e-05 4.76190476190476e-05 4.76190476190476e-05; % n D=0.2
0.259571428571429 0.309761904761905 0.184761904761905 0.00019047619047619 0.244761904761905 0.00019047619047619 0.00019047619047619 0.00019047619047619 0.00019047619047619 0.00019047619047619; % r D=0.2
0.264571428571429 0.239761904761905 0.264761904761905 0.00019047619047619 0.229761904761905 0.00019047619047619 0.00019047619047619 0.00019047619047619 0.00019047619047619 0.00019047619047619; % t D=0.2
0.000857142857142857 0.339142857142857 0.325809523809524 0.000285714285714286 0.332476190476191 0.000285714285714286 0.000285714285714286 0.000285714285714286 0.000285714285714286 0.000285714285714286; % $ D=0.3
0.000214285714285714 0.000285714285714286 0.000285714285714286 7.14285714285714e-05 0.000285714285714286 0.998571428571429 7.14285714285714e-05 7.14285714285714e-05 7.14285714285714e-05 7.14285714285714e-05; % J D=0.3
0.000214285714285714 0.000285714285714286 0.000285714285714286 7.14285714285714e-05 0.000285714285714286 7.14285714285714e-05 7.14285714285714e-05 7.14285714285714e-05 0.998571428571429 7.14285714285714e-05; % L D=0.3
0.224357142857143 0.194642857142857 0.304642857142857 0.000285714285714286 0.274642857142857 0.000285714285714286 0.000285714285714286 0.000285714285714286 0.000285714285714286 0.000285714285714286; % N D=0.3
0.000214285714285714 0.000285714285714286 0.000285714285714286 7.14285714285714e-05 0.000285714285714286 7.14285714285714e-05 7.14285714285714e-05 0.998571428571429 7.14285714285714e-05 7.14285714285714e-05; % Z D=0.3
0.000214285714285714 0.000285714285714286 0.000285714285714286 0.998571428571429 0.000285714285714286 7.14285714285714e-05 7.14285714285714e-05 7.14285714285714e-05 7.14285714285714e-05 7.14285714285714e-05; % b D=0.3
0.000214285714285714 0.000285714285714286 0.000285714285714286 7.14285714285714e-05 0.000285714285714286 7.14285714285714e-05 7.14285714285714e-05 7.14285714285714e-05 7.14285714285714e-05 0.998571428571429; % l D=0.3
0.000214285714285714 0.000285714285714286 0.000285714285714286 7.14285714285714e-05 0.000285714285714286 7.14285714285714e-05 0.998571428571429 7.14285714285714e-05 7.14285714285714e-05 7.14285714285714e-05; % n D=0.3
0.259357142857143 0.309642857142857 0.184642857142857 0.000285714285714286 0.244642857142857 0.000285714285714286 0.000285714285714286 0.000285714285714286 0.000285714285714286 0.000285714285714286; % r D=0.3
0.264357142857143 0.239642857142857 0.264642857142857 0.000285714285714286 0.229642857142857 0.000285714285714286 0.000285714285714286 0.000285714285714286 0.000285714285714286 0.000285714285714286; % t D=0.3
0.00114285714285714 0.338857142857143 0.32552380952381 0.000380952380952381 0.332190476190476 0.000380952380952381 0.000380952380952381 0.000380952380952381 0.000380952380952381 0.000380952380952381; % $ D=0.4
0.000285714285714286 0.000380952380952381 0.000380952380952381 9.52380952380952e-05 0.000380952380952381 0.998095238095238 9.52380952380952e-05 9.52380952380952e-05 9.52380952380952e-05 9.52380952380952e-05; % J D=0.4
0.000285714285714286 0.000380952380952381 0.000380952380952381 9.52380952380952e-05 0.000380952380952381 9.52380952380952e-05 9.52380952380952e-05 9.52380952380952e-05 0.998095238095238 9.52380952380952e-05; % L D=0.4
0.224142857142857 0.19452380952381 0.30452380952381 0.000380952380952381 0.27452380952381 0.000380952380952381 0.000380952380952381 0.000380952380952381 0.000380952380952381 0.000380952380952381; % N D=0.4
0.000285714285714286 0.000380952380952381 0.000380952380952381 9.52380952380952e-05 0.000380952380952381 9.52380952380952e-05 9.52380952380952e-05 0.998095238095238 9.52380952380952e-05 9.52380952380952e-05; % Z D=0.4
0.000285714285714286 0.000380952380952381 0.000380952380952381 0.998095238095238 0.000380952380952381 9.52380952380952e-05 9.52380952380952e-05 9.52380952380952e-05 9.52380952380952e-05 9.52380952380952e-05; % b D=0.4
0.000285714285714286 0.000380952380952381 0.000380952380952381 9.52380952380952e-05 0.000380952380952381 9.52380952380952e-05 9.52380952380952e-05 9.52380952380952e-05 9.52380952380952e-05 0.998095238095238; % l D=0.4
0.000285714285714286 0.000380952380952381 0.000380952380952381 9.52380952380952e-05 0.000380952380952381 9.52380952380952e-05 0.998095238095238 9.52380952380952e-05 9.52380952380952e-05 9.52380952380952e-05; % n D=0.4
0.259142857142857 0.30952380952381 0.18452380952381 0.000380952380952381 0.24452380952381 0.000380952380952381 0.000380952380952381 0.000380952380952381 0.000380952380952381 0.000380952380952381; % r D=0.4
0.264142857142857 0.23952380952381 0.26452380952381 0.000380952380952381 0.22952380952381 0.000380952380952381 0.000380952380952381 0.000380952380952381 0.000380952380952381 0.000380952380952381; % t D=0.4
0.00142857142857143 0.338571428571429 0.325238095238095 0.000476190476190476 0.331904761904762 0.000476190476190476 0.000476190476190476 0.000476190476190476 0.000476190476190476 0.000476190476190476; % $ D=0.5
0.000357142857142857 0.000476190476190476 0.000476190476190476 0.000119047619047619 0.000476190476190476 0.997619047619048 0.000119047619047619 0.000119047619047619 0.000119047619047619 0.000119047619047619; % J D=0.5
0.000357142857142857 0.000476190476190476 0.000476190476190476 0.000119047619047619 0.000476190476190476 0.000119047619047619 0.000119047619047619 0.000119047619047619 0.997619047619048 0.000119047619047619; % L D=0.5
0.223928571428571 0.194404761904762 0.304404761904762 0.000476190476190476 0.274404761904762 0.000476190476190476 0.000476190476190476 0.000476190476190476 0.000476190476190476 0.000476190476190476; % N D=0.5
0.000357142857142857 0.000476190476190476 0.000476190476190476 0.000119047619047619 0.000476190476190476 0.000119047619047619 0.000119047619047619 0.997619047619048 0.000119047619047619 0.000119047619047619; % Z D=0.5
0.000357142857142857 0.000476190476190476 0.000476190476190476 0.997619047619048 0.000476190476190476 0.000119047619047619 0.000119047619047619 0.000119047619047619 0.000119047619047619 0.000119047619047619; % b D=0.5
0.000357142857142857 0.000476190476190476 0.000476190476190476 0.000119047619047619 0.000476190476190476 0.000119047619047619 0.000119047619047619 0.000119047619047619 0.000119047619047619 0.997619047619048; % l D=0.5
0.000357142857142857 0.000476190476190476 0.000476190476190476 0.000119047619047619 0.000476190476190476 0.000119047619047619 0.997619047619048 0.000119047619047619 0.000119047619047619 0.000119047619047619; % n D=0.5
0.258928571428571 0.309404761904762 0.184404761904762 0.000476190476190476 0.244404761904762 0.000476190476190476 0.000476190476190476 0.000476190476190476 0.000476190476190476 0.000476190476190476; % r D=0.5
0.263928571428571 0.239404761904762 0.264404761904762 0.000476190476190476 0.229404761904762 0.000476190476190476 0.000476190476190476 0.000476190476190476 0.000476190476190476 0.000476190476190476; % t D=0.5
0.00171428571428571 0.338285714285714 0.324952380952381 0.000571428571428571 0.331619047619048 0.000571428571428571 0.000571428571428571 0.000571428571428571 0.000571428571428571 0.000571428571428571; % $ D=0.6
0.000428571428571429 0.000571428571428571 0.000571428571428571 0.000142857142857143 0.000571428571428571 0.997142857142857 0.000142857142857143 0.000142857142857143 0.000142857142857143 0.000142857142857143; % J D=0.6
0.000428571428571429 0.000571428571428571 0.000571428571428571 0.000142857142857143 0.000571428571428571 0.000142857142857143 0.000142857142857143 0.000142857142857143 0.997142857142857 0.000142857142857143; % L D=0.6
0.223714285714286 0.194285714285714 0.304285714285714 0.000571428571428571 0.274285714285714 0.000571428571428571 0.000571428571428571 0.000571428571428571 0.000571428571428571 0.000571428571428571; % N D=0.6
0.000428571428571429 0.000571428571428571 0.000571428571428571 0.000142857142857143 0.000571428571428571 0.000142857142857143 0.000142857142857143 0.997142857142857 0.000142857142857143 0.000142857142857143; % Z D=0.6
0.000428571428571429 0.000571428571428571 0.000571428571428571 0.997142857142857 0.000571428571428571 0.000142857142857143 0.000142857142857143 0.000142857142857143 0.000142857142857143 0.000142857142857143; % b D=0.6
0.000428571428571429 0.000571428571428571 0.000571428571428571 0.000142857142857143 0.000571428571428571 0.000142857142857143 0.000142857142857143 0.000142857142857143 0.000142857142857143 0.997142857142857; % l D=0.6
0.000428571428571429 0.000571428571428571 0.000571428571428571 0.000142857142857143 0.000571428571428571 0.000142857142857143 0.997142857142857 0.000142857142857143 0.000142857142857143 0.000142857142857143; % n D=0.6
0.258714285714286 0.309285714285714 0.184285714285714 0.000571428571428571 0.244285714285714 0.000571428571428571 0.000571428571428571 0.000571428571428571 0.000571428571428571 0.000571428571428571; % r D=0.6
0.263714285714286 0.239285714285714 0.264285714285714 0.000571428571428571 0.229285714285714 0.000571428571428571 0.000571428571428571 0.000571428571428571 0.000571428571428571 0.000571428571428571; % t D=0.6
0.002 0.338 0.324666666666667 0.000666666666666667 0.331333333333333 0.000666666666666667 0.000666666666666667 0.000666666666666667 0.000666666666666667 0.000666666666666667; % $ D=0.7
0.0005 0.000666666666666667 0.000666666666666667 0.000166666666666667 0.000666666666666667 0.996666666666667 0.000166666666666667 0.000166666666666667 0.000166666666666667 0.000166666666666667; % J D=0.7
0.0005 0.000666666666666667 0.000666666666666667 0.000166666666666667 0.000666666666666667 0.000166666666666667 0.000166666666666667 0.000166666666666667 0.996666666666667 0.000166666666666667; % L D=0.7
0.2235 0.194166666666667 0.304166666666667 0.000666666666666667 0.274166666666667 0.000666666666666667 0.000666666666666667 0.000666666666666667 0.000666666666666667 0.000666666666666667; % N D=0.7
0.0005 0.000666666666666667 0.000666666666666667 0.000166666666666667 0.000666666666666667 0.000166666666666667 0.000166666666666667 0.996666666666667 0.000166666666666667 0.000166666666666667; % Z D=0.7
0.0005 0.000666666666666667 0.000666666666666667 0.996666666666667 0.000666666666666667 0.000166666666666667 0.000166666666666667 0.000166666666666667 0.000166666666666667 0.000166666666666667; % b D=0.7
0.0005 0.000666666666666667 0.000666666666666667 0.000166666666666667 0.000666666666666667 0.000166666666666667 0.000166666666666667 0.000166666666666667 0.000166666666666667 0.996666666666667; % l D=0.7
0.0005 0.000666666666666667 0.000666666666666667 0.000166666666666667 0.000666666666666667 0.000166666666666667 0.996666666666667 0.000166666666666667 0.000166666666666667 0.000166666666666667; % n D=0.7
0.2585 0.309166666666667 0.184166666666667 0.000666666666666667 0.244166666666667 0.000666666666666667 0.000666666666666667 0.000666666666666667 0.000666666666666667 0.000666666666666667; % r D=0.7
0.2635 0.239166666666667 0.264166666666667 0.000666666666666667 0.229166666666667 0.000666666666666667 0.000666666666666667 0.000666666666666667 0.000666666666666667 0.000666666666666667; % t D=0.7
0.00228571428571429 0.337714285714286 0.324380952380952 0.000761904761904762 0.331047619047619 0.000761904761904762 0.000761904761904762 0.000761904761904762 0.000761904761904762 0.000761904761904762; % $ D=0.8
0.000571428571428571 0.000761904761904762 0.000761904761904762 0.00019047619047619 0.000761904761904762 0.996190476190476 0.00019047619047619 0.00019047619047619 0.00019047619047619 0.00019047619047619; % J D=0.8
0.000571428571428571 0.000761904761904762 0.000761904761904762 0.00019047619047619 0.000761904761904762 0.00019047619047619 0.00019047619047619 0.00019047619047619 0.996190476190476 0.00019047619047619; % L D=0.8
0.223285714285714 0.194047619047619 0.304047619047619 0.000761904761904762 0.274047619047619 0.000761904761904762 0.000761904761904762 0.000761904761904762 0.000761904761904762 0.000761904761904762; % N D=0.8
0.000571428571428571 0.000761904761904762 0.000761904761904762 0.00019047619047619 0.000761904761904762 0.00019047619047619 0.00019047619047619 0.996190476190476 0.00019047619047619 0.00019047619047619; % Z D=0.8
0.000571428571428571 0.000761904761904762 0.000761904761904762 0.996190476190476 0.000761904761904762 0.00019047619047619 0.00019047619047619 0.00019047619047619 0.00019047619047619 0.00019047619047619; % b D=0.8
0.000571428571428571 0.000761904761904762 0.000761904761904762 0.00019047619047619 0.000761904761904762 0.00019047619047619 0.00019047619047619 0.00019047619047619 0.00019047619047619 0.996190476190476; % l D=0.8
0.000571428571428571 0.000761904761904762 0.000761904761904762 0.00019047619047619 0.000761904761904762 0.00019047619047619 0.996190476190476 0.00019047619047619 0.00019047619047619 0.00019047619047619; % n D=0.8
0.258285714285714 0.309047619047619 0.184047619047619 0.000761904761904762 0.244047619047619 0.000761904761904762 0.000761904761904762 0.000761904761904762 0.000761904761904762 0.000761904761904762; % r D=0.8
0.263285714285714 0.239047619047619 0.264047619047619 0.000761904761904762 0.229047619047619 0.000761904761904762 0.000761904761904762 0.000761904761904762 0.000761904761904762 0.000761904761904762; % t D=0.8
0.00257142857142857 0.337428571428571 0.324095238095238 0.000857142857142857 0.330761904761905 0.000857142857142857 0.000857142857142857 0.000857142857142857 0.000857142857142857 0.000857142857142857; % $ D=0.9
0.000642857142857143 0.000857142857142857 0.000857142857142857 0.000214285714285714 0.000857142857142857 0.995714285714286 0.000214285714285714 0.000214285714285714 0.000214285714285714 0.000214285714285714; % J D=0.9
0.000642857142857143 0.000857142857142857 0.000857142857142857 0.000214285714285714 0.000857142857142857 0.000214285714285714 0.000214285714285714 0.000214285714285714 0.995714285714286 0.000214285714285714; % L D=0.9
0.223071428571429 0.193928571428571 0.303928571428571 0.000857142857142857 0.273928571428571 0.000857142857142857 0.000857142857142857 0.000857142857142857 0.000857142857142857 0.000857142857142857; % N D=0.9
0.000642857142857143 0.000857142857142857 0.000857142857142857 0.000214285714285714 0.000857142857142857 0.000214285714285714 0.000214285714285714 0.995714285714286 0.000214285714285714 0.000214285714285714; % Z D=0.9
0.000642857142857143 0.000857142857142857 0.000857142857142857 0.995714285714286 0.000857142857142857 0.000214285714285714 0.000214285714285714 0.000214285714285714 0.000214285714285714 0.000214285714285714; % b D=0.9
0.000642857142857143 0.000857142857142857 0.000857142857142857 0.000214285714285714 0.000857142857142857 0.000214285714285714 0.000214285714285714 0.000214285714285714 0.000214285714285714 0.995714285714286; % l D=0.9
0.000642857142857143 0.000857142857142857 0.000857142857142857 0.000214285714285714 0.000857142857142857 0.000214285714285714 0.995714285714286 0.000214285714285714 0.000214285714285714 0.000214285714285714; % n D=0.9
0.258071428571429 0.308928571428571 0.183928571428571 0.000857142857142857 0.243928571428571 0.000857142857142857 0.000857142857142857 0.000857142857142857 0.000857142857142857 0.000857142857142857; % r D=0.9
0.263071428571429 0.238928571428571 0.263928571428571 0.000857142857142857 0.228928571428571 0.000857142857142857 0.000857142857142857 0.000857142857142857 0.000857142857142857 0.000857142857142857; % t D=0.9
0.00271428571428571 0.337285714285714 0.323952380952381 0.000904761904761905 0.330619047619048 0.000904761904761905 0.000904761904761905 0.000904761904761905 0.000904761904761905 0.000904761904761905; % $ D=0.95
0.000678571428571428 0.000904761904761905 0.000904761904761905 0.000226190476190476 0.000904761904761905 0.995476190476191 0.000226190476190476 0.000226190476190476 0.000226190476190476 0.000226190476190476; % J D=0.95
0.000678571428571428 0.000904761904761905 0.000904761904761905 0.000226190476190476 0.000904761904761905 0.000226190476190476 0.000226190476190476 0.000226190476190476 0.995476190476191 0.000226190476190476; % L D=0.95
0.222964285714286 0.193869047619048 0.303869047619048 0.000904761904761905 0.273869047619048 0.000904761904761905 0.000904761904761905 0.000904761904761905 0.000904761904761905 0.000904761904761905; % N D=0.95
0.000678571428571428 0.000904761904761905 0.000904761904761905 0.000226190476190476 0.000904761904761905 0.000226190476190476 0.000226190476190476 0.995476190476191 0.000226190476190476 0.000226190476190476; % Z D=0.95
0.000678571428571428 0.000904761904761905 0.000904761904761905 0.995476190476191 0.000904761904761905 0.000226190476190476 0.000226190476190476 0.000226190476190476 0.000226190476190476 0.000226190476190476; % b D=0.95
0.000678571428571428 0.000904761904761905 0.000904761904761905 0.000226190476190476 0.000904761904761905 0.000226190476190476 0.000226190476190476 0.000226190476190476 0.000226190476190476 0.995476190476191; % l D=0.95
0.000678571428571428 0.000904761904761905 0.000904761904761905 0.000226190476190476 0.000904761904761905 0.000226190476190476 0.995476190476191 0.000226190476190476 0.000226190476190476 0.000226190476190476; % n D=0.95
0.257964285714286 0.308869047619048 0.183869047619048 0.000904761904761905 0.243869047619048 0.000904761904761905 0.000904761904761905 0.000904761904761905 0.000904761904761905 0.000904761904761905; % r D=0.95
0.262964285714286 0.238869047619048 0.263869047619048 0.000904761904761905 0.228869047619048 0.000904761904761905 0.000904761904761905 0.000904761904761905 0.000904761904761905 0.000904761904761905]; % t D=0.95
