syllables = '$FGKTVdfln';
discounts = [0.1 0.2 0.3 0.4 0.5 0.6 0.7 0.8 0.9 0.95];
kn_probs = [0.000315789473684211 0.000105263157894737 0.000105263157894737 0.000105263157894737 0.339754385964912 0.000105263157894737 0.000105263157894737 0.306315789473684 0.000105263157894737 0.352982456140351; % $ D=0.1
0.264736842105263 7.89473684210526e-05 7.89473684210526e-05 7.89473684210526e-05 0.379815789473684 7.89473684210526e-05 7.89473684210526e-05 0.000236842105263158 7.89473684210526e-05 0.354736842105263; % F D=0.1
7.89473684210526e-05 2.63157894736842e-05 2.63157894736842e-05 2.63157894736842e-05 0.000105263157894737 2.63157894736842e-05 2.63157894736842e-05 7.89473684210526e-05 0.999526315789474 7.89473684210526e-05; % G D=0.1
7.89473684210526e-05 2.63157894736842e-05 2.63157894736842e-05 2.63157894736842e-05 0.000105263157894737 0.999526315789474 2.63157894736842e-05 7.89473684210526e-05 2.63157894736842e-05 7.89473684210526e-05; % K D=0.1
7.89473684210526e-05 2.63157894736842e-05 2.63157894736842e-05 2.63157894736842e-05 0.000105263157894737 2.63157894736842e-05 0.999526315789474 7.89473684210526e-05 2.63157894736842e-05 7.89473684210526e-05; % T D=0.1
0.279736842105263 7.89473684210526e-05 7.89473684210526e-05 7.89473684210526e-05 0.349815789473684 7.89473684210526e-05 7.89473684210526e-05 0.369736842105263 7.89473684210526e-05 0.000236842105263158; % V D=0.1
7.89473684210526e-05 2.63157894736842e-05 0.999526315789474 2.63157894736842e-05 0.000105263157894737 2.63157894736842e-05 2.63157894736842e-05 7.89473684210526e-05 2.63157894736842e-05 7.89473684210526e-05; % d D=0.1
7.89473684210526e-05 0.999526315789474 2.63157894736842e-05 2.63157894736842e-05 0.000105263157894737 2.63157894736842e-05 2.63157894736842e-05 7.89473684210526e-05 2.63157894736842e-05 7.89473684210526e-05; % f D=0.1
0.204815789473684 0.000105263157894737 0.000105263157894737 0.000105263157894737 0.0149210526315789 0.000105263157894737 0.000105263157894737 0.399815789473684 0.000105263157894737 0.379815789473684; % l D=0.1
7.89473684210526e-05 2.63157894736842e-05 2.63157894736842e-05 0.999526315789474 0.000105263157894737 2.63157894736842e-05 2.63157894736842e-05 7.89473684210526e-05 2.63157894736842e-05 7.89473684210526e-05; % n D=0.1
0.000631578947368421 0.000210526315789474 0.000210526315789474 0.000210526315789474 0.339508771929825 0.000210526315789474 0.000210526315789474 0.305964912280702 0.000210526315789474 0.352631578947368; % $ D=0.2
0.264473684210526 0.000157894736842105 0.000157894736842105 0.000157894736842105 0.379631578947368 0.000157894736842105 0.000157894736842105 0.000473684210526316 0.000157894736842105 0.354473684210526; % F D=0.2
0.000157894736842105 5.26315789473684e-05 5.26315789473684e-05 5.26315789473684e-05 0.000210526315789474 5.26315789473684e-05 5.26315789473684e-05 0.000157894736842105 0.999052631578948 0.000157894736842105; % G D=0.2
0.000157894736842105 5.26315789473684e-05 5.26315789473684e-05 5.26315789473684e-05 0.000210526315789474 0.999052631578948 5.26315789473684e-05 0.000157894736842105 5.26315789473684e-05 0.000157894736842105; % K D=0.2
0.000157894736842105 5.26315789473684e-05 5.26315789473684e-05 5.26315789473684e-05 0.000210526315789474 5.26315789473684e-05 0.999052631578948 0.000157894736842105 5.26315789473684e-05 0.000157894736842105; % T D=0.2
0.279473684210526 0.000157894736842105 0.000157894736842105 0.000157894736842105 0.349631578947368 0.000157894736842105 0.000157894736842105 0.369473684210526 0.000157894736842105 0.000473684210526316; % V D=0.2
0.000157894736842105 5.26315789473684e-05 0.999052631578948 5.26315789473684e-05 0.000210526315789474 5.26315789473684e-05 5.26315789473684e-05 0.000157894736842105 5.26315789473684e-05 0.000157894736842105; % d D=0.2
0.000157894736842105 0.999052631578948 5.26315789473684e-05 5.26315789473684e-05 0.000210526315789474 5.26315789473684e-05 5.26315789473684e-05 0.000157894736842105 5.26315789473684e-05 0.000157894736842105; % f D=0.2
0.204631578947368 0.000210526315789474 0.000210526315789474 0.000210526315789474 0.0148421052631579 0.000210526315789474 0.000210526315789474 0.399631578947368 0.000210526315789474 0.379631578947368; % l D=0.2
0.000157894736842105 5.26315789473684e-05 5.26315789473684e-05 0.999052631578948 0.000210526315789474 5.26315789473684e-05 5.26315789473684e-05 0.000157894736842105 5.26315789473684e-05 0.000157894736842105; % n D=0.2
0.000947368421052632 0.00031578947368421 0.00031578947368421 0.00031578947368421 0.339263157894737 0.00031578947368421 0.00031578947368421 0.305614035087719 0.00031578947368421 0.352280701754386; % $ D=0.3
0.26421052631579 0.000236842105263158 0.000236842105263158 0.000236842105263158 0.379447368421053 0.000236842105263158 0.000236842105263158 0.000710526315789474 0.000236842105263158 0.35421052631579; % F D=0.3
0.000236842105263158 7.89473684210526e-05 7.89473684210526e-05 7.89473684210526e-05 0.000315789473684211 7.89473684210526e-05 7.89473684210526e-05 0.000236842105263158 0.998578947368421 0.000236842105263158; % G D=0.3
0.000236842105263158 7.89473684210526e-05 7.89473684210526e-05 7.89473684210526e-05 0.000315789473684211 0.998578947368421 7.89473684210526e-05 0.000236842105263158 7.89473684210526e-05 0.000236842105263158; % K D=0.3
0.000236842105263158 7.89473684210526e-05 7.89473684210526e-05 7.89473684210526e-05 0.000315789473684211 7.89473684210526e-05 0.998578947368421 0.000236842105263158 7.89473684210526e-05 0.000236842105263158; % T D=0.3
0.27921052631579 0.000236842105263158 0.000236842105263158 0.000236842105263158 0.349447368421053 0.000236842105263158 0.000236842105263158 0.369210526315789 0.000236842105263158 0.000710526315789474; % V D=0.3
0.000236842105263158 7.89473684210526e-05 0.998578947368421 7.89473684210526e-05 0.000315789473684211 7.89473684210526e-05 7.89473684210526e-05 0.000236842105263158 7.89473684210526e-05 0.000236842105263158; % d D=0.3
0.000236842105263158 0.998578947368421 7.89473684210526e-05 7.89473684210526e-05 0.000315789473684211 7.89473684210526e-05 7.89473684210526e-05 0.000236842105263158 7.89473684210526e-05 0.000236842105263158; % f D=0.3
0.204447368421053 0.000315789473684211 0.000315789473684211 0.000315789473684211 0.0147631578947368 0.000315789473684211 0.000315789473684211 0.399447368421053 0.000315789473684211 0.379447368421053; % l D=0.3
0.000236842105263158 7.89473684210526e-05 7.89473684210526e-05 0.998578947368421 0.000315789473684211 7.89473684210526e-05 7.89473684210526e-05 0.000236842105263158 7.89473684210526e-05 0.000236842105263158; % n D=0.3
0.00126315789473684 0.000421052631578947 0.000421052631578947 0.000421052631578947 0.339017543859649 0.000421052631578947 0.000421052631578947 0.305263157894737 0.000421052631578947 0.351929824561404; % $ D=0.4
0.263947368421053 0.000315789473684211 0.000315789473684211 0.000315789473684211 0.379263157894737 0.000315789473684211 0.000315789473684211 0.000947368421052632 0.000315789473684211 0.353947368421053; % F D=0.4
0.000315789473684211 0.000105263157894737 0.000105263157894737 0.000105263157894737 0.000421052631578947 0.000105263157894737 0.000105263157894737 0.000315789473684211 0.998105263157895 0.000315789473684211; % G D=0.4
0.000315789473684211 0.000105263157894737 0.000105263157894737 0.000105263157894737 0.000421052631578947 0.998105263157895 0.000105263157894737 0.000315789473684211 0.000105263157894737 0.000315789473684211; % K D=0.4
0.000315789473684211 0.000105263157894737 0.000105263157894737 0.000105263157894737 0.000421052631578947 0.000105263157894737 0.998105263157895 0.000315789473684211 0.000105263157894737 0.000315789473684211; % T D=0.4
0.278947368421053 0.000315789473684211 0.000315789473684211 0.000315789473684211 0.349263157894737 0.000315789473684211 0.000315789473684211 0.368947368421053 0.000315789473684211 0.000947368421052632; % V D=0.4
0.000315789473684211 0.000105263157894737 0.998105263157895 0.000105263157894737 0.000421052631578947 0.000105263157894737 0.000105263157894737 0.000315789473684211 0.000105263157894737 0.000315789473684211; % d D=0.4
0.000315789473684211 0.998105263157895 0.000105263157894737 0.000105263157894737 0.000421052631578947 0.000105263157894737 0.000105263157894737 0.000315789473684211 0.000105263157894737 0.000315789473684211; % f D=0.4
0.204263157894737 0.000421052631578947 0.000421052631578947 0.000421052631578947 0.0146842105263158 0.000421052631578947 0.000421052631578947 0.399263157894737 0.000421052631578947 0.379263157894737; % l D=0.4
0.000315789473684211 0.000105263157894737 0.000105263157894737 0.998105263157895 0.000421052631578947 0.000105263157894737 0.000105263157894737 0.000315789473684211 0.000105263157894737 0.000315789473684211; % n D=0.4
0.00157894736842105 0.000526315789473684 0.000526315789473684 0.000526315789473684 0.338771929824561 0.000526315789473684 0.000526315789473684 0.304912280701754 0.000526315789473684 0.351578947368421; % $ D=0.5
0.263684210526316 0.000394736842105263 0.000394736842105263 0.000394736842105263 0.379078947368421 0.000394736842105263 0.000394736842105263 0.00118421052631579 0.000394736842105263 0.353684210526316; % F D=0.5
0.000394736842105263 0.000131578947368421 0.000131578947368421 0.000131578947368421 0.000526315789473684 0.000131578947368421 0.000131578947368421 0.000394736842105263 0.997631578947368 0.000394736842105263; % G D=0.5
0.000394736842105263 0.000131578947368421 0.000131578947368421 0.000131578947368421 0.000526315789473684 0.997631578947368 0.000131578947368421 0.000394736842105263 0.000131578947368421 0.000394736842105263; % K D=0.5
0.000394736842105263 0.000131578947368421 0.000131578947368421 0.000131578947368421 0.000526315789473684 0.000131578947368421 0.997631578947368 0.000394736842105263 0.000131578947368421 0.000394736842105263; % T D=0.5
0.278684210526316 0.000394736842105263 0.000394736842105263 0.000394736842105263 0.349078947368421 0.000394736842105263 0.000394736842105263 0.368684210526316 0.000394736842105263 0.00118421052631579; % V D=0.5
0.000394736842105263 0.000131578947368421 0.997631578947368 0.000131578947368421 0.000526315789473684 0.000131578947368421 0.000131578947368421 0.000394736842105263 0.000131578947368421 0.000394736842105263; % d D=0.5
0.000394736842105263 0.997631578947368 0.000131578947368421 0.000131578947368421 0.000526315789473684 0.000131578947368421 0.000131578947368421 0.000394736842105263 0.000131578947368421 0.000394736842105263; % f D=0.5
0.204078947368421 0.000526315789473684 0.000526315789473684 0.000526315789473684 0.0146052631578947 0.000526315789473684 0.000526315789473684 0.399078947368421 0.000526315789473684 0.379078947368421; % l D=0.5
0.000394736842105263 0.000131578947368421 0.000131578947368421 0.997631578947368 0.000526315789473684 0.000131578947368421 0.000131578947368421 0.000394736842105263 0.000131578947368421 0.000394736842105263; % n D=0.5
0.00189473684210526 0.000631578947368421 0.000631578947368421 0.000631578947368421 0.338526315789474 0.000631578947368421 0.000631578947368421 0.304561403508772 0.000631578947368421 0.351228070175439; % $ D=0.6
0.263421052631579 0.000473684210526316 0.000473684210526316 0.000473684210526316 0.378894736842105 0.000473684210526316 0.000473684210526316 0.00142105263157895 0.000473684210526316 0.353421052631579; % F D=0.6
0.000473684210526316 0.000157894736842105 0.000157894736842105 0.000157894736842105 0.000631578947368421 0.000157894736842105 0.000157894736842105 0.000473684210526316 0.997157894736842 0.000473684210526316; % G D=0.6
0.000473684210526316 0.000157894736842105 0.000157894736842105 0.000157894736842105 0.000631578947368421 0.997157894736842 0.000157894736842105 0.000473684210526316 0.000157894736842105 0.000473684210526316; % K D=0.6
0.000473684210526316 0.000157894736842105 0.000157894736842105 0.000157894736842105 0.000631578947368421 0.000157894736842105 0.997157894736842 0.000473684210526316 0.000157894736842105 0.000473684210526316; % T D=0.6
0.278421052631579 0.000473684210526316 0.000473684210526316 0.000473684210526316 0.348894736842105 0.000473684210526316 0.000473684210526316 0.368421052631579 0.000473684210526316 0.00142105263157895; % V D=0.6
0.000473684210526316 0.000157894736842105 0.997157894736842 0.000157894736842105 0.000631578947368421 0.000157894736842105 0.000157894736842105 0.000473684210526316 0.000157894736842105 0.000473684210526316; % d D=0.6
0.000473684210526316 0.997157894736842 0.000157894736842105 0.000157894736842105 0.000631578947368421 0.000157894736842105 0.000157894736842105 0.000473684210526316 0.000157894736842105 0.000473684210526316; % f D=0.6
0.203894736842105 0.000631578947368421 0.000631578947368421 0.000631578947368421 0.0145263157894737 0.000631578947368421 0.000631578947368421 0.398894736842105 0.000631578947368421 0.378894736842105; % l D=0.6
0.000473684210526316 0.000157894736842105 0.000157894736842105 0.997157894736842 0.000631578947368421 0.000157894736842105 0.000157894736842105 0.000473684210526316 0.000157894736842105 0.000473684210526316; % n D=0.6
0.00221052631578947 0.000736842105263158 0.000736842105263158 0.000736842105263158 0.338280701754386 0.000736842105263158 0.000736842105263158 0.304210526315789 0.000736842105263158 0.350877192982456; % $ D=0.7
0.263157894736842 0.000552631578947368 0.000552631578947368 0.000552631578947368 0.378710526315789 0.000552631578947368 0.000552631578947368 0.0016578947368421 0.000552631578947368 0.353157894736842; % F D=0.7
0.000552631578947368 0.000184210526315789 0.000184210526315789 0.000184210526315789 0.000736842105263158 0.000184210526315789 0.000184210526315789 0.000552631578947368 0.996684210526316 0.000552631578947368; % G D=0.7
0.000552631578947368 0.000184210526315789 0.000184210526315789 0.000184210526315789 0.000736842105263158 0.996684210526316 0.000184210526315789 0.000552631578947368 0.000184210526315789 0.000552631578947368; % K D=0.7
0.000552631578947368 0.000184210526315789 0.000184210526315789 0.000184210526315789 0.000736842105263158 0.000184210526315789 0.996684210526316 0.000552631578947368 0.000184210526315789 0.000552631578947368; % T D=0.7
0.278157894736842 0.000552631578947368 0.000552631578947368 0.000552631578947368 0.348710526315789 0.000552631578947368 0.000552631578947368 0.368157894736842 0.000552631578947368 0.0016578947368421; % V D=0.7
0.000552631578947368 0.000184210526315789 0.996684210526316 0.000184210526315789 0.000736842105263158 0.000184210526315789 0.000184210526315789 0.000552631578947368 0.000184210526315789 0.000552631578947368; % d D=0.7
0.000552631578947368 0.996684210526316 0.000184210526315789 0.000184210526315789 0.000736842105263158 0.000184210526315789 0.000184210526315789 0.000552631578947368 0.000184210526315789 0.000552631578947368; % f D=0.7
0.203710526315789 0.000736842105263158 0.000736842105263158 0.000736842105263158 0.0144473684210526 0.000736842105263158 0.000736842105263158 0.398710526315789 0.000736842105263158 0.378710526315789; % l D=0.7
0.000552631578947368 0.000184210526315789 0.000184210526315789 0.996684210526316 0.000736842105263158 0.000184210526315789 0.000184210526315789 0.000552631578947368 0.000184210526315789 0.000552631578947368; % n D=0.7
0.00252631578947368 0.000842105263157895 0.000842105263157895 0.000842105263157895 0.338035087719298 0.000842105263157895 0.000842105263157895 0.303859649122807 0.000842105263157895 0.350526315789474; % $ D=0.8
0.262894736842105 0.000631578947368421 0.000631578947368421 0.000631578947368421 0.378526315789474 0.000631578947368421 0.000631578947368421 0.00189473684210526 0.000631578947368421 0.352894736842105; % F D=0.8
0.000631578947368421 0.000210526315789474 0.000210526315789474 0.000210526315789474 0.000842105263157895 0.000210526315789474 0.000210526315789474 0.000631578947368421 0.996210526315789 0.000631578947368421; % G D=0.8
0.000631578947368421 0.000210526315789474 0.000210526315789474 0.000210526315789474 0.000842105263157895 0.996210526315789 0.000210526315789474 0.000631578947368421 0.000210526315789474 0.000631578947368421; % K D=0.8
0.000631578947368421 0.000210526315789474 0.000210526315789474 0.000210526315789474 0.000842105263157895 0.000210526315789474 0.996210526315789 0.000631578947368421 0.000210526315789474 0.000631578947368421; % T D=0.8
0.277894736842105 0.000631578947368421 0.000631578947368421 0.000631578947368421 0.348526315789474 0.000631578947368421 0.000631578947368421 0.367894736842105 0.000631578947368421 0.00189473684210526; % V D=0.8
0.000631578947368421 0.000210526315789474 0.996210526315789 0.000210526315789474 0.000842105263157895 0.000210526315789474 0.000210526315789474 0.000631578947368421 0.000210526315789474 0.000631578947368421; % d D=0.8
0.000631578947368421 0.996210526315789 0.000210526315789474 0.000210526315789474 0.000842105263157895 0.000210526315789474 0.000210526315789474 0.000631578947368421 0.000210526315789474 0.000631578947368421; % f D=0.8
0.203526315789474 0.000842105263157895 0.000842105263157895 0.000842105263157895 0.0143684210526316 0.000842105263157895 0.000842105263157895 0.398526315789474 0.000842105263157895 0.378526315789474; % l D=0.8
0.000631578947368421 0.000210526315789474 0.000210526315789474 0.996210526315789 0.000842105263157895 0.000210526315789474 0.000210526315789474 0.000631578947368421 0.000210526315789474 0.000631578947368421; % n D=0.8
0.0028421052631579 0.000947368421052632 0.000947368421052632 0.000947368421052632 0.337789473684211 0.000947368421052632 0.000947368421052632 0.303508771929825 0.000947368421052632 0.350175438596491; % $ D=0.9
0.262631578947368 0.000710526315789474 0.000710526315789474 0.000710526315789474 0.378342105263158 0.000710526315789474 0.000710526315789474 0.00213157894736842 0.000710526315789474 0.352631578947368; % F D=0.9
0.000710526315789474 0.000236842105263158 0.000236842105263158 0.000236842105263158 0.000947368421052632 0.000236842105263158 0.000236842105263158 0.000710526315789474 0.995736842105263 0.000710526315789474; % G D=0.9
0.000710526315789474 0.000236842105263158 0.000236842105263158 0.000236842105263158 0.000947368421052632 0.995736842105263 0.000236842105263158 0.000710526315789474 0.000236842105263158 0.000710526315789474; % K D=0.9
0.000710526315789474 0.000236842105263158 0.000236842105263158 0.000236842105263158 0.000947368421052632 0.000236842105263158 0.995736842105263 0.000710526315789474 0.000236842105263158 0.000710526315789474; % T D=0.9
0.277631578947368 0.000710526315789474 0.000710526315789474 0.000710526315789474 0.348342105263158 0.000710526315789474 0.000710526315789474 0.367631578947368 0.000710526315789474 0.00213157894736842; % V D=0.9
0.000710526315789474 0.000236842105263158 0.995736842105263 0.000236842105263158 0.000947368421052632 0.000236842105263158 0.000236842105263158 0.000710526315789474 0.000236842105263158 0.000710526315789474; % d D=0.9
0.000710526315789474 0.995736842105263 0.000236842105263158 0.000236842105263158 0.000947368421052632 0.000236842105263158 0.000236842105263158 0.000710526315789474 0.000236842105263158 0.000710526315789474; % f D=0.9
0.203342105263158 0.000947368421052632 0.000947368421052632 0.000947368421052632 0.0142894736842105 0.000947368421052632 0.000947368421052632 0.398342105263158 0.000947368421052632 0.378342105263158; % l D=0.9
0.000710526315789474 0.000236842105263158 0.000236842105263158 0.995736842105263 0.000947368421052632 0.000236842105263158 0.000236842105263158 0.000710526315789474 0.000236842105263158 0.000710526315789474; % n D=0.9
0.003 0.001 0.001 0.001 0.337666666666667 0.001 0.001 0.303333333333333 0.001 0.35; % $ D=0.95
0.2625 0.00075 0.00075 0.00075 0.37825 0.00075 0.00075 0.00225 0.00075 0.3525; % F D=0.95
0.00075 0.00025 0.00025 0.00025 0.001 0.00025 0.00025 0.00075 0.9955 0.00075; % G D=0.95
0.00075 0.00025 0.00025 0.00025 0.001 0.9955 0.00025 0.00075 0.00025 0.00075; % K D=0.95
0.00075 0.00025 0.00025 0.00025 0.001 0.00025 0.9955 0.00075 0.00025 0.00075; % T D=0.95
0.2775 0.00075 0.00075 0.00075 0.34825 0.00075 0.00075 0.3675 0.00075 0.00225; % V D=0.95
0.00075 0.00025 0.9955 0.00025 0.001 0.00025 0.00025 0.00075 0.00025 0.00075; % d D=0.95
0.00075 0.9955 0.00025 0.00025 0.001 0.00025 0.00025 0.00075 0.00025 0.00075; % f D=0.95
0.20325 0.001 0.001 0.001 0.01425 0.001 0.001 0.39825 0.001 0.37825; % l D=0.95
0.00075 0.00025 0.00025 0.9955 0.001 0.00025 0.00025 0.00075 0.00025 0.00075]; % n D=0.95
