syllables = '$BFMflnpvz';
discounts = [0.1 0.2 0.3 0.4 0.5 0.6 0.7 0.8 0.9 0.95];
kn_probs = [0.000315789473684211 0.286315789473684 0.000105263157894737 0.000105263157894737 0.399649122807018 0.000105263157894737 0.000105263157894737 0.000105263157894737 0.313087719298246 0.000105263157894737; % $ D=0.1
7.89473684210526e-05 7.89473684210526e-05 2.63157894736842e-05 2.63157894736842e-05 7.89473684210526e-05 2.63157894736842e-05 0.999526315789474 2.63157894736842e-05 0.000105263157894737 2.63157894736842e-05; % B D=0.1
0.214736842105263 0.384736842105263 7.89473684210526e-05 7.89473684210526e-05 0.000236842105263158 7.89473684210526e-05 7.89473684210526e-05 7.89473684210526e-05 0.399815789473684 7.89473684210526e-05; % F D=0.1
0.294736842105263 0.000236842105263158 7.89473684210526e-05 7.89473684210526e-05 0.354736842105263 7.89473684210526e-05 7.89473684210526e-05 7.89473684210526e-05 0.349815789473684 7.89473684210526e-05; % M D=0.1
7.89473684210526e-05 7.89473684210526e-05 2.63157894736842e-05 2.63157894736842e-05 7.89473684210526e-05 2.63157894736842e-05 2.63157894736842e-05 2.63157894736842e-05 0.000105263157894737 0.999526315789474; % f D=0.1
7.89473684210526e-05 7.89473684210526e-05 0.999526315789474 2.63157894736842e-05 7.89473684210526e-05 2.63157894736842e-05 2.63157894736842e-05 2.63157894736842e-05 0.000105263157894737 2.63157894736842e-05; % l D=0.1
7.89473684210526e-05 7.89473684210526e-05 2.63157894736842e-05 0.999526315789474 7.89473684210526e-05 2.63157894736842e-05 2.63157894736842e-05 2.63157894736842e-05 0.000105263157894737 2.63157894736842e-05; % n D=0.1
0.239815789473684 0.399815789473684 0.000105263157894737 0.000105263157894737 0.344815789473684 0.000105263157894737 0.000105263157894737 0.000105263157894737 0.0149210526315789 0.000105263157894737; % p D=0.1
7.89473684210526e-05 7.89473684210526e-05 2.63157894736842e-05 2.63157894736842e-05 7.89473684210526e-05 2.63157894736842e-05 2.63157894736842e-05 0.999526315789474 0.000105263157894737 2.63157894736842e-05; % v D=0.1
7.89473684210526e-05 7.89473684210526e-05 2.63157894736842e-05 2.63157894736842e-05 7.89473684210526e-05 0.999526315789474 2.63157894736842e-05 2.63157894736842e-05 0.000105263157894737 2.63157894736842e-05; % z D=0.1
0.000631578947368421 0.285964912280702 0.000210526315789474 0.000210526315789474 0.399298245614035 0.000210526315789474 0.000210526315789474 0.000210526315789474 0.312842105263158 0.000210526315789474; % $ D=0.2
0.000157894736842105 0.000157894736842105 5.26315789473684e-05 5.26315789473684e-05 0.000157894736842105 5.26315789473684e-05 0.999052631578948 5.26315789473684e-05 0.000210526315789474 5.26315789473684e-05; % B D=0.2
0.214473684210526 0.384473684210526 0.000157894736842105 0.000157894736842105 0.000473684210526316 0.000157894736842105 0.000157894736842105 0.000157894736842105 0.399631578947368 0.000157894736842105; % F D=0.2
0.294473684210526 0.000473684210526316 0.000157894736842105 0.000157894736842105 0.354473684210526 0.000157894736842105 0.000157894736842105 0.000157894736842105 0.349631578947368 0.000157894736842105; % M D=0.2
0.000157894736842105 0.000157894736842105 5.26315789473684e-05 5.26315789473684e-05 0.000157894736842105 5.26315789473684e-05 5.26315789473684e-05 5.26315789473684e-05 0.000210526315789474 0.999052631578948; % f D=0.2
0.000157894736842105 0.000157894736842105 0.999052631578948 5.26315789473684e-05 0.000157894736842105 5.26315789473684e-05 5.26315789473684e-05 5.26315789473684e-05 0.000210526315789474 5.26315789473684e-05; % l D=0.2
0.000157894736842105 0.000157894736842105 5.26315789473684e-05 0.999052631578948 0.000157894736842105 5.26315789473684e-05 5.26315789473684e-05 5.26315789473684e-05 0.000210526315789474 5.26315789473684e-05; % n D=0.2
0.239631578947368 0.399631578947368 0.000210526315789474 0.000210526315789474 0.344631578947368 0.000210526315789474 0.000210526315789474 0.000210526315789474 0.0148421052631579 0.000210526315789474; % p D=0.2
0.000157894736842105 0.000157894736842105 5.26315789473684e-05 5.26315789473684e-05 0.000157894736842105 5.26315789473684e-05 5.26315789473684e-05 0.999052631578948 0.000210526315789474 5.26315789473684e-05; % v D=0.2
0.000157894736842105 0.000157894736842105 5.26315789473684e-05 5.26315789473684e-05 0.000157894736842105 0.999052631578948 5.26315789473684e-05 5.26315789473684e-05 0.000210526315789474 5.26315789473684e-05; % z D=0.2
0.000947368421052632 0.285614035087719 0.00031578947368421 0.00031578947368421 0.398947368421053 0.00031578947368421 0.00031578947368421 0.00031578947368421 0.31259649122807 0.00031578947368421; % $ D=0.3
0.000236842105263158 0.000236842105263158 7.89473684210526e-05 7.89473684210526e-05 0.000236842105263158 7.89473684210526e-05 0.998578947368421 7.89473684210526e-05 0.000315789473684211 7.89473684210526e-05; % B D=0.3
0.214210526315789 0.38421052631579 0.000236842105263158 0.000236842105263158 0.000710526315789474 0.000236842105263158 0.000236842105263158 0.000236842105263158 0.399447368421053 0.000236842105263158; % F D=0.3
0.29421052631579 0.000710526315789474 0.000236842105263158 0.000236842105263158 0.35421052631579 0.000236842105263158 0.000236842105263158 0.000236842105263158 0.349447368421053 0.000236842105263158; % M D=0.3
0.000236842105263158 0.000236842105263158 7.89473684210526e-05 7.89473684210526e-05 0.000236842105263158 7.89473684210526e-05 7.89473684210526e-05 7.89473684210526e-05 0.000315789473684211 0.998578947368421; % f D=0.3
0.000236842105263158 0.000236842105263158 0.998578947368421 7.89473684210526e-05 0.000236842105263158 7.89473684210526e-05 7.89473684210526e-05 7.89473684210526e-05 0.000315789473684211 7.89473684210526e-05; % l D=0.3
0.000236842105263158 0.000236842105263158 7.89473684210526e-05 0.998578947368421 0.000236842105263158 7.89473684210526e-05 7.89473684210526e-05 7.89473684210526e-05 0.000315789473684211 7.89473684210526e-05; % n D=0.3
0.239447368421053 0.399447368421053 0.000315789473684211 0.000315789473684211 0.344447368421053 0.000315789473684211 0.000315789473684211 0.000315789473684211 0.0147631578947368 0.000315789473684211; % p D=0.3
0.000236842105263158 0.000236842105263158 7.89473684210526e-05 7.89473684210526e-05 0.000236842105263158 7.89473684210526e-05 7.89473684210526e-05 0.998578947368421 0.000315789473684211 7.89473684210526e-05; % v D=0.3
0.000236842105263158 0.000236842105263158 7.89473684210526e-05 7.89473684210526e-05 0.000236842105263158 0.998578947368421 7.89473684210526e-05 7.89473684210526e-05 0.000315789473684211 7.89473684210526e-05; % z D=0.3
0.00126315789473684 0.285263157894737 0.000421052631578947 0.000421052631578947 0.39859649122807 0.000421052631578947 0.000421052631578947 0.000421052631578947 0.312350877192982 0.000421052631578947; % $ D=0.4
0.000315789473684211 0.000315789473684211 0.000105263157894737 0.000105263157894737 0.000315789473684211 0.000105263157894737 0.998105263157895 0.000105263157894737 0.000421052631578947 0.000105263157894737; % B D=0.4
0.213947368421053 0.383947368421053 0.000315789473684211 0.000315789473684211 0.000947368421052632 0.000315789473684211 0.000315789473684211 0.000315789473684211 0.399263157894737 0.000315789473684211; % F D=0.4
0.293947368421053 0.000947368421052632 0.000315789473684211 0.000315789473684211 0.353947368421053 0.000315789473684211 0.000315789473684211 0.000315789473684211 0.349263157894737 0.000315789473684211; % M D=0.4
0.000315789473684211 0.000315789473684211 0.000105263157894737 0.000105263157894737 0.000315789473684211 0.000105263157894737 0.000105263157894737 0.000105263157894737 0.000421052631578947 0.998105263157895; % f D=0.4
0.000315789473684211 0.000315789473684211 0.998105263157895 0.000105263157894737 0.000315789473684211 0.000105263157894737 0.000105263157894737 0.000105263157894737 0.000421052631578947 0.000105263157894737; % l D=0.4
