syllables = '$LNdgknptv';
discounts = [0.1 0.2 0.3 0.4 0.5 0.6 0.7 0.8 0.9 0.95];
kn_probs = [0.000333333333333333 0.000111111111111111 0.000111111111111111 0.293 0.000111111111111111 0.000111111111111111 0.000111111111111111 0.373 0.333 0.000111111111111111; % $ D=0.1
8.33333333333333e-05 2.77777777777778e-05 2.77777777777778e-05 8.33333333333333e-05 0.999527777777778 2.77777777777778e-05 2.77777777777778e-05 8.33333333333333e-05 8.33333333333333e-05 2.77777777777778e-05; % L D=0.1
8.33333333333333e-05 0.999527777777778 2.77777777777778e-05 8.33333333333333e-05 2.77777777777778e-05 2.77777777777778e-05 2.77777777777778e-05 8.33333333333333e-05 8.33333333333333e-05 2.77777777777778e-05; % N D=0.1
8.33333333333333e-05 2.77777777777778e-05 2.77777777777778e-05 8.33333333333333e-05 2.77777777777778e-05 2.77777777777778e-05 0.999527777777778 8.33333333333333e-05 8.33333333333333e-05 2.77777777777778e-05; % d D=0.1
0.24475 8.33333333333333e-05 8.33333333333333e-05 0.39475 8.33333333333333e-05 8.33333333333333e-05 8.33333333333333e-05 0.00025 0.35975 8.33333333333333e-05; % g D=0.1
0.25475 8.33333333333333e-05 8.33333333333333e-05 0.38475 8.33333333333333e-05 8.33333333333333e-05 8.33333333333333e-05 0.35975 0.00025 8.33333333333333e-05; % k D=0.1
8.33333333333333e-05 2.77777777777778e-05 2.77777777777778e-05 8.33333333333333e-05 2.77777777777778e-05 2.77777777777778e-05 2.77777777777778e-05 8.33333333333333e-05 8.33333333333333e-05 0.999527777777778; % n D=0.1
8.33333333333333e-05 2.77777777777778e-05 0.999527777777778 8.33333333333333e-05 2.77777777777778e-05 2.77777777777778e-05 2.77777777777778e-05 8.33333333333333e-05 8.33333333333333e-05 2.77777777777778e-05; % p D=0.1
8.33333333333333e-05 2.77777777777778e-05 2.77777777777778e-05 8.33333333333333e-05 2.77777777777778e-05 0.999527777777778 2.77777777777778e-05 8.33333333333333e-05 8.33333333333333e-05 2.77777777777778e-05; % t D=0.1
0.24975 8.33333333333333e-05 8.33333333333333e-05 0.00025 8.33333333333333e-05 8.33333333333333e-05 8.33333333333333e-05 0.35975 0.38975 8.33333333333333e-05; % v D=0.1
0.000666666666666667 0.000222222222222222 0.000222222222222222 0.292666666666667 0.000222222222222222 0.000222222222222222 0.000222222222222222 0.372666666666667 0.332666666666667 0.000222222222222222; % $ D=0.2
0.000166666666666667 5.55555555555556e-05 5.55555555555556e-05 0.000166666666666667 0.999055555555556 5.55555555555556e-05 5.55555555555556e-05 0.000166666666666667 0.000166666666666667 5.55555555555556e-05; % L D=0.2
0.000166666666666667 0.999055555555556 5.55555555555556e-05 0.000166666666666667 5.55555555555556e-05 5.55555555555556e-05 5.55555555555556e-05 0.000166666666666667 0.000166666666666667 5.55555555555556e-05; % N D=0.2
0.000166666666666667 5.55555555555556e-05 5.55555555555556e-05 0.000166666666666667 5.55555555555556e-05 5.55555555555556e-05 0.999055555555556 0.000166666666666667 0.000166666666666667 5.55555555555556e-05; % d D=0.2
0.2445 0.000166666666666667 0.000166666666666667 0.3945 0.000166666666666667 0.000166666666666667 0.000166666666666667 0.0005 0.3595 0.000166666666666667; % g D=0.2
0.2545 0.000166666666666667 0.000166666666666667 0.3845 0.000166666666666667 0.000166666666666667 0.000166666666666667 0.3595 0.0005 0.000166666666666667; % k D=0.2
0.000166666666666667 5.55555555555556e-05 5.55555555555556e-05 0.000166666666666667 5.55555555555556e-05 5.55555555555556e-05 5.55555555555556e-05 0.000166666666666667 0.000166666666666667 0.999055555555556; % n D=0.2
0.000166666666666667 5.55555555555556e-05 0.999055555555556 0.000166666666666667 5.55555555555556e-05 5.55555555555556e-05 5.55555555555556e-05 0.000166666666666667 0.000166666666666667 5.55555555555556e-05; % p D=0.2
0.000166666666666667 5.55555555555556e-05 5.55555555555556e-05 0.000166666666666667 5.55555555555556e-05 0.999055555555556 5.55555555555556e-05 0.000166666666666667 0.000166666666666667 5.55555555555556e-05; % t D=0.2
0.2495 0.000166666666666667 0.000166666666666667 0.0005 0.000166666666666667 0.000166666666666667 0.000166666666666667 0.3595 0.3895 0.000166666666666667; % v D=0.2
0.001 0.000333333333333333 0.000333333333333333 0.292333333333333 0.000333333333333333 0.000333333333333333 0.000333333333333333 0.372333333333333 0.332333333333333 0.000333333333333333; % $ D=0.3
0.00025 8.33333333333333e-05 8.33333333333333e-05 0.00025 0.998583333333333 8.33333333333333e-05 8.33333333333333e-05 0.00025 0.00025 8.33333333333333e-05; % L D=0.3
0.00025 0.998583333333333 8.33333333333333e-05 0.00025 8.33333333333333e-05 8.33333333333333e-05 8.33333333333333e-05 0.00025 0.00025 8.33333333333333e-05; % N D=0.3
0.00025 8.33333333333333e-05 8.33333333333333e-05 0.00025 8.33333333333333e-05 8.33333333333333e-05 0.998583333333333 0.00025 0.00025 8.33333333333333e-05; % d D=0.3
0.24425 0.00025 0.00025 0.39425 0.00025 0.00025 0.00025 0.00075 0.35925 0.00025; % g D=0.3
0.25425 0.00025 0.00025 0.38425 0.00025 0.00025 0.00025 0.35925 0.00075 0.00025; % k D=0.3
0.00025 8.33333333333333e-05 8.33333333333333e-05 0.00025 8.33333333333333e-05 8.33333333333333e-05 8.33333333333333e-05 0.00025 0.00025 0.998583333333333; % n D=0.3
0.00025 8.33333333333333e-05 0.998583333333333 0.00025 8.33333333333333e-05 8.33333333333333e-05 8.33333333333333e-05 0.00025 0.00025 8.33333333333333e-05; % p D=0.3
0.00025 8.33333333333333e-05 8.33333333333333e-05 0.00025 8.33333333333333e-05 0.998583333333333 8.33333333333333e-05 0.00025 0.00025 8.33333333333333e-05; % t D=0.3
0.24925 0.00025 0.00025 0.00075 0.00025 0.00025 0.00025 0.35925 0.38925 0.00025; % v D=0.3
0.00133333333333333 0.000444444444444445 0.000444444444444445 0.292 0.000444444444444445 0.000444444444444445 0.000444444444444445 0.372 0.332 0.000444444444444445; % $ D=0.4
0.000333333333333333 0.000111111111111111 0.000111111111111111 0.000333333333333333 0.998111111111111 0.000111111111111111 0.000111111111111111 0.000333333333333333 0.000333333333333333 0.000111111111111111; % L D=0.4
0.000333333333333333 0.998111111111111 0.000111111111111111 0.000333333333333333 0.000111111111111111 0.000111111111111111 0.000111111111111111 0.000333333333333333 0.000333333333333333 0.000111111111111111; % N D=0.4
0.000333333333333333 0.000111111111111111 0.000111111111111111 0.000333333333333333 0.000111111111111111 0.000111111111111111 0.998111111111111 0.000333333333333333 0.000333333333333333 0.000111111111111111; % d D=0.4
0.244 0.000333333333333333 0.000333333333333333 0.394 0.000333333333333333 0.000333333333333333 0.000333333333333333 0.001 0.359 0.000333333333333333; % g D=0.4
0.254 0.000333333333333333 0.000333333333333333 0.384 0.000333333333333333 0.000333333333333333 0.000333333333333333 0.359 0.001 0.000333333333333333; % k D=0.4
0.000333333333333333 0.000111111111111111 0.000111111111111111 0.000333333333333333 0.000111111111111111 0.000111111111111111 0.000111111111111111 0.000333333333333333 0.000333333333333333 0.998111111111111; % n D=0.4
0.000333333333333333 0.000111111111111111 0.998111111111111 0.000333333333333333 0.000111111111111111 0.000111111111111111 0.000111111111111111 0.000333333333333333 0.000333333333333333 0.000111111111111111; % p D=0.4
0.000333333333333333 0.000111111111111111 0.000111111111111111 0.000333333333333333 0.000111111111111111 0.998111111111111 0.000111111111111111 0.000333333333333333 0.000333333333333333 0.000111111111111111; % t D=0.4
0.249 0.000333333333333333 0.000333333333333333 0.001 0.000333333333333333 0.000333333333333333 0.000333333333333333 0.359 0.389 0.000333333333333333; % v D=0.4
0.00166666666666667 0.000555555555555556 0.000555555555555556 0.291666666666667 0.000555555555555556 0.000555555555555556 0.000555555555555556 0.371666666666667 0.331666666666667 0.000555555555555556; % $ D=0.5
0.000416666666666667 0.000138888888888889 0.000138888888888889 0.000416666666666667 0.997638888888889 0.000138888888888889 0.000138888888888889 0.000416666666666667 0.000416666666666667 0.000138888888888889; % L D=0.5
0.000416666666666667 0.997638888888889 0.000138888888888889 0.000416666666666667 0.000138888888888889 0.000138888888888889 0.000138888888888889 0.000416666666666667 0.000416666666666667 0.000138888888888889; % N D=0.5
0.000416666666666667 0.000138888888888889 0.000138888888888889 0.000416666666666667 0.000138888888888889 0.000138888888888889 0.997638888888889 0.000416666666666667 0.000416666666666667 0.000138888888888889; % d D=0.5
0.24375 0.000416666666666667 0.000416666666666667 0.39375 0.000416666666666667 0.000416666666666667 0.000416666666666667 0.00125 0.35875 0.000416666666666667; % g D=0.5
0.25375 0.000416666666666667 0.000416666666666667 0.38375 0.000416666666666667 0.000416666666666667 0.000416666666666667 0.35875 0.00125 0.000416666666666667; % k D=0.5
0.000416666666666667 0.000138888888888889 0.000138888888888889 0.000416666666666667 0.000138888888888889 0.000138888888888889 0.000138888888888889 0.000416666666666667 0.000416666666666667 0.997638888888889; % n D=0.5
0.000416666666666667 0.000138888888888889 0.997638888888889 0.000416666666666667 0.000138888888888889 0.000138888888888889 0.000138888888888889 0.000416666666666667 0.000416666666666667 0.000138888888888889; % p D=0.5
0.000416666666666667 0.000138888888888889 0.000138888888888889 0.000416666666666667 0.000138888888888889 0.997638888888889 0.000138888888888889 0.000416666666666667 0.000416666666666667 0.000138888888888889; % t D=0.5
0.24875 0.000416666666666667 0.000416666666666667 0.00125 0.000416666666666667 0.000416666666666667 0.000416666666666667 0.35875 0.38875 0.000416666666666667; % v D=0.5
0.002 0.000666666666666667 0.000666666666666667 0.291333333333333 0.000666666666666667 0.000666666666666667 0.000666666666666667 0.371333333333333 0.331333333333333 0.000666666666666667; % $ D=0.6
0.0005 0.000166666666666667 0.000166666666666667 0.0005 0.997166666666667 0.000166666666666667 0.000166666666666667 0.0005 0.0005 0.000166666666666667; % L D=0.6
0.0005 0.997166666666667 0.000166666666666667 0.0005 0.000166666666666667 0.000166666666666667 0.000166666666666667 0.0005 0.0005 0.000166666666666667; % N D=0.6
0.0005 0.000166666666666667 0.000166666666666667 0.0005 0.000166666666666667 0.000166666666666667 0.997166666666667 0.0005 0.0005 0.000166666666666667; % d D=0.6
0.2435 0.0005 0.0005 0.3935 0.0005 0.0005 0.0005 0.0015 0.3585 0.0005; % g D=0.6
0.2535 0.0005 0.0005 0.3835 0.0005 0.0005 0.0005 0.3585 0.0015 0.0005; % k D=0.6
0.0005 0.000166666666666667 0.000166666666666667 0.0005 0.000166666666666667 0.000166666666666667 0.000166666666666667 0.0005 0.0005 0.997166666666667; % n D=0.6
0.0005 0.000166666666666667 0.997166666666667 0.0005 0.000166666666666667 0.000166666666666667 0.000166666666666667 0.0005 0.0005 0.000166666666666667; % p D=0.6
0.0005 0.000166666666666667 0.000166666666666667 0.0005 0.000166666666666667 0.997166666666667 0.000166666666666667 0.0005 0.0005 0.000166666666666667; % t D=0.6
0.2485 0.0005 0.0005 0.0015 0.0005 0.0005 0.0005 0.3585 0.3885 0.0005; % v D=0.6
0.00233333333333333 0.000777777777777778 0.000777777777777778 0.291 0.000777777777777778 0.000777777777777778 0.000777777777777778 0.371 0.331 0.000777777777777778; % $ D=0.7
0.000583333333333333 0.000194444444444444 0.000194444444444444 0.000583333333333333 0.996694444444445 0.000194444444444444 0.000194444444444444 0.000583333333333333 0.000583333333333333 0.000194444444444444; % L D=0.7
0.000583333333333333 0.996694444444445 0.000194444444444444 0.000583333333333333 0.000194444444444444 0.000194444444444444 0.000194444444444444 0.000583333333333333 0.000583333333333333 0.000194444444444444; % N D=0.7
0.000583333333333333 0.000194444444444444 0.000194444444444444 0.000583333333333333 0.000194444444444444 0.000194444444444444 0.996694444444445 0.000583333333333333 0.000583333333333333 0.000194444444444444; % d D=0.7
0.24325 0.000583333333333333 0.000583333333333333 0.39325 0.000583333333333333 0.000583333333333333 0.000583333333333333 0.00175 0.35825 0.000583333333333333; % g D=0.7
0.25325 0.000583333333333333 0.000583333333333333 0.38325 0.000583333333333333 0.000583333333333333 0.000583333333333333 0.35825 0.00175 0.000583333333333333; % k D=0.7
0.000583333333333333 0.000194444444444444 0.000194444444444444 0.000583333333333333 0.000194444444444444 0.000194444444444444 0.000194444444444444 0.000583333333333333 0.000583333333333333 0.996694444444445; % n D=0.7
0.000583333333333333 0.000194444444444444 0.996694444444445 0.000583333333333333 0.000194444444444444 0.000194444444444444 0.000194444444444444 0.000583333333333333 0.000583333333333333 0.000194444444444444; % p D=0.7
0.000583333333333333 0.000194444444444444 0.000194444444444444 0.000583333333333333 0.000194444444444444 0.996694444444445 0.000194444444444444 0.000583333333333333 0.000583333333333333 0.000194444444444444; % t D=0.7
0.24825 0.000583333333333333 0.000583333333333333 0.00175 0.000583333333333333 0.000583333333333333 0.000583333333333333 0.35825 0.38825 0.000583333333333333; % v D=0.7
0.00266666666666667 0.000888888888888889 0.000888888888888889 0.290666666666667 0.000888888888888889 0.000888888888888889 0.000888888888888889 0.370666666666667 0.330666666666667 0.000888888888888889; % $ D=0.8
0.000666666666666667 0.000222222222222222 0.000222222222222222 0.000666666666666667 0.996222222222222 0.000222222222222222 0.000222222222222222 0.000666666666666667 0.000666666666666667 0.000222222222222222; % L D=0.8
0.000666666666666667 0.996222222222222 0.000222222222222222 0.000666666666666667 0.000222222222222222 0.000222222222222222 0.000222222222222222 0.000666666666666667 0.000666666666666667 0.000222222222222222; % N D=0.8
0.000666666666666667 0.000222222222222222 0.000222222222222222 0.000666666666666667 0.000222222222222222 0.000222222222222222 0.996222222222222 0.000666666666666667 0.000666666666666667 0.000222222222222222; % d D=0.8
0.243 0.000666666666666667 0.000666666666666667 0.393 0.000666666666666667 0.000666666666666667 0.000666666666666667 0.002 0.358 0.000666666666666667; % g D=0.8
0.253 0.000666666666666667 0.000666666666666667 0.383 0.000666666666666667 0.000666666666666667 0.000666666666666667 0.358 0.002 0.000666666666666667; % k D=0.8
0.000666666666666667 0.000222222222222222 0.000222222222222222 0.000666666666666667 0.000222222222222222 0.000222222222222222 0.000222222222222222 0.000666666666666667 0.000666666666666667 0.996222222222222; % n D=0.8
0.000666666666666667 0.000222222222222222 0.996222222222222 0.000666666666666667 0.000222222222222222 0.000222222222222222 0.000222222222222222 0.000666666666666667 0.000666666666666667 0.000222222222222222; % p D=0.8
0.000666666666666667 0.000222222222222222 0.000222222222222222 0.000666666666666667 0.000222222222222222 0.996222222222222 0.000222222222222222 0.000666666666666667 0.000666666666666667 0.000222222222222222; % t D=0.8
0.248 0.000666666666666667 0.000666666666666667 0.002 0.000666666666666667 0.000666666666666667 0.000666666666666667 0.358 0.388 0.000666666666666667; % v D=0.8
0.003 0.001 0.001 0.290333333333333 0.001 0.001 0.001 0.370333333333333 0.330333333333333 0.001; % $ D=0.9
0.00075 0.00025 0.00025 0.00075 0.99575 0.00025 0.00025 0.00075 0.00075 0.00025; % L D=0.9
0.00075 0.99575 0.00025 0.00075 0.00025 0.00025 0.00025 0.00075 0.00075 0.00025; % N D=0.9
0.00075 0.00025 0.00025 0.00075 0.00025 0.00025 0.99575 0.00075 0.00075 0.00025; % d D=0.9
0.24275 0.00075 0.00075 0.39275 0.00075 0.00075 0.00075 0.00225 0.35775 0.00075; % g D=0.9
0.25275 0.00075 0.00075 0.38275 0.00075 0.00075 0.00075 0.35775 0.00225 0.00075; % k D=0.9
0.00075 0.00025 0.00025 0.00075 0.00025 0.00025 0.00025 0.00075 0.00075 0.99575; % n D=0.9
0.00075 0.00025 0.99575 0.00075 0.00025 0.00025 0.00025 0.00075 0.00075 0.00025; % p D=0.9
0.00075 0.00025 0.00025 0.00075 0.00025 0.99575 0.00025 0.00075 0.00075 0.00025; % t D=0.9
0.24775 0.00075 0.00075 0.00225 0.00075 0.00075 0.00075 0.35775 0.38775 0.00075; % v D=0.9
0.00316666666666667 0.00105555555555556 0.00105555555555556 0.290166666666667 0.00105555555555556 0.00105555555555556 0.00105555555555556 0.370166666666667 0.330166666666667 0.00105555555555556; % $ D=0.95
0.000791666666666667 0.000263888888888889 0.000263888888888889 0.000791666666666667 0.995513888888889 0.000263888888888889 0.000263888888888889 0.000791666666666667 0.000791666666666667 0.000263888888888889; % L D=0.95
0.000791666666666667 0.995513888888889 0.000263888888888889 0.000791666666666667 0.000263888888888889 0.000263888888888889 0.000263888888888889 0.000791666666666667 0.000791666666666667 0.000263888888888889; % N D=0.95
0.000791666666666667 0.000263888888888889 0.000263888888888889 0.000791666666666667 0.000263888888888889 0.000263888888888889 0.995513888888889 0.000791666666666667 0.000791666666666667 0.000263888888888889; % d D=0.95
0.242625 0.000791666666666667 0.000791666666666667 0.392625 0.000791666666666667 0.000791666666666667 0.000791666666666667 0.002375 0.357625 0.000791666666666667; % g D=0.95
0.252625 0.000791666666666667 0.000791666666666667 0.382625 0.000791666666666667 0.000791666666666667 0.000791666666666667 0.357625 0.002375 0.000791666666666667; % k D=0.95
0.000791666666666667 0.000263888888888889 0.000263888888888889 0.000791666666666667 0.000263888888888889 0.000263888888888889 0.000263888888888889 0.000791666666666667 0.000791666666666667 0.995513888888889; % n D=0.95
0.000791666666666667 0.000263888888888889 0.995513888888889 0.000791666666666667 0.000263888888888889 0.000263888888888889 0.000263888888888889 0.000791666666666667 0.000791666666666667 0.000263888888888889; % p D=0.95
0.000791666666666667 0.000263888888888889 0.000263888888888889 0.000791666666666667 0.000263888888888889 0.995513888888889 0.000263888888888889 0.000791666666666667 0.000791666666666667 0.000263888888888889; % t D=0.95
0.247625 0.000791666666666667 0.000791666666666667 0.002375 0.000791666666666667 0.000791666666666667 0.000791666666666667 0.357625 0.387625 0.000791666666666667]; % v D=0.95
