syllables = '$BGJNPRbdfgnprt';
discounts = [0.1 0.2 0.3 0.4 0.5 0.6 0.7 0.8 0.9 0.95];
kn_probs = [0.000416666666666667 8.33333333333333e-05 8.33333333333333e-05 0.21975 8.33333333333333e-05 0.2065 0.273083333333333 8.33333333333333e-05 0.126416666666667 0.173083333333333 8.33333333333333e-05 8.33333333333333e-05 8.33333333333333e-05 8.33333333333333e-05 8.33333333333333e-05; % $ D=0.1
0.258020833333333 0.000104166666666667 0.000104166666666667 0.000520833333333333 0.000104166666666667 0.191458333333333 0.133020833333333 0.000104166666666667 0.2496875 0.166354166666667 0.000104166666666667 0.000104166666666667 0.000104166666666667 0.000104166666666667 0.000104166666666667; % B D=0.1
0.2996875 0.000104166666666667 0.000104166666666667 0.1996875 0.000104166666666667 0.149791666666667 0.1496875 0.000104166666666667 0.1996875 0.000520833333333333 0.000104166666666667 0.000104166666666667 0.000104166666666667 0.000104166666666667 0.000104166666666667; % G D=0.1
0.000104166666666667 2.08333333333333e-05 2.08333333333333e-05 0.000104166666666667 2.08333333333333e-05 0.000125 0.000104166666666667 2.08333333333333e-05 0.000104166666666667 0.000104166666666667 2.08333333333333e-05 2.08333333333333e-05 2.08333333333333e-05 2.08333333333333e-05 0.9991875; % J D=0.1
0.000104166666666667 2.08333333333333e-05 0.9991875 0.000104166666666667 2.08333333333333e-05 0.000125 0.000104166666666667 2.08333333333333e-05 0.000104166666666667 0.000104166666666667 2.08333333333333e-05 2.08333333333333e-05 2.08333333333333e-05 2.08333333333333e-05 2.08333333333333e-05; % N D=0.1
0.000104166666666667 2.08333333333333e-05 2.08333333333333e-05 0.000104166666666667 2.08333333333333e-05 0.000125 0.000104166666666667 2.08333333333333e-05 0.000104166666666667 0.000104166666666667 2.08333333333333e-05 2.08333333333333e-05 0.9991875 2.08333333333333e-05 2.08333333333333e-05; % P D=0.1
0.000104166666666667 2.08333333333333e-05 2.08333333333333e-05 0.000104166666666667 2.08333333333333e-05 0.000125 0.000104166666666667 2.08333333333333e-05 0.000104166666666667 0.000104166666666667 0.9991875 2.08333333333333e-05 2.08333333333333e-05 2.08333333333333e-05 2.08333333333333e-05; % R D=0.1
0.216458333333333 0.000125 0.000125 0.191458333333333 0.000125 0.00825 0.191458333333333 0.000125 0.191458333333333 0.199791666666667 0.000125 0.000125 0.000125 0.000125 0.000125; % b D=0.1
0.000104166666666667 2.08333333333333e-05 2.08333333333333e-05 0.000104166666666667 2.08333333333333e-05 0.000125 0.000104166666666667 2.08333333333333e-05 0.000104166666666667 0.000104166666666667 2.08333333333333e-05 2.08333333333333e-05 2.08333333333333e-05 0.9991875 2.08333333333333e-05; % d D=0.1
0.000104166666666667 2.08333333333333e-05 2.08333333333333e-05 0.000104166666666667 0.9991875 0.000125 0.000104166666666667 2.08333333333333e-05 0.000104166666666667 0.000104166666666667 2.08333333333333e-05 2.08333333333333e-05 2.08333333333333e-05 2.08333333333333e-05 2.08333333333333e-05; % f D=0.1
0.216354166666667 0.000104166666666667 0.000104166666666667 0.208020833333333 0.000104166666666667 0.166458333333333 0.000520833333333333 0.000104166666666667 0.1996875 0.208020833333333 0.000104166666666667 0.000104166666666667 0.000104166666666667 0.000104166666666667 0.000104166666666667; % g D=0.1
0.000104166666666667 2.08333333333333e-05 2.08333333333333e-05 0.000104166666666667 2.08333333333333e-05 0.000125 0.000104166666666667 0.9991875 0.000104166666666667 0.000104166666666667 2.08333333333333e-05 2.08333333333333e-05 2.08333333333333e-05 2.08333333333333e-05 2.08333333333333e-05; % n D=0.1
0.000104166666666667 2.08333333333333e-05 2.08333333333333e-05 0.000104166666666667 2.08333333333333e-05 0.000125 0.000104166666666667 2.08333333333333e-05 0.000104166666666667 0.000104166666666667 2.08333333333333e-05 0.9991875 2.08333333333333e-05 2.08333333333333e-05 2.08333333333333e-05; % p D=0.1
0.258020833333333 0.000104166666666667 0.000104166666666667 0.1246875 0.000104166666666667 0.224791666666667 0.183020833333333 0.000104166666666667 0.000520833333333333 0.208020833333333 0.000104166666666667 0.000104166666666667 0.000104166666666667 0.000104166666666667 0.000104166666666667; % r D=0.1
0.000104166666666667 0.9991875 2.08333333333333e-05 0.000104166666666667 2.08333333333333e-05 0.000125 0.000104166666666667 2.08333333333333e-05 0.000104166666666667 0.000104166666666667 2.08333333333333e-05 2.08333333333333e-05 2.08333333333333e-05 2.08333333333333e-05 2.08333333333333e-05; % t D=0.1
0.000833333333333333 0.000166666666666667 0.000166666666666667 0.2195 0.000166666666666667 0.206333333333333 0.272833333333333 0.000166666666666667 0.126166666666667 0.172833333333333 0.000166666666666667 0.000166666666666667 0.000166666666666667 0.000166666666666667 0.000166666666666667; % $ D=0.2
0.257708333333333 0.000208333333333333 0.000208333333333333 0.00104166666666667 0.000208333333333333 0.19125 0.132708333333333 0.000208333333333333 0.249375 0.166041666666667 0.000208333333333333 0.000208333333333333 0.000208333333333333 0.000208333333333333 0.000208333333333333; % B D=0.2
0.299375 0.000208333333333333 0.000208333333333333 0.199375 0.000208333333333333 0.149583333333333 0.149375 0.000208333333333333 0.199375 0.00104166666666667 0.000208333333333333 0.000208333333333333 0.000208333333333333 0.000208333333333333 0.000208333333333333; % G D=0.2
0.000208333333333333 4.16666666666667e-05 4.16666666666667e-05 0.000208333333333333 4.16666666666667e-05 0.00025 0.000208333333333333 4.16666666666667e-05 0.000208333333333333 0.000208333333333333 4.16666666666667e-05 4.16666666666667e-05 4.16666666666667e-05 4.16666666666667e-05 0.998375; % J D=0.2
0.000208333333333333 4.16666666666667e-05 0.998375 0.000208333333333333 4.16666666666667e-05 0.00025 0.000208333333333333 4.16666666666667e-05 0.000208333333333333 0.000208333333333333 4.16666666666667e-05 4.16666666666667e-05 4.16666666666667e-05 4.16666666666667e-05 4.16666666666667e-05; % N D=0.2
0.000208333333333333 4.16666666666667e-05 4.16666666666667e-05 0.000208333333333333 4.16666666666667e-05 0.00025 0.000208333333333333 4.16666666666667e-05 0.000208333333333333 0.000208333333333333 4.16666666666667e-05 4.16666666666667e-05 0.998375 4.16666666666667e-05 4.16666666666667e-05; % P D=0.2
0.000208333333333333 4.16666666666667e-05 4.16666666666667e-05 0.000208333333333333 4.16666666666667e-05 0.00025 0.000208333333333333 4.16666666666667e-05 0.000208333333333333 0.000208333333333333 0.998375 4.16666666666667e-05 4.16666666666667e-05 4.16666666666667e-05 4.16666666666667e-05; % R D=0.2
0.21625 0.00025 0.00025 0.19125 0.00025 0.00816666666666667 0.19125 0.00025 0.19125 0.199583333333333 0.00025 0.00025 0.00025 0.00025 0.00025; % b D=0.2
0.000208333333333333 4.16666666666667e-05 4.16666666666667e-05 0.000208333333333333 4.16666666666667e-05 0.00025 0.000208333333333333 4.16666666666667e-05 0.000208333333333333 0.000208333333333333 4.16666666666667e-05 4.16666666666667e-05 4.16666666666667e-05 0.998375 4.16666666666667e-05; % d D=0.2
0.000208333333333333 4.16666666666667e-05 4.16666666666667e-05 0.000208333333333333 0.998375 0.00025 0.000208333333333333 4.16666666666667e-05 0.000208333333333333 0.000208333333333333 4.16666666666667e-05 4.16666666666667e-05 4.16666666666667e-05 4.16666666666667e-05 4.16666666666667e-05; % f D=0.2
0.216041666666667 0.000208333333333333 0.000208333333333333 0.207708333333333 0.000208333333333333 0.16625 0.00104166666666667 0.000208333333333333 0.199375 0.207708333333333 0.000208333333333333 0.000208333333333333 0.000208333333333333 0.000208333333333333 0.000208333333333333; % g D=0.2
0.000208333333333333 4.16666666666667e-05 4.16666666666667e-05 0.000208333333333333 4.16666666666667e-05 0.00025 0.000208333333333333 0.998375 0.000208333333333333 0.000208333333333333 4.16666666666667e-05 4.16666666666667e-05 4.16666666666667e-05 4.16666666666667e-05 4.16666666666667e-05; % n D=0.2
