syllables = '$BJLfglnrt';
discounts = [0.1 0.2 0.3 0.4 0.5 0.6 0.7 0.8 0.9 0.95];
kn_probs = [0.000333333333333333 0.000111111111111111 0.339666666666667 0.000111111111111111 0.000111111111111111 0.000111111111111111 0.339666666666667 0.000111111111111111 0.319666666666667 0.000111111111111111; % $ D=0.1
0.24975 8.33333333333333e-05 0.38975 8.33333333333333e-05 8.33333333333333e-05 8.33333333333333e-05 0.00025 8.33333333333333e-05 0.35975 8.33333333333333e-05; % B D=0.1
8.33333333333333e-05 2.77777777777778e-05 8.33333333333333e-05 0.999527777777778 2.77777777777778e-05 2.77777777777778e-05 8.33333333333333e-05 2.77777777777778e-05 8.33333333333333e-05 2.77777777777778e-05; % J D=0.1
8.33333333333333e-05 2.77777777777778e-05 8.33333333333333e-05 2.77777777777778e-05 2.77777777777778e-05 2.77777777777778e-05 8.33333333333333e-05 0.999527777777778 8.33333333333333e-05 2.77777777777778e-05; % L D=0.1
0.26475 8.33333333333333e-05 0.35475 8.33333333333333e-05 8.33333333333333e-05 8.33333333333333e-05 0.37975 8.33333333333333e-05 0.00025 8.33333333333333e-05; % f D=0.1
8.33333333333333e-05 0.999527777777778 8.33333333333333e-05 2.77777777777778e-05 2.77777777777778e-05 2.77777777777778e-05 8.33333333333333e-05 2.77777777777778e-05 8.33333333333333e-05 2.77777777777778e-05; % g D=0.1
8.33333333333333e-05 2.77777777777778e-05 8.33333333333333e-05 2.77777777777778e-05 2.77777777777778e-05 2.77777777777778e-05 8.33333333333333e-05 2.77777777777778e-05 8.33333333333333e-05 0.999527777777778; % l D=0.1
0.23475 8.33333333333333e-05 0.00025 8.33333333333333e-05 8.33333333333333e-05 8.33333333333333e-05 0.36475 8.33333333333333e-05 0.39975 8.33333333333333e-05; % n D=0.1
8.33333333333333e-05 2.77777777777778e-05 8.33333333333333e-05 2.77777777777778e-05 0.999527777777778 2.77777777777778e-05 8.33333333333333e-05 2.77777777777778e-05 8.33333333333333e-05 2.77777777777778e-05; % r D=0.1
8.33333333333333e-05 2.77777777777778e-05 8.33333333333333e-05 2.77777777777778e-05 2.77777777777778e-05 0.999527777777778 8.33333333333333e-05 2.77777777777778e-05 8.33333333333333e-05 2.77777777777778e-05; % t D=0.1
0.000666666666666667 0.000222222222222222 0.339333333333333 0.000222222222222222 0.000222222222222222 0.000222222222222222 0.339333333333333 0.000222222222222222 0.319333333333333 0.000222222222222222; % $ D=0.2
0.2495 0.000166666666666667 0.3895 0.000166666666666667 0.000166666666666667 0.000166666666666667 0.0005 0.000166666666666667 0.3595 0.000166666666666667; % B D=0.2
0.000166666666666667 5.55555555555556e-05 0.000166666666666667 0.999055555555556 5.55555555555556e-05 5.55555555555556e-05 0.000166666666666667 5.55555555555556e-05 0.000166666666666667 5.55555555555556e-05; % J D=0.2
0.000166666666666667 5.55555555555556e-05 0.000166666666666667 5.55555555555556e-05 5.55555555555556e-05 5.55555555555556e-05 0.000166666666666667 0.999055555555556 0.000166666666666667 5.55555555555556e-05; % L D=0.2
0.2645 0.000166666666666667 0.3545 0.000166666666666667 0.000166666666666667 0.000166666666666667 0.3795 0.000166666666666667 0.0005 0.000166666666666667; % f D=0.2
0.000166666666666667 0.999055555555556 0.000166666666666667 5.55555555555556e-05 5.55555555555556e-05 5.55555555555556e-05 0.000166666666666667 5.55555555555556e-05 0.000166666666666667 5.55555555555556e-05; % g D=0.2
0.000166666666666667 5.55555555555556e-05 0.000166666666666667 5.55555555555556e-05 5.55555555555556e-05 5.55555555555556e-05 0.000166666666666667 5.55555555555556e-05 0.000166666666666667 0.999055555555556; % l D=0.2
0.2345 0.000166666666666667 0.0005 0.000166666666666667 0.000166666666666667 0.000166666666666667 0.3645 0.000166666666666667 0.3995 0.000166666666666667; % n D=0.2
0.000166666666666667 5.55555555555556e-05 0.000166666666666667 5.55555555555556e-05 0.999055555555556 5.55555555555556e-05 0.000166666666666667 5.55555555555556e-05 0.000166666666666667 5.55555555555556e-05; % r D=0.2
0.000166666666666667 5.55555555555556e-05 0.000166666666666667 5.55555555555556e-05 5.55555555555556e-05 0.999055555555556 0.000166666666666667 5.55555555555556e-05 0.000166666666666667 5.55555555555556e-05; % t D=0.2
0.001 0.000333333333333333 0.339 0.000333333333333333 0.000333333333333333 0.000333333333333333 0.339 0.000333333333333333 0.319 0.000333333333333333; % $ D=0.3
0.24925 0.00025 0.38925 0.00025 0.00025 0.00025 0.00075 0.00025 0.35925 0.00025; % B D=0.3
0.00025 8.33333333333333e-05 0.00025 0.998583333333333 8.33333333333333e-05 8.33333333333333e-05 0.00025 8.33333333333333e-05 0.00025 8.33333333333333e-05; % J D=0.3
0.00025 8.33333333333333e-05 0.00025 8.33333333333333e-05 8.33333333333333e-05 8.33333333333333e-05 0.00025 0.998583333333333 0.00025 8.33333333333333e-05; % L D=0.3
0.26425 0.00025 0.35425 0.00025 0.00025 0.00025 0.37925 0.00025 0.00075 0.00025; % f D=0.3
0.00025 0.998583333333333 0.00025 8.33333333333333e-05 8.33333333333333e-05 8.33333333333333e-05 0.00025 8.33333333333333e-05 0.00025 8.33333333333333e-05; % g D=0.3
0.00025 8.33333333333333e-05 0.00025 8.33333333333333e-05 8.33333333333333e-05 8.33333333333333e-05 0.00025 8.33333333333333e-05 0.00025 0.998583333333333; % l D=0.3
0.23425 0.00025 0.00075 0.00025 0.00025 0.00025 0.36425 0.00025 0.39925 0.00025; % n D=0.3
0.00025 8.33333333333333e-05 0.00025 8.33333333333333e-05 0.998583333333333 8.33333333333333e-05 0.00025 8.33333333333333e-05 0.00025 8.33333333333333e-05; % r D=0.3
0.00025 8.33333333333333e-05 0.00025 8.33333333333333e-05 8.33333333333333e-05 0.998583333333333 0.00025 8.33333333333333e-05 0.00025 8.33333333333333e-05; % t D=0.3
0.00133333333333333 0.000444444444444445 0.338666666666667 0.000444444444444445 0.000444444444444445 0.000444444444444445 0.338666666666667 0.000444444444444445 0.318666666666667 0.000444444444444445; % $ D=0.4
0.249 0.000333333333333333 0.389 0.000333333333333333 0.000333333333333333 0.000333333333333333 0.001 0.000333333333333333 0.359 0.000333333333333333; % B D=0.4
0.000333333333333333 0.000111111111111111 0.000333333333333333 0.998111111111111 0.000111111111111111 0.000111111111111111 0.000333333333333333 0.000111111111111111 0.000333333333333333 0.000111111111111111; % J D=0.4
0.000333333333333333 0.000111111111111111 0.000333333333333333 0.000111111111111111 0.000111111111111111 0.000111111111111111 0.000333333333333333 0.998111111111111 0.000333333333333333 0.000111111111111111; % L D=0.4
0.264 0.000333333333333333 0.354 0.000333333333333333 0.000333333333333333 0.000333333333333333 0.379 0.000333333333333333 0.001 0.000333333333333333; % f D=0.4
0.000333333333333333 0.998111111111111 0.000333333333333333 0.000111111111111111 0.000111111111111111 0.000111111111111111 0.000333333333333333 0.000111111111111111 0.000333333333333333 0.000111111111111111; % g D=0.4
0.000333333333333333 0.000111111111111111 0.000333333333333333 0.000111111111111111 0.000111111111111111 0.000111111111111111 0.000333333333333333 0.000111111111111111 0.000333333333333333 0.998111111111111; % l D=0.4
0.234 0.000333333333333333 0.001 0.000333333333333333 0.000333333333333333 0.000333333333333333 0.364 0.000333333333333333 0.399 0.000333333333333333; % n D=0.4
0.000333333333333333 0.000111111111111111 0.000333333333333333 0.000111111111111111 0.998111111111111 0.000111111111111111 0.000333333333333333 0.000111111111111111 0.000333333333333333 0.000111111111111111; % r D=0.4
0.000333333333333333 0.000111111111111111 0.000333333333333333 0.000111111111111111 0.000111111111111111 0.998111111111111 0.000333333333333333 0.000111111111111111 0.000333333333333333 0.000111111111111111; % t D=0.4
0.00166666666666667 0.000555555555555556 0.338333333333333 0.000555555555555556 0.000555555555555556 0.000555555555555556 0.338333333333333 0.000555555555555556 0.318333333333333 0.000555555555555556; % $ D=0.5
0.24875 0.000416666666666667 0.38875 0.000416666666666667 0.000416666666666667 0.000416666666666667 0.00125 0.000416666666666667 0.35875 0.000416666666666667; % B D=0.5
0.000416666666666667 0.000138888888888889 0.000416666666666667 0.997638888888889 0.000138888888888889 0.000138888888888889 0.000416666666666667 0.000138888888888889 0.000416666666666667 0.000138888888888889; % J D=0.5
0.000416666666666667 0.000138888888888889 0.000416666666666667 0.000138888888888889 0.000138888888888889 0.000138888888888889 0.000416666666666667 0.997638888888889 0.000416666666666667 0.000138888888888889; % L D=0.5
0.26375 0.000416666666666667 0.35375 0.000416666666666667 0.000416666666666667 0.000416666666666667 0.37875 0.000416666666666667 0.00125 0.000416666666666667; % f D=0.5
0.000416666666666667 0.997638888888889 0.000416666666666667 0.000138888888888889 0.000138888888888889 0.000138888888888889 0.000416666666666667 0.000138888888888889 0.000416666666666667 0.000138888888888889; % g D=0.5
0.000416666666666667 0.000138888888888889 0.000416666666666667 0.000138888888888889 0.000138888888888889 0.000138888888888889 0.000416666666666667 0.000138888888888889 0.000416666666666667 0.997638888888889; % l D=0.5
0.23375 0.000416666666666667 0.00125 0.000416666666666667 0.000416666666666667 0.000416666666666667 0.36375 0.000416666666666667 0.39875 0.000416666666666667; % n D=0.5
0.000416666666666667 0.000138888888888889 0.000416666666666667 0.000138888888888889 0.997638888888889 0.000138888888888889 0.000416666666666667 0.000138888888888889 0.000416666666666667 0.000138888888888889; % r D=0.5
0.000416666666666667 0.000138888888888889 0.000416666666666667 0.000138888888888889 0.000138888888888889 0.997638888888889 0.000416666666666667 0.000138888888888889 0.000416666666666667 0.000138888888888889; % t D=0.5
0.002 0.000666666666666667 0.338 0.000666666666666667 0.000666666666666667 0.000666666666666667 0.338 0.000666666666666667 0.318 0.000666666666666667; % $ D=0.6
0.2485 0.0005 0.3885 0.0005 0.0005 0.0005 0.0015 0.0005 0.3585 0.0005; % B D=0.6
0.0005 0.000166666666666667 0.0005 0.997166666666667 0.000166666666666667 0.000166666666666667 0.0005 0.000166666666666667 0.0005 0.000166666666666667; % J D=0.6
0.0005 0.000166666666666667 0.0005 0.000166666666666667 0.000166666666666667 0.000166666666666667 0.0005 0.997166666666667 0.0005 0.000166666666666667; % L D=0.6
0.2635 0.0005 0.3535 0.0005 0.0005 0.0005 0.3785 0.0005 0.0015 0.0005; % f D=0.6
0.0005 0.997166666666667 0.0005 0.000166666666666667 0.000166666666666667 0.000166666666666667 0.0005 0.000166666666666667 0.0005 0.000166666666666667; % g D=0.6
0.0005 0.000166666666666667 0.0005 0.000166666666666667 0.000166666666666667 0.000166666666666667 0.0005 0.000166666666666667 0.0005 0.997166666666667; % l D=0.6
0.2335 0.0005 0.0015 0.0005 0.0005 0.0005 0.3635 0.0005 0.3985 0.0005; % n D=0.6
0.0005 0.000166666666666667 0.0005 0.000166666666666667 0.997166666666667 0.000166666666666667 0.0005 0.000166666666666667 0.0005 0.000166666666666667; % r D=0.6
0.0005 0.000166666666666667 0.0005 0.000166666666666667 0.000166666666666667 0.997166666666667 0.0005 0.000166666666666667 0.0005 0.000166666666666667; % t D=0.6
0.00233333333333333 0.000777777777777778 0.337666666666667 0.000777777777777778 0.000777777777777778 0.000777777777777778 0.337666666666667 0.000777777777777778 0.317666666666667 0.000777777777777778; % $ D=0.7
0.24825 0.000583333333333333 0.38825 0.000583333333333333 0.000583333333333333 0.000583333333333333 0.00175 0.000583333333333333 0.35825 0.000583333333333333; % B D=0.7
0.000583333333333333 0.000194444444444444 0.000583333333333333 0.996694444444445 0.000194444444444444 0.000194444444444444 0.000583333333333333 0.000194444444444444 0.000583333333333333 0.000194444444444444; % J D=0.7
0.000583333333333333 0.000194444444444444 0.000583333333333333 0.000194444444444444 0.000194444444444444 0.000194444444444444 0.000583333333333333 0.996694444444445 0.000583333333333333 0.000194444444444444; % L D=0.7
0.26325 0.000583333333333333 0.35325 0.000583333333333333 0.000583333333333333 0.000583333333333333 0.37825 0.000583333333333333 0.00175 0.000583333333333333; % f D=0.7
0.000583333333333333 0.996694444444445 0.000583333333333333 0.000194444444444444 0.000194444444444444 0.000194444444444444 0.000583333333333333 0.000194444444444444 0.000583333333333333 0.000194444444444444; % g D=0.7
0.000583333333333333 0.000194444444444444 0.000583333333333333 0.000194444444444444 0.000194444444444444 0.000194444444444444 0.000583333333333333 0.000194444444444444 0.000583333333333333 0.996694444444445; % l D=0.7
0.23325 0.000583333333333333 0.00175 0.000583333333333333 0.000583333333333333 0.000583333333333333 0.36325 0.000583333333333333 0.39825 0.000583333333333333; % n D=0.7
0.000583333333333333 0.000194444444444444 0.000583333333333333 0.000194444444444444 0.996694444444445 0.000194444444444444 0.000583333333333333 0.000194444444444444 0.000583333333333333 0.000194444444444444; % r D=0.7
0.000583333333333333 0.000194444444444444 0.000583333333333333 0.000194444444444444 0.000194444444444444 0.996694444444445 0.000583333333333333 0.000194444444444444 0.000583333333333333 0.000194444444444444; % t D=0.7
0.00266666666666667 0.000888888888888889 0.337333333333333 0.000888888888888889 0.000888888888888889 0.000888888888888889 0.337333333333333 0.000888888888888889 0.317333333333333 0.000888888888888889; % $ D=0.8
0.248 0.000666666666666667 0.388 0.000666666666666667 0.000666666666666667 0.000666666666666667 0.002 0.000666666666666667 0.358 0.000666666666666667; % B D=0.8
0.000666666666666667 0.000222222222222222 0.000666666666666667 0.996222222222222 0.000222222222222222 0.000222222222222222 0.000666666666666667 0.000222222222222222 0.000666666666666667 0.000222222222222222; % J D=0.8
0.000666666666666667 0.000222222222222222 0.000666666666666667 0.000222222222222222 0.000222222222222222 0.000222222222222222 0.000666666666666667 0.996222222222222 0.000666666666666667 0.000222222222222222; % L D=0.8
0.263 0.000666666666666667 0.353 0.000666666666666667 0.000666666666666667 0.000666666666666667 0.378 0.000666666666666667 0.002 0.000666666666666667; % f D=0.8
0.000666666666666667 0.996222222222222 0.000666666666666667 0.000222222222222222 0.000222222222222222 0.000222222222222222 0.000666666666666667 0.000222222222222222 0.000666666666666667 0.000222222222222222; % g D=0.8
0.000666666666666667 0.000222222222222222 0.000666666666666667 0.000222222222222222 0.000222222222222222 0.000222222222222222 0.000666666666666667 0.000222222222222222 0.000666666666666667 0.996222222222222; % l D=0.8
0.233 0.000666666666666667 0.002 0.000666666666666667 0.000666666666666667 0.000666666666666667 0.363 0.000666666666666667 0.398 0.000666666666666667; % n D=0.8
0.000666666666666667 0.000222222222222222 0.000666666666666667 0.000222222222222222 0.996222222222222 0.000222222222222222 0.000666666666666667 0.000222222222222222 0.000666666666666667 0.000222222222222222; % r D=0.8
0.000666666666666667 0.000222222222222222 0.000666666666666667 0.000222222222222222 0.000222222222222222 0.996222222222222 0.000666666666666667 0.000222222222222222 0.000666666666666667 0.000222222222222222; % t D=0.8
0.003 0.001 0.337 0.001 0.001 0.001 0.337 0.001 0.317 0.001; % $ D=0.9
0.24775 0.00075 0.38775 0.00075 0.00075 0.00075 0.00225 0.00075 0.35775 0.00075; % B D=0.9
0.00075 0.00025 0.00075 0.99575 0.00025 0.00025 0.00075 0.00025 0.00075 0.00025; % J D=0.9
0.00075 0.00025 0.00075 0.00025 0.00025 0.00025 0.00075 0.99575 0.00075 0.00025; % L D=0.9
0.26275 0.00075 0.35275 0.00075 0.00075 0.00075 0.37775 0.00075 0.00225 0.00075; % f D=0.9
0.00075 0.99575 0.00075 0.00025 0.00025 0.00025 0.00075 0.00025 0.00075 0.00025; % g D=0.9
0.00075 0.00025 0.00075 0.00025 0.00025 0.00025 0.00075 0.00025 0.00075 0.99575; % l D=0.9
0.23275 0.00075 0.00225 0.00075 0.00075 0.00075 0.36275 0.00075 0.39775 0.00075; % n D=0.9
0.00075 0.00025 0.00075 0.00025 0.99575 0.00025 0.00075 0.00025 0.00075 0.00025; % r D=0.9
0.00075 0.00025 0.00075 0.00025 0.00025 0.99575 0.00075 0.00025 0.00075 0.00025; % t D=0.9
0.00316666666666667 0.00105555555555556 0.336833333333333 0.00105555555555556 0.00105555555555556 0.00105555555555556 0.336833333333333 0.00105555555555556 0.316833333333333 0.00105555555555556; % $ D=0.95
0.247625 0.000791666666666667 0.387625 0.000791666666666667 0.000791666666666667 0.000791666666666667 0.002375 0.000791666666666667 0.357625 0.000791666666666667; % B D=0.95
0.000791666666666667 0.000263888888888889 0.000791666666666667 0.995513888888889 0.000263888888888889 0.000263888888888889 0.000791666666666667 0.000263888888888889 0.000791666666666667 0.000263888888888889; % J D=0.95
0.000791666666666667 0.000263888888888889 0.000791666666666667 0.000263888888888889 0.000263888888888889 0.000263888888888889 0.000791666666666667 0.995513888888889 0.000791666666666667 0.000263888888888889; % L D=0.95
0.262625 0.000791666666666667 0.352625 0.000791666666666667 0.000791666666666667 0.000791666666666667 0.377625 0.000791666666666667 0.002375 0.000791666666666667; % f D=0.95
0.000791666666666667 0.995513888888889 0.000791666666666667 0.000263888888888889 0.000263888888888889 0.000263888888888889 0.000791666666666667 0.000263888888888889 0.000791666666666667 0.000263888888888889; % g D=0.95
0.000791666666666667 0.000263888888888889 0.000791666666666667 0.000263888888888889 0.000263888888888889 0.000263888888888889 0.000791666666666667 0.000263888888888889 0.000791666666666667 0.995513888888889; % l D=0.95
0.232625 0.000791666666666667 0.002375 0.000791666666666667 0.000791666666666667 0.000791666666666667 0.362625 0.000791666666666667 0.397625 0.000791666666666667; % n D=0.95
0.000791666666666667 0.000263888888888889 0.000791666666666667 0.000263888888888889 0.995513888888889 0.000263888888888889 0.000791666666666667 0.000263888888888889 0.000791666666666667 0.000263888888888889; % r D=0.95
0.000791666666666667 0.000263888888888889 0.000791666666666667 0.000263888888888889 0.000263888888888889 0.995513888888889 0.000791666666666667 0.000263888888888889 0.000791666666666667 0.000263888888888889]; % t D=0.95
