syllables = '$DGJPZdfgl';
discounts = [0.1 0.2 0.3 0.4 0.5 0.6 0.7 0.8 0.9 0.95];
kn_probs = [0.000315789473684211 0.000105263157894737 0.000105263157894737 0.000105263157894737 0.359649122807018 0.333087719298246 0.000105263157894737 0.000105263157894737 0.306315789473684 0.000105263157894737; % $ D=0.1
7.89473684210526e-05 2.63157894736842e-05 0.999526315789474 2.63157894736842e-05 7.89473684210526e-05 0.000105263157894737 2.63157894736842e-05 2.63157894736842e-05 7.89473684210526e-05 2.63157894736842e-05; % D D=0.1
7.89473684210526e-05 2.63157894736842e-05 2.63157894736842e-05 2.63157894736842e-05 7.89473684210526e-05 0.000105263157894737 0.999526315789474 2.63157894736842e-05 7.89473684210526e-05 2.63157894736842e-05; % G D=0.1
0.234736842105263 7.89473684210526e-05 7.89473684210526e-05 7.89473684210526e-05 0.000236842105263158 0.384815789473684 7.89473684210526e-05 7.89473684210526e-05 0.379736842105263 7.89473684210526e-05; % J D=0.1
7.89473684210526e-05 2.63157894736842e-05 2.63157894736842e-05 2.63157894736842e-05 7.89473684210526e-05 0.000105263157894737 2.63157894736842e-05 0.999526315789474 7.89473684210526e-05 2.63157894736842e-05; % P D=0.1
7.89473684210526e-05 2.63157894736842e-05 2.63157894736842e-05 2.63157894736842e-05 7.89473684210526e-05 0.000105263157894737 2.63157894736842e-05 2.63157894736842e-05 7.89473684210526e-05 0.999526315789474; % Z D=0.1
0.299736842105263 7.89473684210526e-05 7.89473684210526e-05 7.89473684210526e-05 0.349736842105263 0.349815789473684 7.89473684210526e-05 7.89473684210526e-05 0.000236842105263158 7.89473684210526e-05; % d D=0.1
7.89473684210526e-05 2.63157894736842e-05 2.63157894736842e-05 0.999526315789474 7.89473684210526e-05 0.000105263157894737 2.63157894736842e-05 2.63157894736842e-05 7.89473684210526e-05 2.63157894736842e-05; % f D=0.1
7.89473684210526e-05 0.999526315789474 2.63157894736842e-05 2.63157894736842e-05 7.89473684210526e-05 0.000105263157894737 2.63157894736842e-05 2.63157894736842e-05 7.89473684210526e-05 2.63157894736842e-05; % g D=0.1
0.214815789473684 0.000105263157894737 0.000105263157894737 0.000105263157894737 0.379815789473684 0.0149210526315789 0.000105263157894737 0.000105263157894737 0.389815789473684 0.000105263157894737; % l D=0.1
0.000631578947368421 0.000210526315789474 0.000210526315789474 0.000210526315789474 0.359298245614035 0.332842105263158 0.000210526315789474 0.000210526315789474 0.305964912280702 0.000210526315789474; % $ D=0.2
0.000157894736842105 5.26315789473684e-05 0.999052631578948 5.26315789473684e-05 0.000157894736842105 0.000210526315789474 5.26315789473684e-05 5.26315789473684e-05 0.000157894736842105 5.26315789473684e-05; % D D=0.2
0.000157894736842105 5.26315789473684e-05 5.26315789473684e-05 5.26315789473684e-05 0.000157894736842105 0.000210526315789474 0.999052631578948 5.26315789473684e-05 0.000157894736842105 5.26315789473684e-05; % G D=0.2
0.234473684210526 0.000157894736842105 0.000157894736842105 0.000157894736842105 0.000473684210526316 0.384631578947368 0.000157894736842105 0.000157894736842105 0.379473684210526 0.000157894736842105; % J D=0.2
0.000157894736842105 5.26315789473684e-05 5.26315789473684e-05 5.26315789473684e-05 0.000157894736842105 0.000210526315789474 5.26315789473684e-05 0.999052631578948 0.000157894736842105 5.26315789473684e-05; % P D=0.2
0.000157894736842105 5.26315789473684e-05 5.26315789473684e-05 5.26315789473684e-05 0.000157894736842105 0.000210526315789474 5.26315789473684e-05 5.26315789473684e-05 0.000157894736842105 0.999052631578948; % Z D=0.2
0.299473684210526 0.000157894736842105 0.000157894736842105 0.000157894736842105 0.349473684210526 0.349631578947368 0.000157894736842105 0.000157894736842105 0.000473684210526316 0.000157894736842105; % d D=0.2
0.000157894736842105 5.26315789473684e-05 5.26315789473684e-05 0.999052631578948 0.000157894736842105 0.000210526315789474 5.26315789473684e-05 5.26315789473684e-05 0.000157894736842105 5.26315789473684e-05; % f D=0.2
0.000157894736842105 0.999052631578948 5.26315789473684e-05 5.26315789473684e-05 0.000157894736842105 0.000210526315789474 5.26315789473684e-05 5.26315789473684e-05 0.000157894736842105 5.26315789473684e-05; % g D=0.2
0.214631578947368 0.000210526315789474 0.000210526315789474 0.000210526315789474 0.379631578947368 0.0148421052631579 0.000210526315789474 0.000210526315789474 0.389631578947368 0.000210526315789474; % l D=0.2
0.000947368421052632 0.00031578947368421 0.00031578947368421 0.00031578947368421 0.358947368421053 0.33259649122807 0.00031578947368421 0.00031578947368421 0.305614035087719 0.00031578947368421; % $ D=0.3
0.000236842105263158 7.89473684210526e-05 0.998578947368421 7.89473684210526e-05 0.000236842105263158 0.000315789473684211 7.89473684210526e-05 7.89473684210526e-05 0.000236842105263158 7.89473684210526e-05; % D D=0.3
0.000236842105263158 7.89473684210526e-05 7.89473684210526e-05 7.89473684210526e-05 0.000236842105263158 0.000315789473684211 0.998578947368421 7.89473684210526e-05 0.000236842105263158 7.89473684210526e-05; % G D=0.3
0.234210526315789 0.000236842105263158 0.000236842105263158 0.000236842105263158 0.000710526315789474 0.384447368421053 0.000236842105263158 0.000236842105263158 0.379210526315789 0.000236842105263158; % J D=0.3
0.000236842105263158 7.89473684210526e-05 7.89473684210526e-05 7.89473684210526e-05 0.000236842105263158 0.000315789473684211 7.89473684210526e-05 0.998578947368421 0.000236842105263158 7.89473684210526e-05; % P D=0.3
0.000236842105263158 7.89473684210526e-05 7.89473684210526e-05 7.89473684210526e-05 0.000236842105263158 0.000315789473684211 7.89473684210526e-05 7.89473684210526e-05 0.000236842105263158 0.998578947368421; % Z D=0.3
0.299210526315789 0.000236842105263158 0.000236842105263158 0.000236842105263158 0.34921052631579 0.349447368421053 0.000236842105263158 0.000236842105263158 0.000710526315789474 0.000236842105263158; % d D=0.3
0.000236842105263158 7.89473684210526e-05 7.89473684210526e-05 0.998578947368421 0.000236842105263158 0.000315789473684211 7.89473684210526e-05 7.89473684210526e-05 0.000236842105263158 7.89473684210526e-05; % f D=0.3
0.000236842105263158 0.998578947368421 7.89473684210526e-05 7.89473684210526e-05 0.000236842105263158 0.000315789473684211 7.89473684210526e-05 7.89473684210526e-05 0.000236842105263158 7.89473684210526e-05; % g D=0.3
0.214447368421053 0.000315789473684211 0.000315789473684211 0.000315789473684211 0.379447368421053 0.0147631578947368 0.000315789473684211 0.000315789473684211 0.389447368421053 0.000315789473684211; % l D=0.3
0.00126315789473684 0.000421052631578947 0.000421052631578947 0.000421052631578947 0.35859649122807 0.332350877192982 0.000421052631578947 0.000421052631578947 0.305263157894737 0.000421052631578947; % $ D=0.4
0.000315789473684211 0.000105263157894737 0.998105263157895 0.000105263157894737 0.000315789473684211 0.000421052631578947 0.000105263157894737 0.000105263157894737 0.000315789473684211 0.000105263157894737; % D D=0.4
0.000315789473684211 0.000105263157894737 0.000105263157894737 0.000105263157894737 0.000315789473684211 0.000421052631578947 0.998105263157895 0.000105263157894737 0.000315789473684211 0.000105263157894737; % G D=0.4
0.233947368421053 0.000315789473684211 0.000315789473684211 0.000315789473684211 0.000947368421052632 0.384263157894737 0.000315789473684211 0.000315789473684211 0.378947368421053 0.000315789473684211; % J D=0.4
0.000315789473684211 0.000105263157894737 0.000105263157894737 0.000105263157894737 0.000315789473684211 0.000421052631578947 0.000105263157894737 0.998105263157895 0.000315789473684211 0.000105263157894737; % P D=0.4
0.000315789473684211 0.000105263157894737 0.000105263157894737 0.000105263157894737 0.000315789473684211 0.000421052631578947 0.000105263157894737 0.000105263157894737 0.000315789473684211 0.998105263157895; % Z D=0.4
0.298947368421053 0.000315789473684211 0.000315789473684211 0.000315789473684211 0.348947368421053 0.349263157894737 0.000315789473684211 0.000315789473684211 0.000947368421052632 0.000315789473684211; % d D=0.4
0.000315789473684211 0.000105263157894737 0.000105263157894737 0.998105263157895 0.000315789473684211 0.000421052631578947 0.000105263157894737 0.000105263157894737 0.000315789473684211 0.000105263157894737; % f D=0.4
0.000315789473684211 0.998105263157895 0.000105263157894737 0.000105263157894737 0.000315789473684211 0.000421052631578947 0.000105263157894737 0.000105263157894737 0.000315789473684211 0.000105263157894737; % g D=0.4
0.214263157894737 0.000421052631578947 0.000421052631578947 0.000421052631578947 0.379263157894737 0.0146842105263158 0.000421052631578947 0.000421052631578947 0.389263157894737 0.000421052631578947; % l D=0.4
0.00157894736842105 0.000526315789473684 0.000526315789473684 0.000526315789473684 0.358245614035088 0.332105263157895 0.000526315789473684 0.000526315789473684 0.304912280701754 0.000526315789473684; % $ D=0.5
0.000394736842105263 0.000131578947368421 0.997631578947368 0.000131578947368421 0.000394736842105263 0.000526315789473684 0.000131578947368421 0.000131578947368421 0.000394736842105263 0.000131578947368421; % D D=0.5
0.000394736842105263 0.000131578947368421 0.000131578947368421 0.000131578947368421 0.000394736842105263 0.000526315789473684 0.997631578947368 0.000131578947368421 0.000394736842105263 0.000131578947368421; % G D=0.5
0.233684210526316 0.000394736842105263 0.000394736842105263 0.000394736842105263 0.00118421052631579 0.384078947368421 0.000394736842105263 0.000394736842105263 0.378684210526316 0.000394736842105263; % J D=0.5
0.000394736842105263 0.000131578947368421 0.000131578947368421 0.000131578947368421 0.000394736842105263 0.000526315789473684 0.000131578947368421 0.997631578947368 0.000394736842105263 0.000131578947368421; % P D=0.5
0.000394736842105263 0.000131578947368421 0.000131578947368421 0.000131578947368421 0.000394736842105263 0.000526315789473684 0.000131578947368421 0.000131578947368421 0.000394736842105263 0.997631578947368; % Z D=0.5
0.298684210526316 0.000394736842105263 0.000394736842105263 0.000394736842105263 0.348684210526316 0.349078947368421 0.000394736842105263 0.000394736842105263 0.00118421052631579 0.000394736842105263; % d D=0.5
0.000394736842105263 0.000131578947368421 0.000131578947368421 0.997631578947368 0.000394736842105263 0.000526315789473684 0.000131578947368421 0.000131578947368421 0.000394736842105263 0.000131578947368421; % f D=0.5
0.000394736842105263 0.997631578947368 0.000131578947368421 0.000131578947368421 0.000394736842105263 0.000526315789473684 0.000131578947368421 0.000131578947368421 0.000394736842105263 0.000131578947368421; % g D=0.5
0.214078947368421 0.000526315789473684 0.000526315789473684 0.000526315789473684 0.379078947368421 0.0146052631578947 0.000526315789473684 0.000526315789473684 0.389078947368421 0.000526315789473684; % l D=0.5
0.00189473684210526 0.000631578947368421 0.000631578947368421 0.000631578947368421 0.357894736842105 0.331859649122807 0.000631578947368421 0.000631578947368421 0.304561403508772 0.000631578947368421; % $ D=0.6
0.000473684210526316 0.000157894736842105 0.997157894736842 0.000157894736842105 0.000473684210526316 0.000631578947368421 0.000157894736842105 0.000157894736842105 0.000473684210526316 0.000157894736842105; % D D=0.6
0.000473684210526316 0.000157894736842105 0.000157894736842105 0.000157894736842105 0.000473684210526316 0.000631578947368421 0.997157894736842 0.000157894736842105 0.000473684210526316 0.000157894736842105; % G D=0.6
0.233421052631579 0.000473684210526316 0.000473684210526316 0.000473684210526316 0.00142105263157895 0.383894736842105 0.000473684210526316 0.000473684210526316 0.378421052631579 0.000473684210526316; % J D=0.6
0.000473684210526316 0.000157894736842105 0.000157894736842105 0.000157894736842105 0.000473684210526316 0.000631578947368421 0.000157894736842105 0.997157894736842 0.000473684210526316 0.000157894736842105; % P D=0.6
0.000473684210526316 0.000157894736842105 0.000157894736842105 0.000157894736842105 0.000473684210526316 0.000631578947368421 0.000157894736842105 0.000157894736842105 0.000473684210526316 0.997157894736842; % Z D=0.6
0.298421052631579 0.000473684210526316 0.000473684210526316 0.000473684210526316 0.348421052631579 0.348894736842105 0.000473684210526316 0.000473684210526316 0.00142105263157895 0.000473684210526316; % d D=0.6
0.000473684210526316 0.000157894736842105 0.000157894736842105 0.997157894736842 0.000473684210526316 0.000631578947368421 0.000157894736842105 0.000157894736842105 0.000473684210526316 0.000157894736842105; % f D=0.6
0.000473684210526316 0.997157894736842 0.000157894736842105 0.000157894736842105 0.000473684210526316 0.000631578947368421 0.000157894736842105 0.000157894736842105 0.000473684210526316 0.000157894736842105; % g D=0.6
0.213894736842105 0.000631578947368421 0.000631578947368421 0.000631578947368421 0.378894736842105 0.0145263157894737 0.000631578947368421 0.000631578947368421 0.388894736842105 0.000631578947368421; % l D=0.6
0.00221052631578947 0.000736842105263158 0.000736842105263158 0.000736842105263158 0.357543859649123 0.331614035087719 0.000736842105263158 0.000736842105263158 0.304210526315789 0.000736842105263158; % $ D=0.7
0.000552631578947368 0.000184210526315789 0.996684210526316 0.000184210526315789 0.000552631578947368 0.000736842105263158 0.000184210526315789 0.000184210526315789 0.000552631578947368 0.000184210526315789; % D D=0.7
0.000552631578947368 0.000184210526315789 0.000184210526315789 0.000184210526315789 0.000552631578947368 0.000736842105263158 0.996684210526316 0.000184210526315789 0.000552631578947368 0.000184210526315789; % G D=0.7
0.233157894736842 0.000552631578947368 0.000552631578947368 0.000552631578947368 0.0016578947368421 0.38371052631579 0.000552631578947368 0.000552631578947368 0.378157894736842 0.000552631578947368; % J D=0.7
0.000552631578947368 0.000184210526315789 0.000184210526315789 0.000184210526315789 0.000552631578947368 0.000736842105263158 0.000184210526315789 0.996684210526316 0.000552631578947368 0.000184210526315789; % P D=0.7
0.000552631578947368 0.000184210526315789 0.000184210526315789 0.000184210526315789 0.000552631578947368 0.000736842105263158 0.000184210526315789 0.000184210526315789 0.000552631578947368 0.996684210526316; % Z D=0.7
0.298157894736842 0.000552631578947368 0.000552631578947368 0.000552631578947368 0.348157894736842 0.348710526315789 0.000552631578947368 0.000552631578947368 0.0016578947368421 0.000552631578947368; % d D=0.7
0.000552631578947368 0.000184210526315789 0.000184210526315789 0.996684210526316 0.000552631578947368 0.000736842105263158 0.000184210526315789 0.000184210526315789 0.000552631578947368 0.000184210526315789; % f D=0.7
0.000552631578947368 0.996684210526316 0.000184210526315789 0.000184210526315789 0.000552631578947368 0.000736842105263158 0.000184210526315789 0.000184210526315789 0.000552631578947368 0.000184210526315789; % g D=0.7
0.213710526315789 0.000736842105263158 0.000736842105263158 0.000736842105263158 0.378710526315789 0.0144473684210526 0.000736842105263158 0.000736842105263158 0.38871052631579 0.000736842105263158; % l D=0.7
0.00252631578947368 0.000842105263157895 0.000842105263157895 0.000842105263157895 0.35719298245614 0.331368421052632 0.000842105263157895 0.000842105263157895 0.303859649122807 0.000842105263157895; % $ D=0.8
0.000631578947368421 0.000210526315789474 0.996210526315789 0.000210526315789474 0.000631578947368421 0.000842105263157895 0.000210526315789474 0.000210526315789474 0.000631578947368421 0.000210526315789474; % D D=0.8
0.000631578947368421 0.000210526315789474 0.000210526315789474 0.000210526315789474 0.000631578947368421 0.000842105263157895 0.996210526315789 0.000210526315789474 0.000631578947368421 0.000210526315789474; % G D=0.8
0.232894736842105 0.000631578947368421 0.000631578947368421 0.000631578947368421 0.00189473684210526 0.383526315789474 0.000631578947368421 0.000631578947368421 0.377894736842105 0.000631578947368421; % J D=0.8
0.000631578947368421 0.000210526315789474 0.000210526315789474 0.000210526315789474 0.000631578947368421 0.000842105263157895 0.000210526315789474 0.996210526315789 0.000631578947368421 0.000210526315789474; % P D=0.8
0.000631578947368421 0.000210526315789474 0.000210526315789474 0.000210526315789474 0.000631578947368421 0.000842105263157895 0.000210526315789474 0.000210526315789474 0.000631578947368421 0.996210526315789; % Z D=0.8
0.297894736842105 0.000631578947368421 0.000631578947368421 0.000631578947368421 0.347894736842105 0.348526315789474 0.000631578947368421 0.000631578947368421 0.00189473684210526 0.000631578947368421; % d D=0.8
0.000631578947368421 0.000210526315789474 0.000210526315789474 0.996210526315789 0.000631578947368421 0.000842105263157895 0.000210526315789474 0.000210526315789474 0.000631578947368421 0.000210526315789474; % f D=0.8
0.000631578947368421 0.996210526315789 0.000210526315789474 0.000210526315789474 0.000631578947368421 0.000842105263157895 0.000210526315789474 0.000210526315789474 0.000631578947368421 0.000210526315789474; % g D=0.8
0.213526315789474 0.000842105263157895 0.000842105263157895 0.000842105263157895 0.378526315789474 0.0143684210526316 0.000842105263157895 0.000842105263157895 0.388526315789474 0.000842105263157895; % l D=0.8
0.0028421052631579 0.000947368421052632 0.000947368421052632 0.000947368421052632 0.356842105263158 0.331122807017544 0.000947368421052632 0.000947368421052632 0.303508771929825 0.000947368421052632; % $ D=0.9
0.000710526315789474 0.000236842105263158 0.995736842105263 0.000236842105263158 0.000710526315789474 0.000947368421052632 0.000236842105263158 0.000236842105263158 0.000710526315789474 0.000236842105263158; % D D=0.9
0.000710526315789474 0.000236842105263158 0.000236842105263158 0.000236842105263158 0.000710526315789474 0.000947368421052632 0.995736842105263 0.000236842105263158 0.000710526315789474 0.000236842105263158; % G D=0.9
0.232631578947368 0.000710526315789474 0.000710526315789474 0.000710526315789474 0.00213157894736842 0.383342105263158 0.000710526315789474 0.000710526315789474 0.377631578947368 0.000710526315789474; % J D=0.9
0.000710526315789474 0.000236842105263158 0.000236842105263158 0.000236842105263158 0.000710526315789474 0.000947368421052632 0.000236842105263158 0.995736842105263 0.000710526315789474 0.000236842105263158; % P D=0.9
0.000710526315789474 0.000236842105263158 0.000236842105263158 0.000236842105263158 0.000710526315789474 0.000947368421052632 0.000236842105263158 0.000236842105263158 0.000710526315789474 0.995736842105263; % Z D=0.9
0.297631578947368 0.000710526315789474 0.000710526315789474 0.000710526315789474 0.347631578947368 0.348342105263158 0.000710526315789474 0.000710526315789474 0.00213157894736842 0.000710526315789474; % d D=0.9
0.000710526315789474 0.000236842105263158 0.000236842105263158 0.995736842105263 0.000710526315789474 0.000947368421052632 0.000236842105263158 0.000236842105263158 0.000710526315789474 0.000236842105263158; % f D=0.9
0.000710526315789474 0.995736842105263 0.000236842105263158 0.000236842105263158 0.000710526315789474 0.000947368421052632 0.000236842105263158 0.000236842105263158 0.000710526315789474 0.000236842105263158; % g D=0.9
0.213342105263158 0.000947368421052632 0.000947368421052632 0.000947368421052632 0.378342105263158 0.0142894736842105 0.000947368421052632 0.000947368421052632 0.388342105263158 0.000947368421052632; % l D=0.9
0.003 0.001 0.001 0.001 0.356666666666667 0.331 0.001 0.001 0.303333333333333 0.001; % $ D=0.95
0.00075 0.00025 0.9955 0.00025 0.00075 0.001 0.00025 0.00025 0.00075 0.00025; % D D=0.95
0.00075 0.00025 0.00025 0.00025 0.00075 0.001 0.9955 0.00025 0.00075 0.00025; % G D=0.95
0.2325 0.00075 0.00075 0.00075 0.00225 0.38325 0.00075 0.00075 0.3775 0.00075; % J D=0.95
0.00075 0.00025 0.00025 0.00025 0.00075 0.001 0.00025 0.9955 0.00075 0.00025; % P D=0.95
0.00075 0.00025 0.00025 0.00025 0.00075 0.001 0.00025 0.00025 0.00075 0.9955; % Z D=0.95
0.2975 0.00075 0.00075 0.00075 0.3475 0.34825 0.00075 0.00075 0.00225 0.00075; % d D=0.95
0.00075 0.00025 0.00025 0.9955 0.00075 0.001 0.00025 0.00025 0.00075 0.00025; % f D=0.95
0.00075 0.9955 0.00025 0.00025 0.00075 0.001 0.00025 0.00025 0.00075 0.00025; % g D=0.95
0.21325 0.001 0.001 0.001 0.37825 0.01425 0.001 0.001 0.38825 0.001]; % l D=0.95
