syllables = '$FGRZkptvz';
discounts = [0.1 0.2 0.3 0.4 0.5 0.6 0.7 0.8 0.9 0.95];
kn_probs = [0.000285714285714286 9.52380952380953e-05 9.52380952380953e-05 9.52380952380953e-05 9.52380952380953e-05 9.52380952380953e-05 0.299714285714286 0.373047619047619 0.326380952380952 9.52380952380953e-05; % $ D=0.1
7.14285714285714e-05 2.38095238095238e-05 0.99952380952381 2.38095238095238e-05 2.38095238095238e-05 2.38095238095238e-05 9.52380952380952e-05 9.52380952380952e-05 9.52380952380952e-05 2.38095238095238e-05; % F D=0.1
7.14285714285714e-05 2.38095238095238e-05 2.38095238095238e-05 2.38095238095238e-05 2.38095238095238e-05 0.99952380952381 9.52380952380952e-05 9.52380952380952e-05 9.52380952380952e-05 2.38095238095238e-05; % G D=0.1
0.294785714285714 9.52380952380952e-05 9.52380952380952e-05 9.52380952380952e-05 9.52380952380952e-05 9.52380952380952e-05 0.249880952380952 0.244880952380952 0.209880952380952 9.52380952380952e-05; % R D=0.1
0.244785714285714 9.52380952380952e-05 9.52380952380952e-05 9.52380952380952e-05 9.52380952380952e-05 9.52380952380952e-05 0.199880952380952 0.284880952380952 0.269880952380952 9.52380952380952e-05; % Z D=0.1
0.209785714285714 9.52380952380952e-05 9.52380952380952e-05 9.52380952380952e-05 9.52380952380952e-05 9.52380952380952e-05 0.324880952380952 0.189880952380952 0.274880952380952 9.52380952380952e-05; % k D=0.1
7.14285714285714e-05 2.38095238095238e-05 2.38095238095238e-05 2.38095238095238e-05 2.38095238095238e-05 2.38095238095238e-05 9.52380952380952e-05 9.52380952380952e-05 9.52380952380952e-05 0.99952380952381; % p D=0.1
7.14285714285714e-05 0.99952380952381 2.38095238095238e-05 2.38095238095238e-05 2.38095238095238e-05 2.38095238095238e-05 9.52380952380952e-05 9.52380952380952e-05 9.52380952380952e-05 2.38095238095238e-05; % t D=0.1
7.14285714285714e-05 2.38095238095238e-05 2.38095238095238e-05 0.99952380952381 2.38095238095238e-05 2.38095238095238e-05 9.52380952380952e-05 9.52380952380952e-05 9.52380952380952e-05 2.38095238095238e-05; % v D=0.1
7.14285714285714e-05 2.38095238095238e-05 2.38095238095238e-05 2.38095238095238e-05 0.99952380952381 2.38095238095238e-05 9.52380952380952e-05 9.52380952380952e-05 9.52380952380952e-05 2.38095238095238e-05; % z D=0.1
0.000571428571428571 0.000190476190476191 0.000190476190476191 0.000190476190476191 0.000190476190476191 0.000190476190476191 0.299428571428571 0.372761904761905 0.326095238095238 0.000190476190476191; % $ D=0.2
0.000142857142857143 4.76190476190476e-05 0.999047619047619 4.76190476190476e-05 4.76190476190476e-05 4.76190476190476e-05 0.00019047619047619 0.00019047619047619 0.00019047619047619 4.76190476190476e-05; % F D=0.2
0.000142857142857143 4.76190476190476e-05 4.76190476190476e-05 4.76190476190476e-05 4.76190476190476e-05 0.999047619047619 0.00019047619047619 0.00019047619047619 0.00019047619047619 4.76190476190476e-05; % G D=0.2
0.294571428571429 0.00019047619047619 0.00019047619047619 0.00019047619047619 0.00019047619047619 0.00019047619047619 0.249761904761905 0.244761904761905 0.209761904761905 0.00019047619047619; % R D=0.2
0.244571428571429 0.00019047619047619 0.00019047619047619 0.00019047619047619 0.00019047619047619 0.00019047619047619 0.199761904761905 0.284761904761905 0.269761904761905 0.00019047619047619; % Z D=0.2
0.209571428571429 0.00019047619047619 0.00019047619047619 0.00019047619047619 0.00019047619047619 0.00019047619047619 0.324761904761905 0.189761904761905 0.274761904761905 0.00019047619047619; % k D=0.2
0.000142857142857143 4.76190476190476e-05 4.76190476190476e-05 4.76190476190476e-05 4.76190476190476e-05 4.76190476190476e-05 0.00019047619047619 0.00019047619047619 0.00019047619047619 0.999047619047619; % p D=0.2
0.000142857142857143 0.999047619047619 4.76190476190476e-05 4.76190476190476e-05 4.76190476190476e-05 4.76190476190476e-05 0.00019047619047619 0.00019047619047619 0.00019047619047619 4.76190476190476e-05; % t D=0.2
0.000142857142857143 4.76190476190476e-05 4.76190476190476e-05 0.999047619047619 4.76190476190476e-05 4.76190476190476e-05 0.00019047619047619 0.00019047619047619 0.00019047619047619 4.76190476190476e-05; % v D=0.2
0.000142857142857143 4.76190476190476e-05 4.76190476190476e-05 4.76190476190476e-05 0.999047619047619 4.76190476190476e-05 0.00019047619047619 0.00019047619047619 0.00019047619047619 4.76190476190476e-05; % z D=0.2
0.000857142857142857 0.000285714285714286 0.000285714285714286 0.000285714285714286 0.000285714285714286 0.000285714285714286 0.299142857142857 0.372476190476191 0.325809523809524 0.000285714285714286; % $ D=0.3
0.000214285714285714 7.14285714285714e-05 0.998571428571429 7.14285714285714e-05 7.14285714285714e-05 7.14285714285714e-05 0.000285714285714286 0.000285714285714286 0.000285714285714286 7.14285714285714e-05; % F D=0.3
0.000214285714285714 7.14285714285714e-05 7.14285714285714e-05 7.14285714285714e-05 7.14285714285714e-05 0.998571428571429 0.000285714285714286 0.000285714285714286 0.000285714285714286 7.14285714285714e-05; % G D=0.3
0.294357142857143 0.000285714285714286 0.000285714285714286 0.000285714285714286 0.000285714285714286 0.000285714285714286 0.249642857142857 0.244642857142857 0.209642857142857 0.000285714285714286; % R D=0.3
0.244357142857143 0.000285714285714286 0.000285714285714286 0.000285714285714286 0.000285714285714286 0.000285714285714286 0.199642857142857 0.284642857142857 0.269642857142857 0.000285714285714286; % Z D=0.3
0.209357142857143 0.000285714285714286 0.000285714285714286 0.000285714285714286 0.000285714285714286 0.000285714285714286 0.324642857142857 0.189642857142857 0.274642857142857 0.000285714285714286; % k D=0.3
0.000214285714285714 7.14285714285714e-05 7.14285714285714e-05 7.14285714285714e-05 7.14285714285714e-05 7.14285714285714e-05 0.000285714285714286 0.000285714285714286 0.000285714285714286 0.998571428571429; % p D=0.3
0.000214285714285714 0.998571428571429 7.14285714285714e-05 7.14285714285714e-05 7.14285714285714e-05 7.14285714285714e-05 0.000285714285714286 0.000285714285714286 0.000285714285714286 7.14285714285714e-05; % t D=0.3
0.000214285714285714 7.14285714285714e-05 7.14285714285714e-05 0.998571428571429 7.14285714285714e-05 7.14285714285714e-05 0.000285714285714286 0.000285714285714286 0.000285714285714286 7.14285714285714e-05; % v D=0.3
0.000214285714285714 7.14285714285714e-05 7.14285714285714e-05 7.14285714285714e-05 0.998571428571429 7.14285714285714e-05 0.000285714285714286 0.000285714285714286 0.000285714285714286 7.14285714285714e-05; % z D=0.3
0.00114285714285714 0.000380952380952381 0.000380952380952381 0.000380952380952381 0.000380952380952381 0.000380952380952381 0.298857142857143 0.372190476190476 0.32552380952381 0.000380952380952381; % $ D=0.4
0.000285714285714286 9.52380952380952e-05 0.998095238095238 9.52380952380952e-05 9.52380952380952e-05 9.52380952380952e-05 0.000380952380952381 0.000380952380952381 0.000380952380952381 9.52380952380952e-05; % F D=0.4
0.000285714285714286 9.52380952380952e-05 9.52380952380952e-05 9.52380952380952e-05 9.52380952380952e-05 0.998095238095238 0.000380952380952381 0.000380952380952381 0.000380952380952381 9.52380952380952e-05; % G D=0.4
0.294142857142857 0.000380952380952381 0.000380952380952381 0.000380952380952381 0.000380952380952381 0.000380952380952381 0.24952380952381 0.24452380952381 0.20952380952381 0.000380952380952381; % R D=0.4
0.244142857142857 0.000380952380952381 0.000380952380952381 0.000380952380952381 0.000380952380952381 0.000380952380952381 0.19952380952381 0.28452380952381 0.26952380952381 0.000380952380952381; % Z D=0.4
0.209142857142857 0.000380952380952381 0.000380952380952381 0.000380952380952381 0.000380952380952381 0.000380952380952381 0.324523809523809 0.18952380952381 0.27452380952381 0.000380952380952381; % k D=0.4
0.000285714285714286 9.52380952380952e-05 9.52380952380952e-05 9.52380952380952e-05 9.52380952380952e-05 9.52380952380952e-05 0.000380952380952381 0.000380952380952381 0.000380952380952381 0.998095238095238; % p D=0.4
0.000285714285714286 0.998095238095238 9.52380952380952e-05 9.52380952380952e-05 9.52380952380952e-05 9.52380952380952e-05 0.000380952380952381 0.000380952380952381 0.000380952380952381 9.52380952380952e-05; % t D=0.4
0.000285714285714286 9.52380952380952e-05 9.52380952380952e-05 0.998095238095238 9.52380952380952e-05 9.52380952380952e-05 0.000380952380952381 0.000380952380952381 0.000380952380952381 9.52380952380952e-05; % v D=0.4
0.000285714285714286 9.52380952380952e-05 9.52380952380952e-05 9.52380952380952e-05 0.998095238095238 9.52380952380952e-05 0.000380952380952381 0.000380952380952381 0.000380952380952381 9.52380952380952e-05; % z D=0.4
0.00142857142857143 0.000476190476190476 0.000476190476190476 0.000476190476190476 0.000476190476190476 0.000476190476190476 0.298571428571429 0.371904761904762 0.325238095238095 0.000476190476190476; % $ D=0.5
0.000357142857142857 0.000119047619047619 0.997619047619048 0.000119047619047619 0.000119047619047619 0.000119047619047619 0.000476190476190476 0.000476190476190476 0.000476190476190476 0.000119047619047619; % F D=0.5
0.000357142857142857 0.000119047619047619 0.000119047619047619 0.000119047619047619 0.000119047619047619 0.997619047619048 0.000476190476190476 0.000476190476190476 0.000476190476190476 0.000119047619047619; % G D=0.5
0.293928571428571 0.000476190476190476 0.000476190476190476 0.000476190476190476 0.000476190476190476 0.000476190476190476 0.249404761904762 0.244404761904762 0.209404761904762 0.000476190476190476; % R D=0.5
0.243928571428571 0.000476190476190476 0.000476190476190476 0.000476190476190476 0.000476190476190476 0.000476190476190476 0.199404761904762 0.284404761904762 0.269404761904762 0.000476190476190476; % Z D=0.5
0.208928571428571 0.000476190476190476 0.000476190476190476 0.000476190476190476 0.000476190476190476 0.000476190476190476 0.324404761904762 0.189404761904762 0.274404761904762 0.000476190476190476; % k D=0.5
0.000357142857142857 0.000119047619047619 0.000119047619047619 0.000119047619047619 0.000119047619047619 0.000119047619047619 0.000476190476190476 0.000476190476190476 0.000476190476190476 0.997619047619048; % p D=0.5
0.000357142857142857 0.997619047619048 0.000119047619047619 0.000119047619047619 0.000119047619047619 0.000119047619047619 0.000476190476190476 0.000476190476190476 0.000476190476190476 0.000119047619047619; % t D=0.5
0.000357142857142857 0.000119047619047619 0.000119047619047619 0.997619047619048 0.000119047619047619 0.000119047619047619 0.000476190476190476 0.000476190476190476 0.000476190476190476 0.000119047619047619; % v D=0.5
0.000357142857142857 0.000119047619047619 0.000119047619047619 0.000119047619047619 0.997619047619048 0.000119047619047619 0.000476190476190476 0.000476190476190476 0.000476190476190476 0.000119047619047619; % z D=0.5
0.00171428571428571 0.000571428571428571 0.000571428571428571 0.000571428571428571 0.000571428571428571 0.000571428571428571 0.298285714285714 0.371619047619048 0.324952380952381 0.000571428571428571; % $ D=0.6
0.000428571428571429 0.000142857142857143 0.997142857142857 0.000142857142857143 0.000142857142857143 0.000142857142857143 0.000571428571428571 0.000571428571428571 0.000571428571428571 0.000142857142857143; % F D=0.6
0.000428571428571429 0.000142857142857143 0.000142857142857143 0.000142857142857143 0.000142857142857143 0.997142857142857 0.000571428571428571 0.000571428571428571 0.000571428571428571 0.000142857142857143; % G D=0.6
0.293714285714286 0.000571428571428571 0.000571428571428571 0.000571428571428571 0.000571428571428571 0.000571428571428571 0.249285714285714 0.244285714285714 0.209285714285714 0.000571428571428571; % R D=0.6
0.243714285714286 0.000571428571428571 0.000571428571428571 0.000571428571428571 0.000571428571428571 0.000571428571428571 0.199285714285714 0.284285714285714 0.269285714285714 0.000571428571428571; % Z D=0.6
0.208714285714286 0.000571428571428571 0.000571428571428571 0.000571428571428571 0.000571428571428571 0.000571428571428571 0.324285714285714 0.189285714285714 0.274285714285714 0.000571428571428571; % k D=0.6
0.000428571428571429 0.000142857142857143 0.000142857142857143 0.000142857142857143 0.000142857142857143 0.000142857142857143 0.000571428571428571 0.000571428571428571 0.000571428571428571 0.997142857142857; % p D=0.6
0.000428571428571429 0.997142857142857 0.000142857142857143 0.000142857142857143 0.000142857142857143 0.000142857142857143 0.000571428571428571 0.000571428571428571 0.000571428571428571 0.000142857142857143; % t D=0.6
0.000428571428571429 0.000142857142857143 0.000142857142857143 0.997142857142857 0.000142857142857143 0.000142857142857143 0.000571428571428571 0.000571428571428571 0.000571428571428571 0.000142857142857143; % v D=0.6
0.000428571428571429 0.000142857142857143 0.000142857142857143 0.000142857142857143 0.997142857142857 0.000142857142857143 0.000571428571428571 0.000571428571428571 0.000571428571428571 0.000142857142857143; % z D=0.6
0.002 0.000666666666666667 0.000666666666666667 0.000666666666666667 0.000666666666666667 0.000666666666666667 0.298 0.371333333333333 0.324666666666667 0.000666666666666667; % $ D=0.7
0.0005 0.000166666666666667 0.996666666666667 0.000166666666666667 0.000166666666666667 0.000166666666666667 0.000666666666666667 0.000666666666666667 0.000666666666666667 0.000166666666666667; % F D=0.7
0.0005 0.000166666666666667 0.000166666666666667 0.000166666666666667 0.000166666666666667 0.996666666666667 0.000666666666666667 0.000666666666666667 0.000666666666666667 0.000166666666666667; % G D=0.7
0.2935 0.000666666666666667 0.000666666666666667 0.000666666666666667 0.000666666666666667 0.000666666666666667 0.249166666666667 0.244166666666667 0.209166666666667 0.000666666666666667; % R D=0.7
0.2435 0.000666666666666667 0.000666666666666667 0.000666666666666667 0.000666666666666667 0.000666666666666667 0.199166666666667 0.284166666666667 0.269166666666667 0.000666666666666667; % Z D=0.7
0.2085 0.000666666666666667 0.000666666666666667 0.000666666666666667 0.000666666666666667 0.000666666666666667 0.324166666666667 0.189166666666667 0.274166666666667 0.000666666666666667; % k D=0.7
0.0005 0.000166666666666667 0.000166666666666667 0.000166666666666667 0.000166666666666667 0.000166666666666667 0.000666666666666667 0.000666666666666667 0.000666666666666667 0.996666666666667; % p D=0.7
0.0005 0.996666666666667 0.000166666666666667 0.000166666666666667 0.000166666666666667 0.000166666666666667 0.000666666666666667 0.000666666666666667 0.000666666666666667 0.000166666666666667; % t D=0.7
0.0005 0.000166666666666667 0.000166666666666667 0.996666666666667 0.000166666666666667 0.000166666666666667 0.000666666666666667 0.000666666666666667 0.000666666666666667 0.000166666666666667; % v D=0.7
0.0005 0.000166666666666667 0.000166666666666667 0.000166666666666667 0.996666666666667 0.000166666666666667 0.000666666666666667 0.000666666666666667 0.000666666666666667 0.000166666666666667; % z D=0.7
0.00228571428571429 0.000761904761904762 0.000761904761904762 0.000761904761904762 0.000761904761904762 0.000761904761904762 0.297714285714286 0.371047619047619 0.324380952380952 0.000761904761904762; % $ D=0.8
0.000571428571428571 0.00019047619047619 0.996190476190476 0.00019047619047619 0.00019047619047619 0.00019047619047619 0.000761904761904762 0.000761904761904762 0.000761904761904762 0.00019047619047619; % F D=0.8
0.000571428571428571 0.00019047619047619 0.00019047619047619 0.00019047619047619 0.00019047619047619 0.996190476190476 0.000761904761904762 0.000761904761904762 0.000761904761904762 0.00019047619047619; % G D=0.8
0.293285714285714 0.000761904761904762 0.000761904761904762 0.000761904761904762 0.000761904761904762 0.000761904761904762 0.249047619047619 0.244047619047619 0.209047619047619 0.000761904761904762; % R D=0.8
0.243285714285714 0.000761904761904762 0.000761904761904762 0.000761904761904762 0.000761904761904762 0.000761904761904762 0.199047619047619 0.284047619047619 0.269047619047619 0.000761904761904762; % Z D=0.8
0.208285714285714 0.000761904761904762 0.000761904761904762 0.000761904761904762 0.000761904761904762 0.000761904761904762 0.324047619047619 0.189047619047619 0.274047619047619 0.000761904761904762; % k D=0.8
0.000571428571428571 0.00019047619047619 0.00019047619047619 0.00019047619047619 0.00019047619047619 0.00019047619047619 0.000761904761904762 0.000761904761904762 0.000761904761904762 0.996190476190476; % p D=0.8
0.000571428571428571 0.996190476190476 0.00019047619047619 0.00019047619047619 0.00019047619047619 0.00019047619047619 0.000761904761904762 0.000761904761904762 0.000761904761904762 0.00019047619047619; % t D=0.8
0.000571428571428571 0.00019047619047619 0.00019047619047619 0.996190476190476 0.00019047619047619 0.00019047619047619 0.000761904761904762 0.000761904761904762 0.000761904761904762 0.00019047619047619; % v D=0.8
0.000571428571428571 0.00019047619047619 0.00019047619047619 0.00019047619047619 0.996190476190476 0.00019047619047619 0.000761904761904762 0.000761904761904762 0.000761904761904762 0.00019047619047619; % z D=0.8
0.00257142857142857 0.000857142857142857 0.000857142857142857 0.000857142857142857 0.000857142857142857 0.000857142857142857 0.297428571428571 0.370761904761905 0.324095238095238 0.000857142857142857; % $ D=0.9
0.000642857142857143 0.000214285714285714 0.995714285714286 0.000214285714285714 0.000214285714285714 0.000214285714285714 0.000857142857142857 0.000857142857142857 0.000857142857142857 0.000214285714285714; % F D=0.9
0.000642857142857143 0.000214285714285714 0.000214285714285714 0.000214285714285714 0.000214285714285714 0.995714285714286 0.000857142857142857 0.000857142857142857 0.000857142857142857 0.000214285714285714; % G D=0.9
0.293071428571429 0.000857142857142857 0.000857142857142857 0.000857142857142857 0.000857142857142857 0.000857142857142857 0.248928571428571 0.243928571428571 0.208928571428571 0.000857142857142857; % R D=0.9
0.243071428571429 0.000857142857142857 0.000857142857142857 0.000857142857142857 0.000857142857142857 0.000857142857142857 0.198928571428571 0.283928571428571 0.268928571428571 0.000857142857142857; % Z D=0.9
0.208071428571429 0.000857142857142857 0.000857142857142857 0.000857142857142857 0.000857142857142857 0.000857142857142857 0.323928571428571 0.188928571428571 0.273928571428571 0.000857142857142857; % k D=0.9
0.000642857142857143 0.000214285714285714 0.000214285714285714 0.000214285714285714 0.000214285714285714 0.000214285714285714 0.000857142857142857 0.000857142857142857 0.000857142857142857 0.995714285714286; % p D=0.9
0.000642857142857143 0.995714285714286 0.000214285714285714 0.000214285714285714 0.000214285714285714 0.000214285714285714 0.000857142857142857 0.000857142857142857 0.000857142857142857 0.000214285714285714; % t D=0.9
0.000642857142857143 0.000214285714285714 0.000214285714285714 0.995714285714286 0.000214285714285714 0.000214285714285714 0.000857142857142857 0.000857142857142857 0.000857142857142857 0.000214285714285714; % v D=0.9
0.000642857142857143 0.000214285714285714 0.000214285714285714 0.000214285714285714 0.995714285714286 0.000214285714285714 0.000857142857142857 0.000857142857142857 0.000857142857142857 0.000214285714285714; % z D=0.9
0.00271428571428571 0.000904761904761905 0.000904761904761905 0.000904761904761905 0.000904761904761905 0.000904761904761905 0.297285714285714 0.370619047619048 0.323952380952381 0.000904761904761905; % $ D=0.95
0.000678571428571428 0.000226190476190476 0.995476190476191 0.000226190476190476 0.000226190476190476 0.000226190476190476 0.000904761904761905 0.000904761904761905 0.000904761904761905 0.000226190476190476; % F D=0.95
0.000678571428571428 0.000226190476190476 0.000226190476190476 0.000226190476190476 0.000226190476190476 0.995476190476191 0.000904761904761905 0.000904761904761905 0.000904761904761905 0.000226190476190476; % G D=0.95
0.292964285714286 0.000904761904761905 0.000904761904761905 0.000904761904761905 0.000904761904761905 0.000904761904761905 0.248869047619048 0.243869047619048 0.208869047619048 0.000904761904761905; % R D=0.95
0.242964285714286 0.000904761904761905 0.000904761904761905 0.000904761904761905 0.000904761904761905 0.000904761904761905 0.198869047619048 0.283869047619048 0.268869047619048 0.000904761904761905; % Z D=0.95
0.207964285714286 0.000904761904761905 0.000904761904761905 0.000904761904761905 0.000904761904761905 0.000904761904761905 0.323869047619048 0.188869047619048 0.273869047619048 0.000904761904761905; % k D=0.95
0.000678571428571428 0.000226190476190476 0.000226190476190476 0.000226190476190476 0.000226190476190476 0.000226190476190476 0.000904761904761905 0.000904761904761905 0.000904761904761905 0.995476190476191; % p D=0.95
0.000678571428571428 0.995476190476191 0.000226190476190476 0.000226190476190476 0.000226190476190476 0.000226190476190476 0.000904761904761905 0.000904761904761905 0.000904761904761905 0.000226190476190476; % t D=0.95
0.000678571428571428 0.000226190476190476 0.000226190476190476 0.995476190476191 0.000226190476190476 0.000226190476190476 0.000904761904761905 0.000904761904761905 0.000904761904761905 0.000226190476190476; % v D=0.95
0.000678571428571428 0.000226190476190476 0.000226190476190476 0.000226190476190476 0.995476190476191 0.000226190476190476 0.000904761904761905 0.000904761904761905 0.000904761904761905 0.000226190476190476]; % z D=0.95
