syllables = '$BFGKLPRTZfmnpv';
discounts = [0.1 0.2 0.3 0.4 0.5 0.6 0.7 0.8 0.9 0.95];
kn_probs = [0.000416666666666667 0.2065 8.33333333333333e-05 0.213083333333333 8.33333333333333e-05 8.33333333333333e-05 0.193083333333333 8.33333333333333e-05 8.33333333333333e-05 8.33333333333333e-05 8.33333333333333e-05 0.193083333333333 8.33333333333333e-05 0.193083333333333 8.33333333333333e-05; % $ D=0.1
0.000104166666666667 0.000125 2.08333333333333e-05 0.000104166666666667 2.08333333333333e-05 2.08333333333333e-05 0.000104166666666667 2.08333333333333e-05 2.08333333333333e-05 0.9991875 2.08333333333333e-05 0.000104166666666667 2.08333333333333e-05 0.000104166666666667 2.08333333333333e-05; % B D=0.1
0.000104166666666667 0.000125 2.08333333333333e-05 0.000104166666666667 0.9991875 2.08333333333333e-05 0.000104166666666667 2.08333333333333e-05 2.08333333333333e-05 2.08333333333333e-05 2.08333333333333e-05 0.000104166666666667 2.08333333333333e-05 0.000104166666666667 2.08333333333333e-05; % F D=0.1
0.000104166666666667 0.000125 2.08333333333333e-05 0.000104166666666667 2.08333333333333e-05 2.08333333333333e-05 0.000104166666666667 2.08333333333333e-05 2.08333333333333e-05 2.08333333333333e-05 2.08333333333333e-05 0.000104166666666667 0.9991875 0.000104166666666667 2.08333333333333e-05; % G D=0.1
0.174791666666667 0.0249166666666667 0.000125 0.183125 0.000125 0.000125 0.199791666666667 0.000125 0.000125 0.000125 0.000125 0.208125 0.000125 0.208125 0.000125; % K D=0.1
0.2246875 0.199791666666667 0.000104166666666667 0.191354166666667 0.000104166666666667 0.000104166666666667 0.1746875 0.000104166666666667 0.000104166666666667 0.000104166666666667 0.000104166666666667 0.208020833333333 0.000104166666666667 0.000520833333333333 0.000104166666666667; % L D=0.1
0.000104166666666667 0.000125 2.08333333333333e-05 0.000104166666666667 2.08333333333333e-05 2.08333333333333e-05 0.000104166666666667 2.08333333333333e-05 0.9991875 2.08333333333333e-05 2.08333333333333e-05 0.000104166666666667 2.08333333333333e-05 0.000104166666666667 2.08333333333333e-05; % P D=0.1
0.216354166666667 0.191458333333333 0.000104166666666667 0.158020833333333 0.000104166666666667 0.000104166666666667 0.2246875 0.000104166666666667 0.000104166666666667 0.000104166666666667 0.000104166666666667 0.000520833333333333 0.000104166666666667 0.208020833333333 0.000104166666666667; % R D=0.1
0.000104166666666667 0.000125 2.08333333333333e-05 0.000104166666666667 2.08333333333333e-05 2.08333333333333e-05 0.000104166666666667 2.08333333333333e-05 2.08333333333333e-05 2.08333333333333e-05 2.08333333333333e-05 0.000104166666666667 2.08333333333333e-05 0.000104166666666667 0.9991875; % T D=0.1
0.000104166666666667 0.000125 0.9991875 0.000104166666666667 2.08333333333333e-05 2.08333333333333e-05 0.000104166666666667 2.08333333333333e-05 2.08333333333333e-05 2.08333333333333e-05 2.08333333333333e-05 0.000104166666666667 2.08333333333333e-05 0.000104166666666667 2.08333333333333e-05; % Z D=0.1
0.308020833333333 0.199791666666667 0.000104166666666667 0.000520833333333333 0.000104166666666667 0.000104166666666667 0.158020833333333 0.000104166666666667 0.000104166666666667 0.000104166666666667 0.000104166666666667 0.1746875 0.000104166666666667 0.158020833333333 0.000104166666666667; % f D=0.1
0.000104166666666667 0.000125 2.08333333333333e-05 0.000104166666666667 2.08333333333333e-05 2.08333333333333e-05 0.000104166666666667 0.9991875 2.08333333333333e-05 2.08333333333333e-05 2.08333333333333e-05 0.000104166666666667 2.08333333333333e-05 0.000104166666666667 2.08333333333333e-05; % m D=0.1
0.000104166666666667 0.000125 2.08333333333333e-05 0.000104166666666667 2.08333333333333e-05 2.08333333333333e-05 0.000104166666666667 2.08333333333333e-05 2.08333333333333e-05 2.08333333333333e-05 0.9991875 0.000104166666666667 2.08333333333333e-05 0.000104166666666667 2.08333333333333e-05; % n D=0.1
0.000104166666666667 0.000125 2.08333333333333e-05 0.000104166666666667 2.08333333333333e-05 0.9991875 0.000104166666666667 2.08333333333333e-05 2.08333333333333e-05 2.08333333333333e-05 2.08333333333333e-05 0.000104166666666667 2.08333333333333e-05 0.000104166666666667 2.08333333333333e-05; % p D=0.1
0.3246875 0.124791666666667 0.000104166666666667 0.1996875 0.000104166666666667 0.000104166666666667 0.000520833333333333 0.000104166666666667 0.000104166666666667 0.000104166666666667 0.000104166666666667 0.166354166666667 0.000104166666666667 0.183020833333333 0.000104166666666667; % v D=0.1
0.000833333333333333 0.206333333333333 0.000166666666666667 0.212833333333333 0.000166666666666667 0.000166666666666667 0.192833333333333 0.000166666666666667 0.000166666666666667 0.000166666666666667 0.000166666666666667 0.192833333333333 0.000166666666666667 0.192833333333333 0.000166666666666667; % $ D=0.2
0.000208333333333333 0.00025 4.16666666666667e-05 0.000208333333333333 4.16666666666667e-05 4.16666666666667e-05 0.000208333333333333 4.16666666666667e-05 4.16666666666667e-05 0.998375 4.16666666666667e-05 0.000208333333333333 4.16666666666667e-05 0.000208333333333333 4.16666666666667e-05; % B D=0.2
0.000208333333333333 0.00025 4.16666666666667e-05 0.000208333333333333 0.998375 4.16666666666667e-05 0.000208333333333333 4.16666666666667e-05 4.16666666666667e-05 4.16666666666667e-05 4.16666666666667e-05 0.000208333333333333 4.16666666666667e-05 0.000208333333333333 4.16666666666667e-05; % F D=0.2
0.000208333333333333 0.00025 4.16666666666667e-05 0.000208333333333333 4.16666666666667e-05 4.16666666666667e-05 0.000208333333333333 4.16666666666667e-05 4.16666666666667e-05 4.16666666666667e-05 4.16666666666667e-05 0.000208333333333333 0.998375 0.000208333333333333 4.16666666666667e-05; % G D=0.2
0.174583333333333 0.0248333333333333 0.00025 0.182916666666667 0.00025 0.00025 0.199583333333333 0.00025 0.00025 0.00025 0.00025 0.207916666666667 0.00025 0.207916666666667 0.00025; % K D=0.2
0.224375 0.199583333333333 0.000208333333333333 0.191041666666667 0.000208333333333333 0.000208333333333333 0.174375 0.000208333333333333 0.000208333333333333 0.000208333333333333 0.000208333333333333 0.207708333333333 0.000208333333333333 0.00104166666666667 0.000208333333333333; % L D=0.2
0.000208333333333333 0.00025 4.16666666666667e-05 0.000208333333333333 4.16666666666667e-05 4.16666666666667e-05 0.000208333333333333 4.16666666666667e-05 0.998375 4.16666666666667e-05 4.16666666666667e-05 0.000208333333333333 4.16666666666667e-05 0.000208333333333333 4.16666666666667e-05; % P D=0.2
0.216041666666667 0.19125 0.000208333333333333 0.157708333333333 0.000208333333333333 0.000208333333333333 0.224375 0.000208333333333333 0.000208333333333333 0.000208333333333333 0.000208333333333333 0.00104166666666667 0.000208333333333333 0.207708333333333 0.000208333333333333; % R D=0.2
0.000208333333333333 0.00025 4.16666666666667e-05 0.000208333333333333 4.16666666666667e-05 4.16666666666667e-05 0.000208333333333333 4.16666666666667e-05 4.16666666666667e-05 4.16666666666667e-05 4.16666666666667e-05 0.000208333333333333 4.16666666666667e-05 0.000208333333333333 0.998375; % T D=0.2
0.000208333333333333 0.00025 0.998375 0.000208333333333333 4.16666666666667e-05 4.16666666666667e-05 0.000208333333333333 4.16666666666667e-05 4.16666666666667e-05 4.16666666666667e-05 4.16666666666667e-05 0.000208333333333333 4.16666666666667e-05 0.000208333333333333 4.16666666666667e-05; % Z D=0.2
0.307708333333333 0.199583333333333 0.000208333333333333 0.00104166666666667 0.000208333333333333 0.000208333333333333 0.157708333333333 0.000208333333333333 0.000208333333333333 0.000208333333333333 0.000208333333333333 0.174375 0.000208333333333333 0.157708333333333 0.000208333333333333; % f D=0.2
0.000208333333333333 0.00025 4.16666666666667e-05 0.000208333333333333 4.16666666666667e-05 4.16666666666667e-05 0.000208333333333333 0.998375 4.16666666666667e-05 4.16666666666667e-05 4.16666666666667e-05 0.000208333333333333 4.16666666666667e-05 0.000208333333333333 4.16666666666667e-05; % m D=0.2
0.000208333333333333 0.00025 4.16666666666667e-05 0.000208333333333333 4.16666666666667e-05 4.16666666666667e-05 0.000208333333333333 4.16666666666667e-05 4.16666666666667e-05 4.16666666666667e-05 0.998375 0.000208333333333333 4.16666666666667e-05 0.000208333333333333 4.16666666666667e-05; % n D=0.2
0.000208333333333333 0.00025 4.16666666666667e-05 0.000208333333333333 4.16666666666667e-05 0.998375 0.000208333333333333 4.16666666666667e-05 4.16666666666667e-05 4.16666666666667e-05 4.16666666666667e-05 0.000208333333333333 4.16666666666667e-05 0.000208333333333333 4.16666666666667e-05; % p D=0.2
0.324375 0.124583333333333 0.000208333333333333 0.199375 0.000208333333333333 0.000208333333333333 0.00104166666666667 0.000208333333333333 0.000208333333333333 0.000208333333333333 0.000208333333333333 0.166041666666667 0.000208333333333333 0.182708333333333 0.000208333333333333; % v D=0.2
0.00125 0.206166666666667 0.00025 0.212583333333333 0.00025 0.00025 0.192583333333333 0.00025 0.00025 0.00025 0.00025 0.192583333333333 0.00025 0.192583333333333 0.00025; % $ D=0.3
0.0003125 0.000375 6.25e-05 0.0003125 6.25e-05 6.25e-05 0.0003125 6.25e-05 6.25e-05 0.9975625 6.25e-05 0.0003125 6.25e-05 0.0003125 6.25e-05; % B D=0.3
0.0003125 0.000375 6.25e-05 0.0003125 0.9975625 6.25e-05 0.0003125 6.25e-05 6.25e-05 6.25e-05 6.25e-05 0.0003125 6.25e-05 0.0003125 6.25e-05; % F D=0.3
0.0003125 0.000375 6.25e-05 0.0003125 6.25e-05 6.25e-05 0.0003125 6.25e-05 6.25e-05 6.25e-05 6.25e-05 0.0003125 0.9975625 0.0003125 6.25e-05; % G D=0.3
0.174375 0.02475 0.000375 0.182708333333333 0.000375 0.000375 0.199375 0.000375 0.000375 0.000375 0.000375 0.207708333333333 0.000375 0.207708333333333 0.000375; % K D=0.3
0.2240625 0.199375 0.0003125 0.190729166666667 0.0003125 0.0003125 0.1740625 0.0003125 0.0003125 0.0003125 0.0003125 0.207395833333333 0.0003125 0.0015625 0.0003125; % L D=0.3
0.0003125 0.000375 6.25e-05 0.0003125 6.25e-05 6.25e-05 0.0003125 6.25e-05 0.9975625 6.25e-05 6.25e-05 0.0003125 6.25e-05 0.0003125 6.25e-05; % P D=0.3
0.215729166666667 0.191041666666667 0.0003125 0.157395833333333 0.0003125 0.0003125 0.2240625 0.0003125 0.0003125 0.0003125 0.0003125 0.0015625 0.0003125 0.207395833333333 0.0003125; % R D=0.3
0.0003125 0.000375 6.25e-05 0.0003125 6.25e-05 6.25e-05 0.0003125 6.25e-05 6.25e-05 6.25e-05 6.25e-05 0.0003125 6.25e-05 0.0003125 0.9975625; % T D=0.3
0.0003125 0.000375 0.9975625 0.0003125 6.25e-05 6.25e-05 0.0003125 6.25e-05 6.25e-05 6.25e-05 6.25e-05 0.0003125 6.25e-05 0.0003125 6.25e-05; % Z D=0.3
0.307395833333333 0.199375 0.0003125 0.0015625 0.0003125 0.0003125 0.157395833333333 0.0003125 0.0003125 0.0003125 0.0003125 0.1740625 0.0003125 0.157395833333333 0.0003125; % f D=0.3
0.0003125 0.000375 6.25e-05 0.0003125 6.25e-05 6.25e-05 0.0003125 0.9975625 6.25e-05 6.25e-05 6.25e-05 0.0003125 6.25e-05 0.0003125 6.25e-05; % m D=0.3
0.0003125 0.000375 6.25e-05 0.0003125 6.25e-05 6.25e-05 0.0003125 6.25e-05 6.25e-05 6.25e-05 0.9975625 0.0003125 6.25e-05 0.0003125 6.25e-05; % n D=0.3
0.0003125 0.000375 6.25e-05 0.0003125 6.25e-05 0.9975625 0.0003125 6.25e-05 6.25e-05 6.25e-05 6.25e-05 0.0003125 6.25e-05 0.0003125 6.25e-05; % p D=0.3
0.3240625 0.124375 0.0003125 0.1990625 0.0003125 0.0003125 0.0015625 0.0003125 0.0003125 0.0003125 0.0003125 0.165729166666667 0.0003125 0.182395833333333 0.0003125; % v D=0.3
0.00166666666666667 0.206 0.000333333333333333 0.212333333333333 0.000333333333333333 0.000333333333333333 0.192333333333333 0.000333333333333333 0.000333333333333333 0.000333333333333333 0.000333333333333333 0.192333333333333 0.000333333333333333 0.192333333333333 0.000333333333333333; % $ D=0.4
0.000416666666666667 0.0005 8.33333333333333e-05 0.000416666666666667 8.33333333333333e-05 8.33333333333333e-05 0.000416666666666667 8.33333333333333e-05 8.33333333333333e-05 0.99675 8.33333333333333e-05 0.000416666666666667 8.33333333333333e-05 0.000416666666666667 8.33333333333333e-05; % B D=0.4
0.000416666666666667 0.0005 8.33333333333333e-05 0.000416666666666667 0.99675 8.33333333333333e-05 0.000416666666666667 8.33333333333333e-05 8.33333333333333e-05 8.33333333333333e-05 8.33333333333333e-05 0.000416666666666667 8.33333333333333e-05 0.000416666666666667 8.33333333333333e-05; % F D=0.4
0.000416666666666667 0.0005 8.33333333333333e-05 0.000416666666666667 8.33333333333333e-05 8.33333333333333e-05 0.000416666666666667 8.33333333333333e-05 8.33333333333333e-05 8.33333333333333e-05 8.33333333333333e-05 0.000416666666666667 0.99675 0.000416666666666667 8.33333333333333e-05; % G D=0.4
0.174166666666667 0.0246666666666667 0.0005 0.1825 0.0005 0.0005 0.199166666666667 0.0005 0.0005 0.0005 0.0005 0.2075 0.0005 0.2075 0.0005; % K D=0.4
0.22375 0.199166666666667 0.000416666666666667 0.190416666666667 0.000416666666666667 0.000416666666666667 0.17375 0.000416666666666667 0.000416666666666667 0.000416666666666667 0.000416666666666667 0.207083333333333 0.000416666666666667 0.00208333333333333 0.000416666666666667; % L D=0.4
0.000416666666666667 0.0005 8.33333333333333e-05 0.000416666666666667 8.33333333333333e-05 8.33333333333333e-05 0.000416666666666667 8.33333333333333e-05 0.99675 8.33333333333333e-05 8.33333333333333e-05 0.000416666666666667 8.33333333333333e-05 0.000416666666666667 8.33333333333333e-05; % P D=0.4
0.215416666666667 0.190833333333333 0.000416666666666667 0.157083333333333 0.000416666666666667 0.000416666666666667 0.22375 0.000416666666666667 0.000416666666666667 0.000416666666666667 0.000416666666666667 0.00208333333333333 0.000416666666666667 0.207083333333333 0.000416666666666667; % R D=0.4
0.000416666666666667 0.0005 8.33333333333333e-05 0.000416666666666667 8.33333333333333e-05 8.33333333333333e-05 0.000416666666666667 8.33333333333333e-05 8.33333333333333e-05 8.33333333333333e-05 8.33333333333333e-05 0.000416666666666667 8.33333333333333e-05 0.000416666666666667 0.99675; % T D=0.4
0.000416666666666667 0.0005 0.99675 0.000416666666666667 8.33333333333333e-05 8.33333333333333e-05 0.000416666666666667 8.33333333333333e-05 8.33333333333333e-05 8.33333333333333e-05 8.33333333333333e-05 0.000416666666666667 8.33333333333333e-05 0.000416666666666667 8.33333333333333e-05; % Z D=0.4
0.307083333333333 0.199166666666667 0.000416666666666667 0.00208333333333333 0.000416666666666667 0.000416666666666667 0.157083333333333 0.000416666666666667 0.000416666666666667 0.000416666666666667 0.000416666666666667 0.17375 0.000416666666666667 0.157083333333333 0.000416666666666667; % f D=0.4
0.000416666666666667 0.0005 8.33333333333333e-05 0.000416666666666667 8.33333333333333e-05 8.33333333333333e-05 0.000416666666666667 0.99675 8.33333333333333e-05 8.33333333333333e-05 8.33333333333333e-05 0.000416666666666667 8.33333333333333e-05 0.000416666666666667 8.33333333333333e-05; % m D=0.4
0.000416666666666667 0.0005 8.33333333333333e-05 0.000416666666666667 8.33333333333333e-05 8.33333333333333e-05 0.000416666666666667 8.33333333333333e-05 8.33333333333333e-05 8.33333333333333e-05 0.99675 0.000416666666666667 8.33333333333333e-05 0.000416666666666667 8.33333333333333e-05; % n D=0.4
0.000416666666666667 0.0005 8.33333333333333e-05 0.000416666666666667 8.33333333333333e-05 0.99675 0.000416666666666667 8.33333333333333e-05 8.33333333333333e-05 8.33333333333333e-05 8.33333333333333e-05 0.000416666666666667 8.33333333333333e-05 0.000416666666666667 8.33333333333333e-05; % p D=0.4
0.32375 0.124166666666667 0.000416666666666667 0.19875 0.000416666666666667 0.000416666666666667 0.00208333333333333 0.000416666666666667 0.000416666666666667 0.000416666666666667 0.000416666666666667 0.165416666666667 0.000416666666666667 0.182083333333333 0.000416666666666667; % v D=0.4
0.00208333333333333 0.205833333333333 0.000416666666666667 0.212083333333333 0.000416666666666667 0.000416666666666667 0.192083333333333 0.000416666666666667 0.000416666666666667 0.000416666666666667 0.000416666666666667 0.192083333333333 0.000416666666666667 0.192083333333333 0.000416666666666667; % $ D=0.5
0.000520833333333333 0.000625 0.000104166666666667 0.000520833333333333 0.000104166666666667 0.000104166666666667 0.000520833333333333 0.000104166666666667 0.000104166666666667 0.9959375 0.000104166666666667 0.000520833333333333 0.000104166666666667 0.000520833333333333 0.000104166666666667; % B D=0.5
0.000520833333333333 0.000625 0.000104166666666667 0.000520833333333333 0.9959375 0.000104166666666667 0.000520833333333333 0.000104166666666667 0.000104166666666667 0.000104166666666667 0.000104166666666667 0.000520833333333333 0.000104166666666667 0.000520833333333333 0.000104166666666667; % F D=0.5
0.000520833333333333 0.000625 0.000104166666666667 0.000520833333333333 0.000104166666666667 0.000104166666666667 0.000520833333333333 0.000104166666666667 0.000104166666666667 0.000104166666666667 0.000104166666666667 0.000520833333333333 0.9959375 0.000520833333333333 0.000104166666666667; % G D=0.5
0.173958333333333 0.0245833333333333 0.000625 0.182291666666667 0.000625 0.000625 0.198958333333333 0.000625 0.000625 0.000625 0.000625 0.207291666666667 0.000625 0.207291666666667 0.000625; % K D=0.5
0.2234375 0.198958333333333 0.000520833333333333 0.190104166666667 0.000520833333333333 0.000520833333333333 0.1734375 0.000520833333333333 0.000520833333333333 0.000520833333333333 0.000520833333333333 0.206770833333333 0.000520833333333333 0.00260416666666667 0.000520833333333333; % L D=0.5
0.000520833333333333 0.000625 0.000104166666666667 0.000520833333333333 0.000104166666666667 0.000104166666666667 0.000520833333333333 0.000104166666666667 0.9959375 0.000104166666666667 0.000104166666666667 0.000520833333333333 0.000104166666666667 0.000520833333333333 0.000104166666666667; % P D=0.5
0.215104166666667 0.190625 0.000520833333333333 0.156770833333333 0.000520833333333333 0.000520833333333333 0.2234375 0.000520833333333333 0.000520833333333333 0.000520833333333333 0.000520833333333333 0.00260416666666667 0.000520833333333333 0.206770833333333 0.000520833333333333; % R D=0.5
0.000520833333333333 0.000625 0.000104166666666667 0.000520833333333333 0.000104166666666667 0.000104166666666667 0.000520833333333333 0.000104166666666667 0.000104166666666667 0.000104166666666667 0.000104166666666667 0.000520833333333333 0.000104166666666667 0.000520833333333333 0.9959375; % T D=0.5
0.000520833333333333 0.000625 0.9959375 0.000520833333333333 0.000104166666666667 0.000104166666666667 0.000520833333333333 0.000104166666666667 0.000104166666666667 0.000104166666666667 0.000104166666666667 0.000520833333333333 0.000104166666666667 0.000520833333333333 0.000104166666666667; % Z D=0.5
0.306770833333333 0.198958333333333 0.000520833333333333 0.00260416666666667 0.000520833333333333 0.000520833333333333 0.156770833333333 0.000520833333333333 0.000520833333333333 0.000520833333333333 0.000520833333333333 0.1734375 0.000520833333333333 0.156770833333333 0.000520833333333333; % f D=0.5
0.000520833333333333 0.000625 0.000104166666666667 0.000520833333333333 0.000104166666666667 0.000104166666666667 0.000520833333333333 0.9959375 0.000104166666666667 0.000104166666666667 0.000104166666666667 0.000520833333333333 0.000104166666666667 0.000520833333333333 0.000104166666666667; % m D=0.5
0.000520833333333333 0.000625 0.000104166666666667 0.000520833333333333 0.000104166666666667 0.000104166666666667 0.000520833333333333 0.000104166666666667 0.000104166666666667 0.000104166666666667 0.9959375 0.000520833333333333 0.000104166666666667 0.000520833333333333 0.000104166666666667; % n D=0.5
0.000520833333333333 0.000625 0.000104166666666667 0.000520833333333333 0.000104166666666667 0.9959375 0.000520833333333333 0.000104166666666667 0.000104166666666667 0.000104166666666667 0.000104166666666667 0.000520833333333333 0.000104166666666667 0.000520833333333333 0.000104166666666667; % p D=0.5
0.3234375 0.123958333333333 0.000520833333333333 0.1984375 0.000520833333333333 0.000520833333333333 0.00260416666666667 0.000520833333333333 0.000520833333333333 0.000520833333333333 0.000520833333333333 0.165104166666667 0.000520833333333333 0.181770833333333 0.000520833333333333; % v D=0.5
0.0025 0.205666666666667 0.0005 0.211833333333333 0.0005 0.0005 0.191833333333333 0.0005 0.0005 0.0005 0.0005 0.191833333333333 0.0005 0.191833333333333 0.0005; % $ D=0.6
0.000625 0.00075 0.000125 0.000625 0.000125 0.000125 0.000625 0.000125 0.000125 0.995125 0.000125 0.000625 0.000125 0.000625 0.000125; % B D=0.6
0.000625 0.00075 0.000125 0.000625 0.995125 0.000125 0.000625 0.000125 0.000125 0.000125 0.000125 0.000625 0.000125 0.000625 0.000125; % F D=0.6
0.000625 0.00075 0.000125 0.000625 0.000125 0.000125 0.000625 0.000125 0.000125 0.000125 0.000125 0.000625 0.995125 0.000625 0.000125; % G D=0.6
0.17375 0.0245 0.00075 0.182083333333333 0.00075 0.00075 0.19875 0.00075 0.00075 0.00075 0.00075 0.207083333333333 0.00075 0.207083333333333 0.00075; % K D=0.6
0.223125 0.19875 0.000625 0.189791666666667 0.000625 0.000625 0.173125 0.000625 0.000625 0.000625 0.000625 0.206458333333333 0.000625 0.003125 0.000625; % L D=0.6
0.000625 0.00075 0.000125 0.000625 0.000125 0.000125 0.000625 0.000125 0.995125 0.000125 0.000125 0.000625 0.000125 0.000625 0.000125; % P D=0.6
0.214791666666667 0.190416666666667 0.000625 0.156458333333333 0.000625 0.000625 0.223125 0.000625 0.000625 0.000625 0.000625 0.003125 0.000625 0.206458333333333 0.000625; % R D=0.6
0.000625 0.00075 0.000125 0.000625 0.000125 0.000125 0.000625 0.000125 0.000125 0.000125 0.000125 0.000625 0.000125 0.000625 0.995125; % T D=0.6
0.000625 0.00075 0.995125 0.000625 0.000125 0.000125 0.000625 0.000125 0.000125 0.000125 0.000125 0.000625 0.000125 0.000625 0.000125; % Z D=0.6
0.306458333333333 0.19875 0.000625 0.003125 0.000625 0.000625 0.156458333333333 0.000625 0.000625 0.000625 0.000625 0.173125 0.000625 0.156458333333333 0.000625; % f D=0.6
0.000625 0.00075 0.000125 0.000625 0.000125 0.000125 0.000625 0.995125 0.000125 0.000125 0.000125 0.000625 0.000125 0.000625 0.000125; % m D=0.6
0.000625 0.00075 0.000125 0.000625 0.000125 0.000125 0.000625 0.000125 0.000125 0.000125 0.995125 0.000625 0.000125 0.000625 0.000125; % n D=0.6
0.000625 0.00075 0.000125 0.000625 0.000125 0.995125 0.000625 0.000125 0.000125 0.000125 0.000125 0.000625 0.000125 0.000625 0.000125; % p D=0.6
0.323125 0.12375 0.000625 0.198125 0.000625 0.000625 0.003125 0.000625 0.000625 0.000625 0.000625 0.164791666666667 0.000625 0.181458333333333 0.000625; % v D=0.6
0.00291666666666667 0.2055 0.000583333333333333 0.211583333333333 0.000583333333333333 0.000583333333333333 0.191583333333333 0.000583333333333333 0.000583333333333333 0.000583333333333333 0.000583333333333333 0.191583333333333 0.000583333333333333 0.191583333333333 0.000583333333333333; % $ D=0.7
0.000729166666666667 0.000875 0.000145833333333333 0.000729166666666667 0.000145833333333333 0.000145833333333333 0.000729166666666667 0.000145833333333333 0.000145833333333333 0.9943125 0.000145833333333333 0.000729166666666667 0.000145833333333333 0.000729166666666667 0.000145833333333333; % B D=0.7
0.000729166666666667 0.000875 0.000145833333333333 0.000729166666666667 0.9943125 0.000145833333333333 0.000729166666666667 0.000145833333333333 0.000145833333333333 0.000145833333333333 0.000145833333333333 0.000729166666666667 0.000145833333333333 0.000729166666666667 0.000145833333333333; % F D=0.7
0.000729166666666667 0.000875 0.000145833333333333 0.000729166666666667 0.000145833333333333 0.000145833333333333 0.000729166666666667 0.000145833333333333 0.000145833333333333 0.000145833333333333 0.000145833333333333 0.000729166666666667 0.9943125 0.000729166666666667 0.000145833333333333; % G D=0.7
0.173541666666667 0.0244166666666667 0.000875 0.181875 0.000875 0.000875 0.198541666666667 0.000875 0.000875 0.000875 0.000875 0.206875 0.000875 0.206875 0.000875; % K D=0.7
0.2228125 0.198541666666667 0.000729166666666667 0.189479166666667 0.000729166666666667 0.000729166666666667 0.1728125 0.000729166666666667 0.000729166666666667 0.000729166666666667 0.000729166666666667 0.206145833333333 0.000729166666666667 0.00364583333333333 0.000729166666666667; % L D=0.7
0.000729166666666667 0.000875 0.000145833333333333 0.000729166666666667 0.000145833333333333 0.000145833333333333 0.000729166666666667 0.000145833333333333 0.9943125 0.000145833333333333 0.000145833333333333 0.000729166666666667 0.000145833333333333 0.000729166666666667 0.000145833333333333; % P D=0.7
0.214479166666667 0.190208333333333 0.000729166666666667 0.156145833333333 0.000729166666666667 0.000729166666666667 0.2228125 0.000729166666666667 0.000729166666666667 0.000729166666666667 0.000729166666666667 0.00364583333333333 0.000729166666666667 0.206145833333333 0.000729166666666667; % R D=0.7
0.000729166666666667 0.000875 0.000145833333333333 0.000729166666666667 0.000145833333333333 0.000145833333333333 0.000729166666666667 0.000145833333333333 0.000145833333333333 0.000145833333333333 0.000145833333333333 0.000729166666666667 0.000145833333333333 0.000729166666666667 0.9943125; % T D=0.7
0.000729166666666667 0.000875 0.9943125 0.000729166666666667 0.000145833333333333 0.000145833333333333 0.000729166666666667 0.000145833333333333 0.000145833333333333 0.000145833333333333 0.000145833333333333 0.000729166666666667 0.000145833333333333 0.000729166666666667 0.000145833333333333; % Z D=0.7
0.306145833333333 0.198541666666667 0.000729166666666667 0.00364583333333333 0.000729166666666667 0.000729166666666667 0.156145833333333 0.000729166666666667 0.000729166666666667 0.000729166666666667 0.000729166666666667 0.1728125 0.000729166666666667 0.156145833333333 0.000729166666666667; % f D=0.7
0.000729166666666667 0.000875 0.000145833333333333 0.000729166666666667 0.000145833333333333 0.000145833333333333 0.000729166666666667 0.9943125 0.000145833333333333 0.000145833333333333 0.000145833333333333 0.000729166666666667 0.000145833333333333 0.000729166666666667 0.000145833333333333; % m D=0.7
0.000729166666666667 0.000875 0.000145833333333333 0.000729166666666667 0.000145833333333333 0.000145833333333333 0.000729166666666667 0.000145833333333333 0.000145833333333333 0.000145833333333333 0.9943125 0.000729166666666667 0.000145833333333333 0.000729166666666667 0.000145833333333333; % n D=0.7
0.000729166666666667 0.000875 0.000145833333333333 0.000729166666666667 0.000145833333333333 0.9943125 0.000729166666666667 0.000145833333333333 0.000145833333333333 0.000145833333333333 0.000145833333333333 0.000729166666666667 0.000145833333333333 0.000729166666666667 0.000145833333333333; % p D=0.7
0.3228125 0.123541666666667 0.000729166666666667 0.1978125 0.000729166666666667 0.000729166666666667 0.00364583333333333 0.000729166666666667 0.000729166666666667 0.000729166666666667 0.000729166666666667 0.164479166666667 0.000729166666666667 0.181145833333333 0.000729166666666667; % v D=0.7
0.00333333333333333 0.205333333333333 0.000666666666666667 0.211333333333333 0.000666666666666667 0.000666666666666667 0.191333333333333 0.000666666666666667 0.000666666666666667 0.000666666666666667 0.000666666666666667 0.191333333333333 0.000666666666666667 0.191333333333333 0.000666666666666667; % $ D=0.8
0.000833333333333333 0.001 0.000166666666666667 0.000833333333333333 0.000166666666666667 0.000166666666666667 0.000833333333333333 0.000166666666666667 0.000166666666666667 0.9935 0.000166666666666667 0.000833333333333333 0.000166666666666667 0.000833333333333333 0.000166666666666667; % B D=0.8
0.000833333333333333 0.001 0.000166666666666667 0.000833333333333333 0.9935 0.000166666666666667 0.000833333333333333 0.000166666666666667 0.000166666666666667 0.000166666666666667 0.000166666666666667 0.000833333333333333 0.000166666666666667 0.000833333333333333 0.000166666666666667; % F D=0.8
0.000833333333333333 0.001 0.000166666666666667 0.000833333333333333 0.000166666666666667 0.000166666666666667 0.000833333333333333 0.000166666666666667 0.000166666666666667 0.000166666666666667 0.000166666666666667 0.000833333333333333 0.9935 0.000833333333333333 0.000166666666666667; % G D=0.8
0.173333333333333 0.0243333333333333 0.001 0.181666666666667 0.001 0.001 0.198333333333333 0.001 0.001 0.001 0.001 0.206666666666667 0.001 0.206666666666667 0.001; % K D=0.8
0.2225 0.198333333333333 0.000833333333333333 0.189166666666667 0.000833333333333333 0.000833333333333333 0.1725 0.000833333333333333 0.000833333333333333 0.000833333333333333 0.000833333333333333 0.205833333333333 0.000833333333333333 0.00416666666666667 0.000833333333333333; % L D=0.8
0.000833333333333333 0.001 0.000166666666666667 0.000833333333333333 0.000166666666666667 0.000166666666666667 0.000833333333333333 0.000166666666666667 0.9935 0.000166666666666667 0.000166666666666667 0.000833333333333333 0.000166666666666667 0.000833333333333333 0.000166666666666667; % P D=0.8
0.214166666666667 0.19 0.000833333333333333 0.155833333333333 0.000833333333333333 0.000833333333333333 0.2225 0.000833333333333333 0.000833333333333333 0.000833333333333333 0.000833333333333333 0.00416666666666667 0.000833333333333333 0.205833333333333 0.000833333333333333; % R D=0.8
0.000833333333333333 0.001 0.000166666666666667 0.000833333333333333 0.000166666666666667 0.000166666666666667 0.000833333333333333 0.000166666666666667 0.000166666666666667 0.000166666666666667 0.000166666666666667 0.000833333333333333 0.000166666666666667 0.000833333333333333 0.9935; % T D=0.8
0.000833333333333333 0.001 0.9935 0.000833333333333333 0.000166666666666667 0.000166666666666667 0.000833333333333333 0.000166666666666667 0.000166666666666667 0.000166666666666667 0.000166666666666667 0.000833333333333333 0.000166666666666667 0.000833333333333333 0.000166666666666667; % Z D=0.8
0.305833333333333 0.198333333333333 0.000833333333333333 0.00416666666666667 0.000833333333333333 0.000833333333333333 0.155833333333333 0.000833333333333333 0.000833333333333333 0.000833333333333333 0.000833333333333333 0.1725 0.000833333333333333 0.155833333333333 0.000833333333333333; % f D=0.8
0.000833333333333333 0.001 0.000166666666666667 0.000833333333333333 0.000166666666666667 0.000166666666666667 0.000833333333333333 0.9935 0.000166666666666667 0.000166666666666667 0.000166666666666667 0.000833333333333333 0.000166666666666667 0.000833333333333333 0.000166666666666667; % m D=0.8
0.000833333333333333 0.001 0.000166666666666667 0.000833333333333333 0.000166666666666667 0.000166666666666667 0.000833333333333333 0.000166666666666667 0.000166666666666667 0.000166666666666667 0.9935 0.000833333333333333 0.000166666666666667 0.000833333333333333 0.000166666666666667; % n D=0.8
0.000833333333333333 0.001 0.000166666666666667 0.000833333333333333 0.000166666666666667 0.9935 0.000833333333333333 0.000166666666666667 0.000166666666666667 0.000166666666666667 0.000166666666666667 0.000833333333333333 0.000166666666666667 0.000833333333333333 0.000166666666666667; % p D=0.8
0.3225 0.123333333333333 0.000833333333333333 0.1975 0.000833333333333333 0.000833333333333333 0.00416666666666667 0.000833333333333333 0.000833333333333333 0.000833333333333333 0.000833333333333333 0.164166666666667 0.000833333333333333 0.180833333333333 0.000833333333333333; % v D=0.8
0.00375 0.205166666666667 0.00075 0.211083333333333 0.00075 0.00075 0.191083333333333 0.00075 0.00075 0.00075 0.00075 0.191083333333333 0.00075 0.191083333333333 0.00075; % $ D=0.9
0.0009375 0.001125 0.0001875 0.0009375 0.0001875 0.0001875 0.0009375 0.0001875 0.0001875 0.9926875 0.0001875 0.0009375 0.0001875 0.0009375 0.0001875; % B D=0.9
0.0009375 0.001125 0.0001875 0.0009375 0.9926875 0.0001875 0.0009375 0.0001875 0.0001875 0.0001875 0.0001875 0.0009375 0.0001875 0.0009375 0.0001875; % F D=0.9
0.0009375 0.001125 0.0001875 0.0009375 0.0001875 0.0001875 0.0009375 0.0001875 0.0001875 0.0001875 0.0001875 0.0009375 0.9926875 0.0009375 0.0001875; % G D=0.9
0.173125 0.02425 0.001125 0.181458333333333 0.001125 0.001125 0.198125 0.001125 0.001125 0.001125 0.001125 0.206458333333333 0.001125 0.206458333333333 0.001125; % K D=0.9
0.2221875 0.198125 0.0009375 0.188854166666667 0.0009375 0.0009375 0.1721875 0.0009375 0.0009375 0.0009375 0.0009375 0.205520833333333 0.0009375 0.0046875 0.0009375; % L D=0.9
0.0009375 0.001125 0.0001875 0.0009375 0.0001875 0.0001875 0.0009375 0.0001875 0.9926875 0.0001875 0.0001875 0.0009375 0.0001875 0.0009375 0.0001875; % P D=0.9
0.213854166666667 0.189791666666667 0.0009375 0.155520833333333 0.0009375 0.0009375 0.2221875 0.0009375 0.0009375 0.0009375 0.0009375 0.0046875 0.0009375 0.205520833333333 0.0009375; % R D=0.9
0.0009375 0.001125 0.0001875 0.0009375 0.0001875 0.0001875 0.0009375 0.0001875 0.0001875 0.0001875 0.0001875 0.0009375 0.0001875 0.0009375 0.9926875; % T D=0.9
0.0009375 0.001125 0.9926875 0.0009375 0.0001875 0.0001875 0.0009375 0.0001875 0.0001875 0.0001875 0.0001875 0.0009375 0.0001875 0.0009375 0.0001875; % Z D=0.9
0.305520833333333 0.198125 0.0009375 0.0046875 0.0009375 0.0009375 0.155520833333333 0.0009375 0.0009375 0.0009375 0.0009375 0.1721875 0.0009375 0.155520833333333 0.0009375; % f D=0.9
0.0009375 0.001125 0.0001875 0.0009375 0.0001875 0.0001875 0.0009375 0.9926875 0.0001875 0.0001875 0.0001875 0.0009375 0.0001875 0.0009375 0.0001875; % m D=0.9
0.0009375 0.001125 0.0001875 0.0009375 0.0001875 0.0001875 0.0009375 0.0001875 0.0001875 0.0001875 0.9926875 0.0009375 0.0001875 0.0009375 0.0001875; % n D=0.9
0.0009375 0.001125 0.0001875 0.0009375 0.0001875 0.9926875 0.0009375 0.0001875 0.0001875 0.0001875 0.0001875 0.0009375 0.0001875 0.0009375 0.0001875; % p D=0.9
0.3221875 0.123125 0.0009375 0.1971875 0.0009375 0.0009375 0.0046875 0.0009375 0.0009375 0.0009375 0.0009375 0.163854166666667 0.0009375 0.180520833333333 0.0009375; % v D=0.9
0.00395833333333333 0.205083333333333 0.000791666666666667 0.210958333333333 0.000791666666666667 0.000791666666666667 0.190958333333333 0.000791666666666667 0.000791666666666667 0.000791666666666667 0.000791666666666667 0.190958333333333 0.000791666666666667 0.190958333333333 0.000791666666666667; % $ D=0.95
0.000989583333333333 0.0011875 0.000197916666666667 0.000989583333333333 0.000197916666666667 0.000197916666666667 0.000989583333333333 0.000197916666666667 0.000197916666666667 0.99228125 0.000197916666666667 0.000989583333333333 0.000197916666666667 0.000989583333333333 0.000197916666666667; % B D=0.95
0.000989583333333333 0.0011875 0.000197916666666667 0.000989583333333333 0.99228125 0.000197916666666667 0.000989583333333333 0.000197916666666667 0.000197916666666667 0.000197916666666667 0.000197916666666667 0.000989583333333333 0.000197916666666667 0.000989583333333333 0.000197916666666667; % F D=0.95
0.000989583333333333 0.0011875 0.000197916666666667 0.000989583333333333 0.000197916666666667 0.000197916666666667 0.000989583333333333 0.000197916666666667 0.000197916666666667 0.000197916666666667 0.000197916666666667 0.000989583333333333 0.99228125 0.000989583333333333 0.000197916666666667; % G D=0.95
0.173020833333333 0.0242083333333333 0.0011875 0.181354166666667 0.0011875 0.0011875 0.198020833333333 0.0011875 0.0011875 0.0011875 0.0011875 0.206354166666667 0.0011875 0.206354166666667 0.0011875; % K D=0.95
0.22203125 0.198020833333333 0.000989583333333333 0.188697916666667 0.000989583333333333 0.000989583333333333 0.17203125 0.000989583333333333 0.000989583333333333 0.000989583333333333 0.000989583333333333 0.205364583333333 0.000989583333333333 0.00494791666666667 0.000989583333333333; % L D=0.95
0.000989583333333333 0.0011875 0.000197916666666667 0.000989583333333333 0.000197916666666667 0.000197916666666667 0.000989583333333333 0.000197916666666667 0.99228125 0.000197916666666667 0.000197916666666667 0.000989583333333333 0.000197916666666667 0.000989583333333333 0.000197916666666667; % P D=0.95
0.213697916666667 0.1896875 0.000989583333333333 0.155364583333333 0.000989583333333333 0.000989583333333333 0.22203125 0.000989583333333333 0.000989583333333333 0.000989583333333333 0.000989583333333333 0.00494791666666667 0.000989583333333333 0.205364583333333 0.000989583333333333; % R D=0.95
0.000989583333333333 0.0011875 0.000197916666666667 0.000989583333333333 0.000197916666666667 0.000197916666666667 0.000989583333333333 0.000197916666666667 0.000197916666666667 0.000197916666666667 0.000197916666666667 0.000989583333333333 0.000197916666666667 0.000989583333333333 0.99228125; % T D=0.95
0.000989583333333333 0.0011875 0.99228125 0.000989583333333333 0.000197916666666667 0.000197916666666667 0.000989583333333333 0.000197916666666667 0.000197916666666667 0.000197916666666667 0.000197916666666667 0.000989583333333333 0.000197916666666667 0.000989583333333333 0.000197916666666667; % Z D=0.95
0.305364583333333 0.198020833333333 0.000989583333333333 0.00494791666666667 0.000989583333333333 0.000989583333333333 0.155364583333333 0.000989583333333333 0.000989583333333333 0.000989583333333333 0.000989583333333333 0.17203125 0.000989583333333333 0.155364583333333 0.000989583333333333; % f D=0.95
0.000989583333333333 0.0011875 0.000197916666666667 0.000989583333333333 0.000197916666666667 0.000197916666666667 0.000989583333333333 0.99228125 0.000197916666666667 0.000197916666666667 0.000197916666666667 0.000989583333333333 0.000197916666666667 0.000989583333333333 0.000197916666666667; % m D=0.95
0.000989583333333333 0.0011875 0.000197916666666667 0.000989583333333333 0.000197916666666667 0.000197916666666667 0.000989583333333333 0.000197916666666667 0.000197916666666667 0.000197916666666667 0.99228125 0.000989583333333333 0.000197916666666667 0.000989583333333333 0.000197916666666667; % n D=0.95
0.000989583333333333 0.0011875 0.000197916666666667 0.000989583333333333 0.000197916666666667 0.99228125 0.000989583333333333 0.000197916666666667 0.000197916666666667 0.000197916666666667 0.000197916666666667 0.000989583333333333 0.000197916666666667 0.000989583333333333 0.000197916666666667; % p D=0.95
0.32203125 0.123020833333333 0.000989583333333333 0.19703125 0.000989583333333333 0.000989583333333333 0.00494791666666667 0.000989583333333333 0.000989583333333333 0.000989583333333333 0.000989583333333333 0.163697916666667 0.000989583333333333 0.180364583333333 0.000989583333333333]; % v D=0.95
