syllables = '$BLRTVgnrv';
discounts = [0.1 0.2 0.3 0.4 0.5 0.6 0.7 0.8 0.9 0.95];
kn_probs = [0.000285714285714286 0.319714285714286 9.52380952380953e-05 9.52380952380953e-05 9.52380952380953e-05 0.379714285714286 9.52380952380953e-05 0.299714285714286 9.52380952380953e-05 9.52380952380953e-05; % $ D=0.1
7.14285714285714e-05 9.52380952380952e-05 2.38095238095238e-05 2.38095238095238e-05 2.38095238095238e-05 9.52380952380952e-05 2.38095238095238e-05 9.52380952380952e-05 2.38095238095238e-05 0.99952380952381; % B D=0.1
7.14285714285714e-05 9.52380952380952e-05 2.38095238095238e-05 2.38095238095238e-05 2.38095238095238e-05 9.52380952380952e-05 2.38095238095238e-05 9.52380952380952e-05 0.99952380952381 2.38095238095238e-05; % L D=0.1
7.14285714285714e-05 9.52380952380952e-05 2.38095238095238e-05 2.38095238095238e-05 0.99952380952381 9.52380952380952e-05 2.38095238095238e-05 9.52380952380952e-05 2.38095238095238e-05 2.38095238095238e-05; % R D=0.1
0.274785714285714 0.274880952380952 9.52380952380952e-05 9.52380952380952e-05 9.52380952380952e-05 0.234880952380952 9.52380952380952e-05 0.214880952380952 9.52380952380952e-05 9.52380952380952e-05; % T D=0.1
7.14285714285714e-05 9.52380952380952e-05 0.99952380952381 2.38095238095238e-05 2.38095238095238e-05 9.52380952380952e-05 2.38095238095238e-05 9.52380952380952e-05 2.38095238095238e-05 2.38095238095238e-05; % V D=0.1
7.14285714285714e-05 9.52380952380952e-05 2.38095238095238e-05 0.99952380952381 2.38095238095238e-05 9.52380952380952e-05 2.38095238095238e-05 9.52380952380952e-05 2.38095238095238e-05 2.38095238095238e-05; % g D=0.1
7.14285714285714e-05 9.52380952380952e-05 2.38095238095238e-05 2.38095238095238e-05 2.38095238095238e-05 9.52380952380952e-05 0.99952380952381 9.52380952380952e-05 2.38095238095238e-05 2.38095238095238e-05; % n D=0.1
0.224785714285714 0.234880952380952 9.52380952380952e-05 9.52380952380952e-05 9.52380952380952e-05 0.244880952380952 9.52380952380952e-05 0.294880952380952 9.52380952380952e-05 9.52380952380952e-05; % r D=0.1
0.249785714285714 0.249880952380952 9.52380952380952e-05 9.52380952380952e-05 9.52380952380952e-05 0.234880952380952 9.52380952380952e-05 0.264880952380952 9.52380952380952e-05 9.52380952380952e-05; % v D=0.1
0.000571428571428571 0.319428571428571 0.000190476190476191 0.000190476190476191 0.000190476190476191 0.379428571428571 0.000190476190476191 0.299428571428571 0.000190476190476191 0.000190476190476191; % $ D=0.2
0.000142857142857143 0.00019047619047619 4.76190476190476e-05 4.76190476190476e-05 4.76190476190476e-05 0.00019047619047619 4.76190476190476e-05 0.00019047619047619 4.76190476190476e-05 0.999047619047619; % B D=0.2
0.000142857142857143 0.00019047619047619 4.76190476190476e-05 4.76190476190476e-05 4.76190476190476e-05 0.00019047619047619 4.76190476190476e-05 0.00019047619047619 0.999047619047619 4.76190476190476e-05; % L D=0.2
0.000142857142857143 0.00019047619047619 4.76190476190476e-05 4.76190476190476e-05 0.999047619047619 0.00019047619047619 4.76190476190476e-05 0.00019047619047619 4.76190476190476e-05 4.76190476190476e-05; % R D=0.2
0.274571428571429 0.274761904761905 0.00019047619047619 0.00019047619047619 0.00019047619047619 0.234761904761905 0.00019047619047619 0.214761904761905 0.00019047619047619 0.00019047619047619; % T D=0.2
0.000142857142857143 0.00019047619047619 0.999047619047619 4.76190476190476e-05 4.76190476190476e-05 0.00019047619047619 4.76190476190476e-05 0.00019047619047619 4.76190476190476e-05 4.76190476190476e-05; % V D=0.2
0.000142857142857143 0.00019047619047619 4.76190476190476e-05 0.999047619047619 4.76190476190476e-05 0.00019047619047619 4.76190476190476e-05 0.00019047619047619 4.76190476190476e-05 4.76190476190476e-05; % g D=0.2
0.000142857142857143 0.00019047619047619 4.76190476190476e-05 4.76190476190476e-05 4.76190476190476e-05 0.00019047619047619 0.999047619047619 0.00019047619047619 4.76190476190476e-05 4.76190476190476e-05; % n D=0.2
0.224571428571429 0.234761904761905 0.00019047619047619 0.00019047619047619 0.00019047619047619 0.244761904761905 0.00019047619047619 0.294761904761905 0.00019047619047619 0.00019047619047619; % r D=0.2
0.249571428571429 0.249761904761905 0.00019047619047619 0.00019047619047619 0.00019047619047619 0.234761904761905 0.00019047619047619 0.264761904761905 0.00019047619047619 0.00019047619047619; % v D=0.2
0.000857142857142857 0.319142857142857 0.000285714285714286 0.000285714285714286 0.000285714285714286 0.379142857142857 0.000285714285714286 0.299142857142857 0.000285714285714286 0.000285714285714286; % $ D=0.3
0.000214285714285714 0.000285714285714286 7.14285714285714e-05 7.14285714285714e-05 7.14285714285714e-05 0.000285714285714286 7.14285714285714e-05 0.000285714285714286 7.14285714285714e-05 0.998571428571429; % B D=0.3
0.000214285714285714 0.000285714285714286 7.14285714285714e-05 7.14285714285714e-05 7.14285714285714e-05 0.000285714285714286 7.14285714285714e-05 0.000285714285714286 0.998571428571429 7.14285714285714e-05; % L D=0.3
0.000214285714285714 0.000285714285714286 7.14285714285714e-05 7.14285714285714e-05 0.998571428571429 0.000285714285714286 7.14285714285714e-05 0.000285714285714286 7.14285714285714e-05 7.14285714285714e-05; % R D=0.3
0.274357142857143 0.274642857142857 0.000285714285714286 0.000285714285714286 0.000285714285714286 0.234642857142857 0.000285714285714286 0.214642857142857 0.000285714285714286 0.000285714285714286; % T D=0.3
0.000214285714285714 0.000285714285714286 0.998571428571429 7.14285714285714e-05 7.14285714285714e-05 0.000285714285714286 7.14285714285714e-05 0.000285714285714286 7.14285714285714e-05 7.14285714285714e-05; % V D=0.3
0.000214285714285714 0.000285714285714286 7.14285714285714e-05 0.998571428571429 7.14285714285714e-05 0.000285714285714286 7.14285714285714e-05 0.000285714285714286 7.14285714285714e-05 7.14285714285714e-05; % g D=0.3
0.000214285714285714 0.000285714285714286 7.14285714285714e-05 7.14285714285714e-05 7.14285714285714e-05 0.000285714285714286 0.998571428571429 0.000285714285714286 7.14285714285714e-05 7.14285714285714e-05; % n D=0.3
0.224357142857143 0.234642857142857 0.000285714285714286 0.000285714285714286 0.000285714285714286 0.244642857142857 0.000285714285714286 0.294642857142857 0.000285714285714286 0.000285714285714286; % r D=0.3
0.249357142857143 0.249642857142857 0.000285714285714286 0.000285714285714286 0.000285714285714286 0.234642857142857 0.000285714285714286 0.264642857142857 0.000285714285714286 0.000285714285714286; % v D=0.3
0.00114285714285714 0.318857142857143 0.000380952380952381 0.000380952380952381 0.000380952380952381 0.378857142857143 0.000380952380952381 0.298857142857143 0.000380952380952381 0.000380952380952381; % $ D=0.4
0.000285714285714286 0.000380952380952381 9.52380952380952e-05 9.52380952380952e-05 9.52380952380952e-05 0.000380952380952381 9.52380952380952e-05 0.000380952380952381 9.52380952380952e-05 0.998095238095238; % B D=0.4
0.000285714285714286 0.000380952380952381 9.52380952380952e-05 9.52380952380952e-05 9.52380952380952e-05 0.000380952380952381 9.52380952380952e-05 0.000380952380952381 0.998095238095238 9.52380952380952e-05; % L D=0.4
0.000285714285714286 0.000380952380952381 9.52380952380952e-05 9.52380952380952e-05 0.998095238095238 0.000380952380952381 9.52380952380952e-05 0.000380952380952381 9.52380952380952e-05 9.52380952380952e-05; % R D=0.4
0.274142857142857 0.27452380952381 0.000380952380952381 0.000380952380952381 0.000380952380952381 0.23452380952381 0.000380952380952381 0.21452380952381 0.000380952380952381 0.000380952380952381; % T D=0.4
0.000285714285714286 0.000380952380952381 0.998095238095238 9.52380952380952e-05 9.52380952380952e-05 0.000380952380952381 9.52380952380952e-05 0.000380952380952381 9.52380952380952e-05 9.52380952380952e-05; % V D=0.4
0.000285714285714286 0.000380952380952381 9.52380952380952e-05 0.998095238095238 9.52380952380952e-05 0.000380952380952381 9.52380952380952e-05 0.000380952380952381 9.52380952380952e-05 9.52380952380952e-05; % g D=0.4
