syllables = '$GKLNPTdfklmnrz';
discounts = [0.1 0.2 0.3 0.4 0.5 0.6 0.7 0.8 0.9 0.95];
kn_probs = [0.000416666666666667 8.33333333333333e-05 8.33333333333333e-05 8.33333333333333e-05 0.246416666666667 8.33333333333333e-05 0.126416666666667 0.173083333333333 8.33333333333333e-05 0.259833333333333 8.33333333333333e-05 8.33333333333333e-05 8.33333333333333e-05 8.33333333333333e-05 0.193083333333333; % $ D=0.1
0.266354166666667 0.000104166666666667 0.000104166666666667 0.000104166666666667 0.191354166666667 0.000104166666666667 0.1996875 0.000520833333333333 0.000104166666666667 0.0747916666666667 0.000104166666666667 0.000104166666666667 0.000104166666666667 0.000104166666666667 0.266354166666667; % G D=0.1
0.000104166666666667 2.08333333333333e-05 2.08333333333333e-05 0.9991875 0.000104166666666667 2.08333333333333e-05 0.000104166666666667 0.000104166666666667 2.08333333333333e-05 0.000125 2.08333333333333e-05 2.08333333333333e-05 2.08333333333333e-05 2.08333333333333e-05 0.000104166666666667; % K D=0.1
0.191458333333333 0.000125 0.000125 0.000125 0.149791666666667 0.000125 0.216458333333333 0.266458333333333 0.000125 0.00825 0.000125 0.000125 0.000125 0.000125 0.166458333333333; % L D=0.1
0.000104166666666667 2.08333333333333e-05 2.08333333333333e-05 2.08333333333333e-05 0.000104166666666667 2.08333333333333e-05 0.000104166666666667 0.000104166666666667 2.08333333333333e-05 0.000125 2.08333333333333e-05 0.9991875 2.08333333333333e-05 2.08333333333333e-05 0.000104166666666667; % N D=0.1
0.283020833333333 0.000104166666666667 0.000104166666666667 0.000104166666666667 0.000520833333333333 0.000104166666666667 0.1996875 0.1996875 0.000104166666666667 0.158125 0.000104166666666667 0.000104166666666667 0.000104166666666667 0.000104166666666667 0.158020833333333; % P D=0.1
0.000104166666666667 2.08333333333333e-05 2.08333333333333e-05 2.08333333333333e-05 0.000104166666666667 2.08333333333333e-05 0.000104166666666667 0.000104166666666667 2.08333333333333e-05 0.000125 0.9991875 2.08333333333333e-05 2.08333333333333e-05 2.08333333333333e-05 0.000104166666666667; % T D=0.1
0.000104166666666667 0.9991875 2.08333333333333e-05 2.08333333333333e-05 0.000104166666666667 2.08333333333333e-05 0.000104166666666667 0.000104166666666667 2.08333333333333e-05 0.000125 2.08333333333333e-05 2.08333333333333e-05 2.08333333333333e-05 2.08333333333333e-05 0.000104166666666667; % d D=0.1
0.000104166666666667 2.08333333333333e-05 2.08333333333333e-05 2.08333333333333e-05 0.000104166666666667 2.08333333333333e-05 0.000104166666666667 0.000104166666666667 2.08333333333333e-05 0.000125 2.08333333333333e-05 2.08333333333333e-05 0.9991875 2.08333333333333e-05 0.000104166666666667; % f D=0.1
0.000104166666666667 2.08333333333333e-05 0.9991875 2.08333333333333e-05 0.000104166666666667 2.08333333333333e-05 0.000104166666666667 0.000104166666666667 2.08333333333333e-05 0.000125 2.08333333333333e-05 2.08333333333333e-05 2.08333333333333e-05 2.08333333333333e-05 0.000104166666666667; % k D=0.1
0.241354166666667 0.000104166666666667 0.000104166666666667 0.000104166666666667 0.183020833333333 0.000104166666666667 0.000520833333333333 0.191354166666667 0.000104166666666667 0.216458333333333 0.000104166666666667 0.000104166666666667 0.000104166666666667 0.000104166666666667 0.166354166666667; % l D=0.1
0.000104166666666667 2.08333333333333e-05 2.08333333333333e-05 2.08333333333333e-05 0.000104166666666667 0.9991875 0.000104166666666667 0.000104166666666667 2.08333333333333e-05 0.000125 2.08333333333333e-05 2.08333333333333e-05 2.08333333333333e-05 2.08333333333333e-05 0.000104166666666667; % m D=0.1
0.266354166666667 0.000104166666666667 0.000104166666666667 0.000104166666666667 0.166354166666667 0.000104166666666667 0.2246875 0.1246875 0.000104166666666667 0.216458333333333 0.000104166666666667 0.000104166666666667 0.000104166666666667 0.000104166666666667 0.000520833333333333; % n D=0.1
0.000104166666666667 2.08333333333333e-05 2.08333333333333e-05 2.08333333333333e-05 0.000104166666666667 2.08333333333333e-05 0.000104166666666667 0.000104166666666667 0.9991875 0.000125 2.08333333333333e-05 2.08333333333333e-05 2.08333333333333e-05 2.08333333333333e-05 0.000104166666666667; % r D=0.1
0.000104166666666667 2.08333333333333e-05 2.08333333333333e-05 2.08333333333333e-05 0.000104166666666667 2.08333333333333e-05 0.000104166666666667 0.000104166666666667 2.08333333333333e-05 0.000125 2.08333333333333e-05 2.08333333333333e-05 2.08333333333333e-05 0.9991875 0.000104166666666667; % z D=0.1
0.000833333333333333 0.000166666666666667 0.000166666666666667 0.000166666666666667 0.246166666666667 0.000166666666666667 0.126166666666667 0.172833333333333 0.000166666666666667 0.259666666666667 0.000166666666666667 0.000166666666666667 0.000166666666666667 0.000166666666666667 0.192833333333333; % $ D=0.2
0.266041666666667 0.000208333333333333 0.000208333333333333 0.000208333333333333 0.191041666666667 0.000208333333333333 0.199375 0.00104166666666667 0.000208333333333333 0.0745833333333333 0.000208333333333333 0.000208333333333333 0.000208333333333333 0.000208333333333333 0.266041666666667; % G D=0.2
0.000208333333333333 4.16666666666667e-05 4.16666666666667e-05 0.998375 0.000208333333333333 4.16666666666667e-05 0.000208333333333333 0.000208333333333333 4.16666666666667e-05 0.00025 4.16666666666667e-05 4.16666666666667e-05 4.16666666666667e-05 4.16666666666667e-05 0.000208333333333333; % K D=0.2
0.19125 0.00025 0.00025 0.00025 0.149583333333333 0.00025 0.21625 0.26625 0.00025 0.00816666666666667 0.00025 0.00025 0.00025 0.00025 0.16625; % L D=0.2
0.000208333333333333 4.16666666666667e-05 4.16666666666667e-05 4.16666666666667e-05 0.000208333333333333 4.16666666666667e-05 0.000208333333333333 0.000208333333333333 4.16666666666667e-05 0.00025 4.16666666666667e-05 0.998375 4.16666666666667e-05 4.16666666666667e-05 0.000208333333333333; % N D=0.2
0.282708333333333 0.000208333333333333 0.000208333333333333 0.000208333333333333 0.00104166666666667 0.000208333333333333 0.199375 0.199375 0.000208333333333333 0.157916666666667 0.000208333333333333 0.000208333333333333 0.000208333333333333 0.000208333333333333 0.157708333333333; % P D=0.2
0.000208333333333333 4.16666666666667e-05 4.16666666666667e-05 4.16666666666667e-05 0.000208333333333333 4.16666666666667e-05 0.000208333333333333 0.000208333333333333 4.16666666666667e-05 0.00025 0.998375 4.16666666666667e-05 4.16666666666667e-05 4.16666666666667e-05 0.000208333333333333; % T D=0.2
0.000208333333333333 0.998375 4.16666666666667e-05 4.16666666666667e-05 0.000208333333333333 4.16666666666667e-05 0.000208333333333333 0.000208333333333333 4.16666666666667e-05 0.00025 4.16666666666667e-05 4.16666666666667e-05 4.16666666666667e-05 4.16666666666667e-05 0.000208333333333333; % d D=0.2
0.000208333333333333 4.16666666666667e-05 4.16666666666667e-05 4.16666666666667e-05 0.000208333333333333 4.16666666666667e-05 0.000208333333333333 0.000208333333333333 4.16666666666667e-05 0.00025 4.16666666666667e-05 4.16666666666667e-05 0.998375 4.16666666666667e-05 0.000208333333333333; % f D=0.2
0.000208333333333333 4.16666666666667e-05 0.998375 4.16666666666667e-05 0.000208333333333333 4.16666666666667e-05 0.000208333333333333 0.000208333333333333 4.16666666666667e-05 0.00025 4.16666666666667e-05 4.16666666666667e-05 4.16666666666667e-05 4.16666666666667e-05 0.000208333333333333; % k D=0.2
0.241041666666667 0.000208333333333333 0.000208333333333333 0.000208333333333333 0.182708333333333 0.000208333333333333 0.00104166666666667 0.191041666666667 0.000208333333333333 0.21625 0.000208333333333333 0.000208333333333333 0.000208333333333333 0.000208333333333333 0.166041666666667; % l D=0.2
0.000208333333333333 4.16666666666667e-05 4.16666666666667e-05 4.16666666666667e-05 0.000208333333333333 0.998375 0.000208333333333333 0.000208333333333333 4.16666666666667e-05 0.00025 4.16666666666667e-05 4.16666666666667e-05 4.16666666666667e-05 4.16666666666667e-05 0.000208333333333333; % m D=0.2
