syllables = '$BDGJPRTVglrtvz';
discounts = [0.1 0.2 0.3 0.4 0.5 0.6 0.7 0.8 0.9 0.95];
kn_probs = [0.000416666666666667 8.33333333333333e-05 0.246416666666667 8.33333333333333e-05 8.33333333333333e-05 8.33333333333333e-05 0.15975 8.33333333333333e-05 8.33333333333333e-05 8.33333333333333e-05 0.213083333333333 0.213083333333333 8.33333333333333e-05 0.1665 8.33333333333333e-05; % $ D=0.1
0.000104166666666667 2.08333333333333e-05 0.000104166666666667 2.08333333333333e-05 2.08333333333333e-05 2.08333333333333e-05 0.000104166666666667 0.9991875 2.08333333333333e-05 2.08333333333333e-05 0.000104166666666667 0.000104166666666667 2.08333333333333e-05 0.000125 2.08333333333333e-05; % B D=0.1
0.000104166666666667 2.08333333333333e-05 0.000104166666666667 2.08333333333333e-05 2.08333333333333e-05 2.08333333333333e-05 0.000104166666666667 2.08333333333333e-05 2.08333333333333e-05 0.9991875 0.000104166666666667 0.000104166666666667 2.08333333333333e-05 0.000125 2.08333333333333e-05; % D D=0.1
0.216354166666667 0.000104166666666667 0.000520833333333333 0.000104166666666667 0.000104166666666667 0.000104166666666667 0.166354166666667 0.000104166666666667 0.000104166666666667 0.000104166666666667 0.233020833333333 0.1996875 0.000104166666666667 0.183125 0.000104166666666667; % G D=0.1
0.283020833333333 0.000104166666666667 0.183020833333333 0.000104166666666667 0.000104166666666667 0.000104166666666667 0.000520833333333333 0.000104166666666667 0.000104166666666667 0.000104166666666667 0.1496875 0.191354166666667 0.000104166666666667 0.191458333333333 0.000104166666666667; % J D=0.1
0.000104166666666667 2.08333333333333e-05 0.000104166666666667 2.08333333333333e-05 2.08333333333333e-05 2.08333333333333e-05 0.000104166666666667 2.08333333333333e-05 0.9991875 2.08333333333333e-05 0.000104166666666667 0.000104166666666667 2.08333333333333e-05 0.000125 2.08333333333333e-05; % P D=0.1
0.000104166666666667 0.9991875 0.000104166666666667 2.08333333333333e-05 2.08333333333333e-05 2.08333333333333e-05 0.000104166666666667 2.08333333333333e-05 2.08333333333333e-05 2.08333333333333e-05 0.000104166666666667 0.000104166666666667 2.08333333333333e-05 0.000125 2.08333333333333e-05; % R D=0.1
0.000104166666666667 2.08333333333333e-05 0.000104166666666667 2.08333333333333e-05 0.9991875 2.08333333333333e-05 0.000104166666666667 2.08333333333333e-05 2.08333333333333e-05 2.08333333333333e-05 0.000104166666666667 0.000104166666666667 2.08333333333333e-05 0.000125 2.08333333333333e-05; % T D=0.1
0.266354166666667 0.000104166666666667 0.1746875 0.000104166666666667 0.000104166666666667 0.000104166666666667 0.183020833333333 0.000104166666666667 0.000104166666666667 0.000104166666666667 0.000520833333333333 0.1746875 0.000104166666666667 0.199791666666667 0.000104166666666667; % V D=0.1
0.000104166666666667 2.08333333333333e-05 0.000104166666666667 0.9991875 2.08333333333333e-05 2.08333333333333e-05 0.000104166666666667 2.08333333333333e-05 2.08333333333333e-05 2.08333333333333e-05 0.000104166666666667 0.000104166666666667 2.08333333333333e-05 0.000125 2.08333333333333e-05; % g D=0.1
0.000104166666666667 2.08333333333333e-05 0.000104166666666667 2.08333333333333e-05 2.08333333333333e-05 0.9991875 0.000104166666666667 2.08333333333333e-05 2.08333333333333e-05 2.08333333333333e-05 0.000104166666666667 0.000104166666666667 2.08333333333333e-05 0.000125 2.08333333333333e-05; % l D=0.1
0.000104166666666667 2.08333333333333e-05 0.000104166666666667 2.08333333333333e-05 2.08333333333333e-05 2.08333333333333e-05 0.000104166666666667 2.08333333333333e-05 2.08333333333333e-05 2.08333333333333e-05 0.000104166666666667 0.000104166666666667 2.08333333333333e-05 0.000125 0.9991875; % r D=0.1
0.274791666666667 0.000125 0.191458333333333 0.000125 0.000125 0.000125 0.233125 0.000125 0.000125 0.000125 0.124791666666667 0.166458333333333 0.000125 0.00825 0.000125; % t D=0.1
0.000104166666666667 2.08333333333333e-05 0.000104166666666667 2.08333333333333e-05 2.08333333333333e-05 2.08333333333333e-05 0.000104166666666667 2.08333333333333e-05 2.08333333333333e-05 2.08333333333333e-05 0.000104166666666667 0.000104166666666667 0.9991875 0.000125 2.08333333333333e-05; % v D=0.1
0.208020833333333 0.000104166666666667 0.141354166666667 0.000104166666666667 0.000104166666666667 0.000104166666666667 0.216354166666667 0.000104166666666667 0.000104166666666667 0.000104166666666667 0.2246875 0.000520833333333333 0.000104166666666667 0.208125 0.000104166666666667; % z D=0.1
0.000833333333333333 0.000166666666666667 0.246166666666667 0.000166666666666667 0.000166666666666667 0.000166666666666667 0.1595 0.000166666666666667 0.000166666666666667 0.000166666666666667 0.212833333333333 0.212833333333333 0.000166666666666667 0.166333333333333 0.000166666666666667; % $ D=0.2
0.000208333333333333 4.16666666666667e-05 0.000208333333333333 4.16666666666667e-05 4.16666666666667e-05 4.16666666666667e-05 0.000208333333333333 0.998375 4.16666666666667e-05 4.16666666666667e-05 0.000208333333333333 0.000208333333333333 4.16666666666667e-05 0.00025 4.16666666666667e-05; % B D=0.2
0.000208333333333333 4.16666666666667e-05 0.000208333333333333 4.16666666666667e-05 4.16666666666667e-05 4.16666666666667e-05 0.000208333333333333 4.16666666666667e-05 4.16666666666667e-05 0.998375 0.000208333333333333 0.000208333333333333 4.16666666666667e-05 0.00025 4.16666666666667e-05; % D D=0.2
0.216041666666667 0.000208333333333333 0.00104166666666667 0.000208333333333333 0.000208333333333333 0.000208333333333333 0.166041666666667 0.000208333333333333 0.000208333333333333 0.000208333333333333 0.232708333333333 0.199375 0.000208333333333333 0.182916666666667 0.000208333333333333; % G D=0.2
0.282708333333333 0.000208333333333333 0.182708333333333 0.000208333333333333 0.000208333333333333 0.000208333333333333 0.00104166666666667 0.000208333333333333 0.000208333333333333 0.000208333333333333 0.149375 0.191041666666667 0.000208333333333333 0.19125 0.000208333333333333; % J D=0.2
0.000208333333333333 4.16666666666667e-05 0.000208333333333333 4.16666666666667e-05 4.16666666666667e-05 4.16666666666667e-05 0.000208333333333333 4.16666666666667e-05 0.998375 4.16666666666667e-05 0.000208333333333333 0.000208333333333333 4.16666666666667e-05 0.00025 4.16666666666667e-05; % P D=0.2
0.000208333333333333 0.998375 0.000208333333333333 4.16666666666667e-05 4.16666666666667e-05 4.16666666666667e-05 0.000208333333333333 4.16666666666667e-05 4.16666666666667e-05 4.16666666666667e-05 0.000208333333333333 0.000208333333333333 4.16666666666667e-05 0.00025 4.16666666666667e-05; % R D=0.2
0.000208333333333333 4.16666666666667e-05 0.000208333333333333 4.16666666666667e-05 0.998375 4.16666666666667e-05 0.000208333333333333 4.16666666666667e-05 4.16666666666667e-05 4.16666666666667e-05 0.000208333333333333 0.000208333333333333 4.16666666666667e-05 0.00025 4.16666666666667e-05; % T D=0.2
0.266041666666667 0.000208333333333333 0.174375 0.000208333333333333 0.000208333333333333 0.000208333333333333 0.182708333333333 0.000208333333333333 0.000208333333333333 0.000208333333333333 0.00104166666666667 0.174375 0.000208333333333333 0.199583333333333 0.000208333333333333; % V D=0.2
0.000208333333333333 4.16666666666667e-05 0.000208333333333333 0.998375 4.16666666666667e-05 4.16666666666667e-05 0.000208333333333333 4.16666666666667e-05 4.16666666666667e-05 4.16666666666667e-05 0.000208333333333333 0.000208333333333333 4.16666666666667e-05 0.00025 4.16666666666667e-05; % g D=0.2
0.000208333333333333 4.16666666666667e-05 0.000208333333333333 4.16666666666667e-05 4.16666666666667e-05 0.998375 0.000208333333333333 4.16666666666667e-05 4.16666666666667e-05 4.16666666666667e-05 0.000208333333333333 0.000208333333333333 4.16666666666667e-05 0.00025 4.16666666666667e-05; % l D=0.2
