syllables = '$DKLMRbgmv';
discounts = [0.1 0.2 0.3 0.4 0.5 0.6 0.7 0.8 0.9 0.95];
kn_probs = [0.000315789473684211 0.332982456140351 0.346315789473684 0.000105263157894737 0.319754385964912 0.000105263157894737 0.000105263157894737 0.000105263157894737 0.000105263157894737 0.000105263157894737; % $ D=0.1
7.89473684210526e-05 7.89473684210526e-05 7.89473684210526e-05 2.63157894736842e-05 0.000105263157894737 2.63157894736842e-05 0.999526315789474 2.63157894736842e-05 2.63157894736842e-05 2.63157894736842e-05; % D D=0.1
7.89473684210526e-05 7.89473684210526e-05 7.89473684210526e-05 0.999526315789474 0.000105263157894737 2.63157894736842e-05 2.63157894736842e-05 2.63157894736842e-05 2.63157894736842e-05 2.63157894736842e-05; % K D=0.1
7.89473684210526e-05 7.89473684210526e-05 7.89473684210526e-05 2.63157894736842e-05 0.000105263157894737 2.63157894736842e-05 2.63157894736842e-05 0.999526315789474 2.63157894736842e-05 2.63157894736842e-05; % L D=0.1
7.89473684210526e-05 7.89473684210526e-05 7.89473684210526e-05 2.63157894736842e-05 0.000105263157894737 2.63157894736842e-05 2.63157894736842e-05 2.63157894736842e-05 0.999526315789474 2.63157894736842e-05; % M D=0.1
0.229736842105263 0.000236842105263158 0.394736842105263 7.89473684210526e-05 0.374815789473684 7.89473684210526e-05 7.89473684210526e-05 7.89473684210526e-05 7.89473684210526e-05 7.89473684210526e-05; % R D=0.1
7.89473684210526e-05 7.89473684210526e-05 7.89473684210526e-05 2.63157894736842e-05 0.000105263157894737 2.63157894736842e-05 2.63157894736842e-05 2.63157894736842e-05 2.63157894736842e-05 0.999526315789474; % b D=0.1
0.234736842105263 0.389736842105263 0.000236842105263158 7.89473684210526e-05 0.374815789473684 7.89473684210526e-05 7.89473684210526e-05 7.89473684210526e-05 7.89473684210526e-05 7.89473684210526e-05; % g D=0.1
0.284815789473684 0.359815789473684 0.344815789473684 0.000105263157894737 0.00992105263157895 0.000105263157894737 0.000105263157894737 0.000105263157894737 0.000105263157894737 0.000105263157894737; % m D=0.1
7.89473684210526e-05 7.89473684210526e-05 7.89473684210526e-05 2.63157894736842e-05 0.000105263157894737 0.999526315789474 2.63157894736842e-05 2.63157894736842e-05 2.63157894736842e-05 2.63157894736842e-05; % v D=0.1
0.000631578947368421 0.332631578947368 0.345964912280702 0.000210526315789474 0.319508771929825 0.000210526315789474 0.000210526315789474 0.000210526315789474 0.000210526315789474 0.000210526315789474; % $ D=0.2
0.000157894736842105 0.000157894736842105 0.000157894736842105 5.26315789473684e-05 0.000210526315789474 5.26315789473684e-05 0.999052631578948 5.26315789473684e-05 5.26315789473684e-05 5.26315789473684e-05; % D D=0.2
0.000157894736842105 0.000157894736842105 0.000157894736842105 0.999052631578948 0.000210526315789474 5.26315789473684e-05 5.26315789473684e-05 5.26315789473684e-05 5.26315789473684e-05 5.26315789473684e-05; % K D=0.2
0.000157894736842105 0.000157894736842105 0.000157894736842105 5.26315789473684e-05 0.000210526315789474 5.26315789473684e-05 5.26315789473684e-05 0.999052631578948 5.26315789473684e-05 5.26315789473684e-05; % L D=0.2
0.000157894736842105 0.000157894736842105 0.000157894736842105 5.26315789473684e-05 0.000210526315789474 5.26315789473684e-05 5.26315789473684e-05 5.26315789473684e-05 0.999052631578948 5.26315789473684e-05; % M D=0.2
0.229473684210526 0.000473684210526316 0.394473684210526 0.000157894736842105 0.374631578947368 0.000157894736842105 0.000157894736842105 0.000157894736842105 0.000157894736842105 0.000157894736842105; % R D=0.2
0.000157894736842105 0.000157894736842105 0.000157894736842105 5.26315789473684e-05 0.000210526315789474 5.26315789473684e-05 5.26315789473684e-05 5.26315789473684e-05 5.26315789473684e-05 0.999052631578948; % b D=0.2
0.234473684210526 0.389473684210526 0.000473684210526316 0.000157894736842105 0.374631578947368 0.000157894736842105 0.000157894736842105 0.000157894736842105 0.000157894736842105 0.000157894736842105; % g D=0.2
0.284631578947368 0.359631578947368 0.344631578947368 0.000210526315789474 0.0098421052631579 0.000210526315789474 0.000210526315789474 0.000210526315789474 0.000210526315789474 0.000210526315789474; % m D=0.2
0.000157894736842105 0.000157894736842105 0.000157894736842105 5.26315789473684e-05 0.000210526315789474 0.999052631578948 5.26315789473684e-05 5.26315789473684e-05 5.26315789473684e-05 5.26315789473684e-05; % v D=0.2
0.000947368421052632 0.332280701754386 0.345614035087719 0.00031578947368421 0.319263157894737 0.00031578947368421 0.00031578947368421 0.00031578947368421 0.00031578947368421 0.00031578947368421; % $ D=0.3
0.000236842105263158 0.000236842105263158 0.000236842105263158 7.89473684210526e-05 0.000315789473684211 7.89473684210526e-05 0.998578947368421 7.89473684210526e-05 7.89473684210526e-05 7.89473684210526e-05; % D D=0.3
0.000236842105263158 0.000236842105263158 0.000236842105263158 0.998578947368421 0.000315789473684211 7.89473684210526e-05 7.89473684210526e-05 7.89473684210526e-05 7.89473684210526e-05 7.89473684210526e-05; % K D=0.3
0.000236842105263158 0.000236842105263158 0.000236842105263158 7.89473684210526e-05 0.000315789473684211 7.89473684210526e-05 7.89473684210526e-05 0.998578947368421 7.89473684210526e-05 7.89473684210526e-05; % L D=0.3
0.000236842105263158 0.000236842105263158 0.000236842105263158 7.89473684210526e-05 0.000315789473684211 7.89473684210526e-05 7.89473684210526e-05 7.89473684210526e-05 0.998578947368421 7.89473684210526e-05; % M D=0.3
0.229210526315789 0.000710526315789474 0.39421052631579 0.000236842105263158 0.374447368421053 0.000236842105263158 0.000236842105263158 0.000236842105263158 0.000236842105263158 0.000236842105263158; % R D=0.3
0.000236842105263158 0.000236842105263158 0.000236842105263158 7.89473684210526e-05 0.000315789473684211 7.89473684210526e-05 7.89473684210526e-05 7.89473684210526e-05 7.89473684210526e-05 0.998578947368421; % b D=0.3
0.234210526315789 0.38921052631579 0.000710526315789474 0.000236842105263158 0.374447368421053 0.000236842105263158 0.000236842105263158 0.000236842105263158 0.000236842105263158 0.000236842105263158; % g D=0.3
0.284447368421053 0.359447368421053 0.344447368421053 0.000315789473684211 0.00976315789473684 0.000315789473684211 0.000315789473684211 0.000315789473684211 0.000315789473684211 0.000315789473684211; % m D=0.3
0.000236842105263158 0.000236842105263158 0.000236842105263158 7.89473684210526e-05 0.000315789473684211 0.998578947368421 7.89473684210526e-05 7.89473684210526e-05 7.89473684210526e-05 7.89473684210526e-05; % v D=0.3
0.00126315789473684 0.331929824561404 0.345263157894737 0.000421052631578947 0.319017543859649 0.000421052631578947 0.000421052631578947 0.000421052631578947 0.000421052631578947 0.000421052631578947; % $ D=0.4
0.000315789473684211 0.000315789473684211 0.000315789473684211 0.000105263157894737 0.000421052631578947 0.000105263157894737 0.998105263157895 0.000105263157894737 0.000105263157894737 0.000105263157894737; % D D=0.4
0.000315789473684211 0.000315789473684211 0.000315789473684211 0.998105263157895 0.000421052631578947 0.000105263157894737 0.000105263157894737 0.000105263157894737 0.000105263157894737 0.000105263157894737; % K D=0.4
0.000315789473684211 0.000315789473684211 0.000315789473684211 0.000105263157894737 0.000421052631578947 0.000105263157894737 0.000105263157894737 0.998105263157895 0.000105263157894737 0.000105263157894737; % L D=0.4
0.000315789473684211 0.000315789473684211 0.000315789473684211 0.000105263157894737 0.000421052631578947 0.000105263157894737 0.000105263157894737 0.000105263157894737 0.998105263157895 0.000105263157894737; % M D=0.4
0.228947368421053 0.000947368421052632 0.393947368421053 0.000315789473684211 0.374263157894737 0.000315789473684211 0.000315789473684211 0.000315789473684211 0.000315789473684211 0.000315789473684211; % R D=0.4
0.000315789473684211 0.000315789473684211 0.000315789473684211 0.000105263157894737 0.000421052631578947 0.000105263157894737 0.000105263157894737 0.000105263157894737 0.000105263157894737 0.998105263157895; % b D=0.4
0.233947368421053 0.388947368421053 0.000947368421052632 0.000315789473684211 0.374263157894737 0.000315789473684211 0.000315789473684211 0.000315789473684211 0.000315789473684211 0.000315789473684211; % g D=0.4
0.284263157894737 0.359263157894737 0.344263157894737 0.000421052631578947 0.00968421052631579 0.000421052631578947 0.000421052631578947 0.000421052631578947 0.000421052631578947 0.000421052631578947; % m D=0.4
0.000315789473684211 0.000315789473684211 0.000315789473684211 0.000105263157894737 0.000421052631578947 0.998105263157895 0.000105263157894737 0.000105263157894737 0.000105263157894737 0.000105263157894737; % v D=0.4
0.00157894736842105 0.331578947368421 0.344912280701754 0.000526315789473684 0.318771929824561 0.000526315789473684 0.000526315789473684 0.000526315789473684 0.000526315789473684 0.000526315789473684; % $ D=0.5
0.000394736842105263 0.000394736842105263 0.000394736842105263 0.000131578947368421 0.000526315789473684 0.000131578947368421 0.997631578947368 0.000131578947368421 0.000131578947368421 0.000131578947368421; % D D=0.5
0.000394736842105263 0.000394736842105263 0.000394736842105263 0.997631578947368 0.000526315789473684 0.000131578947368421 0.000131578947368421 0.000131578947368421 0.000131578947368421 0.000131578947368421; % K D=0.5
0.000394736842105263 0.000394736842105263 0.000394736842105263 0.000131578947368421 0.000526315789473684 0.000131578947368421 0.000131578947368421 0.997631578947368 0.000131578947368421 0.000131578947368421; % L D=0.5
0.000394736842105263 0.000394736842105263 0.000394736842105263 0.000131578947368421 0.000526315789473684 0.000131578947368421 0.000131578947368421 0.000131578947368421 0.997631578947368 0.000131578947368421; % M D=0.5
0.228684210526316 0.00118421052631579 0.393684210526316 0.000394736842105263 0.374078947368421 0.000394736842105263 0.000394736842105263 0.000394736842105263 0.000394736842105263 0.000394736842105263; % R D=0.5
0.000394736842105263 0.000394736842105263 0.000394736842105263 0.000131578947368421 0.000526315789473684 0.000131578947368421 0.000131578947368421 0.000131578947368421 0.000131578947368421 0.997631578947368; % b D=0.5
0.233684210526316 0.388684210526316 0.00118421052631579 0.000394736842105263 0.374078947368421 0.000394736842105263 0.000394736842105263 0.000394736842105263 0.000394736842105263 0.000394736842105263; % g D=0.5
0.284078947368421 0.359078947368421 0.344078947368421 0.000526315789473684 0.00960526315789474 0.000526315789473684 0.000526315789473684 0.000526315789473684 0.000526315789473684 0.000526315789473684; % m D=0.5
0.000394736842105263 0.000394736842105263 0.000394736842105263 0.000131578947368421 0.000526315789473684 0.997631578947368 0.000131578947368421 0.000131578947368421 0.000131578947368421 0.000131578947368421; % v D=0.5
0.00189473684210526 0.331228070175439 0.344561403508772 0.000631578947368421 0.318526315789474 0.000631578947368421 0.000631578947368421 0.000631578947368421 0.000631578947368421 0.000631578947368421; % $ D=0.6
0.000473684210526316 0.000473684210526316 0.000473684210526316 0.000157894736842105 0.000631578947368421 0.000157894736842105 0.997157894736842 0.000157894736842105 0.000157894736842105 0.000157894736842105; % D D=0.6
0.000473684210526316 0.000473684210526316 0.000473684210526316 0.997157894736842 0.000631578947368421 0.000157894736842105 0.000157894736842105 0.000157894736842105 0.000157894736842105 0.000157894736842105; % K D=0.6
0.000473684210526316 0.000473684210526316 0.000473684210526316 0.000157894736842105 0.000631578947368421 0.000157894736842105 0.000157894736842105 0.997157894736842 0.000157894736842105 0.000157894736842105; % L D=0.6
0.000473684210526316 0.000473684210526316 0.000473684210526316 0.000157894736842105 0.000631578947368421 0.000157894736842105 0.000157894736842105 0.000157894736842105 0.997157894736842 0.000157894736842105; % M D=0.6
0.228421052631579 0.00142105263157895 0.393421052631579 0.000473684210526316 0.373894736842105 0.000473684210526316 0.000473684210526316 0.000473684210526316 0.000473684210526316 0.000473684210526316; % R D=0.6
0.000473684210526316 0.000473684210526316 0.000473684210526316 0.000157894736842105 0.000631578947368421 0.000157894736842105 0.000157894736842105 0.000157894736842105 0.000157894736842105 0.997157894736842; % b D=0.6
0.233421052631579 0.388421052631579 0.00142105263157895 0.000473684210526316 0.373894736842105 0.000473684210526316 0.000473684210526316 0.000473684210526316 0.000473684210526316 0.000473684210526316; % g D=0.6
0.283894736842105 0.358894736842105 0.343894736842105 0.000631578947368421 0.00952631578947368 0.000631578947368421 0.000631578947368421 0.000631578947368421 0.000631578947368421 0.000631578947368421; % m D=0.6
0.000473684210526316 0.000473684210526316 0.000473684210526316 0.000157894736842105 0.000631578947368421 0.997157894736842 0.000157894736842105 0.000157894736842105 0.000157894736842105 0.000157894736842105; % v D=0.6
0.00221052631578947 0.330877192982456 0.344210526315789 0.000736842105263158 0.318280701754386 0.000736842105263158 0.000736842105263158 0.000736842105263158 0.000736842105263158 0.000736842105263158; % $ D=0.7
0.000552631578947368 0.000552631578947368 0.000552631578947368 0.000184210526315789 0.000736842105263158 0.000184210526315789 0.996684210526316 0.000184210526315789 0.000184210526315789 0.000184210526315789; % D D=0.7
0.000552631578947368 0.000552631578947368 0.000552631578947368 0.996684210526316 0.000736842105263158 0.000184210526315789 0.000184210526315789 0.000184210526315789 0.000184210526315789 0.000184210526315789; % K D=0.7
0.000552631578947368 0.000552631578947368 0.000552631578947368 0.000184210526315789 0.000736842105263158 0.000184210526315789 0.000184210526315789 0.996684210526316 0.000184210526315789 0.000184210526315789; % L D=0.7
0.000552631578947368 0.000552631578947368 0.000552631578947368 0.000184210526315789 0.000736842105263158 0.000184210526315789 0.000184210526315789 0.000184210526315789 0.996684210526316 0.000184210526315789; % M D=0.7
0.228157894736842 0.0016578947368421 0.393157894736842 0.000552631578947368 0.373710526315789 0.000552631578947368 0.000552631578947368 0.000552631578947368 0.000552631578947368 0.000552631578947368; % R D=0.7
0.000552631578947368 0.000552631578947368 0.000552631578947368 0.000184210526315789 0.000736842105263158 0.000184210526315789 0.000184210526315789 0.000184210526315789 0.000184210526315789 0.996684210526316; % b D=0.7
0.233157894736842 0.388157894736842 0.0016578947368421 0.000552631578947368 0.373710526315789 0.000552631578947368 0.000552631578947368 0.000552631578947368 0.000552631578947368 0.000552631578947368; % g D=0.7
0.283710526315789 0.358710526315789 0.343710526315789 0.000736842105263158 0.00944736842105263 0.000736842105263158 0.000736842105263158 0.000736842105263158 0.000736842105263158 0.000736842105263158; % m D=0.7
0.000552631578947368 0.000552631578947368 0.000552631578947368 0.000184210526315789 0.000736842105263158 0.996684210526316 0.000184210526315789 0.000184210526315789 0.000184210526315789 0.000184210526315789; % v D=0.7
0.00252631578947368 0.330526315789474 0.343859649122807 0.000842105263157895 0.318035087719298 0.000842105263157895 0.000842105263157895 0.000842105263157895 0.000842105263157895 0.000842105263157895; % $ D=0.8
0.000631578947368421 0.000631578947368421 0.000631578947368421 0.000210526315789474 0.000842105263157895 0.000210526315789474 0.996210526315789 0.000210526315789474 0.000210526315789474 0.000210526315789474; % D D=0.8
0.000631578947368421 0.000631578947368421 0.000631578947368421 0.996210526315789 0.000842105263157895 0.000210526315789474 0.000210526315789474 0.000210526315789474 0.000210526315789474 0.000210526315789474; % K D=0.8
0.000631578947368421 0.000631578947368421 0.000631578947368421 0.000210526315789474 0.000842105263157895 0.000210526315789474 0.000210526315789474 0.996210526315789 0.000210526315789474 0.000210526315789474; % L D=0.8
0.000631578947368421 0.000631578947368421 0.000631578947368421 0.000210526315789474 0.000842105263157895 0.000210526315789474 0.000210526315789474 0.000210526315789474 0.996210526315789 0.000210526315789474; % M D=0.8
0.227894736842105 0.00189473684210526 0.392894736842105 0.000631578947368421 0.373526315789474 0.000631578947368421 0.000631578947368421 0.000631578947368421 0.000631578947368421 0.000631578947368421; % R D=0.8
0.000631578947368421 0.000631578947368421 0.000631578947368421 0.000210526315789474 0.000842105263157895 0.000210526315789474 0.000210526315789474 0.000210526315789474 0.000210526315789474 0.996210526315789; % b D=0.8
0.232894736842105 0.387894736842105 0.00189473684210526 0.000631578947368421 0.373526315789474 0.000631578947368421 0.000631578947368421 0.000631578947368421 0.000631578947368421 0.000631578947368421; % g D=0.8
0.283526315789474 0.358526315789474 0.343526315789474 0.000842105263157895 0.00936842105263158 0.000842105263157895 0.000842105263157895 0.000842105263157895 0.000842105263157895 0.000842105263157895; % m D=0.8
0.000631578947368421 0.000631578947368421 0.000631578947368421 0.000210526315789474 0.000842105263157895 0.996210526315789 0.000210526315789474 0.000210526315789474 0.000210526315789474 0.000210526315789474; % v D=0.8
0.0028421052631579 0.330175438596491 0.343508771929825 0.000947368421052632 0.317789473684211 0.000947368421052632 0.000947368421052632 0.000947368421052632 0.000947368421052632 0.000947368421052632; % $ D=0.9
0.000710526315789474 0.000710526315789474 0.000710526315789474 0.000236842105263158 0.000947368421052632 0.000236842105263158 0.995736842105263 0.000236842105263158 0.000236842105263158 0.000236842105263158; % D D=0.9
0.000710526315789474 0.000710526315789474 0.000710526315789474 0.995736842105263 0.000947368421052632 0.000236842105263158 0.000236842105263158 0.000236842105263158 0.000236842105263158 0.000236842105263158; % K D=0.9
0.000710526315789474 0.000710526315789474 0.000710526315789474 0.000236842105263158 0.000947368421052632 0.000236842105263158 0.000236842105263158 0.995736842105263 0.000236842105263158 0.000236842105263158; % L D=0.9
0.000710526315789474 0.000710526315789474 0.000710526315789474 0.000236842105263158 0.000947368421052632 0.000236842105263158 0.000236842105263158 0.000236842105263158 0.995736842105263 0.000236842105263158; % M D=0.9
0.227631578947368 0.00213157894736842 0.392631578947368 0.000710526315789474 0.373342105263158 0.000710526315789474 0.000710526315789474 0.000710526315789474 0.000710526315789474 0.000710526315789474; % R D=0.9
0.000710526315789474 0.000710526315789474 0.000710526315789474 0.000236842105263158 0.000947368421052632 0.000236842105263158 0.000236842105263158 0.000236842105263158 0.000236842105263158 0.995736842105263; % b D=0.9
0.232631578947368 0.387631578947368 0.00213157894736842 0.000710526315789474 0.373342105263158 0.000710526315789474 0.000710526315789474 0.000710526315789474 0.000710526315789474 0.000710526315789474; % g D=0.9
0.283342105263158 0.358342105263158 0.343342105263158 0.000947368421052632 0.00928947368421053 0.000947368421052632 0.000947368421052632 0.000947368421052632 0.000947368421052632 0.000947368421052632; % m D=0.9
0.000710526315789474 0.000710526315789474 0.000710526315789474 0.000236842105263158 0.000947368421052632 0.995736842105263 0.000236842105263158 0.000236842105263158 0.000236842105263158 0.000236842105263158; % v D=0.9
0.003 0.33 0.343333333333333 0.001 0.317666666666667 0.001 0.001 0.001 0.001 0.001; % $ D=0.95
0.00075 0.00075 0.00075 0.00025 0.001 0.00025 0.9955 0.00025 0.00025 0.00025; % D D=0.95
0.00075 0.00075 0.00075 0.9955 0.001 0.00025 0.00025 0.00025 0.00025 0.00025; % K D=0.95
0.00075 0.00075 0.00075 0.00025 0.001 0.00025 0.00025 0.9955 0.00025 0.00025; % L D=0.95
0.00075 0.00075 0.00075 0.00025 0.001 0.00025 0.00025 0.00025 0.9955 0.00025; % M D=0.95
0.2275 0.00225 0.3925 0.00075 0.37325 0.00075 0.00075 0.00075 0.00075 0.00075; % R D=0.95
0.00075 0.00075 0.00075 0.00025 0.001 0.00025 0.00025 0.00025 0.00025 0.9955; % b D=0.95
0.2325 0.3875 0.00225 0.00075 0.37325 0.00075 0.00075 0.00075 0.00075 0.00075; % g D=0.95
0.28325 0.35825 0.34325 0.001 0.00925 0.001 0.001 0.001 0.001 0.001; % m D=0.95
0.00075 0.00075 0.00075 0.00025 0.001 0.9955 0.00025 0.00025 0.00025 0.00025]; % v D=0.95
