syllables = '$BGLPTklmptz';
discounts = [0.1 0.2 0.3 0.4 0.5 0.6 0.7 0.8 0.9 0.95];
kn_probs = [0.000395061728395062 0.266395061728395 9.87654320987654e-05 0.239728395061728 9.87654320987654e-05 9.87654320987654e-05 9.87654320987654e-05 9.87654320987654e-05 0.266395061728395 0.226395061728395 9.87654320987654e-05 9.87654320987654e-05; % $ D=0.1
9.87654320987654e-05 9.87654320987654e-05 0.999358024691358 9.87654320987654e-05 2.46913580246914e-05 2.46913580246914e-05 2.46913580246914e-05 2.46913580246914e-05 9.87654320987654e-05 9.87654320987654e-05 2.46913580246914e-05 2.46913580246914e-05; % B D=0.1
9.87654320987654e-05 9.87654320987654e-05 2.46913580246914e-05 9.87654320987654e-05 2.46913580246914e-05 2.46913580246914e-05 2.46913580246914e-05 2.46913580246914e-05 9.87654320987654e-05 9.87654320987654e-05 0.999358024691358 2.46913580246914e-05; % G D=0.1
9.87654320987654e-05 9.87654320987654e-05 2.46913580246914e-05 9.87654320987654e-05 2.46913580246914e-05 2.46913580246914e-05 0.999358024691358 2.46913580246914e-05 9.87654320987654e-05 9.87654320987654e-05 2.46913580246914e-05 2.46913580246914e-05; % L D=0.1
0.359728395061728 0.239728395061728 9.87654320987654e-05 0.000395061728395062 9.87654320987654e-05 9.87654320987654e-05 9.87654320987654e-05 9.87654320987654e-05 0.199728395061728 0.199728395061728 9.87654320987654e-05 9.87654320987654e-05; % P D=0.1
0.219728395061728 0.233061728395062 9.87654320987654e-05 0.286395061728395 9.87654320987654e-05 9.87654320987654e-05 9.87654320987654e-05 9.87654320987654e-05 0.000395061728395062 0.259728395061728 9.87654320987654e-05 9.87654320987654e-05; % T D=0.1
9.87654320987654e-05 9.87654320987654e-05 2.46913580246914e-05 9.87654320987654e-05 0.999358024691358 2.46913580246914e-05 2.46913580246914e-05 2.46913580246914e-05 9.87654320987654e-05 9.87654320987654e-05 2.46913580246914e-05 2.46913580246914e-05; % k D=0.1
0.213061728395062 0.000395061728395062 9.87654320987654e-05 0.206395061728395 9.87654320987654e-05 9.87654320987654e-05 9.87654320987654e-05 9.87654320987654e-05 0.266395061728395 0.313061728395062 9.87654320987654e-05 9.87654320987654e-05; % l D=0.1
9.87654320987654e-05 9.87654320987654e-05 2.46913580246914e-05 9.87654320987654e-05 2.46913580246914e-05 0.999358024691358 2.46913580246914e-05 2.46913580246914e-05 9.87654320987654e-05 9.87654320987654e-05 2.46913580246914e-05 2.46913580246914e-05; % m D=0.1
9.87654320987654e-05 9.87654320987654e-05 2.46913580246914e-05 9.87654320987654e-05 2.46913580246914e-05 2.46913580246914e-05 2.46913580246914e-05 2.46913580246914e-05 9.87654320987654e-05 9.87654320987654e-05 2.46913580246914e-05 0.999358024691358; % p D=0.1
9.87654320987654e-05 9.87654320987654e-05 2.46913580246914e-05 9.87654320987654e-05 2.46913580246914e-05 2.46913580246914e-05 2.46913580246914e-05 0.999358024691358 9.87654320987654e-05 9.87654320987654e-05 2.46913580246914e-05 2.46913580246914e-05; % t D=0.1
0.206395061728395 0.259728395061728 9.87654320987654e-05 0.266395061728395 9.87654320987654e-05 9.87654320987654e-05 9.87654320987654e-05 9.87654320987654e-05 0.266395061728395 0.000395061728395062 9.87654320987654e-05 9.87654320987654e-05; % z D=0.1
0.000790123456790124 0.266123456790123 0.000197530864197531 0.239456790123457 0.000197530864197531 0.000197530864197531 0.000197530864197531 0.000197530864197531 0.266123456790123 0.226123456790123 0.000197530864197531 0.000197530864197531; % $ D=0.2
0.000197530864197531 0.000197530864197531 0.998716049382716 0.000197530864197531 4.93827160493827e-05 4.93827160493827e-05 4.93827160493827e-05 4.93827160493827e-05 0.000197530864197531 0.000197530864197531 4.93827160493827e-05 4.93827160493827e-05; % B D=0.2
0.000197530864197531 0.000197530864197531 4.93827160493827e-05 0.000197530864197531 4.93827160493827e-05 4.93827160493827e-05 4.93827160493827e-05 4.93827160493827e-05 0.000197530864197531 0.000197530864197531 0.998716049382716 4.93827160493827e-05; % G D=0.2
0.000197530864197531 0.000197530864197531 4.93827160493827e-05 0.000197530864197531 4.93827160493827e-05 4.93827160493827e-05 0.998716049382716 4.93827160493827e-05 0.000197530864197531 0.000197530864197531 4.93827160493827e-05 4.93827160493827e-05; % L D=0.2
0.359456790123457 0.239456790123457 0.000197530864197531 0.000790123456790124 0.000197530864197531 0.000197530864197531 0.000197530864197531 0.000197530864197531 0.199456790123457 0.199456790123457 0.000197530864197531 0.000197530864197531; % P D=0.2
0.219456790123457 0.23279012345679 0.000197530864197531 0.286123456790123 0.000197530864197531 0.000197530864197531 0.000197530864197531 0.000197530864197531 0.000790123456790124 0.259456790123457 0.000197530864197531 0.000197530864197531; % T D=0.2
0.000197530864197531 0.000197530864197531 4.93827160493827e-05 0.000197530864197531 0.998716049382716 4.93827160493827e-05 4.93827160493827e-05 4.93827160493827e-05 0.000197530864197531 0.000197530864197531 4.93827160493827e-05 4.93827160493827e-05; % k D=0.2
0.21279012345679 0.000790123456790124 0.000197530864197531 0.206123456790123 0.000197530864197531 0.000197530864197531 0.000197530864197531 0.000197530864197531 0.266123456790123 0.31279012345679 0.000197530864197531 0.000197530864197531; % l D=0.2
0.000197530864197531 0.000197530864197531 4.93827160493827e-05 0.000197530864197531 4.93827160493827e-05 0.998716049382716 4.93827160493827e-05 4.93827160493827e-05 0.000197530864197531 0.000197530864197531 4.93827160493827e-05 4.93827160493827e-05; % m D=0.2
0.000197530864197531 0.000197530864197531 4.93827160493827e-05 0.000197530864197531 4.93827160493827e-05 4.93827160493827e-05 4.93827160493827e-05 4.93827160493827e-05 0.000197530864197531 0.000197530864197531 4.93827160493827e-05 0.998716049382716; % p D=0.2
0.000197530864197531 0.000197530864197531 4.93827160493827e-05 0.000197530864197531 4.93827160493827e-05 4.93827160493827e-05 4.93827160493827e-05 0.998716049382716 0.000197530864197531 0.000197530864197531 4.93827160493827e-05 4.93827160493827e-05; % t D=0.2
0.206123456790123 0.259456790123457 0.000197530864197531 0.266123456790123 0.000197530864197531 0.000197530864197531 0.000197530864197531 0.000197530864197531 0.266123456790123 0.000790123456790124 0.000197530864197531 0.000197530864197531; % z D=0.2
0.00118518518518519 0.265851851851852 0.000296296296296296 0.239185185185185 0.000296296296296296 0.000296296296296296 0.000296296296296296 0.000296296296296296 0.265851851851852 0.225851851851852 0.000296296296296296 0.000296296296296296; % $ D=0.3
0.000296296296296296 0.000296296296296296 0.998074074074074 0.000296296296296296 7.40740740740741e-05 7.40740740740741e-05 7.40740740740741e-05 7.40740740740741e-05 0.000296296296296296 0.000296296296296296 7.40740740740741e-05 7.40740740740741e-05; % B D=0.3
0.000296296296296296 0.000296296296296296 7.40740740740741e-05 0.000296296296296296 7.40740740740741e-05 7.40740740740741e-05 7.40740740740741e-05 7.40740740740741e-05 0.000296296296296296 0.000296296296296296 0.998074074074074 7.40740740740741e-05; % G D=0.3
0.000296296296296296 0.000296296296296296 7.40740740740741e-05 0.000296296296296296 7.40740740740741e-05 7.40740740740741e-05 0.998074074074074 7.40740740740741e-05 0.000296296296296296 0.000296296296296296 7.40740740740741e-05 7.40740740740741e-05; % L D=0.3
0.359185185185185 0.239185185185185 0.000296296296296296 0.00118518518518519 0.000296296296296296 0.000296296296296296 0.000296296296296296 0.000296296296296296 0.199185185185185 0.199185185185185 0.000296296296296296 0.000296296296296296; % P D=0.3
0.219185185185185 0.232518518518519 0.000296296296296296 0.285851851851852 0.000296296296296296 0.000296296296296296 0.000296296296296296 0.000296296296296296 0.00118518518518519 0.259185185185185 0.000296296296296296 0.000296296296296296; % T D=0.3
0.000296296296296296 0.000296296296296296 7.40740740740741e-05 0.000296296296296296 0.998074074074074 7.40740740740741e-05 7.40740740740741e-05 7.40740740740741e-05 0.000296296296296296 0.000296296296296296 7.40740740740741e-05 7.40740740740741e-05; % k D=0.3
0.212518518518518 0.00118518518518519 0.000296296296296296 0.205851851851852 0.000296296296296296 0.000296296296296296 0.000296296296296296 0.000296296296296296 0.265851851851852 0.312518518518519 0.000296296296296296 0.000296296296296296; % l D=0.3
0.000296296296296296 0.000296296296296296 7.40740740740741e-05 0.000296296296296296 7.40740740740741e-05 0.998074074074074 7.40740740740741e-05 7.40740740740741e-05 0.000296296296296296 0.000296296296296296 7.40740740740741e-05 7.40740740740741e-05; % m D=0.3
0.000296296296296296 0.000296296296296296 7.40740740740741e-05 0.000296296296296296 7.40740740740741e-05 7.40740740740741e-05 7.40740740740741e-05 7.40740740740741e-05 0.000296296296296296 0.000296296296296296 7.40740740740741e-05 0.998074074074074; % p D=0.3
0.000296296296296296 0.000296296296296296 7.40740740740741e-05 0.000296296296296296 7.40740740740741e-05 7.40740740740741e-05 7.40740740740741e-05 0.998074074074074 0.000296296296296296 0.000296296296296296 7.40740740740741e-05 7.40740740740741e-05; % t D=0.3
0.205851851851852 0.259185185185185 0.000296296296296296 0.265851851851852 0.000296296296296296 0.000296296296296296 0.000296296296296296 0.000296296296296296 0.265851851851852 0.00118518518518519 0.000296296296296296 0.000296296296296296; % z D=0.3
0.00158024691358025 0.26558024691358 0.000395061728395062 0.238913580246914 0.000395061728395062 0.000395061728395062 0.000395061728395062 0.000395061728395062 0.26558024691358 0.22558024691358 0.000395061728395062 0.000395061728395062; % $ D=0.4
0.000395061728395062 0.000395061728395062 0.997432098765432 0.000395061728395062 9.87654320987654e-05 9.87654320987654e-05 9.87654320987654e-05 9.87654320987654e-05 0.000395061728395062 0.000395061728395062 9.87654320987654e-05 9.87654320987654e-05; % B D=0.4
0.000395061728395062 0.000395061728395062 9.87654320987654e-05 0.000395061728395062 9.87654320987654e-05 9.87654320987654e-05 9.87654320987654e-05 9.87654320987654e-05 0.000395061728395062 0.000395061728395062 0.997432098765432 9.87654320987654e-05; % G D=0.4
0.000395061728395062 0.000395061728395062 9.87654320987654e-05 0.000395061728395062 9.87654320987654e-05 9.87654320987654e-05 0.997432098765432 9.87654320987654e-05 0.000395061728395062 0.000395061728395062 9.87654320987654e-05 9.87654320987654e-05; % L D=0.4
0.358913580246914 0.238913580246914 0.000395061728395062 0.00158024691358025 0.000395061728395062 0.000395061728395062 0.000395061728395062 0.000395061728395062 0.198913580246914 0.198913580246914 0.000395061728395062 0.000395061728395062; % P D=0.4
0.218913580246914 0.232246913580247 0.000395061728395062 0.28558024691358 0.000395061728395062 0.000395061728395062 0.000395061728395062 0.000395061728395062 0.00158024691358025 0.258913580246914 0.000395061728395062 0.000395061728395062; % T D=0.4
0.000395061728395062 0.000395061728395062 9.87654320987654e-05 0.000395061728395062 0.997432098765432 9.87654320987654e-05 9.87654320987654e-05 9.87654320987654e-05 0.000395061728395062 0.000395061728395062 9.87654320987654e-05 9.87654320987654e-05; % k D=0.4
0.212246913580247 0.00158024691358025 0.000395061728395062 0.20558024691358 0.000395061728395062 0.000395061728395062 0.000395061728395062 0.000395061728395062 0.26558024691358 0.312246913580247 0.000395061728395062 0.000395061728395062; % l D=0.4
0.000395061728395062 0.000395061728395062 9.87654320987654e-05 0.000395061728395062 9.87654320987654e-05 0.997432098765432 9.87654320987654e-05 9.87654320987654e-05 0.000395061728395062 0.000395061728395062 9.87654320987654e-05 9.87654320987654e-05; % m D=0.4
0.000395061728395062 0.000395061728395062 9.87654320987654e-05 0.000395061728395062 9.87654320987654e-05 9.87654320987654e-05 9.87654320987654e-05 9.87654320987654e-05 0.000395061728395062 0.000395061728395062 9.87654320987654e-05 0.997432098765432; % p D=0.4
0.000395061728395062 0.000395061728395062 9.87654320987654e-05 0.000395061728395062 9.87654320987654e-05 9.87654320987654e-05 9.87654320987654e-05 0.997432098765432 0.000395061728395062 0.000395061728395062 9.87654320987654e-05 9.87654320987654e-05; % t D=0.4
0.20558024691358 0.258913580246914 0.000395061728395062 0.26558024691358 0.000395061728395062 0.000395061728395062 0.000395061728395062 0.000395061728395062 0.26558024691358 0.00158024691358025 0.000395061728395062 0.000395061728395062; % z D=0.4
0.00197530864197531 0.265308641975309 0.000493827160493827 0.238641975308642 0.000493827160493827 0.000493827160493827 0.000493827160493827 0.000493827160493827 0.265308641975309 0.225308641975309 0.000493827160493827 0.000493827160493827; % $ D=0.5
0.000493827160493827 0.000493827160493827 0.99679012345679 0.000493827160493827 0.000123456790123457 0.000123456790123457 0.000123456790123457 0.000123456790123457 0.000493827160493827 0.000493827160493827 0.000123456790123457 0.000123456790123457; % B D=0.5
0.000493827160493827 0.000493827160493827 0.000123456790123457 0.000493827160493827 0.000123456790123457 0.000123456790123457 0.000123456790123457 0.000123456790123457 0.000493827160493827 0.000493827160493827 0.99679012345679 0.000123456790123457; % G D=0.5
0.000493827160493827 0.000493827160493827 0.000123456790123457 0.000493827160493827 0.000123456790123457 0.000123456790123457 0.99679012345679 0.000123456790123457 0.000493827160493827 0.000493827160493827 0.000123456790123457 0.000123456790123457; % L D=0.5
0.358641975308642 0.238641975308642 0.000493827160493827 0.00197530864197531 0.000493827160493827 0.000493827160493827 0.000493827160493827 0.000493827160493827 0.198641975308642 0.198641975308642 0.000493827160493827 0.000493827160493827; % P D=0.5
0.218641975308642 0.231975308641975 0.000493827160493827 0.285308641975309 0.000493827160493827 0.000493827160493827 0.000493827160493827 0.000493827160493827 0.00197530864197531 0.258641975308642 0.000493827160493827 0.000493827160493827; % T D=0.5
0.000493827160493827 0.000493827160493827 0.000123456790123457 0.000493827160493827 0.99679012345679 0.000123456790123457 0.000123456790123457 0.000123456790123457 0.000493827160493827 0.000493827160493827 0.000123456790123457 0.000123456790123457; % k D=0.5
0.211975308641975 0.00197530864197531 0.000493827160493827 0.205308641975309 0.000493827160493827 0.000493827160493827 0.000493827160493827 0.000493827160493827 0.265308641975309 0.311975308641975 0.000493827160493827 0.000493827160493827; % l D=0.5
0.000493827160493827 0.000493827160493827 0.000123456790123457 0.000493827160493827 0.000123456790123457 0.99679012345679 0.000123456790123457 0.000123456790123457 0.000493827160493827 0.000493827160493827 0.000123456790123457 0.000123456790123457; % m D=0.5
0.000493827160493827 0.000493827160493827 0.000123456790123457 0.000493827160493827 0.000123456790123457 0.000123456790123457 0.000123456790123457 0.000123456790123457 0.000493827160493827 0.000493827160493827 0.000123456790123457 0.99679012345679; % p D=0.5
0.000493827160493827 0.000493827160493827 0.000123456790123457 0.000493827160493827 0.000123456790123457 0.000123456790123457 0.000123456790123457 0.99679012345679 0.000493827160493827 0.000493827160493827 0.000123456790123457 0.000123456790123457; % t D=0.5
0.205308641975309 0.258641975308642 0.000493827160493827 0.265308641975309 0.000493827160493827 0.000493827160493827 0.000493827160493827 0.000493827160493827 0.265308641975309 0.00197530864197531 0.000493827160493827 0.000493827160493827; % z D=0.5
0.00237037037037037 0.265037037037037 0.000592592592592593 0.23837037037037 0.000592592592592593 0.000592592592592593 0.000592592592592593 0.000592592592592593 0.265037037037037 0.225037037037037 0.000592592592592593 0.000592592592592593; % $ D=0.6
0.000592592592592593 0.000592592592592593 0.996148148148148 0.000592592592592593 0.000148148148148148 0.000148148148148148 0.000148148148148148 0.000148148148148148 0.000592592592592593 0.000592592592592593 0.000148148148148148 0.000148148148148148; % B D=0.6
0.000592592592592593 0.000592592592592593 0.000148148148148148 0.000592592592592593 0.000148148148148148 0.000148148148148148 0.000148148148148148 0.000148148148148148 0.000592592592592593 0.000592592592592593 0.996148148148148 0.000148148148148148; % G D=0.6
0.000592592592592593 0.000592592592592593 0.000148148148148148 0.000592592592592593 0.000148148148148148 0.000148148148148148 0.996148148148148 0.000148148148148148 0.000592592592592593 0.000592592592592593 0.000148148148148148 0.000148148148148148; % L D=0.6
0.35837037037037 0.23837037037037 0.000592592592592593 0.00237037037037037 0.000592592592592593 0.000592592592592593 0.000592592592592593 0.000592592592592593 0.19837037037037 0.19837037037037 0.000592592592592593 0.000592592592592593; % P D=0.6
0.21837037037037 0.231703703703704 0.000592592592592593 0.285037037037037 0.000592592592592593 0.000592592592592593 0.000592592592592593 0.000592592592592593 0.00237037037037037 0.25837037037037 0.000592592592592593 0.000592592592592593; % T D=0.6
0.000592592592592593 0.000592592592592593 0.000148148148148148 0.000592592592592593 0.996148148148148 0.000148148148148148 0.000148148148148148 0.000148148148148148 0.000592592592592593 0.000592592592592593 0.000148148148148148 0.000148148148148148; % k D=0.6
0.211703703703704 0.00237037037037037 0.000592592592592593 0.205037037037037 0.000592592592592593 0.000592592592592593 0.000592592592592593 0.000592592592592593 0.265037037037037 0.311703703703704 0.000592592592592593 0.000592592592592593; % l D=0.6
0.000592592592592593 0.000592592592592593 0.000148148148148148 0.000592592592592593 0.000148148148148148 0.996148148148148 0.000148148148148148 0.000148148148148148 0.000592592592592593 0.000592592592592593 0.000148148148148148 0.000148148148148148; % m D=0.6
0.000592592592592593 0.000592592592592593 0.000148148148148148 0.000592592592592593 0.000148148148148148 0.000148148148148148 0.000148148148148148 0.000148148148148148 0.000592592592592593 0.000592592592592593 0.000148148148148148 0.996148148148148; % p D=0.6
0.000592592592592593 0.000592592592592593 0.000148148148148148 0.000592592592592593 0.000148148148148148 0.000148148148148148 0.000148148148148148 0.996148148148148 0.000592592592592593 0.000592592592592593 0.000148148148148148 0.000148148148148148; % t D=0.6
0.205037037037037 0.25837037037037 0.000592592592592593 0.265037037037037 0.000592592592592593 0.000592592592592593 0.000592592592592593 0.000592592592592593 0.265037037037037 0.00237037037037037 0.000592592592592593 0.000592592592592593; % z D=0.6
0.00276543209876543 0.264765432098765 0.000691358024691358 0.238098765432099 0.000691358024691358 0.000691358024691358 0.000691358024691358 0.000691358024691358 0.264765432098765 0.224765432098765 0.000691358024691358 0.000691358024691358; % $ D=0.7
0.000691358024691358 0.000691358024691358 0.995506172839506 0.000691358024691358 0.000172839506172839 0.000172839506172839 0.000172839506172839 0.000172839506172839 0.000691358024691358 0.000691358024691358 0.000172839506172839 0.000172839506172839; % B D=0.7
0.000691358024691358 0.000691358024691358 0.000172839506172839 0.000691358024691358 0.000172839506172839 0.000172839506172839 0.000172839506172839 0.000172839506172839 0.000691358024691358 0.000691358024691358 0.995506172839506 0.000172839506172839; % G D=0.7
0.000691358024691358 0.000691358024691358 0.000172839506172839 0.000691358024691358 0.000172839506172839 0.000172839506172839 0.995506172839506 0.000172839506172839 0.000691358024691358 0.000691358024691358 0.000172839506172839 0.000172839506172839; % L D=0.7
0.358098765432099 0.238098765432099 0.000691358024691358 0.00276543209876543 0.000691358024691358 0.000691358024691358 0.000691358024691358 0.000691358024691358 0.198098765432099 0.198098765432099 0.000691358024691358 0.000691358024691358; % P D=0.7
0.218098765432099 0.231432098765432 0.000691358024691358 0.284765432098765 0.000691358024691358 0.000691358024691358 0.000691358024691358 0.000691358024691358 0.00276543209876543 0.258098765432099 0.000691358024691358 0.000691358024691358; % T D=0.7
0.000691358024691358 0.000691358024691358 0.000172839506172839 0.000691358024691358 0.995506172839506 0.000172839506172839 0.000172839506172839 0.000172839506172839 0.000691358024691358 0.000691358024691358 0.000172839506172839 0.000172839506172839; % k D=0.7
0.211432098765432 0.00276543209876543 0.000691358024691358 0.204765432098765 0.000691358024691358 0.000691358024691358 0.000691358024691358 0.000691358024691358 0.264765432098765 0.311432098765432 0.000691358024691358 0.000691358024691358; % l D=0.7
0.000691358024691358 0.000691358024691358 0.000172839506172839 0.000691358024691358 0.000172839506172839 0.995506172839506 0.000172839506172839 0.000172839506172839 0.000691358024691358 0.000691358024691358 0.000172839506172839 0.000172839506172839; % m D=0.7
0.000691358024691358 0.000691358024691358 0.000172839506172839 0.000691358024691358 0.000172839506172839 0.000172839506172839 0.000172839506172839 0.000172839506172839 0.000691358024691358 0.000691358024691358 0.000172839506172839 0.995506172839506; % p D=0.7
0.000691358024691358 0.000691358024691358 0.000172839506172839 0.000691358024691358 0.000172839506172839 0.000172839506172839 0.000172839506172839 0.995506172839506 0.000691358024691358 0.000691358024691358 0.000172839506172839 0.000172839506172839; % t D=0.7
0.204765432098765 0.258098765432099 0.000691358024691358 0.264765432098765 0.000691358024691358 0.000691358024691358 0.000691358024691358 0.000691358024691358 0.264765432098765 0.00276543209876543 0.000691358024691358 0.000691358024691358; % z D=0.7
0.00316049382716049 0.264493827160494 0.000790123456790124 0.237827160493827 0.000790123456790124 0.000790123456790124 0.000790123456790124 0.000790123456790124 0.264493827160494 0.224493827160494 0.000790123456790124 0.000790123456790124; % $ D=0.8
0.000790123456790124 0.000790123456790124 0.994864197530864 0.000790123456790124 0.000197530864197531 0.000197530864197531 0.000197530864197531 0.000197530864197531 0.000790123456790124 0.000790123456790124 0.000197530864197531 0.000197530864197531; % B D=0.8
0.000790123456790124 0.000790123456790124 0.000197530864197531 0.000790123456790124 0.000197530864197531 0.000197530864197531 0.000197530864197531 0.000197530864197531 0.000790123456790124 0.000790123456790124 0.994864197530864 0.000197530864197531; % G D=0.8
0.000790123456790124 0.000790123456790124 0.000197530864197531 0.000790123456790124 0.000197530864197531 0.000197530864197531 0.994864197530864 0.000197530864197531 0.000790123456790124 0.000790123456790124 0.000197530864197531 0.000197530864197531; % L D=0.8
0.357827160493827 0.237827160493827 0.000790123456790124 0.00316049382716049 0.000790123456790124 0.000790123456790124 0.000790123456790124 0.000790123456790124 0.197827160493827 0.197827160493827 0.000790123456790124 0.000790123456790124; % P D=0.8
0.217827160493827 0.231160493827161 0.000790123456790124 0.284493827160494 0.000790123456790124 0.000790123456790124 0.000790123456790124 0.000790123456790124 0.00316049382716049 0.257827160493827 0.000790123456790124 0.000790123456790124; % T D=0.8
0.000790123456790124 0.000790123456790124 0.000197530864197531 0.000790123456790124 0.994864197530864 0.000197530864197531 0.000197530864197531 0.000197530864197531 0.000790123456790124 0.000790123456790124 0.000197530864197531 0.000197530864197531; % k D=0.8
0.21116049382716 0.00316049382716049 0.000790123456790124 0.204493827160494 0.000790123456790124 0.000790123456790124 0.000790123456790124 0.000790123456790124 0.264493827160494 0.31116049382716 0.000790123456790124 0.000790123456790124; % l D=0.8
0.000790123456790124 0.000790123456790124 0.000197530864197531 0.000790123456790124 0.000197530864197531 0.994864197530864 0.000197530864197531 0.000197530864197531 0.000790123456790124 0.000790123456790124 0.000197530864197531 0.000197530864197531; % m D=0.8
0.000790123456790124 0.000790123456790124 0.000197530864197531 0.000790123456790124 0.000197530864197531 0.000197530864197531 0.000197530864197531 0.000197530864197531 0.000790123456790124 0.000790123456790124 0.000197530864197531 0.994864197530864; % p D=0.8
0.000790123456790124 0.000790123456790124 0.000197530864197531 0.000790123456790124 0.000197530864197531 0.000197530864197531 0.000197530864197531 0.994864197530864 0.000790123456790124 0.000790123456790124 0.000197530864197531 0.000197530864197531; % t D=0.8
0.204493827160494 0.257827160493827 0.000790123456790124 0.264493827160494 0.000790123456790124 0.000790123456790124 0.000790123456790124 0.000790123456790124 0.264493827160494 0.00316049382716049 0.000790123456790124 0.000790123456790124; % z D=0.8
0.00355555555555556 0.264222222222222 0.000888888888888889 0.237555555555556 0.000888888888888889 0.000888888888888889 0.000888888888888889 0.000888888888888889 0.264222222222222 0.224222222222222 0.000888888888888889 0.000888888888888889; % $ D=0.9
0.000888888888888889 0.000888888888888889 0.994222222222222 0.000888888888888889 0.000222222222222222 0.000222222222222222 0.000222222222222222 0.000222222222222222 0.000888888888888889 0.000888888888888889 0.000222222222222222 0.000222222222222222; % B D=0.9
0.000888888888888889 0.000888888888888889 0.000222222222222222 0.000888888888888889 0.000222222222222222 0.000222222222222222 0.000222222222222222 0.000222222222222222 0.000888888888888889 0.000888888888888889 0.994222222222222 0.000222222222222222; % G D=0.9
0.000888888888888889 0.000888888888888889 0.000222222222222222 0.000888888888888889 0.000222222222222222 0.000222222222222222 0.994222222222222 0.000222222222222222 0.000888888888888889 0.000888888888888889 0.000222222222222222 0.000222222222222222; % L D=0.9
0.357555555555556 0.237555555555556 0.000888888888888889 0.00355555555555556 0.000888888888888889 0.000888888888888889 0.000888888888888889 0.000888888888888889 0.197555555555556 0.197555555555556 0.000888888888888889 0.000888888888888889; % P D=0.9
0.217555555555556 0.230888888888889 0.000888888888888889 0.284222222222222 0.000888888888888889 0.000888888888888889 0.000888888888888889 0.000888888888888889 0.00355555555555556 0.257555555555556 0.000888888888888889 0.000888888888888889; % T D=0.9
0.000888888888888889 0.000888888888888889 0.000222222222222222 0.000888888888888889 0.994222222222222 0.000222222222222222 0.000222222222222222 0.000222222222222222 0.000888888888888889 0.000888888888888889 0.000222222222222222 0.000222222222222222; % k D=0.9
0.210888888888889 0.00355555555555556 0.000888888888888889 0.204222222222222 0.000888888888888889 0.000888888888888889 0.000888888888888889 0.000888888888888889 0.264222222222222 0.310888888888889 0.000888888888888889 0.000888888888888889; % l D=0.9
0.000888888888888889 0.000888888888888889 0.000222222222222222 0.000888888888888889 0.000222222222222222 0.994222222222222 0.000222222222222222 0.000222222222222222 0.000888888888888889 0.000888888888888889 0.000222222222222222 0.000222222222222222; % m D=0.9
0.000888888888888889 0.000888888888888889 0.000222222222222222 0.000888888888888889 0.000222222222222222 0.000222222222222222 0.000222222222222222 0.000222222222222222 0.000888888888888889 0.000888888888888889 0.000222222222222222 0.994222222222222; % p D=0.9
0.000888888888888889 0.000888888888888889 0.000222222222222222 0.000888888888888889 0.000222222222222222 0.000222222222222222 0.000222222222222222 0.994222222222222 0.000888888888888889 0.000888888888888889 0.000222222222222222 0.000222222222222222; % t D=0.9
0.204222222222222 0.257555555555556 0.000888888888888889 0.264222222222222 0.000888888888888889 0.000888888888888889 0.000888888888888889 0.000888888888888889 0.264222222222222 0.00355555555555556 0.000888888888888889 0.000888888888888889; % z D=0.9
0.00375308641975309 0.264086419753086 0.000938271604938272 0.23741975308642 0.000938271604938272 0.000938271604938272 0.000938271604938272 0.000938271604938272 0.264086419753086 0.224086419753086 0.000938271604938272 0.000938271604938272; % $ D=0.95
0.000938271604938272 0.000938271604938272 0.993901234567901 0.000938271604938272 0.000234567901234568 0.000234567901234568 0.000234567901234568 0.000234567901234568 0.000938271604938272 0.000938271604938272 0.000234567901234568 0.000234567901234568; % B D=0.95
0.000938271604938272 0.000938271604938272 0.000234567901234568 0.000938271604938272 0.000234567901234568 0.000234567901234568 0.000234567901234568 0.000234567901234568 0.000938271604938272 0.000938271604938272 0.993901234567901 0.000234567901234568; % G D=0.95
0.000938271604938272 0.000938271604938272 0.000234567901234568 0.000938271604938272 0.000234567901234568 0.000234567901234568 0.993901234567901 0.000234567901234568 0.000938271604938272 0.000938271604938272 0.000234567901234568 0.000234567901234568; % L D=0.95
0.35741975308642 0.23741975308642 0.000938271604938272 0.00375308641975309 0.000938271604938272 0.000938271604938272 0.000938271604938272 0.000938271604938272 0.19741975308642 0.19741975308642 0.000938271604938272 0.000938271604938272; % P D=0.95
0.21741975308642 0.230753086419753 0.000938271604938272 0.284086419753086 0.000938271604938272 0.000938271604938272 0.000938271604938272 0.000938271604938272 0.00375308641975309 0.25741975308642 0.000938271604938272 0.000938271604938272; % T D=0.95
0.000938271604938272 0.000938271604938272 0.000234567901234568 0.000938271604938272 0.993901234567901 0.000234567901234568 0.000234567901234568 0.000234567901234568 0.000938271604938272 0.000938271604938272 0.000234567901234568 0.000234567901234568; % k D=0.95
0.210753086419753 0.00375308641975309 0.000938271604938272 0.204086419753086 0.000938271604938272 0.000938271604938272 0.000938271604938272 0.000938271604938272 0.264086419753086 0.310753086419753 0.000938271604938272 0.000938271604938272; % l D=0.95
0.000938271604938272 0.000938271604938272 0.000234567901234568 0.000938271604938272 0.000234567901234568 0.993901234567901 0.000234567901234568 0.000234567901234568 0.000938271604938272 0.000938271604938272 0.000234567901234568 0.000234567901234568; % m D=0.95
0.000938271604938272 0.000938271604938272 0.000234567901234568 0.000938271604938272 0.000234567901234568 0.000234567901234568 0.000234567901234568 0.000234567901234568 0.000938271604938272 0.000938271604938272 0.000234567901234568 0.993901234567901; % p D=0.95
0.000938271604938272 0.000938271604938272 0.000234567901234568 0.000938271604938272 0.000234567901234568 0.000234567901234568 0.000234567901234568 0.993901234567901 0.000938271604938272 0.000938271604938272 0.000234567901234568 0.000234567901234568; % t D=0.95
0.204086419753086 0.25741975308642 0.000938271604938272 0.264086419753086 0.000938271604938272 0.000938271604938272 0.000938271604938272 0.000938271604938272 0.264086419753086 0.00375308641975309 0.000938271604938272 0.000938271604938272]; % z D=0.95
