syllables = '$KLRVbklnv';
discounts = [0.1 0.2 0.3 0.4 0.5 0.6 0.7 0.8 0.9 0.95];
kn_probs = [0.000285714285714286 0.326380952380952 9.52380952380953e-05 0.406380952380952 9.52380952380953e-05 0.266380952380952 9.52380952380953e-05 9.52380952380953e-05 9.52380952380953e-05 9.52380952380953e-05; % $ D=0.1
7.14285714285714e-05 9.52380952380952e-05 2.38095238095238e-05 9.52380952380952e-05 2.38095238095238e-05 9.52380952380952e-05 2.38095238095238e-05 2.38095238095238e-05 2.38095238095238e-05 0.99952380952381; % K D=0.1
0.274785714285714 0.199880952380952 9.52380952380952e-05 0.214880952380952 9.52380952380952e-05 0.309880952380952 9.52380952380952e-05 9.52380952380952e-05 9.52380952380952e-05 9.52380952380952e-05; % L D=0.1
7.14285714285714e-05 9.52380952380952e-05 2.38095238095238e-05 9.52380952380952e-05 2.38095238095238e-05 9.52380952380952e-05 2.38095238095238e-05 2.38095238095238e-05 0.99952380952381 2.38095238095238e-05; % R D=0.1
7.14285714285714e-05 9.52380952380952e-05 2.38095238095238e-05 9.52380952380952e-05 2.38095238095238e-05 9.52380952380952e-05 0.99952380952381 2.38095238095238e-05 2.38095238095238e-05 2.38095238095238e-05; % V D=0.1
7.14285714285714e-05 9.52380952380952e-05 2.38095238095238e-05 9.52380952380952e-05 0.99952380952381 9.52380952380952e-05 2.38095238095238e-05 2.38095238095238e-05 2.38095238095238e-05 2.38095238095238e-05; % b D=0.1
7.14285714285714e-05 9.52380952380952e-05 2.38095238095238e-05 9.52380952380952e-05 2.38095238095238e-05 9.52380952380952e-05 2.38095238095238e-05 0.99952380952381 2.38095238095238e-05 2.38095238095238e-05; % k D=0.1
0.259785714285714 0.294880952380952 9.52380952380952e-05 0.279880952380952 9.52380952380952e-05 0.164880952380952 9.52380952380952e-05 9.52380952380952e-05 9.52380952380952e-05 9.52380952380952e-05; % l D=0.1
0.214785714285714 0.259880952380952 9.52380952380952e-05 0.199880952380952 9.52380952380952e-05 0.324880952380952 9.52380952380952e-05 9.52380952380952e-05 9.52380952380952e-05 9.52380952380952e-05; % n D=0.1
7.14285714285714e-05 9.52380952380952e-05 0.99952380952381 9.52380952380952e-05 2.38095238095238e-05 9.52380952380952e-05 2.38095238095238e-05 2.38095238095238e-05 2.38095238095238e-05 2.38095238095238e-05; % v D=0.1
0.000571428571428571 0.326095238095238 0.000190476190476191 0.406095238095238 0.000190476190476191 0.266095238095238 0.000190476190476191 0.000190476190476191 0.000190476190476191 0.000190476190476191; % $ D=0.2
0.000142857142857143 0.00019047619047619 4.76190476190476e-05 0.00019047619047619 4.76190476190476e-05 0.00019047619047619 4.76190476190476e-05 4.76190476190476e-05 4.76190476190476e-05 0.999047619047619; % K D=0.2
0.274571428571429 0.199761904761905 0.00019047619047619 0.214761904761905 0.00019047619047619 0.309761904761905 0.00019047619047619 0.00019047619047619 0.00019047619047619 0.00019047619047619; % L D=0.2
0.000142857142857143 0.00019047619047619 4.76190476190476e-05 0.00019047619047619 4.76190476190476e-05 0.00019047619047619 4.76190476190476e-05 4.76190476190476e-05 0.999047619047619 4.76190476190476e-05; % R D=0.2
0.000142857142857143 0.00019047619047619 4.76190476190476e-05 0.00019047619047619 4.76190476190476e-05 0.00019047619047619 0.999047619047619 4.76190476190476e-05 4.76190476190476e-05 4.76190476190476e-05; % V D=0.2
0.000142857142857143 0.00019047619047619 4.76190476190476e-05 0.00019047619047619 0.999047619047619 0.00019047619047619 4.76190476190476e-05 4.76190476190476e-05 4.76190476190476e-05 4.76190476190476e-05; % b D=0.2
0.000142857142857143 0.00019047619047619 4.76190476190476e-05 0.00019047619047619 4.76190476190476e-05 0.00019047619047619 4.76190476190476e-05 0.999047619047619 4.76190476190476e-05 4.76190476190476e-05; % k D=0.2
0.259571428571429 0.294761904761905 0.00019047619047619 0.279761904761905 0.00019047619047619 0.164761904761905 0.00019047619047619 0.00019047619047619 0.00019047619047619 0.00019047619047619; % l D=0.2
0.214571428571429 0.259761904761905 0.00019047619047619 0.199761904761905 0.00019047619047619 0.324761904761905 0.00019047619047619 0.00019047619047619 0.00019047619047619 0.00019047619047619; % n D=0.2
0.000142857142857143 0.00019047619047619 0.999047619047619 0.00019047619047619 4.76190476190476e-05 0.00019047619047619 4.76190476190476e-05 4.76190476190476e-05 4.76190476190476e-05 4.76190476190476e-05; % v D=0.2
0.000857142857142857 0.325809523809524 0.000285714285714286 0.405809523809524 0.000285714285714286 0.265809523809524 0.000285714285714286 0.000285714285714286 0.000285714285714286 0.000285714285714286; % $ D=0.3
0.000214285714285714 0.000285714285714286 7.14285714285714e-05 0.000285714285714286 7.14285714285714e-05 0.000285714285714286 7.14285714285714e-05 7.14285714285714e-05 7.14285714285714e-05 0.998571428571429; % K D=0.3
0.274357142857143 0.199642857142857 0.000285714285714286 0.214642857142857 0.000285714285714286 0.309642857142857 0.000285714285714286 0.000285714285714286 0.000285714285714286 0.000285714285714286; % L D=0.3
0.000214285714285714 0.000285714285714286 7.14285714285714e-05 0.000285714285714286 7.14285714285714e-05 0.000285714285714286 7.14285714285714e-05 7.14285714285714e-05 0.998571428571429 7.14285714285714e-05; % R D=0.3
0.000214285714285714 0.000285714285714286 7.14285714285714e-05 0.000285714285714286 7.14285714285714e-05 0.000285714285714286 0.998571428571429 7.14285714285714e-05 7.14285714285714e-05 7.14285714285714e-05; % V D=0.3
0.000214285714285714 0.000285714285714286 7.14285714285714e-05 0.000285714285714286 0.998571428571429 0.000285714285714286 7.14285714285714e-05 7.14285714285714e-05 7.14285714285714e-05 7.14285714285714e-05; % b D=0.3
0.000214285714285714 0.000285714285714286 7.14285714285714e-05 0.000285714285714286 7.14285714285714e-05 0.000285714285714286 7.14285714285714e-05 0.998571428571429 7.14285714285714e-05 7.14285714285714e-05; % k D=0.3
0.259357142857143 0.294642857142857 0.000285714285714286 0.279642857142857 0.000285714285714286 0.164642857142857 0.000285714285714286 0.000285714285714286 0.000285714285714286 0.000285714285714286; % l D=0.3
0.214357142857143 0.259642857142857 0.000285714285714286 0.199642857142857 0.000285714285714286 0.324642857142857 0.000285714285714286 0.000285714285714286 0.000285714285714286 0.000285714285714286; % n D=0.3
0.000214285714285714 0.000285714285714286 0.998571428571429 0.000285714285714286 7.14285714285714e-05 0.000285714285714286 7.14285714285714e-05 7.14285714285714e-05 7.14285714285714e-05 7.14285714285714e-05; % v D=0.3
0.00114285714285714 0.32552380952381 0.000380952380952381 0.40552380952381 0.000380952380952381 0.26552380952381 0.000380952380952381 0.000380952380952381 0.000380952380952381 0.000380952380952381; % $ D=0.4
0.000285714285714286 0.000380952380952381 9.52380952380952e-05 0.000380952380952381 9.52380952380952e-05 0.000380952380952381 9.52380952380952e-05 9.52380952380952e-05 9.52380952380952e-05 0.998095238095238; % K D=0.4
0.274142857142857 0.19952380952381 0.000380952380952381 0.21452380952381 0.000380952380952381 0.30952380952381 0.000380952380952381 0.000380952380952381 0.000380952380952381 0.000380952380952381; % L D=0.4
0.000285714285714286 0.000380952380952381 9.52380952380952e-05 0.000380952380952381 9.52380952380952e-05 0.000380952380952381 9.52380952380952e-05 9.52380952380952e-05 0.998095238095238 9.52380952380952e-05; % R D=0.4
0.000285714285714286 0.000380952380952381 9.52380952380952e-05 0.000380952380952381 9.52380952380952e-05 0.000380952380952381 0.998095238095238 9.52380952380952e-05 9.52380952380952e-05 9.52380952380952e-05; % V D=0.4
0.000285714285714286 0.000380952380952381 9.52380952380952e-05 0.000380952380952381 0.998095238095238 0.000380952380952381 9.52380952380952e-05 9.52380952380952e-05 9.52380952380952e-05 9.52380952380952e-05; % b D=0.4
0.000285714285714286 0.000380952380952381 9.52380952380952e-05 0.000380952380952381 9.52380952380952e-05 0.000380952380952381 9.52380952380952e-05 0.998095238095238 9.52380952380952e-05 9.52380952380952e-05; % k D=0.4
0.259142857142857 0.29452380952381 0.000380952380952381 0.27952380952381 0.000380952380952381 0.16452380952381 0.000380952380952381 0.000380952380952381 0.000380952380952381 0.000380952380952381; % l D=0.4
0.214142857142857 0.25952380952381 0.000380952380952381 0.19952380952381 0.000380952380952381 0.324523809523809 0.000380952380952381 0.000380952380952381 0.000380952380952381 0.000380952380952381; % n D=0.4
0.000285714285714286 0.000380952380952381 0.998095238095238 0.000380952380952381 9.52380952380952e-05 0.000380952380952381 9.52380952380952e-05 9.52380952380952e-05 9.52380952380952e-05 9.52380952380952e-05; % v D=0.4
0.00142857142857143 0.325238095238095 0.000476190476190476 0.405238095238095 0.000476190476190476 0.265238095238095 0.000476190476190476 0.000476190476190476 0.000476190476190476 0.000476190476190476; % $ D=0.5
0.000357142857142857 0.000476190476190476 0.000119047619047619 0.000476190476190476 0.000119047619047619 0.000476190476190476 0.000119047619047619 0.000119047619047619 0.000119047619047619 0.997619047619048; % K D=0.5
0.273928571428571 0.199404761904762 0.000476190476190476 0.214404761904762 0.000476190476190476 0.309404761904762 0.000476190476190476 0.000476190476190476 0.000476190476190476 0.000476190476190476; % L D=0.5
0.000357142857142857 0.000476190476190476 0.000119047619047619 0.000476190476190476 0.000119047619047619 0.000476190476190476 0.000119047619047619 0.000119047619047619 0.997619047619048 0.000119047619047619; % R D=0.5
0.000357142857142857 0.000476190476190476 0.000119047619047619 0.000476190476190476 0.000119047619047619 0.000476190476190476 0.997619047619048 0.000119047619047619 0.000119047619047619 0.000119047619047619; % V D=0.5
0.000357142857142857 0.000476190476190476 0.000119047619047619 0.000476190476190476 0.997619047619048 0.000476190476190476 0.000119047619047619 0.000119047619047619 0.000119047619047619 0.000119047619047619; % b D=0.5
0.000357142857142857 0.000476190476190476 0.000119047619047619 0.000476190476190476 0.000119047619047619 0.000476190476190476 0.000119047619047619 0.997619047619048 0.000119047619047619 0.000119047619047619; % k D=0.5
0.258928571428571 0.294404761904762 0.000476190476190476 0.279404761904762 0.000476190476190476 0.164404761904762 0.000476190476190476 0.000476190476190476 0.000476190476190476 0.000476190476190476; % l D=0.5
0.213928571428571 0.259404761904762 0.000476190476190476 0.199404761904762 0.000476190476190476 0.324404761904762 0.000476190476190476 0.000476190476190476 0.000476190476190476 0.000476190476190476; % n D=0.5
0.000357142857142857 0.000476190476190476 0.997619047619048 0.000476190476190476 0.000119047619047619 0.000476190476190476 0.000119047619047619 0.000119047619047619 0.000119047619047619 0.000119047619047619; % v D=0.5
0.00171428571428571 0.324952380952381 0.000571428571428571 0.404952380952381 0.000571428571428571 0.264952380952381 0.000571428571428571 0.000571428571428571 0.000571428571428571 0.000571428571428571; % $ D=0.6
0.000428571428571429 0.000571428571428571 0.000142857142857143 0.000571428571428571 0.000142857142857143 0.000571428571428571 0.000142857142857143 0.000142857142857143 0.000142857142857143 0.997142857142857; % K D=0.6
0.273714285714286 0.199285714285714 0.000571428571428571 0.214285714285714 0.000571428571428571 0.309285714285714 0.000571428571428571 0.000571428571428571 0.000571428571428571 0.000571428571428571; % L D=0.6
0.000428571428571429 0.000571428571428571 0.000142857142857143 0.000571428571428571 0.000142857142857143 0.000571428571428571 0.000142857142857143 0.000142857142857143 0.997142857142857 0.000142857142857143; % R D=0.6
0.000428571428571429 0.000571428571428571 0.000142857142857143 0.000571428571428571 0.000142857142857143 0.000571428571428571 0.997142857142857 0.000142857142857143 0.000142857142857143 0.000142857142857143; % V D=0.6
0.000428571428571429 0.000571428571428571 0.000142857142857143 0.000571428571428571 0.997142857142857 0.000571428571428571 0.000142857142857143 0.000142857142857143 0.000142857142857143 0.000142857142857143; % b D=0.6
0.000428571428571429 0.000571428571428571 0.000142857142857143 0.000571428571428571 0.000142857142857143 0.000571428571428571 0.000142857142857143 0.997142857142857 0.000142857142857143 0.000142857142857143; % k D=0.6
0.258714285714286 0.294285714285714 0.000571428571428571 0.279285714285714 0.000571428571428571 0.164285714285714 0.000571428571428571 0.000571428571428571 0.000571428571428571 0.000571428571428571; % l D=0.6
0.213714285714286 0.259285714285714 0.000571428571428571 0.199285714285714 0.000571428571428571 0.324285714285714 0.000571428571428571 0.000571428571428571 0.000571428571428571 0.000571428571428571; % n D=0.6
0.000428571428571429 0.000571428571428571 0.997142857142857 0.000571428571428571 0.000142857142857143 0.000571428571428571 0.000142857142857143 0.000142857142857143 0.000142857142857143 0.000142857142857143; % v D=0.6
0.002 0.324666666666667 0.000666666666666667 0.404666666666667 0.000666666666666667 0.264666666666667 0.000666666666666667 0.000666666666666667 0.000666666666666667 0.000666666666666667; % $ D=0.7
0.0005 0.000666666666666667 0.000166666666666667 0.000666666666666667 0.000166666666666667 0.000666666666666667 0.000166666666666667 0.000166666666666667 0.000166666666666667 0.996666666666667; % K D=0.7
0.2735 0.199166666666667 0.000666666666666667 0.214166666666667 0.000666666666666667 0.309166666666667 0.000666666666666667 0.000666666666666667 0.000666666666666667 0.000666666666666667; % L D=0.7
0.0005 0.000666666666666667 0.000166666666666667 0.000666666666666667 0.000166666666666667 0.000666666666666667 0.000166666666666667 0.000166666666666667 0.996666666666667 0.000166666666666667; % R D=0.7
0.0005 0.000666666666666667 0.000166666666666667 0.000666666666666667 0.000166666666666667 0.000666666666666667 0.996666666666667 0.000166666666666667 0.000166666666666667 0.000166666666666667; % V D=0.7
0.0005 0.000666666666666667 0.000166666666666667 0.000666666666666667 0.996666666666667 0.000666666666666667 0.000166666666666667 0.000166666666666667 0.000166666666666667 0.000166666666666667; % b D=0.7
0.0005 0.000666666666666667 0.000166666666666667 0.000666666666666667 0.000166666666666667 0.000666666666666667 0.000166666666666667 0.996666666666667 0.000166666666666667 0.000166666666666667; % k D=0.7
0.2585 0.294166666666667 0.000666666666666667 0.279166666666667 0.000666666666666667 0.164166666666667 0.000666666666666667 0.000666666666666667 0.000666666666666667 0.000666666666666667; % l D=0.7
0.2135 0.259166666666667 0.000666666666666667 0.199166666666667 0.000666666666666667 0.324166666666667 0.000666666666666667 0.000666666666666667 0.000666666666666667 0.000666666666666667; % n D=0.7
0.0005 0.000666666666666667 0.996666666666667 0.000666666666666667 0.000166666666666667 0.000666666666666667 0.000166666666666667 0.000166666666666667 0.000166666666666667 0.000166666666666667; % v D=0.7
0.00228571428571429 0.324380952380952 0.000761904761904762 0.404380952380952 0.000761904761904762 0.264380952380952 0.000761904761904762 0.000761904761904762 0.000761904761904762 0.000761904761904762; % $ D=0.8
0.000571428571428571 0.000761904761904762 0.00019047619047619 0.000761904761904762 0.00019047619047619 0.000761904761904762 0.00019047619047619 0.00019047619047619 0.00019047619047619 0.996190476190476; % K D=0.8
0.273285714285714 0.199047619047619 0.000761904761904762 0.214047619047619 0.000761904761904762 0.309047619047619 0.000761904761904762 0.000761904761904762 0.000761904761904762 0.000761904761904762; % L D=0.8
0.000571428571428571 0.000761904761904762 0.00019047619047619 0.000761904761904762 0.00019047619047619 0.000761904761904762 0.00019047619047619 0.00019047619047619 0.996190476190476 0.00019047619047619; % R D=0.8
0.000571428571428571 0.000761904761904762 0.00019047619047619 0.000761904761904762 0.00019047619047619 0.000761904761904762 0.996190476190476 0.00019047619047619 0.00019047619047619 0.00019047619047619; % V D=0.8
0.000571428571428571 0.000761904761904762 0.00019047619047619 0.000761904761904762 0.996190476190476 0.000761904761904762 0.00019047619047619 0.00019047619047619 0.00019047619047619 0.00019047619047619; % b D=0.8
0.000571428571428571 0.000761904761904762 0.00019047619047619 0.000761904761904762 0.00019047619047619 0.000761904761904762 0.00019047619047619 0.996190476190476 0.00019047619047619 0.00019047619047619; % k D=0.8
0.258285714285714 0.294047619047619 0.000761904761904762 0.279047619047619 0.000761904761904762 0.164047619047619 0.000761904761904762 0.000761904761904762 0.000761904761904762 0.000761904761904762; % l D=0.8
0.213285714285714 0.259047619047619 0.000761904761904762 0.199047619047619 0.000761904761904762 0.324047619047619 0.000761904761904762 0.000761904761904762 0.000761904761904762 0.000761904761904762; % n D=0.8
0.000571428571428571 0.000761904761904762 0.996190476190476 0.000761904761904762 0.00019047619047619 0.000761904761904762 0.00019047619047619 0.00019047619047619 0.00019047619047619 0.00019047619047619; % v D=0.8
0.00257142857142857 0.324095238095238 0.000857142857142857 0.404095238095238 0.000857142857142857 0.264095238095238 0.000857142857142857 0.000857142857142857 0.000857142857142857 0.000857142857142857; % $ D=0.9
0.000642857142857143 0.000857142857142857 0.000214285714285714 0.000857142857142857 0.000214285714285714 0.000857142857142857 0.000214285714285714 0.000214285714285714 0.000214285714285714 0.995714285714286; % K D=0.9
0.273071428571429 0.198928571428571 0.000857142857142857 0.213928571428571 0.000857142857142857 0.308928571428571 0.000857142857142857 0.000857142857142857 0.000857142857142857 0.000857142857142857; % L D=0.9
0.000642857142857143 0.000857142857142857 0.000214285714285714 0.000857142857142857 0.000214285714285714 0.000857142857142857 0.000214285714285714 0.000214285714285714 0.995714285714286 0.000214285714285714; % R D=0.9
0.000642857142857143 0.000857142857142857 0.000214285714285714 0.000857142857142857 0.000214285714285714 0.000857142857142857 0.995714285714286 0.000214285714285714 0.000214285714285714 0.000214285714285714; % V D=0.9
0.000642857142857143 0.000857142857142857 0.000214285714285714 0.000857142857142857 0.995714285714286 0.000857142857142857 0.000214285714285714 0.000214285714285714 0.000214285714285714 0.000214285714285714; % b D=0.9
0.000642857142857143 0.000857142857142857 0.000214285714285714 0.000857142857142857 0.000214285714285714 0.000857142857142857 0.000214285714285714 0.995714285714286 0.000214285714285714 0.000214285714285714; % k D=0.9
0.258071428571429 0.293928571428571 0.000857142857142857 0.278928571428571 0.000857142857142857 0.163928571428571 0.000857142857142857 0.000857142857142857 0.000857142857142857 0.000857142857142857; % l D=0.9
0.213071428571429 0.258928571428571 0.000857142857142857 0.198928571428571 0.000857142857142857 0.323928571428571 0.000857142857142857 0.000857142857142857 0.000857142857142857 0.000857142857142857; % n D=0.9
0.000642857142857143 0.000857142857142857 0.995714285714286 0.000857142857142857 0.000214285714285714 0.000857142857142857 0.000214285714285714 0.000214285714285714 0.000214285714285714 0.000214285714285714; % v D=0.9
0.00271428571428571 0.323952380952381 0.000904761904761905 0.403952380952381 0.000904761904761905 0.263952380952381 0.000904761904761905 0.000904761904761905 0.000904761904761905 0.000904761904761905; % $ D=0.95
0.000678571428571428 0.000904761904761905 0.000226190476190476 0.000904761904761905 0.000226190476190476 0.000904761904761905 0.000226190476190476 0.000226190476190476 0.000226190476190476 0.995476190476191; % K D=0.95
0.272964285714286 0.198869047619048 0.000904761904761905 0.213869047619048 0.000904761904761905 0.308869047619048 0.000904761904761905 0.000904761904761905 0.000904761904761905 0.000904761904761905; % L D=0.95
0.000678571428571428 0.000904761904761905 0.000226190476190476 0.000904761904761905 0.000226190476190476 0.000904761904761905 0.000226190476190476 0.000226190476190476 0.995476190476191 0.000226190476190476; % R D=0.95
0.000678571428571428 0.000904761904761905 0.000226190476190476 0.000904761904761905 0.000226190476190476 0.000904761904761905 0.995476190476191 0.000226190476190476 0.000226190476190476 0.000226190476190476; % V D=0.95
0.000678571428571428 0.000904761904761905 0.000226190476190476 0.000904761904761905 0.995476190476191 0.000904761904761905 0.000226190476190476 0.000226190476190476 0.000226190476190476 0.000226190476190476; % b D=0.95
0.000678571428571428 0.000904761904761905 0.000226190476190476 0.000904761904761905 0.000226190476190476 0.000904761904761905 0.000226190476190476 0.995476190476191 0.000226190476190476 0.000226190476190476; % k D=0.95
0.257964285714286 0.293869047619048 0.000904761904761905 0.278869047619048 0.000904761904761905 0.163869047619048 0.000904761904761905 0.000904761904761905 0.000904761904761905 0.000904761904761905; % l D=0.95
0.212964285714286 0.258869047619048 0.000904761904761905 0.198869047619048 0.000904761904761905 0.323869047619048 0.000904761904761905 0.000904761904761905 0.000904761904761905 0.000904761904761905; % n D=0.95
0.000678571428571428 0.000904761904761905 0.995476190476191 0.000904761904761905 0.000226190476190476 0.000904761904761905 0.000226190476190476 0.000226190476190476 0.000226190476190476 0.000226190476190476]; % v D=0.95
