syllables = '$KLRVbklnv';
discounts = [0.1 0.2 0.3 0.4 0.5 0.6 0.7 0.8 0.9 0.95];
kn_probs = [0.000285714285714286 0.326380952380952 9.52380952380953e-05 0.406380952380952 9.52380952380953e-05 0.266380952380952 9.52380952380953e-05 9.52380952380953e-05 9.52380952380953e-05 9.52380952380953e-05; % $ D=0.1
7.14285714285714e-05 9.52380952380952e-05 2.38095238095238e-05 9.52380952380952e-05 2.38095238095238e-05 9.52380952380952e-05 2.38095238095238e-05 2.38095238095238e-05 2.38095238095238e-05 0.99952380952381; % K D=0.1
0.274785714285714 0.199880952380952 9.52380952380952e-05 0.214880952380952 9.52380952380952e-05 0.309880952380952 9.52380952380952e-05 9.52380952380952e-05 9.52380952380952e-05 9.52380952380952e-05; % L D=0.1
7.14285714285714e-05 9.52380952380952e-05 2.38095238095238e-05 9.52380952380952e-05 2.38095238095238e-05 9.52380952380952e-05 2.38095238095238e-05 2.38095238095238e-05 0.99952380952381 2.38095238095238e-05; % R D=0.1
7.14285714285714e-05 9.52380952380952e-05 2.38095238095238e-05 9.52380952380952e-05 2.38095238095238e-05 9.52380952380952e-05 0.99952380952381 2.38095238095238e-05 2.38095238095238e-05 2.38095238095238e-05; % V D=0.1
7.14285714285714e-05 9.52380952380952e-05 2.38095238095238e-05 9.52380952380952e-05 0.99952380952381 9.52380952380952e-05 2.38095238095238e-05 2.38095238095238e-05 2.38095238095238e-05 2.38095238095238e-05; % b D=0.1
7.14285714285714e-05 9.52380952380952e-05 2.38095238095238e-05 9.52380952380952e-05 2.38095238095238e-05 9.52380952380952e-05 2.38095238095238e-05 0.99952380952381 2.38095238095238e-05 2.38095238095238e-05; % k D=0.1
0.259785714285714 0.294880952380952 9.52380952380952e-05 0.279880952380952 9.52380952380952e-05 0.164880952380952 9.52380952380952e-05 9.52380952380952e-05 9.52380952380952e-05 9.52380952380952e-05; % l D=0.1
0.214785714285714 0.259880952380952 9.52380952380952e-05 0.199880952380952 9.52380952380952e-05 0.324880952380952 9.52380952380952e-05 9.52380952380952e-05 9.52380952380952e-05 9.52380952380952e-05; % n D=0.1
7.14285714285714e-05 9.52380952380952e-05 0.99952380952381 9.52380952380952e-05 2.38095238095238e-05 9.52380952380952e-05 2.38095238095238e-05 2.38095238095238e-05 2.38095238095238e-05 2.38095238095238e-05; % v D=0.1
0.000571428571428571 0.326095238095238 0.000190476190476191 0.406095238095238 0.000190476190476191 0.266095238095238 0.000190476190476191 0.000190476190476191 0.000190476190476191 0.000190476190476191; % $ D=0.2
0.000142857142857143 0.00019047619047619 4.76190476190476e-05 0.00019047619047619 4.76190476190476e-05 0.00019047619047619 4.76190476190476e-05 4.76190476190476e-05 4.76190476190476e-05 0.999047619047619; % K D=0.2
0.274571428571429 0.199761904761905 0.00019047619047619 0.214761904761905 0.00019047619047619 0.309761904761905 0.00019047619047619 0.00019047619047619 0.00019047619047619 0.00019047619047619; % L D=0.2
0.000142857142857143 0.00019047619047619 4.76190476190476e-05 0.00019047619047619 4.76190476190476e-05 0.00019047619047619 4.76190476190476e-05 4.76190476190476e-05 0.999047619047619 4.76190476190476e-05; % R D=0.2
0.000142857142857143 0.00019047619047619 4.76190476190476e-05 0.00019047619047619 4.76190476190476e-05 0.00019047619047619 0.999047619047619 4.76190476190476e-05 4.76190476190476e-05 4.76190476190476e-05; % V D=0.2
0.000142857142857143 0.00019047619047619 4.76190476190476e-05 0.00019047619047619 0.999047619047619 0.00019047619047619 4.76190476190476e-05 4.76190476190476e-05 4.76190476190476e-05 4.76190476190476e-05; % b D=0.2
0.000142857142857143 0.00019047619047619 4.76190476190476e-05 0.00019047619047619 4.76190476190476e-05 0.00019047619047619 4.76190476190476e-05 0.999047619047619 4.76190476190476e-05 4.76190476190476e-05; % k D=0.2
0.259571428571429 0.294761904761905 0.00019047619047619 0.279761904761905 0.00019047619047619 0.164761904761905 0.00019047619047619 0.00019047619047619 0.00019047619047619 0.00019047619047619; % l D=0.2
0.214571428571429 0.259761904761905 0.00019047619047619 0.199761904761905 0.00019047619047619 0.324761904761905 0.00019047619047619 0.00019047619047619 0.00019047619047619 0.00019047619047619; % n D=0.2
0.000142857142857143 0.00019047619047619 0.999047619047619 0.00019047619047619 4.76190476190476e-05 0.00019047619047619 4.76190476190476e-05 4.76190476190476e-05 4.76190476190476e-05 4.76190476190476e-05; % v D=0.2
0.000857142857142857 0.325809523809524 0.000285714285714286 0.405809523809524 0.000285714285714286 0.265809523809524 0.000285714285714286 0.000285714285714286 0.000285714285714286 0.000285714285714286; % $ D=0.3
0.000214285714285714 0.000285714285714286 7.14285714285714e-05 0.000285714285714286 7.14285714285714e-05 0.000285714285714286 7.14285714285714e-05 7.14285714285714e-05 7.14285714285714e-05 0.998571428571429; % K D=0.3
0.274357142857143 0.199642857142857 0.000285714285714286 0.214642857142857 0.000285714285714286 0.309642857142857 0.000285714285714286 0.000285714285714286 0.000285714285714286 0.000285714285714286; % L D=0.3
0.000214285714285714 0.000285714285714286 7.14285714285714e-05 0.000285714285714286 7.14285714285714e-05 0.000285714285714286 7.14285714285714e-05 7.14285714285714e-05 0.998571428571429 7.14285714285714e-05; % R D=0.3
0.000214285714285714 0.000285714285714286 7.14285714285714e-05 0.000285714285714286 7.14285714285714e-05 0.000285714285714286 0.998571428571429 7.14285714285714e-05 7.14285714285714e-05 7.14285714285714e-05; % V D=0.3
0.000214285714285714 0.000285714285714286 7.14285714285714e-05 0.000285714285714286 0.998571428571429 0.000285714285714286 7.14285714285714e-05 7.14285714285714e-05 7.14285714285714e-05 7.14285714285714e-05; % b D=0.3
0.000214285714285714 0.000285714285714286 7.14285714285714e-05 0.000285714285714286 7.14285714285714e-05 0.000285714285714286 7.14285714285714e-05 0.998571428571429 7.14285714285714e-05 7.14285714285714e-05; % k D=0.3
0.259357142857143 0.294642857142857 0.000285714285714286 0.279642857142857 0.000285714285714286 0.164642857142857 0.000285714285714286 0.000285714285714286 0.000285714285714286 0.000285714285714286; % l D=0.3
0.214357142857143 0.259642857142857 0.000285714285714286 0.199642857142857 0.000285714285714286 0.324642857142857 0.000285714285714286 0.000285714285714286 0.000285714285714286 0.000285714285714286; % n D=0.3
0.000214285714285714 0.000285714285714286 0.998571428571429 0.000285714285714286 7.14285714285714e-05 0.000285714285714286 7.14285714285714e-05 7.14285714285714e-05 7.14285714285714e-05 7.14285714285714e-05; % v D=0.3
0.00114285714285714 0.32552380952381 0.000380952380952381 0.40552380952381 0.000380952380952381 0.26552380952381 0.000380952380952381 0.000380952380952381 0.000380952380952381 0.000380952380952381; % $ D=0.4
0.000285714285714286 0.000380952380952381 9.52380952380952e-05 0.000380952380952381 9.52380952380952e-05 0.000380952380952381 9.52380952380952e-05 9.52380952380952e-05 9.52380952380952e-05 0.998095238095238; % K D=0.4
0.274142857142857 0.19952380952381 0.000380952380952381 0.21452380952381 0.000380952380952381 0.30952380952381 0.000380952380952381 0.000380952380952381 0.000380952380952381 0.000380952380952381; % L D=0.4
0.000285714285714286 0.000380952380952381 9.52380952380952e-05 0.000380952380952381 9.52380952380952e-05 0.000380952380952381 9.52380952380952e-05 9.52380952380952e-05 0.998095238095238 9.52380952380952e-05; % R D=0.4
0.000285714285714286 0.000380952380952381 9.52380952380952e-05 0.000380952380952381 9.52380952380952e-05 0.000380952380952381 0.998095238095238 9.52380952380952e-05 9.52380952380952e-05 9.52380952380952e-05; % V D=0.4
0.000285714285714286 0.000380952380952381 9.52380952380952e-05 0.000380952380952381 0.998095238095238 0.000380952380952381 9.52380952380952e-05 9.52380952380952e-05 9.52380952380952e-05 9.52380952380952e-05; % b D=0.4
0.000285714285714286 0.000380952380952381 9.52380952380952e-05 0.000380952380952381 9.52380952380952e-05 0.000380952380952381 9.52380952380952e-05 0.998095238095238 9.52380952380952e-05 9.52380952380952e-05; % k D=0.4
