syllables = '$BFGKLMPRTVZdfz';
discounts = [0.1 0.2 0.3 0.4 0.5 0.6 0.7 0.8 0.9 0.95];
kn_probs = [0.000427350427350427 0.173094017094017 8.54700854700855e-05 8.54700854700855e-05 8.54700854700855e-05 0.20642735042735 0.233094017094017 0.179760683760684 8.54700854700855e-05 8.54700854700855e-05 8.54700854700855e-05 8.54700854700855e-05 8.54700854700855e-05 0.20642735042735 8.54700854700855e-05; % $ D=0.1
0.000106837606837607 0.000106837606837607 2.13675213675214e-05 2.13675213675214e-05 2.13675213675214e-05 0.000106837606837607 0.000106837606837607 0.000106837606837607 2.13675213675214e-05 2.13675213675214e-05 2.13675213675214e-05 0.999188034188034 2.13675213675214e-05 0.000106837606837607 2.13675213675214e-05; % B D=0.1
0.000106837606837607 0.000106837606837607 2.13675213675214e-05 2.13675213675214e-05 2.13675213675214e-05 0.000106837606837607 0.000106837606837607 0.000106837606837607 2.13675213675214e-05 0.999188034188034 2.13675213675214e-05 2.13675213675214e-05 2.13675213675214e-05 0.000106837606837607 2.13675213675214e-05; % F D=0.1
0.341367521367521 0.000534188034188034 0.000106837606837607 0.000106837606837607 0.000106837606837607 0.174700854700855 0.133034188034188 0.208034188034188 0.000106837606837607 0.000106837606837607 0.000106837606837607 0.000106837606837607 0.000106837606837607 0.141367521367521 0.000106837606837607; % G D=0.1
0.208034188034188 0.208034188034188 0.000106837606837607 0.000106837606837607 0.000106837606837607 0.000534188034188034 0.149700854700855 0.216367521367521 0.000106837606837607 0.000106837606837607 0.000106837606837607 0.000106837606837607 0.000106837606837607 0.216367521367521 0.000106837606837607; % K D=0.1
0.000106837606837607 0.000106837606837607 2.13675213675214e-05 2.13675213675214e-05 0.999188034188034 0.000106837606837607 0.000106837606837607 0.000106837606837607 2.13675213675214e-05 2.13675213675214e-05 2.13675213675214e-05 2.13675213675214e-05 2.13675213675214e-05 0.000106837606837607 2.13675213675214e-05; % L D=0.1
0.000106837606837607 0.000106837606837607 2.13675213675214e-05 2.13675213675214e-05 2.13675213675214e-05 0.000106837606837607 0.000106837606837607 0.000106837606837607 2.13675213675214e-05 2.13675213675214e-05 2.13675213675214e-05 2.13675213675214e-05 2.13675213675214e-05 0.000106837606837607 0.999188034188034; % M D=0.1
0.000106837606837607 0.000106837606837607 2.13675213675214e-05 2.13675213675214e-05 2.13675213675214e-05 0.000106837606837607 0.000106837606837607 0.000106837606837607 0.999188034188034 2.13675213675214e-05 2.13675213675214e-05 2.13675213675214e-05 2.13675213675214e-05 0.000106837606837607 2.13675213675214e-05; % P D=0.1
0.000106837606837607 0.000106837606837607 2.13675213675214e-05 2.13675213675214e-05 2.13675213675214e-05 0.000106837606837607 0.000106837606837607 0.000106837606837607 2.13675213675214e-05 2.13675213675214e-05 2.13675213675214e-05 2.13675213675214e-05 0.999188034188034 0.000106837606837607 2.13675213675214e-05; % R D=0.1
0.233034188034188 0.191367521367521 0.000106837606837607 0.000106837606837607 0.000106837606837607 0.208034188034188 0.216367521367521 0.149700854700855 0.000106837606837607 0.000106837606837607 0.000106837606837607 0.000106837606837607 0.000106837606837607 0.000534188034188034 0.000106837606837607; % T D=0.1
0.233034188034188 0.141367521367521 0.000106837606837607 0.000106837606837607 0.000106837606837607 0.224700854700855 0.208034188034188 0.000534188034188034 0.000106837606837607 0.000106837606837607 0.000106837606837607 0.000106837606837607 0.000106837606837607 0.191367521367521 0.000106837606837607; % V D=0.1
0.000106837606837607 0.000106837606837607 2.13675213675214e-05 0.999188034188034 2.13675213675214e-05 0.000106837606837607 0.000106837606837607 0.000106837606837607 2.13675213675214e-05 2.13675213675214e-05 2.13675213675214e-05 2.13675213675214e-05 2.13675213675214e-05 0.000106837606837607 2.13675213675214e-05; % Z D=0.1
0.000106837606837607 0.000106837606837607 2.13675213675214e-05 2.13675213675214e-05 2.13675213675214e-05 0.000106837606837607 0.000106837606837607 0.000106837606837607 2.13675213675214e-05 2.13675213675214e-05 0.999188034188034 2.13675213675214e-05 2.13675213675214e-05 0.000106837606837607 2.13675213675214e-05; % d D=0.1
0.000106837606837607 0.000106837606837607 0.999188034188034 2.13675213675214e-05 2.13675213675214e-05 0.000106837606837607 0.000106837606837607 0.000106837606837607 2.13675213675214e-05 2.13675213675214e-05 2.13675213675214e-05 2.13675213675214e-05 2.13675213675214e-05 0.000106837606837607 2.13675213675214e-05; % f D=0.1
0.233034188034188 0.241367521367521 0.000106837606837607 0.000106837606837607 0.000106837606837607 0.133034188034188 0.000534188034188034 0.199700854700855 0.000106837606837607 0.000106837606837607 0.000106837606837607 0.000106837606837607 0.000106837606837607 0.191367521367521 0.000106837606837607; % z D=0.1
0.000854700854700855 0.172854700854701 0.000170940170940171 0.000170940170940171 0.000170940170940171 0.206188034188034 0.232854700854701 0.179521367521368 0.000170940170940171 0.000170940170940171 0.000170940170940171 0.000170940170940171 0.000170940170940171 0.206188034188034 0.000170940170940171; % $ D=0.2
0.000213675213675214 0.000213675213675214 4.27350427350427e-05 4.27350427350427e-05 4.27350427350427e-05 0.000213675213675214 0.000213675213675214 0.000213675213675214 4.27350427350427e-05 4.27350427350427e-05 4.27350427350427e-05 0.998376068376068 4.27350427350427e-05 0.000213675213675214 4.27350427350427e-05; % B D=0.2
0.000213675213675214 0.000213675213675214 4.27350427350427e-05 4.27350427350427e-05 4.27350427350427e-05 0.000213675213675214 0.000213675213675214 0.000213675213675214 4.27350427350427e-05 0.998376068376068 4.27350427350427e-05 4.27350427350427e-05 4.27350427350427e-05 0.000213675213675214 4.27350427350427e-05; % F D=0.2
0.341068376068376 0.00106837606837607 0.000213675213675214 0.000213675213675214 0.000213675213675214 0.174401709401709 0.132735042735043 0.207735042735043 0.000213675213675214 0.000213675213675214 0.000213675213675214 0.000213675213675214 0.000213675213675214 0.141068376068376 0.000213675213675214; % G D=0.2
0.207735042735043 0.207735042735043 0.000213675213675214 0.000213675213675214 0.000213675213675214 0.00106837606837607 0.149401709401709 0.216068376068376 0.000213675213675214 0.000213675213675214 0.000213675213675214 0.000213675213675214 0.000213675213675214 0.216068376068376 0.000213675213675214; % K D=0.2
0.000213675213675214 0.000213675213675214 4.27350427350427e-05 4.27350427350427e-05 0.998376068376068 0.000213675213675214 0.000213675213675214 0.000213675213675214 4.27350427350427e-05 4.27350427350427e-05 4.27350427350427e-05 4.27350427350427e-05 4.27350427350427e-05 0.000213675213675214 4.27350427350427e-05; % L D=0.2
0.000213675213675214 0.000213675213675214 4.27350427350427e-05 4.27350427350427e-05 4.27350427350427e-05 0.000213675213675214 0.000213675213675214 0.000213675213675214 4.27350427350427e-05 4.27350427350427e-05 4.27350427350427e-05 4.27350427350427e-05 4.27350427350427e-05 0.000213675213675214 0.998376068376068; % M D=0.2
0.000213675213675214 0.000213675213675214 4.27350427350427e-05 4.27350427350427e-05 4.27350427350427e-05 0.000213675213675214 0.000213675213675214 0.000213675213675214 0.998376068376068 4.27350427350427e-05 4.27350427350427e-05 4.27350427350427e-05 4.27350427350427e-05 0.000213675213675214 4.27350427350427e-05; % P D=0.2
0.000213675213675214 0.000213675213675214 4.27350427350427e-05 4.27350427350427e-05 4.27350427350427e-05 0.000213675213675214 0.000213675213675214 0.000213675213675214 4.27350427350427e-05 4.27350427350427e-05 4.27350427350427e-05 4.27350427350427e-05 0.998376068376068 0.000213675213675214 4.27350427350427e-05; % R D=0.2
