syllables = '$DNZgmptvz';
discounts = [0.1 0.2 0.3 0.4 0.5 0.6 0.7 0.8 0.9 0.95];
kn_probs = [0.000315789473684211 0.339649122807018 0.312982456140351 0.000105263157894737 0.000105263157894737 0.000105263157894737 0.000105263157894737 0.346421052631579 0.000105263157894737 0.000105263157894737; % $ D=0.1
7.89473684210526e-05 7.89473684210526e-05 7.89473684210526e-05 2.63157894736842e-05 2.63157894736842e-05 2.63157894736842e-05 2.63157894736842e-05 0.000105263157894737 2.63157894736842e-05 0.999526315789474; % D D=0.1
7.89473684210526e-05 7.89473684210526e-05 7.89473684210526e-05 0.999526315789474 2.63157894736842e-05 2.63157894736842e-05 2.63157894736842e-05 0.000105263157894737 2.63157894736842e-05 2.63157894736842e-05; % N D=0.1
7.89473684210526e-05 7.89473684210526e-05 7.89473684210526e-05 2.63157894736842e-05 2.63157894736842e-05 2.63157894736842e-05 0.999526315789474 0.000105263157894737 2.63157894736842e-05 2.63157894736842e-05; % Z D=0.1
7.89473684210526e-05 7.89473684210526e-05 7.89473684210526e-05 2.63157894736842e-05 2.63157894736842e-05 2.63157894736842e-05 2.63157894736842e-05 0.000105263157894737 0.999526315789474 2.63157894736842e-05; % g D=0.1
0.259815789473684 0.349815789473684 0.384815789473684 0.000105263157894737 0.000105263157894737 0.000105263157894737 0.000105263157894737 0.00492105263157895 0.000105263157894737 0.000105263157894737; % m D=0.1
0.219736842105263 0.394736842105263 0.000236842105263158 7.89473684210526e-05 7.89473684210526e-05 7.89473684210526e-05 7.89473684210526e-05 0.384815789473684 7.89473684210526e-05 7.89473684210526e-05; % p D=0.1
7.89473684210526e-05 7.89473684210526e-05 7.89473684210526e-05 2.63157894736842e-05 0.999526315789474 2.63157894736842e-05 2.63157894736842e-05 0.000105263157894737 2.63157894736842e-05 2.63157894736842e-05; % t D=0.1
7.89473684210526e-05 7.89473684210526e-05 7.89473684210526e-05 2.63157894736842e-05 2.63157894736842e-05 0.999526315789474 2.63157894736842e-05 0.000105263157894737 2.63157894736842e-05 2.63157894736842e-05; % v D=0.1
0.269736842105263 0.000236842105263158 0.379736842105263 7.89473684210526e-05 7.89473684210526e-05 7.89473684210526e-05 7.89473684210526e-05 0.349815789473684 7.89473684210526e-05 7.89473684210526e-05; % z D=0.1
0.000631578947368421 0.339298245614035 0.312631578947368 0.000210526315789474 0.000210526315789474 0.000210526315789474 0.000210526315789474 0.346175438596491 0.000210526315789474 0.000210526315789474; % $ D=0.2
0.000157894736842105 0.000157894736842105 0.000157894736842105 5.26315789473684e-05 5.26315789473684e-05 5.26315789473684e-05 5.26315789473684e-05 0.000210526315789474 5.26315789473684e-05 0.999052631578948; % D D=0.2
0.000157894736842105 0.000157894736842105 0.000157894736842105 0.999052631578948 5.26315789473684e-05 5.26315789473684e-05 5.26315789473684e-05 0.000210526315789474 5.26315789473684e-05 5.26315789473684e-05; % N D=0.2
0.000157894736842105 0.000157894736842105 0.000157894736842105 5.26315789473684e-05 5.26315789473684e-05 5.26315789473684e-05 0.999052631578948 0.000210526315789474 5.26315789473684e-05 5.26315789473684e-05; % Z D=0.2
0.000157894736842105 0.000157894736842105 0.000157894736842105 5.26315789473684e-05 5.26315789473684e-05 5.26315789473684e-05 5.26315789473684e-05 0.000210526315789474 0.999052631578948 5.26315789473684e-05; % g D=0.2
0.259631578947368 0.349631578947368 0.384631578947368 0.000210526315789474 0.000210526315789474 0.000210526315789474 0.000210526315789474 0.00484210526315789 0.000210526315789474 0.000210526315789474; % m D=0.2
0.219473684210526 0.394473684210526 0.000473684210526316 0.000157894736842105 0.000157894736842105 0.000157894736842105 0.000157894736842105 0.384631578947368 0.000157894736842105 0.000157894736842105; % p D=0.2
0.000157894736842105 0.000157894736842105 0.000157894736842105 5.26315789473684e-05 0.999052631578948 5.26315789473684e-05 5.26315789473684e-05 0.000210526315789474 5.26315789473684e-05 5.26315789473684e-05; % t D=0.2
0.000157894736842105 0.000157894736842105 0.000157894736842105 5.26315789473684e-05 5.26315789473684e-05 0.999052631578948 5.26315789473684e-05 0.000210526315789474 5.26315789473684e-05 5.26315789473684e-05; % v D=0.2
0.269473684210526 0.000473684210526316 0.379473684210526 0.000157894736842105 0.000157894736842105 0.000157894736842105 0.000157894736842105 0.349631578947368 0.000157894736842105 0.000157894736842105; % z D=0.2
0.000947368421052632 0.338947368421053 0.312280701754386 0.00031578947368421 0.00031578947368421 0.00031578947368421 0.00031578947368421 0.345929824561404 0.00031578947368421 0.00031578947368421; % $ D=0.3
0.000236842105263158 0.000236842105263158 0.000236842105263158 7.89473684210526e-05 7.89473684210526e-05 7.89473684210526e-05 7.89473684210526e-05 0.000315789473684211 7.89473684210526e-05 0.998578947368421; % D D=0.3
0.000236842105263158 0.000236842105263158 0.000236842105263158 0.998578947368421 7.89473684210526e-05 7.89473684210526e-05 7.89473684210526e-05 0.000315789473684211 7.89473684210526e-05 7.89473684210526e-05; % N D=0.3
0.000236842105263158 0.000236842105263158 0.000236842105263158 7.89473684210526e-05 7.89473684210526e-05 7.89473684210526e-05 0.998578947368421 0.000315789473684211 7.89473684210526e-05 7.89473684210526e-05; % Z D=0.3
0.000236842105263158 0.000236842105263158 0.000236842105263158 7.89473684210526e-05 7.89473684210526e-05 7.89473684210526e-05 7.89473684210526e-05 0.000315789473684211 0.998578947368421 7.89473684210526e-05; % g D=0.3
0.259447368421053 0.349447368421053 0.384447368421053 0.000315789473684211 0.000315789473684211 0.000315789473684211 0.000315789473684211 0.00476315789473684 0.000315789473684211 0.000315789473684211; % m D=0.3
0.219210526315789 0.39421052631579 0.000710526315789474 0.000236842105263158 0.000236842105263158 0.000236842105263158 0.000236842105263158 0.384447368421053 0.000236842105263158 0.000236842105263158; % p D=0.3
0.000236842105263158 0.000236842105263158 0.000236842105263158 7.89473684210526e-05 0.998578947368421 7.89473684210526e-05 7.89473684210526e-05 0.000315789473684211 7.89473684210526e-05 7.89473684210526e-05; % t D=0.3
0.000236842105263158 0.000236842105263158 0.000236842105263158 7.89473684210526e-05 7.89473684210526e-05 0.998578947368421 7.89473684210526e-05 0.000315789473684211 7.89473684210526e-05 7.89473684210526e-05; % v D=0.3
0.26921052631579 0.000710526315789474 0.379210526315789 0.000236842105263158 0.000236842105263158 0.000236842105263158 0.000236842105263158 0.349447368421053 0.000236842105263158 0.000236842105263158; % z D=0.3
0.00126315789473684 0.33859649122807 0.311929824561404 0.000421052631578947 0.000421052631578947 0.000421052631578947 0.000421052631578947 0.345684210526316 0.000421052631578947 0.000421052631578947; % $ D=0.4
0.000315789473684211 0.000315789473684211 0.000315789473684211 0.000105263157894737 0.000105263157894737 0.000105263157894737 0.000105263157894737 0.000421052631578947 0.000105263157894737 0.998105263157895; % D D=0.4
0.000315789473684211 0.000315789473684211 0.000315789473684211 0.998105263157895 0.000105263157894737 0.000105263157894737 0.000105263157894737 0.000421052631578947 0.000105263157894737 0.000105263157894737; % N D=0.4
0.000315789473684211 0.000315789473684211 0.000315789473684211 0.000105263157894737 0.000105263157894737 0.000105263157894737 0.998105263157895 0.000421052631578947 0.000105263157894737 0.000105263157894737; % Z D=0.4
0.000315789473684211 0.000315789473684211 0.000315789473684211 0.000105263157894737 0.000105263157894737 0.000105263157894737 0.000105263157894737 0.000421052631578947 0.998105263157895 0.000105263157894737; % g D=0.4
0.259263157894737 0.349263157894737 0.384263157894737 0.000421052631578947 0.000421052631578947 0.000421052631578947 0.000421052631578947 0.00468421052631579 0.000421052631578947 0.000421052631578947; % m D=0.4
