syllables = '$DFGJKPZfltz';
discounts = [0.1 0.2 0.3 0.4 0.5 0.6 0.7 0.8 0.9 0.95];
kn_probs = [0.000395061728395062 0.306395061728395 9.87654320987654e-05 9.87654320987654e-05 0.213061728395062 9.87654320987654e-05 9.87654320987654e-05 9.87654320987654e-05 9.87654320987654e-05 0.273061728395062 9.87654320987654e-05 0.206395061728395; % $ D=0.1
9.87654320987654e-05 9.87654320987654e-05 2.46913580246914e-05 2.46913580246914e-05 9.87654320987654e-05 2.46913580246914e-05 0.999358024691358 2.46913580246914e-05 2.46913580246914e-05 9.87654320987654e-05 2.46913580246914e-05 9.87654320987654e-05; % D D=0.1
0.333061728395062 0.166395061728395 9.87654320987654e-05 9.87654320987654e-05 0.233061728395062 9.87654320987654e-05 9.87654320987654e-05 9.87654320987654e-05 9.87654320987654e-05 0.266395061728395 9.87654320987654e-05 0.000395061728395062; % F D=0.1
0.133061728395062 0.266395061728395 9.87654320987654e-05 9.87654320987654e-05 0.346395061728395 9.87654320987654e-05 9.87654320987654e-05 9.87654320987654e-05 9.87654320987654e-05 0.000395061728395062 9.87654320987654e-05 0.253061728395062; % G D=0.1
9.87654320987654e-05 9.87654320987654e-05 2.46913580246914e-05 2.46913580246914e-05 9.87654320987654e-05 0.999358024691358 2.46913580246914e-05 2.46913580246914e-05 2.46913580246914e-05 9.87654320987654e-05 2.46913580246914e-05 9.87654320987654e-05; % J D=0.1
9.87654320987654e-05 9.87654320987654e-05 2.46913580246914e-05 2.46913580246914e-05 9.87654320987654e-05 2.46913580246914e-05 2.46913580246914e-05 2.46913580246914e-05 0.999358024691358 9.87654320987654e-05 2.46913580246914e-05 9.87654320987654e-05; % K D=0.1
0.293061728395062 0.000395061728395062 9.87654320987654e-05 9.87654320987654e-05 0.206395061728395 9.87654320987654e-05 9.87654320987654e-05 9.87654320987654e-05 9.87654320987654e-05 0.233061728395062 9.87654320987654e-05 0.266395061728395; % P D=0.1
0.239728395061728 0.259728395061728 9.87654320987654e-05 9.87654320987654e-05 0.000395061728395062 9.87654320987654e-05 9.87654320987654e-05 9.87654320987654e-05 9.87654320987654e-05 0.226395061728395 9.87654320987654e-05 0.273061728395062; % Z D=0.1
9.87654320987654e-05 9.87654320987654e-05 2.46913580246914e-05 2.46913580246914e-05 9.87654320987654e-05 2.46913580246914e-05 2.46913580246914e-05 0.999358024691358 2.46913580246914e-05 9.87654320987654e-05 2.46913580246914e-05 9.87654320987654e-05; % f D=0.1
9.87654320987654e-05 9.87654320987654e-05 2.46913580246914e-05 0.999358024691358 9.87654320987654e-05 2.46913580246914e-05 2.46913580246914e-05 2.46913580246914e-05 2.46913580246914e-05 9.87654320987654e-05 2.46913580246914e-05 9.87654320987654e-05; % l D=0.1
9.87654320987654e-05 9.87654320987654e-05 0.999358024691358 2.46913580246914e-05 9.87654320987654e-05 2.46913580246914e-05 2.46913580246914e-05 2.46913580246914e-05 2.46913580246914e-05 9.87654320987654e-05 2.46913580246914e-05 9.87654320987654e-05; % t D=0.1
9.87654320987654e-05 9.87654320987654e-05 2.46913580246914e-05 2.46913580246914e-05 9.87654320987654e-05 2.46913580246914e-05 2.46913580246914e-05 2.46913580246914e-05 2.46913580246914e-05 9.87654320987654e-05 0.999358024691358 9.87654320987654e-05; % z D=0.1
0.000790123456790124 0.306123456790123 0.000197530864197531 0.000197530864197531 0.21279012345679 0.000197530864197531 0.000197530864197531 0.000197530864197531 0.000197530864197531 0.27279012345679 0.000197530864197531 0.206123456790123; % $ D=0.2
0.000197530864197531 0.000197530864197531 4.93827160493827e-05 4.93827160493827e-05 0.000197530864197531 4.93827160493827e-05 0.998716049382716 4.93827160493827e-05 4.93827160493827e-05 0.000197530864197531 4.93827160493827e-05 0.000197530864197531; % D D=0.2
0.33279012345679 0.166123456790123 0.000197530864197531 0.000197530864197531 0.23279012345679 0.000197530864197531 0.000197530864197531 0.000197530864197531 0.000197530864197531 0.266123456790123 0.000197530864197531 0.000790123456790124; % F D=0.2
0.13279012345679 0.266123456790123 0.000197530864197531 0.000197530864197531 0.346123456790123 0.000197530864197531 0.000197530864197531 0.000197530864197531 0.000197530864197531 0.000790123456790124 0.000197530864197531 0.25279012345679; % G D=0.2
0.000197530864197531 0.000197530864197531 4.93827160493827e-05 4.93827160493827e-05 0.000197530864197531 0.998716049382716 4.93827160493827e-05 4.93827160493827e-05 4.93827160493827e-05 0.000197530864197531 4.93827160493827e-05 0.000197530864197531; % J D=0.2
0.000197530864197531 0.000197530864197531 4.93827160493827e-05 4.93827160493827e-05 0.000197530864197531 4.93827160493827e-05 4.93827160493827e-05 4.93827160493827e-05 0.998716049382716 0.000197530864197531 4.93827160493827e-05 0.000197530864197531; % K D=0.2
0.29279012345679 0.000790123456790124 0.000197530864197531 0.000197530864197531 0.206123456790123 0.000197530864197531 0.000197530864197531 0.000197530864197531 0.000197530864197531 0.23279012345679 0.000197530864197531 0.266123456790123; % P D=0.2
0.239456790123457 0.259456790123457 0.000197530864197531 0.000197530864197531 0.000790123456790124 0.000197530864197531 0.000197530864197531 0.000197530864197531 0.000197530864197531 0.226123456790123 0.000197530864197531 0.27279012345679; % Z D=0.2
0.000197530864197531 0.000197530864197531 4.93827160493827e-05 4.93827160493827e-05 0.000197530864197531 4.93827160493827e-05 4.93827160493827e-05 0.998716049382716 4.93827160493827e-05 0.000197530864197531 4.93827160493827e-05 0.000197530864197531; % f D=0.2
0.000197530864197531 0.000197530864197531 4.93827160493827e-05 0.998716049382716 0.000197530864197531 4.93827160493827e-05 4.93827160493827e-05 4.93827160493827e-05 4.93827160493827e-05 0.000197530864197531 4.93827160493827e-05 0.000197530864197531; % l D=0.2
0.000197530864197531 0.000197530864197531 0.998716049382716 4.93827160493827e-05 0.000197530864197531 4.93827160493827e-05 4.93827160493827e-05 4.93827160493827e-05 4.93827160493827e-05 0.000197530864197531 4.93827160493827e-05 0.000197530864197531; % t D=0.2
0.000197530864197531 0.000197530864197531 4.93827160493827e-05 4.93827160493827e-05 0.000197530864197531 4.93827160493827e-05 4.93827160493827e-05 4.93827160493827e-05 4.93827160493827e-05 0.000197530864197531 0.998716049382716 0.000197530864197531; % z D=0.2
0.00118518518518519 0.305851851851852 0.000296296296296296 0.000296296296296296 0.212518518518518 0.000296296296296296 0.000296296296296296 0.000296296296296296 0.000296296296296296 0.272518518518519 0.000296296296296296 0.205851851851852; % $ D=0.3
0.000296296296296296 0.000296296296296296 7.40740740740741e-05 7.40740740740741e-05 0.000296296296296296 7.40740740740741e-05 0.998074074074074 7.40740740740741e-05 7.40740740740741e-05 0.000296296296296296 7.40740740740741e-05 0.000296296296296296; % D D=0.3
0.332518518518519 0.165851851851852 0.000296296296296296 0.000296296296296296 0.232518518518519 0.000296296296296296 0.000296296296296296 0.000296296296296296 0.000296296296296296 0.265851851851852 0.000296296296296296 0.00118518518518519; % F D=0.3
0.132518518518519 0.265851851851852 0.000296296296296296 0.000296296296296296 0.345851851851852 0.000296296296296296 0.000296296296296296 0.000296296296296296 0.000296296296296296 0.00118518518518519 0.000296296296296296 0.252518518518519; % G D=0.3
0.000296296296296296 0.000296296296296296 7.40740740740741e-05 7.40740740740741e-05 0.000296296296296296 0.998074074074074 7.40740740740741e-05 7.40740740740741e-05 7.40740740740741e-05 0.000296296296296296 7.40740740740741e-05 0.000296296296296296; % J D=0.3
0.000296296296296296 0.000296296296296296 7.40740740740741e-05 7.40740740740741e-05 0.000296296296296296 7.40740740740741e-05 7.40740740740741e-05 7.40740740740741e-05 0.998074074074074 0.000296296296296296 7.40740740740741e-05 0.000296296296296296; % K D=0.3
