syllables = '$BFMRTdfmt';
discounts = [0.1 0.2 0.3 0.4 0.5 0.6 0.7 0.8 0.9 0.95];
kn_probs = [0.000333333333333333 0.000111111111111111 0.000111111111111111 0.000111111111111111 0.000111111111111111 0.000111111111111111 0.000111111111111111 0.326333333333333 0.306333333333333 0.366333333333333; % $ D=0.1
0.23475 8.33333333333333e-05 8.33333333333333e-05 8.33333333333333e-05 8.33333333333333e-05 8.33333333333333e-05 8.33333333333333e-05 0.38975 0.00025 0.37475; % B D=0.1
0.25975 8.33333333333333e-05 8.33333333333333e-05 8.33333333333333e-05 8.33333333333333e-05 8.33333333333333e-05 8.33333333333333e-05 0.36475 0.37475 0.00025; % F D=0.1
8.33333333333333e-05 2.77777777777778e-05 0.999527777777778 2.77777777777778e-05 2.77777777777778e-05 2.77777777777778e-05 2.77777777777778e-05 8.33333333333333e-05 8.33333333333333e-05 8.33333333333333e-05; % M D=0.1
8.33333333333333e-05 0.999527777777778 2.77777777777778e-05 2.77777777777778e-05 2.77777777777778e-05 2.77777777777778e-05 2.77777777777778e-05 8.33333333333333e-05 8.33333333333333e-05 8.33333333333333e-05; % R D=0.1
8.33333333333333e-05 2.77777777777778e-05 2.77777777777778e-05 2.77777777777778e-05 0.999527777777778 2.77777777777778e-05 2.77777777777778e-05 8.33333333333333e-05 8.33333333333333e-05 8.33333333333333e-05; % T D=0.1
0.25475 8.33333333333333e-05 8.33333333333333e-05 8.33333333333333e-05 8.33333333333333e-05 8.33333333333333e-05 8.33333333333333e-05 0.00025 0.39475 0.34975; % d D=0.1
8.33333333333333e-05 2.77777777777778e-05 2.77777777777778e-05 2.77777777777778e-05 2.77777777777778e-05 2.77777777777778e-05 0.999527777777778 8.33333333333333e-05 8.33333333333333e-05 8.33333333333333e-05; % f D=0.1
8.33333333333333e-05 2.77777777777778e-05 2.77777777777778e-05 2.77777777777778e-05 2.77777777777778e-05 0.999527777777778 2.77777777777778e-05 8.33333333333333e-05 8.33333333333333e-05 8.33333333333333e-05; % m D=0.1
8.33333333333333e-05 2.77777777777778e-05 2.77777777777778e-05 0.999527777777778 2.77777777777778e-05 2.77777777777778e-05 2.77777777777778e-05 8.33333333333333e-05 8.33333333333333e-05 8.33333333333333e-05; % t D=0.1
0.000666666666666667 0.000222222222222222 0.000222222222222222 0.000222222222222222 0.000222222222222222 0.000222222222222222 0.000222222222222222 0.326 0.306 0.366; % $ D=0.2
0.2345 0.000166666666666667 0.000166666666666667 0.000166666666666667 0.000166666666666667 0.000166666666666667 0.000166666666666667 0.3895 0.0005 0.3745; % B D=0.2
0.2595 0.000166666666666667 0.000166666666666667 0.000166666666666667 0.000166666666666667 0.000166666666666667 0.000166666666666667 0.3645 0.3745 0.0005; % F D=0.2
0.000166666666666667 5.55555555555556e-05 0.999055555555556 5.55555555555556e-05 5.55555555555556e-05 5.55555555555556e-05 5.55555555555556e-05 0.000166666666666667 0.000166666666666667 0.000166666666666667; % M D=0.2
0.000166666666666667 0.999055555555556 5.55555555555556e-05 5.55555555555556e-05 5.55555555555556e-05 5.55555555555556e-05 5.55555555555556e-05 0.000166666666666667 0.000166666666666667 0.000166666666666667; % R D=0.2
0.000166666666666667 5.55555555555556e-05 5.55555555555556e-05 5.55555555555556e-05 0.999055555555556 5.55555555555556e-05 5.55555555555556e-05 0.000166666666666667 0.000166666666666667 0.000166666666666667; % T D=0.2
0.2545 0.000166666666666667 0.000166666666666667 0.000166666666666667 0.000166666666666667 0.000166666666666667 0.000166666666666667 0.0005 0.3945 0.3495; % d D=0.2
0.000166666666666667 5.55555555555556e-05 5.55555555555556e-05 5.55555555555556e-05 5.55555555555556e-05 5.55555555555556e-05 0.999055555555556 0.000166666666666667 0.000166666666666667 0.000166666666666667; % f D=0.2
0.000166666666666667 5.55555555555556e-05 5.55555555555556e-05 5.55555555555556e-05 5.55555555555556e-05 0.999055555555556 5.55555555555556e-05 0.000166666666666667 0.000166666666666667 0.000166666666666667; % m D=0.2
0.000166666666666667 5.55555555555556e-05 5.55555555555556e-05 0.999055555555556 5.55555555555556e-05 5.55555555555556e-05 5.55555555555556e-05 0.000166666666666667 0.000166666666666667 0.000166666666666667; % t D=0.2
0.001 0.000333333333333333 0.000333333333333333 0.000333333333333333 0.000333333333333333 0.000333333333333333 0.000333333333333333 0.325666666666667 0.305666666666667 0.365666666666667; % $ D=0.3
0.23425 0.00025 0.00025 0.00025 0.00025 0.00025 0.00025 0.38925 0.00075 0.37425; % B D=0.3
0.25925 0.00025 0.00025 0.00025 0.00025 0.00025 0.00025 0.36425 0.37425 0.00075; % F D=0.3
0.00025 8.33333333333333e-05 0.998583333333333 8.33333333333333e-05 8.33333333333333e-05 8.33333333333333e-05 8.33333333333333e-05 0.00025 0.00025 0.00025; % M D=0.3
0.00025 0.998583333333333 8.33333333333333e-05 8.33333333333333e-05 8.33333333333333e-05 8.33333333333333e-05 8.33333333333333e-05 0.00025 0.00025 0.00025; % R D=0.3
0.00025 8.33333333333333e-05 8.33333333333333e-05 8.33333333333333e-05 0.998583333333333 8.33333333333333e-05 8.33333333333333e-05 0.00025 0.00025 0.00025; % T D=0.3
0.25425 0.00025 0.00025 0.00025 0.00025 0.00025 0.00025 0.00075 0.39425 0.34925; % d D=0.3
0.00025 8.33333333333333e-05 8.33333333333333e-05 8.33333333333333e-05 8.33333333333333e-05 8.33333333333333e-05 0.998583333333333 0.00025 0.00025 0.00025; % f D=0.3
0.00025 8.33333333333333e-05 8.33333333333333e-05 8.33333333333333e-05 8.33333333333333e-05 0.998583333333333 8.33333333333333e-05 0.00025 0.00025 0.00025; % m D=0.3
0.00025 8.33333333333333e-05 8.33333333333333e-05 0.998583333333333 8.33333333333333e-05 8.33333333333333e-05 8.33333333333333e-05 0.00025 0.00025 0.00025; % t D=0.3
0.00133333333333333 0.000444444444444445 0.000444444444444445 0.000444444444444445 0.000444444444444445 0.000444444444444445 0.000444444444444445 0.325333333333333 0.305333333333333 0.365333333333333; % $ D=0.4
0.234 0.000333333333333333 0.000333333333333333 0.000333333333333333 0.000333333333333333 0.000333333333333333 0.000333333333333333 0.389 0.001 0.374; % B D=0.4
0.259 0.000333333333333333 0.000333333333333333 0.000333333333333333 0.000333333333333333 0.000333333333333333 0.000333333333333333 0.364 0.374 0.001; % F D=0.4
0.000333333333333333 0.000111111111111111 0.998111111111111 0.000111111111111111 0.000111111111111111 0.000111111111111111 0.000111111111111111 0.000333333333333333 0.000333333333333333 0.000333333333333333; % M D=0.4
0.000333333333333333 0.998111111111111 0.000111111111111111 0.000111111111111111 0.000111111111111111 0.000111111111111111 0.000111111111111111 0.000333333333333333 0.000333333333333333 0.000333333333333333; % R D=0.4
0.000333333333333333 0.000111111111111111 0.000111111111111111 0.000111111111111111 0.998111111111111 0.000111111111111111 0.000111111111111111 0.000333333333333333 0.000333333333333333 0.000333333333333333; % T D=0.4
0.254 0.000333333333333333 0.000333333333333333 0.000333333333333333 0.000333333333333333 0.000333333333333333 0.000333333333333333 0.001 0.394 0.349; % d D=0.4
0.000333333333333333 0.000111111111111111 0.000111111111111111 0.000111111111111111 0.000111111111111111 0.000111111111111111 0.998111111111111 0.000333333333333333 0.000333333333333333 0.000333333333333333; % f D=0.4
0.000333333333333333 0.000111111111111111 0.000111111111111111 0.000111111111111111 0.000111111111111111 0.998111111111111 0.000111111111111111 0.000333333333333333 0.000333333333333333 0.000333333333333333; % m D=0.4
0.000333333333333333 0.000111111111111111 0.000111111111111111 0.998111111111111 0.000111111111111111 0.000111111111111111 0.000111111111111111 0.000333333333333333 0.000333333333333333 0.000333333333333333; % t D=0.4
0.00166666666666667 0.000555555555555556 0.000555555555555556 0.000555555555555556 0.000555555555555556 0.000555555555555556 0.000555555555555556 0.325 0.305 0.365; % $ D=0.5
0.23375 0.000416666666666667 0.000416666666666667 0.000416666666666667 0.000416666666666667 0.000416666666666667 0.000416666666666667 0.38875 0.00125 0.37375; % B D=0.5
