syllables = '$FJKMNPVZfglprz';
discounts = [0.1 0.2 0.3 0.4 0.5 0.6 0.7 0.8 0.9 0.95];
kn_probs = [0.000416666666666667 8.33333333333333e-05 8.33333333333333e-05 0.193083333333333 8.33333333333333e-05 0.213166666666667 8.33333333333333e-05 8.33333333333333e-05 0.226416666666667 8.33333333333333e-05 0.193083333333333 8.33333333333333e-05 0.173083333333333 8.33333333333333e-05 8.33333333333333e-05; % $ D=0.1
0.258125 0.000125 0.000125 0.174791666666667 0.000125 0.00825 0.000125 0.000125 0.191458333333333 0.000125 0.149791666666667 0.000125 0.216458333333333 0.000125 0.000125; % F D=0.1
0.241354166666667 0.000104166666666667 0.000104166666666667 0.216354166666667 0.000104166666666667 0.174791666666667 0.000104166666666667 0.000104166666666667 0.1496875 0.000104166666666667 0.000520833333333333 0.000104166666666667 0.216354166666667 0.000104166666666667 0.000104166666666667; % J D=0.1
0.000104166666666667 2.08333333333333e-05 2.08333333333333e-05 0.000104166666666667 2.08333333333333e-05 0.000125 2.08333333333333e-05 0.9991875 0.000104166666666667 2.08333333333333e-05 0.000104166666666667 2.08333333333333e-05 0.000104166666666667 2.08333333333333e-05 2.08333333333333e-05; % K D=0.1
0.258020833333333 0.000104166666666667 0.000104166666666667 0.000520833333333333 0.000104166666666667 0.199791666666667 0.000104166666666667 0.000104166666666667 0.183020833333333 0.000104166666666667 0.191354166666667 0.000104166666666667 0.166354166666667 0.000104166666666667 0.000104166666666667; % M D=0.1
0.000104166666666667 2.08333333333333e-05 2.08333333333333e-05 0.000104166666666667 2.08333333333333e-05 0.000125 2.08333333333333e-05 2.08333333333333e-05 0.000104166666666667 2.08333333333333e-05 0.000104166666666667 2.08333333333333e-05 0.000104166666666667 0.9991875 2.08333333333333e-05; % N D=0.1
0.2246875 0.000104166666666667 0.000104166666666667 0.1996875 0.000104166666666667 0.183125 0.000104166666666667 0.000104166666666667 0.000520833333333333 0.000104166666666667 0.208020833333333 0.000104166666666667 0.183020833333333 0.000104166666666667 0.000104166666666667; % P D=0.1
0.000104166666666667 2.08333333333333e-05 2.08333333333333e-05 0.000104166666666667 0.9991875 0.000125 2.08333333333333e-05 2.08333333333333e-05 0.000104166666666667 2.08333333333333e-05 0.000104166666666667 2.08333333333333e-05 0.000104166666666667 2.08333333333333e-05 2.08333333333333e-05; % V D=0.1
0.000104166666666667 2.08333333333333e-05 2.08333333333333e-05 0.000104166666666667 2.08333333333333e-05 0.000125 0.9991875 2.08333333333333e-05 0.000104166666666667 2.08333333333333e-05 0.000104166666666667 2.08333333333333e-05 0.000104166666666667 2.08333333333333e-05 2.08333333333333e-05; % Z D=0.1
0.000104166666666667 0.9991875 2.08333333333333e-05 0.000104166666666667 2.08333333333333e-05 0.000125 2.08333333333333e-05 2.08333333333333e-05 0.000104166666666667 2.08333333333333e-05 0.000104166666666667 2.08333333333333e-05 0.000104166666666667 2.08333333333333e-05 2.08333333333333e-05; % f D=0.1
0.000104166666666667 2.08333333333333e-05 0.9991875 0.000104166666666667 2.08333333333333e-05 0.000125 2.08333333333333e-05 2.08333333333333e-05 0.000104166666666667 2.08333333333333e-05 0.000104166666666667 2.08333333333333e-05 0.000104166666666667 2.08333333333333e-05 2.08333333333333e-05; % g D=0.1
0.000104166666666667 2.08333333333333e-05 2.08333333333333e-05 0.000104166666666667 2.08333333333333e-05 0.000125 2.08333333333333e-05 2.08333333333333e-05 0.000104166666666667 2.08333333333333e-05 0.000104166666666667 2.08333333333333e-05 0.000104166666666667 2.08333333333333e-05 0.9991875; % l D=0.1
0.000104166666666667 2.08333333333333e-05 2.08333333333333e-05 0.000104166666666667 2.08333333333333e-05 0.000125 2.08333333333333e-05 2.08333333333333e-05 0.000104166666666667 2.08333333333333e-05 0.000104166666666667 0.9991875 0.000104166666666667 2.08333333333333e-05 2.08333333333333e-05; % p D=0.1
0.000104166666666667 2.08333333333333e-05 2.08333333333333e-05 0.000104166666666667 2.08333333333333e-05 0.000125 2.08333333333333e-05 2.08333333333333e-05 0.000104166666666667 0.9991875 0.000104166666666667 2.08333333333333e-05 0.000104166666666667 2.08333333333333e-05 2.08333333333333e-05; % r D=0.1
0.266354166666667 0.000104166666666667 0.000104166666666667 0.166354166666667 0.000104166666666667 0.166458333333333 0.000104166666666667 0.000104166666666667 0.191354166666667 0.000104166666666667 0.208020833333333 0.000104166666666667 0.000520833333333333 0.000104166666666667 0.000104166666666667; % z D=0.1
0.000833333333333333 0.000166666666666667 0.000166666666666667 0.192833333333333 0.000166666666666667 0.213 0.000166666666666667 0.000166666666666667 0.226166666666667 0.000166666666666667 0.192833333333333 0.000166666666666667 0.172833333333333 0.000166666666666667 0.000166666666666667; % $ D=0.2
0.257916666666667 0.00025 0.00025 0.174583333333333 0.00025 0.00816666666666667 0.00025 0.00025 0.19125 0.00025 0.149583333333333 0.00025 0.21625 0.00025 0.00025; % F D=0.2
0.241041666666667 0.000208333333333333 0.000208333333333333 0.216041666666667 0.000208333333333333 0.174583333333333 0.000208333333333333 0.000208333333333333 0.149375 0.000208333333333333 0.00104166666666667 0.000208333333333333 0.216041666666667 0.000208333333333333 0.000208333333333333; % J D=0.2
0.000208333333333333 4.16666666666667e-05 4.16666666666667e-05 0.000208333333333333 4.16666666666667e-05 0.00025 4.16666666666667e-05 0.998375 0.000208333333333333 4.16666666666667e-05 0.000208333333333333 4.16666666666667e-05 0.000208333333333333 4.16666666666667e-05 4.16666666666667e-05; % K D=0.2
0.257708333333333 0.000208333333333333 0.000208333333333333 0.00104166666666667 0.000208333333333333 0.199583333333333 0.000208333333333333 0.000208333333333333 0.182708333333333 0.000208333333333333 0.191041666666667 0.000208333333333333 0.166041666666667 0.000208333333333333 0.000208333333333333; % M D=0.2
0.000208333333333333 4.16666666666667e-05 4.16666666666667e-05 0.000208333333333333 4.16666666666667e-05 0.00025 4.16666666666667e-05 4.16666666666667e-05 0.000208333333333333 4.16666666666667e-05 0.000208333333333333 4.16666666666667e-05 0.000208333333333333 0.998375 4.16666666666667e-05; % N D=0.2
0.224375 0.000208333333333333 0.000208333333333333 0.199375 0.000208333333333333 0.182916666666667 0.000208333333333333 0.000208333333333333 0.00104166666666667 0.000208333333333333 0.207708333333333 0.000208333333333333 0.182708333333333 0.000208333333333333 0.000208333333333333; % P D=0.2
0.000208333333333333 4.16666666666667e-05 4.16666666666667e-05 0.000208333333333333 0.998375 0.00025 4.16666666666667e-05 4.16666666666667e-05 0.000208333333333333 4.16666666666667e-05 0.000208333333333333 4.16666666666667e-05 0.000208333333333333 4.16666666666667e-05 4.16666666666667e-05; % V D=0.2
0.000208333333333333 4.16666666666667e-05 4.16666666666667e-05 0.000208333333333333 4.16666666666667e-05 0.00025 0.998375 4.16666666666667e-05 0.000208333333333333 4.16666666666667e-05 0.000208333333333333 4.16666666666667e-05 0.000208333333333333 4.16666666666667e-05 4.16666666666667e-05; % Z D=0.2
0.000208333333333333 0.998375 4.16666666666667e-05 0.000208333333333333 4.16666666666667e-05 0.00025 4.16666666666667e-05 4.16666666666667e-05 0.000208333333333333 4.16666666666667e-05 0.000208333333333333 4.16666666666667e-05 0.000208333333333333 4.16666666666667e-05 4.16666666666667e-05; % f D=0.2
0.000208333333333333 4.16666666666667e-05 0.998375 0.000208333333333333 4.16666666666667e-05 0.00025 4.16666666666667e-05 4.16666666666667e-05 0.000208333333333333 4.16666666666667e-05 0.000208333333333333 4.16666666666667e-05 0.000208333333333333 4.16666666666667e-05 4.16666666666667e-05; % g D=0.2
