syllables = '$BDMNRTbdgnz';
discounts = [0.1 0.2 0.3 0.4 0.5 0.6 0.7 0.8 0.9 0.95];
kn_probs = [0.000395061728395062 9.87654320987654e-05 9.87654320987654e-05 9.87654320987654e-05 9.87654320987654e-05 9.87654320987654e-05 0.279728395061728 0.259728395061728 9.87654320987654e-05 0.199728395061728 0.259728395061728 9.87654320987654e-05; % $ D=0.1
9.87654320987654e-05 2.46913580246914e-05 2.46913580246914e-05 2.46913580246914e-05 2.46913580246914e-05 2.46913580246914e-05 9.87654320987654e-05 9.87654320987654e-05 0.999358024691358 9.87654320987654e-05 9.87654320987654e-05 2.46913580246914e-05; % B D=0.1
9.87654320987654e-05 2.46913580246914e-05 2.46913580246914e-05 2.46913580246914e-05 2.46913580246914e-05 2.46913580246914e-05 9.87654320987654e-05 9.87654320987654e-05 2.46913580246914e-05 9.87654320987654e-05 9.87654320987654e-05 0.999358024691358; % D D=0.1
0.186395061728395 9.87654320987654e-05 9.87654320987654e-05 9.87654320987654e-05 9.87654320987654e-05 9.87654320987654e-05 0.266395061728395 0.000395061728395062 9.87654320987654e-05 0.306395061728395 0.239728395061728 9.87654320987654e-05; % M D=0.1
0.253061728395062 9.87654320987654e-05 9.87654320987654e-05 9.87654320987654e-05 9.87654320987654e-05 9.87654320987654e-05 0.279728395061728 0.266395061728395 9.87654320987654e-05 0.199728395061728 0.000395061728395062 9.87654320987654e-05; % N D=0.1
0.233061728395062 9.87654320987654e-05 9.87654320987654e-05 9.87654320987654e-05 9.87654320987654e-05 9.87654320987654e-05 0.000395061728395062 0.219728395061728 9.87654320987654e-05 0.293061728395062 0.253061728395062 9.87654320987654e-05; % R D=0.1
9.87654320987654e-05 2.46913580246914e-05 2.46913580246914e-05 2.46913580246914e-05 2.46913580246914e-05 0.999358024691358 9.87654320987654e-05 9.87654320987654e-05 2.46913580246914e-05 9.87654320987654e-05 9.87654320987654e-05 2.46913580246914e-05; % T D=0.1
9.87654320987654e-05 2.46913580246914e-05 0.999358024691358 2.46913580246914e-05 2.46913580246914e-05 2.46913580246914e-05 9.87654320987654e-05 9.87654320987654e-05 2.46913580246914e-05 9.87654320987654e-05 9.87654320987654e-05 2.46913580246914e-05; % b D=0.1
0.326395061728395 9.87654320987654e-05 9.87654320987654e-05 9.87654320987654e-05 9.87654320987654e-05 9.87654320987654e-05 0.173061728395062 0.253061728395062 9.87654320987654e-05 0.000395061728395062 0.246395061728395 9.87654320987654e-05; % d D=0.1
9.87654320987654e-05 0.999358024691358 2.46913580246914e-05 2.46913580246914e-05 2.46913580246914e-05 2.46913580246914e-05 9.87654320987654e-05 9.87654320987654e-05 2.46913580246914e-05 9.87654320987654e-05 9.87654320987654e-05 2.46913580246914e-05; % g D=0.1
9.87654320987654e-05 2.46913580246914e-05 2.46913580246914e-05 2.46913580246914e-05 0.999358024691358 2.46913580246914e-05 9.87654320987654e-05 9.87654320987654e-05 2.46913580246914e-05 9.87654320987654e-05 9.87654320987654e-05 2.46913580246914e-05; % n D=0.1
9.87654320987654e-05 2.46913580246914e-05 2.46913580246914e-05 0.999358024691358 2.46913580246914e-05 2.46913580246914e-05 9.87654320987654e-05 9.87654320987654e-05 2.46913580246914e-05 9.87654320987654e-05 9.87654320987654e-05 2.46913580246914e-05; % z D=0.1
0.000790123456790124 0.000197530864197531 0.000197530864197531 0.000197530864197531 0.000197530864197531 0.000197530864197531 0.279456790123457 0.259456790123457 0.000197530864197531 0.199456790123457 0.259456790123457 0.000197530864197531; % $ D=0.2
0.000197530864197531 4.93827160493827e-05 4.93827160493827e-05 4.93827160493827e-05 4.93827160493827e-05 4.93827160493827e-05 0.000197530864197531 0.000197530864197531 0.998716049382716 0.000197530864197531 0.000197530864197531 4.93827160493827e-05; % B D=0.2
0.000197530864197531 4.93827160493827e-05 4.93827160493827e-05 4.93827160493827e-05 4.93827160493827e-05 4.93827160493827e-05 0.000197530864197531 0.000197530864197531 4.93827160493827e-05 0.000197530864197531 0.000197530864197531 0.998716049382716; % D D=0.2
0.186123456790123 0.000197530864197531 0.000197530864197531 0.000197530864197531 0.000197530864197531 0.000197530864197531 0.266123456790123 0.000790123456790124 0.000197530864197531 0.306123456790123 0.239456790123457 0.000197530864197531; % M D=0.2
0.25279012345679 0.000197530864197531 0.000197530864197531 0.000197530864197531 0.000197530864197531 0.000197530864197531 0.279456790123457 0.266123456790123 0.000197530864197531 0.199456790123457 0.000790123456790124 0.000197530864197531; % N D=0.2
0.23279012345679 0.000197530864197531 0.000197530864197531 0.000197530864197531 0.000197530864197531 0.000197530864197531 0.000790123456790124 0.219456790123457 0.000197530864197531 0.29279012345679 0.25279012345679 0.000197530864197531; % R D=0.2
0.000197530864197531 4.93827160493827e-05 4.93827160493827e-05 4.93827160493827e-05 4.93827160493827e-05 0.998716049382716 0.000197530864197531 0.000197530864197531 4.93827160493827e-05 0.000197530864197531 0.000197530864197531 4.93827160493827e-05; % T D=0.2
0.000197530864197531 4.93827160493827e-05 0.998716049382716 4.93827160493827e-05 4.93827160493827e-05 4.93827160493827e-05 0.000197530864197531 0.000197530864197531 4.93827160493827e-05 0.000197530864197531 0.000197530864197531 4.93827160493827e-05; % b D=0.2
0.326123456790123 0.000197530864197531 0.000197530864197531 0.000197530864197531 0.000197530864197531 0.000197530864197531 0.17279012345679 0.25279012345679 0.000197530864197531 0.000790123456790124 0.246123456790123 0.000197530864197531; % d D=0.2
0.000197530864197531 0.998716049382716 4.93827160493827e-05 4.93827160493827e-05 4.93827160493827e-05 4.93827160493827e-05 0.000197530864197531 0.000197530864197531 4.93827160493827e-05 0.000197530864197531 0.000197530864197531 4.93827160493827e-05; % g D=0.2
0.000197530864197531 4.93827160493827e-05 4.93827160493827e-05 4.93827160493827e-05 0.998716049382716 4.93827160493827e-05 0.000197530864197531 0.000197530864197531 4.93827160493827e-05 0.000197530864197531 0.000197530864197531 4.93827160493827e-05; % n D=0.2
0.000197530864197531 4.93827160493827e-05 4.93827160493827e-05 0.998716049382716 4.93827160493827e-05 4.93827160493827e-05 0.000197530864197531 0.000197530864197531 4.93827160493827e-05 0.000197530864197531 0.000197530864197531 4.93827160493827e-05; % z D=0.2
0.00118518518518519 0.000296296296296296 0.000296296296296296 0.000296296296296296 0.000296296296296296 0.000296296296296296 0.279185185185185 0.259185185185185 0.000296296296296296 0.199185185185185 0.259185185185185 0.000296296296296296; % $ D=0.3
0.000296296296296296 7.40740740740741e-05 7.40740740740741e-05 7.40740740740741e-05 7.40740740740741e-05 7.40740740740741e-05 0.000296296296296296 0.000296296296296296 0.998074074074074 0.000296296296296296 0.000296296296296296 7.40740740740741e-05; % B D=0.3
0.000296296296296296 7.40740740740741e-05 7.40740740740741e-05 7.40740740740741e-05 7.40740740740741e-05 7.40740740740741e-05 0.000296296296296296 0.000296296296296296 7.40740740740741e-05 0.000296296296296296 0.000296296296296296 0.998074074074074; % D D=0.3
0.185851851851852 0.000296296296296296 0.000296296296296296 0.000296296296296296 0.000296296296296296 0.000296296296296296 0.265851851851852 0.00118518518518519 0.000296296296296296 0.305851851851852 0.239185185185185 0.000296296296296296; % M D=0.3
0.252518518518519 0.000296296296296296 0.000296296296296296 0.000296296296296296 0.000296296296296296 0.000296296296296296 0.279185185185185 0.265851851851852 0.000296296296296296 0.199185185185185 0.00118518518518519 0.000296296296296296; % N D=0.3
0.232518518518519 0.000296296296296296 0.000296296296296296 0.000296296296296296 0.000296296296296296 0.000296296296296296 0.00118518518518519 0.219185185185185 0.000296296296296296 0.292518518518519 0.252518518518519 0.000296296296296296; % R D=0.3
0.000296296296296296 7.40740740740741e-05 7.40740740740741e-05 7.40740740740741e-05 7.40740740740741e-05 0.998074074074074 0.000296296296296296 0.000296296296296296 7.40740740740741e-05 0.000296296296296296 0.000296296296296296 7.40740740740741e-05; % T D=0.3
0.000296296296296296 7.40740740740741e-05 0.998074074074074 7.40740740740741e-05 7.40740740740741e-05 7.40740740740741e-05 0.000296296296296296 0.000296296296296296 7.40740740740741e-05 0.000296296296296296 0.000296296296296296 7.40740740740741e-05; % b D=0.3
0.325851851851852 0.000296296296296296 0.000296296296296296 0.000296296296296296 0.000296296296296296 0.000296296296296296 0.172518518518519 0.252518518518519 0.000296296296296296 0.00118518518518519 0.245851851851852 0.000296296296296296; % d D=0.3
0.000296296296296296 0.998074074074074 7.40740740740741e-05 7.40740740740741e-05 7.40740740740741e-05 7.40740740740741e-05 0.000296296296296296 0.000296296296296296 7.40740740740741e-05 0.000296296296296296 0.000296296296296296 7.40740740740741e-05; % g D=0.3
0.000296296296296296 7.40740740740741e-05 7.40740740740741e-05 7.40740740740741e-05 0.998074074074074 7.40740740740741e-05 0.000296296296296296 0.000296296296296296 7.40740740740741e-05 0.000296296296296296 0.000296296296296296 7.40740740740741e-05; % n D=0.3
0.000296296296296296 7.40740740740741e-05 7.40740740740741e-05 0.998074074074074 7.40740740740741e-05 7.40740740740741e-05 0.000296296296296296 0.000296296296296296 7.40740740740741e-05 0.000296296296296296 0.000296296296296296 7.40740740740741e-05; % z D=0.3
0.00158024691358025 0.000395061728395062 0.000395061728395062 0.000395061728395062 0.000395061728395062 0.000395061728395062 0.278913580246914 0.258913580246914 0.000395061728395062 0.198913580246914 0.258913580246914 0.000395061728395062; % $ D=0.4
0.000395061728395062 9.87654320987654e-05 9.87654320987654e-05 9.87654320987654e-05 9.87654320987654e-05 9.87654320987654e-05 0.000395061728395062 0.000395061728395062 0.997432098765432 0.000395061728395062 0.000395061728395062 9.87654320987654e-05; % B D=0.4
0.000395061728395062 9.87654320987654e-05 9.87654320987654e-05 9.87654320987654e-05 9.87654320987654e-05 9.87654320987654e-05 0.000395061728395062 0.000395061728395062 9.87654320987654e-05 0.000395061728395062 0.000395061728395062 0.997432098765432; % D D=0.4
0.18558024691358 0.000395061728395062 0.000395061728395062 0.000395061728395062 0.000395061728395062 0.000395061728395062 0.26558024691358 0.00158024691358025 0.000395061728395062 0.30558024691358 0.238913580246914 0.000395061728395062; % M D=0.4
0.252246913580247 0.000395061728395062 0.000395061728395062 0.000395061728395062 0.000395061728395062 0.000395061728395062 0.278913580246914 0.26558024691358 0.000395061728395062 0.198913580246914 0.00158024691358025 0.000395061728395062; % N D=0.4
0.232246913580247 0.000395061728395062 0.000395061728395062 0.000395061728395062 0.000395061728395062 0.000395061728395062 0.00158024691358025 0.218913580246914 0.000395061728395062 0.292246913580247 0.252246913580247 0.000395061728395062; % R D=0.4
0.000395061728395062 9.87654320987654e-05 9.87654320987654e-05 9.87654320987654e-05 9.87654320987654e-05 0.997432098765432 0.000395061728395062 0.000395061728395062 9.87654320987654e-05 0.000395061728395062 0.000395061728395062 9.87654320987654e-05; % T D=0.4
0.000395061728395062 9.87654320987654e-05 0.997432098765432 9.87654320987654e-05 9.87654320987654e-05 9.87654320987654e-05 0.000395061728395062 0.000395061728395062 9.87654320987654e-05 0.000395061728395062 0.000395061728395062 9.87654320987654e-05; % b D=0.4
0.32558024691358 0.000395061728395062 0.000395061728395062 0.000395061728395062 0.000395061728395062 0.000395061728395062 0.172246913580247 0.252246913580247 0.000395061728395062 0.00158024691358025 0.24558024691358 0.000395061728395062; % d D=0.4
0.000395061728395062 0.997432098765432 9.87654320987654e-05 9.87654320987654e-05 9.87654320987654e-05 9.87654320987654e-05 0.000395061728395062 0.000395061728395062 9.87654320987654e-05 0.000395061728395062 0.000395061728395062 9.87654320987654e-05; % g D=0.4
0.000395061728395062 9.87654320987654e-05 9.87654320987654e-05 9.87654320987654e-05 0.997432098765432 9.87654320987654e-05 0.000395061728395062 0.000395061728395062 9.87654320987654e-05 0.000395061728395062 0.000395061728395062 9.87654320987654e-05; % n D=0.4
0.000395061728395062 9.87654320987654e-05 9.87654320987654e-05 0.997432098765432 9.87654320987654e-05 9.87654320987654e-05 0.000395061728395062 0.000395061728395062 9.87654320987654e-05 0.000395061728395062 0.000395061728395062 9.87654320987654e-05; % z D=0.4
0.00197530864197531 0.000493827160493827 0.000493827160493827 0.000493827160493827 0.000493827160493827 0.000493827160493827 0.278641975308642 0.258641975308642 0.000493827160493827 0.198641975308642 0.258641975308642 0.000493827160493827; % $ D=0.5
0.000493827160493827 0.000123456790123457 0.000123456790123457 0.000123456790123457 0.000123456790123457 0.000123456790123457 0.000493827160493827 0.000493827160493827 0.99679012345679 0.000493827160493827 0.000493827160493827 0.000123456790123457; % B D=0.5
0.000493827160493827 0.000123456790123457 0.000123456790123457 0.000123456790123457 0.000123456790123457 0.000123456790123457 0.000493827160493827 0.000493827160493827 0.000123456790123457 0.000493827160493827 0.000493827160493827 0.99679012345679; % D D=0.5
0.185308641975309 0.000493827160493827 0.000493827160493827 0.000493827160493827 0.000493827160493827 0.000493827160493827 0.265308641975309 0.00197530864197531 0.000493827160493827 0.305308641975309 0.238641975308642 0.000493827160493827; % M D=0.5
0.251975308641975 0.000493827160493827 0.000493827160493827 0.000493827160493827 0.000493827160493827 0.000493827160493827 0.278641975308642 0.265308641975309 0.000493827160493827 0.198641975308642 0.00197530864197531 0.000493827160493827; % N D=0.5
0.231975308641975 0.000493827160493827 0.000493827160493827 0.000493827160493827 0.000493827160493827 0.000493827160493827 0.00197530864197531 0.218641975308642 0.000493827160493827 0.291975308641975 0.251975308641975 0.000493827160493827; % R D=0.5
0.000493827160493827 0.000123456790123457 0.000123456790123457 0.000123456790123457 0.000123456790123457 0.99679012345679 0.000493827160493827 0.000493827160493827 0.000123456790123457 0.000493827160493827 0.000493827160493827 0.000123456790123457; % T D=0.5
0.000493827160493827 0.000123456790123457 0.99679012345679 0.000123456790123457 0.000123456790123457 0.000123456790123457 0.000493827160493827 0.000493827160493827 0.000123456790123457 0.000493827160493827 0.000493827160493827 0.000123456790123457; % b D=0.5
0.325308641975309 0.000493827160493827 0.000493827160493827 0.000493827160493827 0.000493827160493827 0.000493827160493827 0.171975308641975 0.251975308641975 0.000493827160493827 0.00197530864197531 0.245308641975309 0.000493827160493827; % d D=0.5
0.000493827160493827 0.99679012345679 0.000123456790123457 0.000123456790123457 0.000123456790123457 0.000123456790123457 0.000493827160493827 0.000493827160493827 0.000123456790123457 0.000493827160493827 0.000493827160493827 0.000123456790123457; % g D=0.5
0.000493827160493827 0.000123456790123457 0.000123456790123457 0.000123456790123457 0.99679012345679 0.000123456790123457 0.000493827160493827 0.000493827160493827 0.000123456790123457 0.000493827160493827 0.000493827160493827 0.000123456790123457; % n D=0.5
0.000493827160493827 0.000123456790123457 0.000123456790123457 0.99679012345679 0.000123456790123457 0.000123456790123457 0.000493827160493827 0.000493827160493827 0.000123456790123457 0.000493827160493827 0.000493827160493827 0.000123456790123457; % z D=0.5
0.00237037037037037 0.000592592592592593 0.000592592592592593 0.000592592592592593 0.000592592592592593 0.000592592592592593 0.27837037037037 0.25837037037037 0.000592592592592593 0.19837037037037 0.25837037037037 0.000592592592592593; % $ D=0.6
0.000592592592592593 0.000148148148148148 0.000148148148148148 0.000148148148148148 0.000148148148148148 0.000148148148148148 0.000592592592592593 0.000592592592592593 0.996148148148148 0.000592592592592593 0.000592592592592593 0.000148148148148148; % B D=0.6
0.000592592592592593 0.000148148148148148 0.000148148148148148 0.000148148148148148 0.000148148148148148 0.000148148148148148 0.000592592592592593 0.000592592592592593 0.000148148148148148 0.000592592592592593 0.000592592592592593 0.996148148148148; % D D=0.6
0.185037037037037 0.000592592592592593 0.000592592592592593 0.000592592592592593 0.000592592592592593 0.000592592592592593 0.265037037037037 0.00237037037037037 0.000592592592592593 0.305037037037037 0.23837037037037 0.000592592592592593; % M D=0.6
0.251703703703704 0.000592592592592593 0.000592592592592593 0.000592592592592593 0.000592592592592593 0.000592592592592593 0.27837037037037 0.265037037037037 0.000592592592592593 0.19837037037037 0.00237037037037037 0.000592592592592593; % N D=0.6
0.231703703703704 0.000592592592592593 0.000592592592592593 0.000592592592592593 0.000592592592592593 0.000592592592592593 0.00237037037037037 0.21837037037037 0.000592592592592593 0.291703703703704 0.251703703703704 0.000592592592592593; % R D=0.6
0.000592592592592593 0.000148148148148148 0.000148148148148148 0.000148148148148148 0.000148148148148148 0.996148148148148 0.000592592592592593 0.000592592592592593 0.000148148148148148 0.000592592592592593 0.000592592592592593 0.000148148148148148; % T D=0.6
0.000592592592592593 0.000148148148148148 0.996148148148148 0.000148148148148148 0.000148148148148148 0.000148148148148148 0.000592592592592593 0.000592592592592593 0.000148148148148148 0.000592592592592593 0.000592592592592593 0.000148148148148148; % b D=0.6
0.325037037037037 0.000592592592592593 0.000592592592592593 0.000592592592592593 0.000592592592592593 0.000592592592592593 0.171703703703704 0.251703703703704 0.000592592592592593 0.00237037037037037 0.245037037037037 0.000592592592592593; % d D=0.6
0.000592592592592593 0.996148148148148 0.000148148148148148 0.000148148148148148 0.000148148148148148 0.000148148148148148 0.000592592592592593 0.000592592592592593 0.000148148148148148 0.000592592592592593 0.000592592592592593 0.000148148148148148; % g D=0.6
0.000592592592592593 0.000148148148148148 0.000148148148148148 0.000148148148148148 0.996148148148148 0.000148148148148148 0.000592592592592593 0.000592592592592593 0.000148148148148148 0.000592592592592593 0.000592592592592593 0.000148148148148148; % n D=0.6
0.000592592592592593 0.000148148148148148 0.000148148148148148 0.996148148148148 0.000148148148148148 0.000148148148148148 0.000592592592592593 0.000592592592592593 0.000148148148148148 0.000592592592592593 0.000592592592592593 0.000148148148148148; % z D=0.6
0.00276543209876543 0.000691358024691358 0.000691358024691358 0.000691358024691358 0.000691358024691358 0.000691358024691358 0.278098765432099 0.258098765432099 0.000691358024691358 0.198098765432099 0.258098765432099 0.000691358024691358; % $ D=0.7
0.000691358024691358 0.000172839506172839 0.000172839506172839 0.000172839506172839 0.000172839506172839 0.000172839506172839 0.000691358024691358 0.000691358024691358 0.995506172839506 0.000691358024691358 0.000691358024691358 0.000172839506172839; % B D=0.7
0.000691358024691358 0.000172839506172839 0.000172839506172839 0.000172839506172839 0.000172839506172839 0.000172839506172839 0.000691358024691358 0.000691358024691358 0.000172839506172839 0.000691358024691358 0.000691358024691358 0.995506172839506; % D D=0.7
0.184765432098765 0.000691358024691358 0.000691358024691358 0.000691358024691358 0.000691358024691358 0.000691358024691358 0.264765432098765 0.00276543209876543 0.000691358024691358 0.304765432098765 0.238098765432099 0.000691358024691358; % M D=0.7
0.251432098765432 0.000691358024691358 0.000691358024691358 0.000691358024691358 0.000691358024691358 0.000691358024691358 0.278098765432099 0.264765432098765 0.000691358024691358 0.198098765432099 0.00276543209876543 0.000691358024691358; % N D=0.7
0.231432098765432 0.000691358024691358 0.000691358024691358 0.000691358024691358 0.000691358024691358 0.000691358024691358 0.00276543209876543 0.218098765432099 0.000691358024691358 0.291432098765432 0.251432098765432 0.000691358024691358; % R D=0.7
0.000691358024691358 0.000172839506172839 0.000172839506172839 0.000172839506172839 0.000172839506172839 0.995506172839506 0.000691358024691358 0.000691358024691358 0.000172839506172839 0.000691358024691358 0.000691358024691358 0.000172839506172839; % T D=0.7
0.000691358024691358 0.000172839506172839 0.995506172839506 0.000172839506172839 0.000172839506172839 0.000172839506172839 0.000691358024691358 0.000691358024691358 0.000172839506172839 0.000691358024691358 0.000691358024691358 0.000172839506172839; % b D=0.7
0.324765432098765 0.000691358024691358 0.000691358024691358 0.000691358024691358 0.000691358024691358 0.000691358024691358 0.171432098765432 0.251432098765432 0.000691358024691358 0.00276543209876543 0.244765432098765 0.000691358024691358; % d D=0.7
0.000691358024691358 0.995506172839506 0.000172839506172839 0.000172839506172839 0.000172839506172839 0.000172839506172839 0.000691358024691358 0.000691358024691358 0.000172839506172839 0.000691358024691358 0.000691358024691358 0.000172839506172839; % g D=0.7
0.000691358024691358 0.000172839506172839 0.000172839506172839 0.000172839506172839 0.995506172839506 0.000172839506172839 0.000691358024691358 0.000691358024691358 0.000172839506172839 0.000691358024691358 0.000691358024691358 0.000172839506172839; % n D=0.7
0.000691358024691358 0.000172839506172839 0.000172839506172839 0.995506172839506 0.000172839506172839 0.000172839506172839 0.000691358024691358 0.000691358024691358 0.000172839506172839 0.000691358024691358 0.000691358024691358 0.000172839506172839; % z D=0.7
0.00316049382716049 0.000790123456790124 0.000790123456790124 0.000790123456790124 0.000790123456790124 0.000790123456790124 0.277827160493827 0.257827160493827 0.000790123456790124 0.197827160493827 0.257827160493827 0.000790123456790124; % $ D=0.8
0.000790123456790124 0.000197530864197531 0.000197530864197531 0.000197530864197531 0.000197530864197531 0.000197530864197531 0.000790123456790124 0.000790123456790124 0.994864197530864 0.000790123456790124 0.000790123456790124 0.000197530864197531; % B D=0.8
0.000790123456790124 0.000197530864197531 0.000197530864197531 0.000197530864197531 0.000197530864197531 0.000197530864197531 0.000790123456790124 0.000790123456790124 0.000197530864197531 0.000790123456790124 0.000790123456790124 0.994864197530864; % D D=0.8
0.184493827160494 0.000790123456790124 0.000790123456790124 0.000790123456790124 0.000790123456790124 0.000790123456790124 0.264493827160494 0.00316049382716049 0.000790123456790124 0.304493827160494 0.237827160493827 0.000790123456790124; % M D=0.8
0.251160493827161 0.000790123456790124 0.000790123456790124 0.000790123456790124 0.000790123456790124 0.000790123456790124 0.277827160493827 0.264493827160494 0.000790123456790124 0.197827160493827 0.00316049382716049 0.000790123456790124; % N D=0.8
0.231160493827161 0.000790123456790124 0.000790123456790124 0.000790123456790124 0.000790123456790124 0.000790123456790124 0.00316049382716049 0.217827160493827 0.000790123456790124 0.291160493827161 0.251160493827161 0.000790123456790124; % R D=0.8
0.000790123456790124 0.000197530864197531 0.000197530864197531 0.000197530864197531 0.000197530864197531 0.994864197530864 0.000790123456790124 0.000790123456790124 0.000197530864197531 0.000790123456790124 0.000790123456790124 0.000197530864197531; % T D=0.8
0.000790123456790124 0.000197530864197531 0.994864197530864 0.000197530864197531 0.000197530864197531 0.000197530864197531 0.000790123456790124 0.000790123456790124 0.000197530864197531 0.000790123456790124 0.000790123456790124 0.000197530864197531; % b D=0.8
0.324493827160494 0.000790123456790124 0.000790123456790124 0.000790123456790124 0.000790123456790124 0.000790123456790124 0.17116049382716 0.251160493827161 0.000790123456790124 0.00316049382716049 0.244493827160494 0.000790123456790124; % d D=0.8
0.000790123456790124 0.994864197530864 0.000197530864197531 0.000197530864197531 0.000197530864197531 0.000197530864197531 0.000790123456790124 0.000790123456790124 0.000197530864197531 0.000790123456790124 0.000790123456790124 0.000197530864197531; % g D=0.8
0.000790123456790124 0.000197530864197531 0.000197530864197531 0.000197530864197531 0.994864197530864 0.000197530864197531 0.000790123456790124 0.000790123456790124 0.000197530864197531 0.000790123456790124 0.000790123456790124 0.000197530864197531; % n D=0.8
0.000790123456790124 0.000197530864197531 0.000197530864197531 0.994864197530864 0.000197530864197531 0.000197530864197531 0.000790123456790124 0.000790123456790124 0.000197530864197531 0.000790123456790124 0.000790123456790124 0.000197530864197531; % z D=0.8
0.00355555555555556 0.000888888888888889 0.000888888888888889 0.000888888888888889 0.000888888888888889 0.000888888888888889 0.277555555555556 0.257555555555556 0.000888888888888889 0.197555555555556 0.257555555555556 0.000888888888888889; % $ D=0.9
0.000888888888888889 0.000222222222222222 0.000222222222222222 0.000222222222222222 0.000222222222222222 0.000222222222222222 0.000888888888888889 0.000888888888888889 0.994222222222222 0.000888888888888889 0.000888888888888889 0.000222222222222222; % B D=0.9
0.000888888888888889 0.000222222222222222 0.000222222222222222 0.000222222222222222 0.000222222222222222 0.000222222222222222 0.000888888888888889 0.000888888888888889 0.000222222222222222 0.000888888888888889 0.000888888888888889 0.994222222222222; % D D=0.9
0.184222222222222 0.000888888888888889 0.000888888888888889 0.000888888888888889 0.000888888888888889 0.000888888888888889 0.264222222222222 0.00355555555555556 0.000888888888888889 0.304222222222222 0.237555555555556 0.000888888888888889; % M D=0.9
0.250888888888889 0.000888888888888889 0.000888888888888889 0.000888888888888889 0.000888888888888889 0.000888888888888889 0.277555555555556 0.264222222222222 0.000888888888888889 0.197555555555556 0.00355555555555556 0.000888888888888889; % N D=0.9
0.230888888888889 0.000888888888888889 0.000888888888888889 0.000888888888888889 0.000888888888888889 0.000888888888888889 0.00355555555555556 0.217555555555556 0.000888888888888889 0.290888888888889 0.250888888888889 0.000888888888888889; % R D=0.9
0.000888888888888889 0.000222222222222222 0.000222222222222222 0.000222222222222222 0.000222222222222222 0.994222222222222 0.000888888888888889 0.000888888888888889 0.000222222222222222 0.000888888888888889 0.000888888888888889 0.000222222222222222; % T D=0.9
0.000888888888888889 0.000222222222222222 0.994222222222222 0.000222222222222222 0.000222222222222222 0.000222222222222222 0.000888888888888889 0.000888888888888889 0.000222222222222222 0.000888888888888889 0.000888888888888889 0.000222222222222222; % b D=0.9
0.324222222222222 0.000888888888888889 0.000888888888888889 0.000888888888888889 0.000888888888888889 0.000888888888888889 0.170888888888889 0.250888888888889 0.000888888888888889 0.00355555555555556 0.244222222222222 0.000888888888888889; % d D=0.9
0.000888888888888889 0.994222222222222 0.000222222222222222 0.000222222222222222 0.000222222222222222 0.000222222222222222 0.000888888888888889 0.000888888888888889 0.000222222222222222 0.000888888888888889 0.000888888888888889 0.000222222222222222; % g D=0.9
0.000888888888888889 0.000222222222222222 0.000222222222222222 0.000222222222222222 0.994222222222222 0.000222222222222222 0.000888888888888889 0.000888888888888889 0.000222222222222222 0.000888888888888889 0.000888888888888889 0.000222222222222222; % n D=0.9
0.000888888888888889 0.000222222222222222 0.000222222222222222 0.994222222222222 0.000222222222222222 0.000222222222222222 0.000888888888888889 0.000888888888888889 0.000222222222222222 0.000888888888888889 0.000888888888888889 0.000222222222222222; % z D=0.9
0.00375308641975309 0.000938271604938272 0.000938271604938272 0.000938271604938272 0.000938271604938272 0.000938271604938272 0.27741975308642 0.25741975308642 0.000938271604938272 0.19741975308642 0.25741975308642 0.000938271604938272; % $ D=0.95
0.000938271604938272 0.000234567901234568 0.000234567901234568 0.000234567901234568 0.000234567901234568 0.000234567901234568 0.000938271604938272 0.000938271604938272 0.993901234567901 0.000938271604938272 0.000938271604938272 0.000234567901234568; % B D=0.95
0.000938271604938272 0.000234567901234568 0.000234567901234568 0.000234567901234568 0.000234567901234568 0.000234567901234568 0.000938271604938272 0.000938271604938272 0.000234567901234568 0.000938271604938272 0.000938271604938272 0.993901234567901; % D D=0.95
0.184086419753086 0.000938271604938272 0.000938271604938272 0.000938271604938272 0.000938271604938272 0.000938271604938272 0.264086419753086 0.00375308641975309 0.000938271604938272 0.304086419753086 0.23741975308642 0.000938271604938272; % M D=0.95
0.250753086419753 0.000938271604938272 0.000938271604938272 0.000938271604938272 0.000938271604938272 0.000938271604938272 0.27741975308642 0.264086419753086 0.000938271604938272 0.19741975308642 0.00375308641975309 0.000938271604938272; % N D=0.95
0.230753086419753 0.000938271604938272 0.000938271604938272 0.000938271604938272 0.000938271604938272 0.000938271604938272 0.00375308641975309 0.21741975308642 0.000938271604938272 0.290753086419753 0.250753086419753 0.000938271604938272; % R D=0.95
0.000938271604938272 0.000234567901234568 0.000234567901234568 0.000234567901234568 0.000234567901234568 0.993901234567901 0.000938271604938272 0.000938271604938272 0.000234567901234568 0.000938271604938272 0.000938271604938272 0.000234567901234568; % T D=0.95
0.000938271604938272 0.000234567901234568 0.993901234567901 0.000234567901234568 0.000234567901234568 0.000234567901234568 0.000938271604938272 0.000938271604938272 0.000234567901234568 0.000938271604938272 0.000938271604938272 0.000234567901234568; % b D=0.95
0.324086419753086 0.000938271604938272 0.000938271604938272 0.000938271604938272 0.000938271604938272 0.000938271604938272 0.170753086419753 0.250753086419753 0.000938271604938272 0.00375308641975309 0.244086419753086 0.000938271604938272; % d D=0.95
0.000938271604938272 0.993901234567901 0.000234567901234568 0.000234567901234568 0.000234567901234568 0.000234567901234568 0.000938271604938272 0.000938271604938272 0.000234567901234568 0.000938271604938272 0.000938271604938272 0.000234567901234568; % g D=0.95
0.000938271604938272 0.000234567901234568 0.000234567901234568 0.000234567901234568 0.993901234567901 0.000234567901234568 0.000938271604938272 0.000938271604938272 0.000234567901234568 0.000938271604938272 0.000938271604938272 0.000234567901234568; % n D=0.95
0.000938271604938272 0.000234567901234568 0.000234567901234568 0.993901234567901 0.000234567901234568 0.000234567901234568 0.000938271604938272 0.000938271604938272 0.000234567901234568 0.000938271604938272 0.000938271604938272 0.000234567901234568]; % z D=0.95
