syllables = '$BFMRTdfmt';
discounts = [0.1 0.2 0.3 0.4 0.5 0.6 0.7 0.8 0.9 0.95];
kn_probs = [0.000333333333333333 0.000111111111111111 0.000111111111111111 0.000111111111111111 0.000111111111111111 0.000111111111111111 0.000111111111111111 0.326333333333333 0.306333333333333 0.366333333333333; % $ D=0.1
0.23475 8.33333333333333e-05 8.33333333333333e-05 8.33333333333333e-05 8.33333333333333e-05 8.33333333333333e-05 8.33333333333333e-05 0.38975 0.00025 0.37475; % B D=0.1
0.25975 8.33333333333333e-05 8.33333333333333e-05 8.33333333333333e-05 8.33333333333333e-05 8.33333333333333e-05 8.33333333333333e-05 0.36475 0.37475 0.00025; % F D=0.1
8.33333333333333e-05 2.77777777777778e-05 0.999527777777778 2.77777777777778e-05 2.77777777777778e-05 2.77777777777778e-05 2.77777777777778e-05 8.33333333333333e-05 8.33333333333333e-05 8.33333333333333e-05; % M D=0.1
8.33333333333333e-05 0.999527777777778 2.77777777777778e-05 2.77777777777778e-05 2.77777777777778e-05 2.77777777777778e-05 2.77777777777778e-05 8.33333333333333e-05 8.33333333333333e-05 8.33333333333333e-05; % R D=0.1
8.33333333333333e-05 2.77777777777778e-05 2.77777777777778e-05 2.77777777777778e-05 0.999527777777778 2.77777777777778e-05 2.77777777777778e-05 8.33333333333333e-05 8.33333333333333e-05 8.33333333333333e-05; % T D=0.1
0.25475 8.33333333333333e-05 8.33333333333333e-05 8.33333333333333e-05 8.33333333333333e-05 8.33333333333333e-05 8.33333333333333e-05 0.00025 0.39475 0.34975; % d D=0.1
8.33333333333333e-05 2.77777777777778e-05 2.77777777777778e-05 2.77777777777778e-05 2.77777777777778e-05 2.77777777777778e-05 0.999527777777778 8.33333333333333e-05 8.33333333333333e-05 8.33333333333333e-05; % f D=0.1
8.33333333333333e-05 2.77777777777778e-05 2.77777777777778e-05 2.77777777777778e-05 2.77777777777778e-05 0.999527777777778 2.77777777777778e-05 8.33333333333333e-05 8.33333333333333e-05 8.33333333333333e-05; % m D=0.1
8.33333333333333e-05 2.77777777777778e-05 2.77777777777778e-05 0.999527777777778 2.77777777777778e-05 2.77777777777778e-05 2.77777777777778e-05 8.33333333333333e-05 8.33333333333333e-05 8.33333333333333e-05; % t D=0.1
0.000666666666666667 0.000222222222222222 0.000222222222222222 0.000222222222222222 0.000222222222222222 0.000222222222222222 0.000222222222222222 0.326 0.306 0.366; % $ D=0.2
0.2345 0.000166666666666667 0.000166666666666667 0.000166666666666667 0.000166666666666667 0.000166666666666667 0.000166666666666667 0.3895 0.0005 0.3745; % B D=0.2
0.2595 0.000166666666666667 0.000166666666666667 0.000166666666666667 0.000166666666666667 0.000166666666666667 0.000166666666666667 0.3645 0.3745 0.0005; % F D=0.2
0.000166666666666667 5.55555555555556e-05 0.999055555555556 5.55555555555556e-05 5.55555555555556e-05 5.55555555555556e-05 5.55555555555556e-05 0.000166666666666667 0.000166666666666667 0.000166666666666667; % M D=0.2
0.000166666666666667 0.999055555555556 5.55555555555556e-05 5.55555555555556e-05 5.55555555555556e-05 5.55555555555556e-05 5.55555555555556e-05 0.000166666666666667 0.000166666666666667 0.000166666666666667; % R D=0.2
0.000166666666666667 5.55555555555556e-05 5.55555555555556e-05 5.55555555555556e-05 0.999055555555556 5.55555555555556e-05 5.55555555555556e-05 0.000166666666666667 0.000166666666666667 0.000166666666666667; % T D=0.2
0.2545 0.000166666666666667 0.000166666666666667 0.000166666666666667 0.000166666666666667 0.000166666666666667 0.000166666666666667 0.0005 0.3945 0.3495; % d D=0.2
0.000166666666666667 5.55555555555556e-05 5.55555555555556e-05 5.55555555555556e-05 5.55555555555556e-05 5.55555555555556e-05 0.999055555555556 0.000166666666666667 0.000166666666666667 0.000166666666666667; % f D=0.2
0.000166666666666667 5.55555555555556e-05 5.55555555555556e-05 5.55555555555556e-05 5.55555555555556e-05 0.999055555555556 5.55555555555556e-05 0.000166666666666667 0.000166666666666667 0.000166666666666667; % m D=0.2
0.000166666666666667 5.55555555555556e-05 5.55555555555556e-05 0.999055555555556 5.55555555555556e-05 5.55555555555556e-05 5.55555555555556e-05 0.000166666666666667 0.000166666666666667 0.000166666666666667; % t D=0.2
0.001 0.000333333333333333 0.000333333333333333 0.000333333333333333 0.000333333333333333 0.000333333333333333 0.000333333333333333 0.325666666666667 0.305666666666667 0.365666666666667; % $ D=0.3
0.23425 0.00025 0.00025 0.00025 0.00025 0.00025 0.00025 0.38925 0.00075 0.37425; % B D=0.3
0.25925 0.00025 0.00025 0.00025 0.00025 0.00025 0.00025 0.36425 0.37425 0.00075; % F D=0.3
0.00025 8.33333333333333e-05 0.998583333333333 8.33333333333333e-05 8.33333333333333e-05 8.33333333333333e-05 8.33333333333333e-05 0.00025 0.00025 0.00025; % M D=0.3
0.00025 0.998583333333333 8.33333333333333e-05 8.33333333333333e-05 8.33333333333333e-05 8.33333333333333e-05 8.33333333333333e-05 0.00025 0.00025 0.00025; % R D=0.3
0.00025 8.33333333333333e-05 8.33333333333333e-05 8.33333333333333e-05 0.998583333333333 8.33333333333333e-05 8.33333333333333e-05 0.00025 0.00025 0.00025; % T D=0.3
0.25425 0.00025 0.00025 0.00025 0.00025 0.00025 0.00025 0.00075 0.39425 0.34925; % d D=0.3
0.00025 8.33333333333333e-05 8.33333333333333e-05 8.33333333333333e-05 8.33333333333333e-05 8.33333333333333e-05 0.998583333333333 0.00025 0.00025 0.00025; % f D=0.3
0.00025 8.33333333333333e-05 8.33333333333333e-05 8.33333333333333e-05 8.33333333333333e-05 0.998583333333333 8.33333333333333e-05 0.00025 0.00025 0.00025; % m D=0.3
0.00025 8.33333333333333e-05 8.33333333333333e-05 0.998583333333333 8.33333333333333e-05 8.33333333333333e-05 8.33333333333333e-05 0.00025 0.00025 0.00025; % t D=0.3
0.00133333333333333 0.000444444444444445 0.000444444444444445 0.000444444444444445 0.000444444444444445 0.000444444444444445 0.000444444444444445 0.325333333333333 0.305333333333333 0.365333333333333; % $ D=0.4
0.234 0.000333333333333333 0.000333333333333333 0.000333333333333333 0.000333333333333333 0.000333333333333333 0.000333333333333333 0.389 0.001 0.374; % B D=0.4
0.259 0.000333333333333333 0.000333333333333333 0.000333333333333333 0.000333333333333333 0.000333333333333333 0.000333333333333333 0.364 0.374 0.001; % F D=0.4
0.000333333333333333 0.000111111111111111 0.998111111111111 0.000111111111111111 0.000111111111111111 0.000111111111111111 0.000111111111111111 0.000333333333333333 0.000333333333333333 0.000333333333333333; % M D=0.4
0.000333333333333333 0.998111111111111 0.000111111111111111 0.000111111111111111 0.000111111111111111 0.000111111111111111 0.000111111111111111 0.000333333333333333 0.000333333333333333 0.000333333333333333; % R D=0.4
0.000333333333333333 0.000111111111111111 0.000111111111111111 0.000111111111111111 0.998111111111111 0.000111111111111111 0.000111111111111111 0.000333333333333333 0.000333333333333333 0.000333333333333333; % T D=0.4
0.254 0.000333333333333333 0.000333333333333333 0.000333333333333333 0.000333333333333333 0.000333333333333333 0.000333333333333333 0.001 0.394 0.349; % d D=0.4
0.000333333333333333 0.000111111111111111 0.000111111111111111 0.000111111111111111 0.000111111111111111 0.000111111111111111 0.998111111111111 0.000333333333333333 0.000333333333333333 0.000333333333333333; % f D=0.4
0.000333333333333333 0.000111111111111111 0.000111111111111111 0.000111111111111111 0.000111111111111111 0.998111111111111 0.000111111111111111 0.000333333333333333 0.000333333333333333 0.000333333333333333; % m D=0.4
0.000333333333333333 0.000111111111111111 0.000111111111111111 0.998111111111111 0.000111111111111111 0.000111111111111111 0.000111111111111111 0.000333333333333333 0.000333333333333333 0.000333333333333333; % t D=0.4
0.00166666666666667 0.000555555555555556 0.000555555555555556 0.000555555555555556 0.000555555555555556 0.000555555555555556 0.000555555555555556 0.325 0.305 0.365; % $ D=0.5
0.23375 0.000416666666666667 0.000416666666666667 0.000416666666666667 0.000416666666666667 0.000416666666666667 0.000416666666666667 0.38875 0.00125 0.37375; % B D=0.5
0.25875 0.000416666666666667 0.000416666666666667 0.000416666666666667 0.000416666666666667 0.000416666666666667 0.000416666666666667 0.36375 0.37375 0.00125; % F D=0.5
0.000416666666666667 0.000138888888888889 0.997638888888889 0.000138888888888889 0.000138888888888889 0.000138888888888889 0.000138888888888889 0.000416666666666667 0.000416666666666667 0.000416666666666667; % M D=0.5
0.000416666666666667 0.997638888888889 0.000138888888888889 0.000138888888888889 0.000138888888888889 0.000138888888888889 0.000138888888888889 0.000416666666666667 0.000416666666666667 0.000416666666666667; % R D=0.5
0.000416666666666667 0.000138888888888889 0.000138888888888889 0.000138888888888889 0.997638888888889 0.000138888888888889 0.000138888888888889 0.000416666666666667 0.000416666666666667 0.000416666666666667; % T D=0.5
0.25375 0.000416666666666667 0.000416666666666667 0.000416666666666667 0.000416666666666667 0.000416666666666667 0.000416666666666667 0.00125 0.39375 0.34875; % d D=0.5
0.000416666666666667 0.000138888888888889 0.000138888888888889 0.000138888888888889 0.000138888888888889 0.000138888888888889 0.997638888888889 0.000416666666666667 0.000416666666666667 0.000416666666666667; % f D=0.5
0.000416666666666667 0.000138888888888889 0.000138888888888889 0.000138888888888889 0.000138888888888889 0.997638888888889 0.000138888888888889 0.000416666666666667 0.000416666666666667 0.000416666666666667; % m D=0.5
0.000416666666666667 0.000138888888888889 0.000138888888888889 0.997638888888889 0.000138888888888889 0.000138888888888889 0.000138888888888889 0.000416666666666667 0.000416666666666667 0.000416666666666667; % t D=0.5
0.002 0.000666666666666667 0.000666666666666667 0.000666666666666667 0.000666666666666667 0.000666666666666667 0.000666666666666667 0.324666666666667 0.304666666666667 0.364666666666667; % $ D=0.6
0.2335 0.0005 0.0005 0.0005 0.0005 0.0005 0.0005 0.3885 0.0015 0.3735; % B D=0.6
0.2585 0.0005 0.0005 0.0005 0.0005 0.0005 0.0005 0.3635 0.3735 0.0015; % F D=0.6
0.0005 0.000166666666666667 0.997166666666667 0.000166666666666667 0.000166666666666667 0.000166666666666667 0.000166666666666667 0.0005 0.0005 0.0005; % M D=0.6
0.0005 0.997166666666667 0.000166666666666667 0.000166666666666667 0.000166666666666667 0.000166666666666667 0.000166666666666667 0.0005 0.0005 0.0005; % R D=0.6
0.0005 0.000166666666666667 0.000166666666666667 0.000166666666666667 0.997166666666667 0.000166666666666667 0.000166666666666667 0.0005 0.0005 0.0005; % T D=0.6
0.2535 0.0005 0.0005 0.0005 0.0005 0.0005 0.0005 0.0015 0.3935 0.3485; % d D=0.6
0.0005 0.000166666666666667 0.000166666666666667 0.000166666666666667 0.000166666666666667 0.000166666666666667 0.997166666666667 0.0005 0.0005 0.0005; % f D=0.6
0.0005 0.000166666666666667 0.000166666666666667 0.000166666666666667 0.000166666666666667 0.997166666666667 0.000166666666666667 0.0005 0.0005 0.0005; % m D=0.6
0.0005 0.000166666666666667 0.000166666666666667 0.997166666666667 0.000166666666666667 0.000166666666666667 0.000166666666666667 0.0005 0.0005 0.0005; % t D=0.6
0.00233333333333333 0.000777777777777778 0.000777777777777778 0.000777777777777778 0.000777777777777778 0.000777777777777778 0.000777777777777778 0.324333333333333 0.304333333333333 0.364333333333333; % $ D=0.7
0.23325 0.000583333333333333 0.000583333333333333 0.000583333333333333 0.000583333333333333 0.000583333333333333 0.000583333333333333 0.38825 0.00175 0.37325; % B D=0.7
0.25825 0.000583333333333333 0.000583333333333333 0.000583333333333333 0.000583333333333333 0.000583333333333333 0.000583333333333333 0.36325 0.37325 0.00175; % F D=0.7
0.000583333333333333 0.000194444444444444 0.996694444444445 0.000194444444444444 0.000194444444444444 0.000194444444444444 0.000194444444444444 0.000583333333333333 0.000583333333333333 0.000583333333333333; % M D=0.7
0.000583333333333333 0.996694444444445 0.000194444444444444 0.000194444444444444 0.000194444444444444 0.000194444444444444 0.000194444444444444 0.000583333333333333 0.000583333333333333 0.000583333333333333; % R D=0.7
0.000583333333333333 0.000194444444444444 0.000194444444444444 0.000194444444444444 0.996694444444445 0.000194444444444444 0.000194444444444444 0.000583333333333333 0.000583333333333333 0.000583333333333333; % T D=0.7
0.25325 0.000583333333333333 0.000583333333333333 0.000583333333333333 0.000583333333333333 0.000583333333333333 0.000583333333333333 0.00175 0.39325 0.34825; % d D=0.7
0.000583333333333333 0.000194444444444444 0.000194444444444444 0.000194444444444444 0.000194444444444444 0.000194444444444444 0.996694444444445 0.000583333333333333 0.000583333333333333 0.000583333333333333; % f D=0.7
0.000583333333333333 0.000194444444444444 0.000194444444444444 0.000194444444444444 0.000194444444444444 0.996694444444445 0.000194444444444444 0.000583333333333333 0.000583333333333333 0.000583333333333333; % m D=0.7
0.000583333333333333 0.000194444444444444 0.000194444444444444 0.996694444444445 0.000194444444444444 0.000194444444444444 0.000194444444444444 0.000583333333333333 0.000583333333333333 0.000583333333333333; % t D=0.7
0.00266666666666667 0.000888888888888889 0.000888888888888889 0.000888888888888889 0.000888888888888889 0.000888888888888889 0.000888888888888889 0.324 0.304 0.364; % $ D=0.8
0.233 0.000666666666666667 0.000666666666666667 0.000666666666666667 0.000666666666666667 0.000666666666666667 0.000666666666666667 0.388 0.002 0.373; % B D=0.8
0.258 0.000666666666666667 0.000666666666666667 0.000666666666666667 0.000666666666666667 0.000666666666666667 0.000666666666666667 0.363 0.373 0.002; % F D=0.8
0.000666666666666667 0.000222222222222222 0.996222222222222 0.000222222222222222 0.000222222222222222 0.000222222222222222 0.000222222222222222 0.000666666666666667 0.000666666666666667 0.000666666666666667; % M D=0.8
0.000666666666666667 0.996222222222222 0.000222222222222222 0.000222222222222222 0.000222222222222222 0.000222222222222222 0.000222222222222222 0.000666666666666667 0.000666666666666667 0.000666666666666667; % R D=0.8
0.000666666666666667 0.000222222222222222 0.000222222222222222 0.000222222222222222 0.996222222222222 0.000222222222222222 0.000222222222222222 0.000666666666666667 0.000666666666666667 0.000666666666666667; % T D=0.8
0.253 0.000666666666666667 0.000666666666666667 0.000666666666666667 0.000666666666666667 0.000666666666666667 0.000666666666666667 0.002 0.393 0.348; % d D=0.8
0.000666666666666667 0.000222222222222222 0.000222222222222222 0.000222222222222222 0.000222222222222222 0.000222222222222222 0.996222222222222 0.000666666666666667 0.000666666666666667 0.000666666666666667; % f D=0.8
0.000666666666666667 0.000222222222222222 0.000222222222222222 0.000222222222222222 0.000222222222222222 0.996222222222222 0.000222222222222222 0.000666666666666667 0.000666666666666667 0.000666666666666667; % m D=0.8
0.000666666666666667 0.000222222222222222 0.000222222222222222 0.996222222222222 0.000222222222222222 0.000222222222222222 0.000222222222222222 0.000666666666666667 0.000666666666666667 0.000666666666666667; % t D=0.8
0.003 0.001 0.001 0.001 0.001 0.001 0.001 0.323666666666667 0.303666666666667 0.363666666666667; % $ D=0.9
0.23275 0.00075 0.00075 0.00075 0.00075 0.00075 0.00075 0.38775 0.00225 0.37275; % B D=0.9
0.25775 0.00075 0.00075 0.00075 0.00075 0.00075 0.00075 0.36275 0.37275 0.00225; % F D=0.9
0.00075 0.00025 0.99575 0.00025 0.00025 0.00025 0.00025 0.00075 0.00075 0.00075; % M D=0.9
0.00075 0.99575 0.00025 0.00025 0.00025 0.00025 0.00025 0.00075 0.00075 0.00075; % R D=0.9
0.00075 0.00025 0.00025 0.00025 0.99575 0.00025 0.00025 0.00075 0.00075 0.00075; % T D=0.9
0.25275 0.00075 0.00075 0.00075 0.00075 0.00075 0.00075 0.00225 0.39275 0.34775; % d D=0.9
0.00075 0.00025 0.00025 0.00025 0.00025 0.00025 0.99575 0.00075 0.00075 0.00075; % f D=0.9
0.00075 0.00025 0.00025 0.00025 0.00025 0.99575 0.00025 0.00075 0.00075 0.00075; % m D=0.9
0.00075 0.00025 0.00025 0.99575 0.00025 0.00025 0.00025 0.00075 0.00075 0.00075; % t D=0.9
0.00316666666666667 0.00105555555555556 0.00105555555555556 0.00105555555555556 0.00105555555555556 0.00105555555555556 0.00105555555555556 0.3235 0.3035 0.3635; % $ D=0.95
0.232625 0.000791666666666667 0.000791666666666667 0.000791666666666667 0.000791666666666667 0.000791666666666667 0.000791666666666667 0.387625 0.002375 0.372625; % B D=0.95
0.257625 0.000791666666666667 0.000791666666666667 0.000791666666666667 0.000791666666666667 0.000791666666666667 0.000791666666666667 0.362625 0.372625 0.002375; % F D=0.95
0.000791666666666667 0.000263888888888889 0.995513888888889 0.000263888888888889 0.000263888888888889 0.000263888888888889 0.000263888888888889 0.000791666666666667 0.000791666666666667 0.000791666666666667; % M D=0.95
0.000791666666666667 0.995513888888889 0.000263888888888889 0.000263888888888889 0.000263888888888889 0.000263888888888889 0.000263888888888889 0.000791666666666667 0.000791666666666667 0.000791666666666667; % R D=0.95
0.000791666666666667 0.000263888888888889 0.000263888888888889 0.000263888888888889 0.995513888888889 0.000263888888888889 0.000263888888888889 0.000791666666666667 0.000791666666666667 0.000791666666666667; % T D=0.95
0.252625 0.000791666666666667 0.000791666666666667 0.000791666666666667 0.000791666666666667 0.000791666666666667 0.000791666666666667 0.002375 0.392625 0.347625; % d D=0.95
0.000791666666666667 0.000263888888888889 0.000263888888888889 0.000263888888888889 0.000263888888888889 0.000263888888888889 0.995513888888889 0.000791666666666667 0.000791666666666667 0.000791666666666667; % f D=0.95
0.000791666666666667 0.000263888888888889 0.000263888888888889 0.000263888888888889 0.000263888888888889 0.995513888888889 0.000263888888888889 0.000791666666666667 0.000791666666666667 0.000791666666666667; % m D=0.95
0.000791666666666667 0.000263888888888889 0.000263888888888889 0.995513888888889 0.000263888888888889 0.000263888888888889 0.000263888888888889 0.000791666666666667 0.000791666666666667 0.000791666666666667]; % t D=0.95
