syllables = '$DFLPTZfmptv';
discounts = [0.1 0.2 0.3 0.4 0.5 0.6 0.7 0.8 0.9 0.95];
kn_probs = [0.000395061728395062 0.266395061728395 9.87654320987654e-05 9.87654320987654e-05 0.233061728395062 0.293061728395062 9.87654320987654e-05 9.87654320987654e-05 9.87654320987654e-05 9.87654320987654e-05 0.206395061728395 9.87654320987654e-05; % $ D=0.1
9.87654320987654e-05 9.87654320987654e-05 2.46913580246914e-05 0.999358024691358 9.87654320987654e-05 9.87654320987654e-05 2.46913580246914e-05 2.46913580246914e-05 2.46913580246914e-05 2.46913580246914e-05 9.87654320987654e-05 2.46913580246914e-05; % D D=0.1
9.87654320987654e-05 9.87654320987654e-05 2.46913580246914e-05 2.46913580246914e-05 9.87654320987654e-05 9.87654320987654e-05 2.46913580246914e-05 2.46913580246914e-05 2.46913580246914e-05 0.999358024691358 9.87654320987654e-05 2.46913580246914e-05; % F D=0.1
9.87654320987654e-05 9.87654320987654e-05 0.999358024691358 2.46913580246914e-05 9.87654320987654e-05 9.87654320987654e-05 2.46913580246914e-05 2.46913580246914e-05 2.46913580246914e-05 2.46913580246914e-05 9.87654320987654e-05 2.46913580246914e-05; % L D=0.1
9.87654320987654e-05 9.87654320987654e-05 2.46913580246914e-05 2.46913580246914e-05 9.87654320987654e-05 9.87654320987654e-05 0.999358024691358 2.46913580246914e-05 2.46913580246914e-05 2.46913580246914e-05 9.87654320987654e-05 2.46913580246914e-05; % P D=0.1
9.87654320987654e-05 9.87654320987654e-05 2.46913580246914e-05 2.46913580246914e-05 9.87654320987654e-05 9.87654320987654e-05 2.46913580246914e-05 2.46913580246914e-05 0.999358024691358 2.46913580246914e-05 9.87654320987654e-05 2.46913580246914e-05; % T D=0.1
0.239728395061728 0.259728395061728 9.87654320987654e-05 9.87654320987654e-05 0.000395061728395062 0.206395061728395 9.87654320987654e-05 9.87654320987654e-05 9.87654320987654e-05 9.87654320987654e-05 0.293061728395062 9.87654320987654e-05; % Z D=0.1
0.253061728395062 0.246395061728395 9.87654320987654e-05 9.87654320987654e-05 0.266395061728395 0.000395061728395062 9.87654320987654e-05 9.87654320987654e-05 9.87654320987654e-05 9.87654320987654e-05 0.233061728395062 9.87654320987654e-05; % f D=0.1
9.87654320987654e-05 9.87654320987654e-05 2.46913580246914e-05 2.46913580246914e-05 9.87654320987654e-05 9.87654320987654e-05 2.46913580246914e-05 0.999358024691358 2.46913580246914e-05 2.46913580246914e-05 9.87654320987654e-05 2.46913580246914e-05; % m D=0.1
0.239728395061728 0.000395061728395062 9.87654320987654e-05 9.87654320987654e-05 0.253061728395062 0.239728395061728 9.87654320987654e-05 9.87654320987654e-05 9.87654320987654e-05 9.87654320987654e-05 0.266395061728395 9.87654320987654e-05; % p D=0.1
9.87654320987654e-05 9.87654320987654e-05 2.46913580246914e-05 2.46913580246914e-05 9.87654320987654e-05 9.87654320987654e-05 2.46913580246914e-05 2.46913580246914e-05 2.46913580246914e-05 2.46913580246914e-05 9.87654320987654e-05 0.999358024691358; % t D=0.1
0.266395061728395 0.226395061728395 9.87654320987654e-05 9.87654320987654e-05 0.246395061728395 0.259728395061728 9.87654320987654e-05 9.87654320987654e-05 9.87654320987654e-05 9.87654320987654e-05 0.000395061728395062 9.87654320987654e-05; % v D=0.1
0.000790123456790124 0.266123456790123 0.000197530864197531 0.000197530864197531 0.23279012345679 0.29279012345679 0.000197530864197531 0.000197530864197531 0.000197530864197531 0.000197530864197531 0.206123456790123 0.000197530864197531; % $ D=0.2
0.000197530864197531 0.000197530864197531 4.93827160493827e-05 0.998716049382716 0.000197530864197531 0.000197530864197531 4.93827160493827e-05 4.93827160493827e-05 4.93827160493827e-05 4.93827160493827e-05 0.000197530864197531 4.93827160493827e-05; % D D=0.2
0.000197530864197531 0.000197530864197531 4.93827160493827e-05 4.93827160493827e-05 0.000197530864197531 0.000197530864197531 4.93827160493827e-05 4.93827160493827e-05 4.93827160493827e-05 0.998716049382716 0.000197530864197531 4.93827160493827e-05; % F D=0.2
0.000197530864197531 0.000197530864197531 0.998716049382716 4.93827160493827e-05 0.000197530864197531 0.000197530864197531 4.93827160493827e-05 4.93827160493827e-05 4.93827160493827e-05 4.93827160493827e-05 0.000197530864197531 4.93827160493827e-05; % L D=0.2
0.000197530864197531 0.000197530864197531 4.93827160493827e-05 4.93827160493827e-05 0.000197530864197531 0.000197530864197531 0.998716049382716 4.93827160493827e-05 4.93827160493827e-05 4.93827160493827e-05 0.000197530864197531 4.93827160493827e-05; % P D=0.2
0.000197530864197531 0.000197530864197531 4.93827160493827e-05 4.93827160493827e-05 0.000197530864197531 0.000197530864197531 4.93827160493827e-05 4.93827160493827e-05 0.998716049382716 4.93827160493827e-05 0.000197530864197531 4.93827160493827e-05; % T D=0.2
0.239456790123457 0.259456790123457 0.000197530864197531 0.000197530864197531 0.000790123456790124 0.206123456790123 0.000197530864197531 0.000197530864197531 0.000197530864197531 0.000197530864197531 0.29279012345679 0.000197530864197531; % Z D=0.2
0.25279012345679 0.246123456790123 0.000197530864197531 0.000197530864197531 0.266123456790123 0.000790123456790124 0.000197530864197531 0.000197530864197531 0.000197530864197531 0.000197530864197531 0.23279012345679 0.000197530864197531; % f D=0.2
0.000197530864197531 0.000197530864197531 4.93827160493827e-05 4.93827160493827e-05 0.000197530864197531 0.000197530864197531 4.93827160493827e-05 0.998716049382716 4.93827160493827e-05 4.93827160493827e-05 0.000197530864197531 4.93827160493827e-05; % m D=0.2
0.239456790123457 0.000790123456790124 0.000197530864197531 0.000197530864197531 0.25279012345679 0.239456790123457 0.000197530864197531 0.000197530864197531 0.000197530864197531 0.000197530864197531 0.266123456790123 0.000197530864197531; % p D=0.2
0.000197530864197531 0.000197530864197531 4.93827160493827e-05 4.93827160493827e-05 0.000197530864197531 0.000197530864197531 4.93827160493827e-05 4.93827160493827e-05 4.93827160493827e-05 4.93827160493827e-05 0.000197530864197531 0.998716049382716; % t D=0.2
0.266123456790123 0.226123456790123 0.000197530864197531 0.000197530864197531 0.246123456790123 0.259456790123457 0.000197530864197531 0.000197530864197531 0.000197530864197531 0.000197530864197531 0.000790123456790124 0.000197530864197531; % v D=0.2
0.00118518518518519 0.265851851851852 0.000296296296296296 0.000296296296296296 0.232518518518519 0.292518518518519 0.000296296296296296 0.000296296296296296 0.000296296296296296 0.000296296296296296 0.205851851851852 0.000296296296296296; % $ D=0.3
0.000296296296296296 0.000296296296296296 7.40740740740741e-05 0.998074074074074 0.000296296296296296 0.000296296296296296 7.40740740740741e-05 7.40740740740741e-05 7.40740740740741e-05 7.40740740740741e-05 0.000296296296296296 7.40740740740741e-05; % D D=0.3
0.000296296296296296 0.000296296296296296 7.40740740740741e-05 7.40740740740741e-05 0.000296296296296296 0.000296296296296296 7.40740740740741e-05 7.40740740740741e-05 7.40740740740741e-05 0.998074074074074 0.000296296296296296 7.40740740740741e-05; % F D=0.3
0.000296296296296296 0.000296296296296296 0.998074074074074 7.40740740740741e-05 0.000296296296296296 0.000296296296296296 7.40740740740741e-05 7.40740740740741e-05 7.40740740740741e-05 7.40740740740741e-05 0.000296296296296296 7.40740740740741e-05; % L D=0.3
0.000296296296296296 0.000296296296296296 7.40740740740741e-05 7.40740740740741e-05 0.000296296296296296 0.000296296296296296 0.998074074074074 7.40740740740741e-05 7.40740740740741e-05 7.40740740740741e-05 0.000296296296296296 7.40740740740741e-05; % P D=0.3
0.000296296296296296 0.000296296296296296 7.40740740740741e-05 7.40740740740741e-05 0.000296296296296296 0.000296296296296296 7.40740740740741e-05 7.40740740740741e-05 0.998074074074074 7.40740740740741e-05 0.000296296296296296 7.40740740740741e-05; % T D=0.3
0.239185185185185 0.259185185185185 0.000296296296296296 0.000296296296296296 0.00118518518518519 0.205851851851852 0.000296296296296296 0.000296296296296296 0.000296296296296296 0.000296296296296296 0.292518518518519 0.000296296296296296; % Z D=0.3
0.252518518518519 0.245851851851852 0.000296296296296296 0.000296296296296296 0.265851851851852 0.00118518518518519 0.000296296296296296 0.000296296296296296 0.000296296296296296 0.000296296296296296 0.232518518518519 0.000296296296296296; % f D=0.3
0.000296296296296296 0.000296296296296296 7.40740740740741e-05 7.40740740740741e-05 0.000296296296296296 0.000296296296296296 7.40740740740741e-05 0.998074074074074 7.40740740740741e-05 7.40740740740741e-05 0.000296296296296296 7.40740740740741e-05; % m D=0.3
0.239185185185185 0.00118518518518519 0.000296296296296296 0.000296296296296296 0.252518518518519 0.239185185185185 0.000296296296296296 0.000296296296296296 0.000296296296296296 0.000296296296296296 0.265851851851852 0.000296296296296296; % p D=0.3
0.000296296296296296 0.000296296296296296 7.40740740740741e-05 7.40740740740741e-05 0.000296296296296296 0.000296296296296296 7.40740740740741e-05 7.40740740740741e-05 7.40740740740741e-05 7.40740740740741e-05 0.000296296296296296 0.998074074074074; % t D=0.3
0.265851851851852 0.225851851851852 0.000296296296296296 0.000296296296296296 0.245851851851852 0.259185185185185 0.000296296296296296 0.000296296296296296 0.000296296296296296 0.000296296296296296 0.00118518518518519 0.000296296296296296; % v D=0.3
0.00158024691358025 0.26558024691358 0.000395061728395062 0.000395061728395062 0.232246913580247 0.292246913580247 0.000395061728395062 0.000395061728395062 0.000395061728395062 0.000395061728395062 0.20558024691358 0.000395061728395062; % $ D=0.4
0.000395061728395062 0.000395061728395062 9.87654320987654e-05 0.997432098765432 0.000395061728395062 0.000395061728395062 9.87654320987654e-05 9.87654320987654e-05 9.87654320987654e-05 9.87654320987654e-05 0.000395061728395062 9.87654320987654e-05; % D D=0.4
0.000395061728395062 0.000395061728395062 9.87654320987654e-05 9.87654320987654e-05 0.000395061728395062 0.000395061728395062 9.87654320987654e-05 9.87654320987654e-05 9.87654320987654e-05 0.997432098765432 0.000395061728395062 9.87654320987654e-05; % F D=0.4
0.000395061728395062 0.000395061728395062 0.997432098765432 9.87654320987654e-05 0.000395061728395062 0.000395061728395062 9.87654320987654e-05 9.87654320987654e-05 9.87654320987654e-05 9.87654320987654e-05 0.000395061728395062 9.87654320987654e-05; % L D=0.4
0.000395061728395062 0.000395061728395062 9.87654320987654e-05 9.87654320987654e-05 0.000395061728395062 0.000395061728395062 0.997432098765432 9.87654320987654e-05 9.87654320987654e-05 9.87654320987654e-05 0.000395061728395062 9.87654320987654e-05; % P D=0.4
0.000395061728395062 0.000395061728395062 9.87654320987654e-05 9.87654320987654e-05 0.000395061728395062 0.000395061728395062 9.87654320987654e-05 9.87654320987654e-05 0.997432098765432 9.87654320987654e-05 0.000395061728395062 9.87654320987654e-05; % T D=0.4
0.238913580246914 0.258913580246914 0.000395061728395062 0.000395061728395062 0.00158024691358025 0.20558024691358 0.000395061728395062 0.000395061728395062 0.000395061728395062 0.000395061728395062 0.292246913580247 0.000395061728395062; % Z D=0.4
0.252246913580247 0.24558024691358 0.000395061728395062 0.000395061728395062 0.26558024691358 0.00158024691358025 0.000395061728395062 0.000395061728395062 0.000395061728395062 0.000395061728395062 0.232246913580247 0.000395061728395062; % f D=0.4
0.000395061728395062 0.000395061728395062 9.87654320987654e-05 9.87654320987654e-05 0.000395061728395062 0.000395061728395062 9.87654320987654e-05 0.997432098765432 9.87654320987654e-05 9.87654320987654e-05 0.000395061728395062 9.87654320987654e-05; % m D=0.4
0.238913580246914 0.00158024691358025 0.000395061728395062 0.000395061728395062 0.252246913580247 0.238913580246914 0.000395061728395062 0.000395061728395062 0.000395061728395062 0.000395061728395062 0.26558024691358 0.000395061728395062; % p D=0.4
0.000395061728395062 0.000395061728395062 9.87654320987654e-05 9.87654320987654e-05 0.000395061728395062 0.000395061728395062 9.87654320987654e-05 9.87654320987654e-05 9.87654320987654e-05 9.87654320987654e-05 0.000395061728395062 0.997432098765432; % t D=0.4
0.26558024691358 0.22558024691358 0.000395061728395062 0.000395061728395062 0.24558024691358 0.258913580246914 0.000395061728395062 0.000395061728395062 0.000395061728395062 0.000395061728395062 0.00158024691358025 0.000395061728395062; % v D=0.4
0.00197530864197531 0.265308641975309 0.000493827160493827 0.000493827160493827 0.231975308641975 0.291975308641975 0.000493827160493827 0.000493827160493827 0.000493827160493827 0.000493827160493827 0.205308641975309 0.000493827160493827; % $ D=0.5
0.000493827160493827 0.000493827160493827 0.000123456790123457 0.99679012345679 0.000493827160493827 0.000493827160493827 0.000123456790123457 0.000123456790123457 0.000123456790123457 0.000123456790123457 0.000493827160493827 0.000123456790123457; % D D=0.5
0.000493827160493827 0.000493827160493827 0.000123456790123457 0.000123456790123457 0.000493827160493827 0.000493827160493827 0.000123456790123457 0.000123456790123457 0.000123456790123457 0.99679012345679 0.000493827160493827 0.000123456790123457; % F D=0.5
0.000493827160493827 0.000493827160493827 0.99679012345679 0.000123456790123457 0.000493827160493827 0.000493827160493827 0.000123456790123457 0.000123456790123457 0.000123456790123457 0.000123456790123457 0.000493827160493827 0.000123456790123457; % L D=0.5
0.000493827160493827 0.000493827160493827 0.000123456790123457 0.000123456790123457 0.000493827160493827 0.000493827160493827 0.99679012345679 0.000123456790123457 0.000123456790123457 0.000123456790123457 0.000493827160493827 0.000123456790123457; % P D=0.5
0.000493827160493827 0.000493827160493827 0.000123456790123457 0.000123456790123457 0.000493827160493827 0.000493827160493827 0.000123456790123457 0.000123456790123457 0.99679012345679 0.000123456790123457 0.000493827160493827 0.000123456790123457; % T D=0.5
0.238641975308642 0.258641975308642 0.000493827160493827 0.000493827160493827 0.00197530864197531 0.205308641975309 0.000493827160493827 0.000493827160493827 0.000493827160493827 0.000493827160493827 0.291975308641975 0.000493827160493827; % Z D=0.5
0.251975308641975 0.245308641975309 0.000493827160493827 0.000493827160493827 0.265308641975309 0.00197530864197531 0.000493827160493827 0.000493827160493827 0.000493827160493827 0.000493827160493827 0.231975308641975 0.000493827160493827; % f D=0.5
0.000493827160493827 0.000493827160493827 0.000123456790123457 0.000123456790123457 0.000493827160493827 0.000493827160493827 0.000123456790123457 0.99679012345679 0.000123456790123457 0.000123456790123457 0.000493827160493827 0.000123456790123457; % m D=0.5
0.238641975308642 0.00197530864197531 0.000493827160493827 0.000493827160493827 0.251975308641975 0.238641975308642 0.000493827160493827 0.000493827160493827 0.000493827160493827 0.000493827160493827 0.265308641975309 0.000493827160493827; % p D=0.5
0.000493827160493827 0.000493827160493827 0.000123456790123457 0.000123456790123457 0.000493827160493827 0.000493827160493827 0.000123456790123457 0.000123456790123457 0.000123456790123457 0.000123456790123457 0.000493827160493827 0.99679012345679; % t D=0.5
0.265308641975309 0.225308641975309 0.000493827160493827 0.000493827160493827 0.245308641975309 0.258641975308642 0.000493827160493827 0.000493827160493827 0.000493827160493827 0.000493827160493827 0.00197530864197531 0.000493827160493827; % v D=0.5
0.00237037037037037 0.265037037037037 0.000592592592592593 0.000592592592592593 0.231703703703704 0.291703703703704 0.000592592592592593 0.000592592592592593 0.000592592592592593 0.000592592592592593 0.205037037037037 0.000592592592592593; % $ D=0.6
0.000592592592592593 0.000592592592592593 0.000148148148148148 0.996148148148148 0.000592592592592593 0.000592592592592593 0.000148148148148148 0.000148148148148148 0.000148148148148148 0.000148148148148148 0.000592592592592593 0.000148148148148148; % D D=0.6
0.000592592592592593 0.000592592592592593 0.000148148148148148 0.000148148148148148 0.000592592592592593 0.000592592592592593 0.000148148148148148 0.000148148148148148 0.000148148148148148 0.996148148148148 0.000592592592592593 0.000148148148148148; % F D=0.6
0.000592592592592593 0.000592592592592593 0.996148148148148 0.000148148148148148 0.000592592592592593 0.000592592592592593 0.000148148148148148 0.000148148148148148 0.000148148148148148 0.000148148148148148 0.000592592592592593 0.000148148148148148; % L D=0.6
0.000592592592592593 0.000592592592592593 0.000148148148148148 0.000148148148148148 0.000592592592592593 0.000592592592592593 0.996148148148148 0.000148148148148148 0.000148148148148148 0.000148148148148148 0.000592592592592593 0.000148148148148148; % P D=0.6
0.000592592592592593 0.000592592592592593 0.000148148148148148 0.000148148148148148 0.000592592592592593 0.000592592592592593 0.000148148148148148 0.000148148148148148 0.996148148148148 0.000148148148148148 0.000592592592592593 0.000148148148148148; % T D=0.6
0.23837037037037 0.25837037037037 0.000592592592592593 0.000592592592592593 0.00237037037037037 0.205037037037037 0.000592592592592593 0.000592592592592593 0.000592592592592593 0.000592592592592593 0.291703703703704 0.000592592592592593; % Z D=0.6
0.251703703703704 0.245037037037037 0.000592592592592593 0.000592592592592593 0.265037037037037 0.00237037037037037 0.000592592592592593 0.000592592592592593 0.000592592592592593 0.000592592592592593 0.231703703703704 0.000592592592592593; % f D=0.6
0.000592592592592593 0.000592592592592593 0.000148148148148148 0.000148148148148148 0.000592592592592593 0.000592592592592593 0.000148148148148148 0.996148148148148 0.000148148148148148 0.000148148148148148 0.000592592592592593 0.000148148148148148; % m D=0.6
0.23837037037037 0.00237037037037037 0.000592592592592593 0.000592592592592593 0.251703703703704 0.23837037037037 0.000592592592592593 0.000592592592592593 0.000592592592592593 0.000592592592592593 0.265037037037037 0.000592592592592593; % p D=0.6
0.000592592592592593 0.000592592592592593 0.000148148148148148 0.000148148148148148 0.000592592592592593 0.000592592592592593 0.000148148148148148 0.000148148148148148 0.000148148148148148 0.000148148148148148 0.000592592592592593 0.996148148148148; % t D=0.6
0.265037037037037 0.225037037037037 0.000592592592592593 0.000592592592592593 0.245037037037037 0.25837037037037 0.000592592592592593 0.000592592592592593 0.000592592592592593 0.000592592592592593 0.00237037037037037 0.000592592592592593; % v D=0.6
0.00276543209876543 0.264765432098765 0.000691358024691358 0.000691358024691358 0.231432098765432 0.291432098765432 0.000691358024691358 0.000691358024691358 0.000691358024691358 0.000691358024691358 0.204765432098765 0.000691358024691358; % $ D=0.7
0.000691358024691358 0.000691358024691358 0.000172839506172839 0.995506172839506 0.000691358024691358 0.000691358024691358 0.000172839506172839 0.000172839506172839 0.000172839506172839 0.000172839506172839 0.000691358024691358 0.000172839506172839; % D D=0.7
0.000691358024691358 0.000691358024691358 0.000172839506172839 0.000172839506172839 0.000691358024691358 0.000691358024691358 0.000172839506172839 0.000172839506172839 0.000172839506172839 0.995506172839506 0.000691358024691358 0.000172839506172839; % F D=0.7
0.000691358024691358 0.000691358024691358 0.995506172839506 0.000172839506172839 0.000691358024691358 0.000691358024691358 0.000172839506172839 0.000172839506172839 0.000172839506172839 0.000172839506172839 0.000691358024691358 0.000172839506172839; % L D=0.7
0.000691358024691358 0.000691358024691358 0.000172839506172839 0.000172839506172839 0.000691358024691358 0.000691358024691358 0.995506172839506 0.000172839506172839 0.000172839506172839 0.000172839506172839 0.000691358024691358 0.000172839506172839; % P D=0.7
0.000691358024691358 0.000691358024691358 0.000172839506172839 0.000172839506172839 0.000691358024691358 0.000691358024691358 0.000172839506172839 0.000172839506172839 0.995506172839506 0.000172839506172839 0.000691358024691358 0.000172839506172839; % T D=0.7
0.238098765432099 0.258098765432099 0.000691358024691358 0.000691358024691358 0.00276543209876543 0.204765432098765 0.000691358024691358 0.000691358024691358 0.000691358024691358 0.000691358024691358 0.291432098765432 0.000691358024691358; % Z D=0.7
0.251432098765432 0.244765432098765 0.000691358024691358 0.000691358024691358 0.264765432098765 0.00276543209876543 0.000691358024691358 0.000691358024691358 0.000691358024691358 0.000691358024691358 0.231432098765432 0.000691358024691358; % f D=0.7
0.000691358024691358 0.000691358024691358 0.000172839506172839 0.000172839506172839 0.000691358024691358 0.000691358024691358 0.000172839506172839 0.995506172839506 0.000172839506172839 0.000172839506172839 0.000691358024691358 0.000172839506172839; % m D=0.7
0.238098765432099 0.00276543209876543 0.000691358024691358 0.000691358024691358 0.251432098765432 0.238098765432099 0.000691358024691358 0.000691358024691358 0.000691358024691358 0.000691358024691358 0.264765432098765 0.000691358024691358; % p D=0.7
0.000691358024691358 0.000691358024691358 0.000172839506172839 0.000172839506172839 0.000691358024691358 0.000691358024691358 0.000172839506172839 0.000172839506172839 0.000172839506172839 0.000172839506172839 0.000691358024691358 0.995506172839506; % t D=0.7
0.264765432098765 0.224765432098765 0.000691358024691358 0.000691358024691358 0.244765432098765 0.258098765432099 0.000691358024691358 0.000691358024691358 0.000691358024691358 0.000691358024691358 0.00276543209876543 0.000691358024691358; % v D=0.7
0.00316049382716049 0.264493827160494 0.000790123456790124 0.000790123456790124 0.231160493827161 0.291160493827161 0.000790123456790124 0.000790123456790124 0.000790123456790124 0.000790123456790124 0.204493827160494 0.000790123456790124; % $ D=0.8
0.000790123456790124 0.000790123456790124 0.000197530864197531 0.994864197530864 0.000790123456790124 0.000790123456790124 0.000197530864197531 0.000197530864197531 0.000197530864197531 0.000197530864197531 0.000790123456790124 0.000197530864197531; % D D=0.8
0.000790123456790124 0.000790123456790124 0.000197530864197531 0.000197530864197531 0.000790123456790124 0.000790123456790124 0.000197530864197531 0.000197530864197531 0.000197530864197531 0.994864197530864 0.000790123456790124 0.000197530864197531; % F D=0.8
0.000790123456790124 0.000790123456790124 0.994864197530864 0.000197530864197531 0.000790123456790124 0.000790123456790124 0.000197530864197531 0.000197530864197531 0.000197530864197531 0.000197530864197531 0.000790123456790124 0.000197530864197531; % L D=0.8
0.000790123456790124 0.000790123456790124 0.000197530864197531 0.000197530864197531 0.000790123456790124 0.000790123456790124 0.994864197530864 0.000197530864197531 0.000197530864197531 0.000197530864197531 0.000790123456790124 0.000197530864197531; % P D=0.8
0.000790123456790124 0.000790123456790124 0.000197530864197531 0.000197530864197531 0.000790123456790124 0.000790123456790124 0.000197530864197531 0.000197530864197531 0.994864197530864 0.000197530864197531 0.000790123456790124 0.000197530864197531; % T D=0.8
0.237827160493827 0.257827160493827 0.000790123456790124 0.000790123456790124 0.00316049382716049 0.204493827160494 0.000790123456790124 0.000790123456790124 0.000790123456790124 0.000790123456790124 0.291160493827161 0.000790123456790124; % Z D=0.8
0.251160493827161 0.244493827160494 0.000790123456790124 0.000790123456790124 0.264493827160494 0.00316049382716049 0.000790123456790124 0.000790123456790124 0.000790123456790124 0.000790123456790124 0.231160493827161 0.000790123456790124; % f D=0.8
0.000790123456790124 0.000790123456790124 0.000197530864197531 0.000197530864197531 0.000790123456790124 0.000790123456790124 0.000197530864197531 0.994864197530864 0.000197530864197531 0.000197530864197531 0.000790123456790124 0.000197530864197531; % m D=0.8
0.237827160493827 0.00316049382716049 0.000790123456790124 0.000790123456790124 0.251160493827161 0.237827160493827 0.000790123456790124 0.000790123456790124 0.000790123456790124 0.000790123456790124 0.264493827160494 0.000790123456790124; % p D=0.8
0.000790123456790124 0.000790123456790124 0.000197530864197531 0.000197530864197531 0.000790123456790124 0.000790123456790124 0.000197530864197531 0.000197530864197531 0.000197530864197531 0.000197530864197531 0.000790123456790124 0.994864197530864; % t D=0.8
0.264493827160494 0.224493827160494 0.000790123456790124 0.000790123456790124 0.244493827160494 0.257827160493827 0.000790123456790124 0.000790123456790124 0.000790123456790124 0.000790123456790124 0.00316049382716049 0.000790123456790124; % v D=0.8
0.00355555555555556 0.264222222222222 0.000888888888888889 0.000888888888888889 0.230888888888889 0.290888888888889 0.000888888888888889 0.000888888888888889 0.000888888888888889 0.000888888888888889 0.204222222222222 0.000888888888888889; % $ D=0.9
0.000888888888888889 0.000888888888888889 0.000222222222222222 0.994222222222222 0.000888888888888889 0.000888888888888889 0.000222222222222222 0.000222222222222222 0.000222222222222222 0.000222222222222222 0.000888888888888889 0.000222222222222222; % D D=0.9
0.000888888888888889 0.000888888888888889 0.000222222222222222 0.000222222222222222 0.000888888888888889 0.000888888888888889 0.000222222222222222 0.000222222222222222 0.000222222222222222 0.994222222222222 0.000888888888888889 0.000222222222222222; % F D=0.9
0.000888888888888889 0.000888888888888889 0.994222222222222 0.000222222222222222 0.000888888888888889 0.000888888888888889 0.000222222222222222 0.000222222222222222 0.000222222222222222 0.000222222222222222 0.000888888888888889 0.000222222222222222; % L D=0.9
0.000888888888888889 0.000888888888888889 0.000222222222222222 0.000222222222222222 0.000888888888888889 0.000888888888888889 0.994222222222222 0.000222222222222222 0.000222222222222222 0.000222222222222222 0.000888888888888889 0.000222222222222222; % P D=0.9
0.000888888888888889 0.000888888888888889 0.000222222222222222 0.000222222222222222 0.000888888888888889 0.000888888888888889 0.000222222222222222 0.000222222222222222 0.994222222222222 0.000222222222222222 0.000888888888888889 0.000222222222222222; % T D=0.9
0.237555555555556 0.257555555555556 0.000888888888888889 0.000888888888888889 0.00355555555555556 0.204222222222222 0.000888888888888889 0.000888888888888889 0.000888888888888889 0.000888888888888889 0.290888888888889 0.000888888888888889; % Z D=0.9
0.250888888888889 0.244222222222222 0.000888888888888889 0.000888888888888889 0.264222222222222 0.00355555555555556 0.000888888888888889 0.000888888888888889 0.000888888888888889 0.000888888888888889 0.230888888888889 0.000888888888888889; % f D=0.9
0.000888888888888889 0.000888888888888889 0.000222222222222222 0.000222222222222222 0.000888888888888889 0.000888888888888889 0.000222222222222222 0.994222222222222 0.000222222222222222 0.000222222222222222 0.000888888888888889 0.000222222222222222; % m D=0.9
0.237555555555556 0.00355555555555556 0.000888888888888889 0.000888888888888889 0.250888888888889 0.237555555555556 0.000888888888888889 0.000888888888888889 0.000888888888888889 0.000888888888888889 0.264222222222222 0.000888888888888889; % p D=0.9
0.000888888888888889 0.000888888888888889 0.000222222222222222 0.000222222222222222 0.000888888888888889 0.000888888888888889 0.000222222222222222 0.000222222222222222 0.000222222222222222 0.000222222222222222 0.000888888888888889 0.994222222222222; % t D=0.9
0.264222222222222 0.224222222222222 0.000888888888888889 0.000888888888888889 0.244222222222222 0.257555555555556 0.000888888888888889 0.000888888888888889 0.000888888888888889 0.000888888888888889 0.00355555555555556 0.000888888888888889; % v D=0.9
0.00375308641975309 0.264086419753086 0.000938271604938272 0.000938271604938272 0.230753086419753 0.290753086419753 0.000938271604938272 0.000938271604938272 0.000938271604938272 0.000938271604938272 0.204086419753086 0.000938271604938272; % $ D=0.95
0.000938271604938272 0.000938271604938272 0.000234567901234568 0.993901234567901 0.000938271604938272 0.000938271604938272 0.000234567901234568 0.000234567901234568 0.000234567901234568 0.000234567901234568 0.000938271604938272 0.000234567901234568; % D D=0.95
0.000938271604938272 0.000938271604938272 0.000234567901234568 0.000234567901234568 0.000938271604938272 0.000938271604938272 0.000234567901234568 0.000234567901234568 0.000234567901234568 0.993901234567901 0.000938271604938272 0.000234567901234568; % F D=0.95
0.000938271604938272 0.000938271604938272 0.993901234567901 0.000234567901234568 0.000938271604938272 0.000938271604938272 0.000234567901234568 0.000234567901234568 0.000234567901234568 0.000234567901234568 0.000938271604938272 0.000234567901234568; % L D=0.95
0.000938271604938272 0.000938271604938272 0.000234567901234568 0.000234567901234568 0.000938271604938272 0.000938271604938272 0.993901234567901 0.000234567901234568 0.000234567901234568 0.000234567901234568 0.000938271604938272 0.000234567901234568; % P D=0.95
0.000938271604938272 0.000938271604938272 0.000234567901234568 0.000234567901234568 0.000938271604938272 0.000938271604938272 0.000234567901234568 0.000234567901234568 0.993901234567901 0.000234567901234568 0.000938271604938272 0.000234567901234568; % T D=0.95
0.23741975308642 0.25741975308642 0.000938271604938272 0.000938271604938272 0.00375308641975309 0.204086419753086 0.000938271604938272 0.000938271604938272 0.000938271604938272 0.000938271604938272 0.290753086419753 0.000938271604938272; % Z D=0.95
0.250753086419753 0.244086419753086 0.000938271604938272 0.000938271604938272 0.264086419753086 0.00375308641975309 0.000938271604938272 0.000938271604938272 0.000938271604938272 0.000938271604938272 0.230753086419753 0.000938271604938272; % f D=0.95
0.000938271604938272 0.000938271604938272 0.000234567901234568 0.000234567901234568 0.000938271604938272 0.000938271604938272 0.000234567901234568 0.993901234567901 0.000234567901234568 0.000234567901234568 0.000938271604938272 0.000234567901234568; % m D=0.95
0.23741975308642 0.00375308641975309 0.000938271604938272 0.000938271604938272 0.250753086419753 0.23741975308642 0.000938271604938272 0.000938271604938272 0.000938271604938272 0.000938271604938272 0.264086419753086 0.000938271604938272; % p D=0.95
0.000938271604938272 0.000938271604938272 0.000234567901234568 0.000234567901234568 0.000938271604938272 0.000938271604938272 0.000234567901234568 0.000234567901234568 0.000234567901234568 0.000234567901234568 0.000938271604938272 0.993901234567901; % t D=0.95
0.264086419753086 0.224086419753086 0.000938271604938272 0.000938271604938272 0.244086419753086 0.25741975308642 0.000938271604938272 0.000938271604938272 0.000938271604938272 0.000938271604938272 0.00375308641975309 0.000938271604938272]; % v D=0.95
