syllables = '$JKNPRZdkt';
discounts = [0.1 0.2 0.3 0.4 0.5 0.6 0.7 0.8 0.9 0.95];
kn_probs = [0.000315789473684211 0.346421052631579 0.319649122807018 0.332982456140351 0.000105263157894737 0.000105263157894737 0.000105263157894737 0.000105263157894737 0.000105263157894737 0.000105263157894737; % $ D=0.1
7.89473684210526e-05 0.000105263157894737 7.89473684210526e-05 7.89473684210526e-05 2.63157894736842e-05 2.63157894736842e-05 0.999526315789474 2.63157894736842e-05 2.63157894736842e-05 2.63157894736842e-05; % J D=0.1
7.89473684210526e-05 0.000105263157894737 7.89473684210526e-05 7.89473684210526e-05 2.63157894736842e-05 2.63157894736842e-05 2.63157894736842e-05 2.63157894736842e-05 2.63157894736842e-05 0.999526315789474; % K D=0.1
7.89473684210526e-05 0.000105263157894737 7.89473684210526e-05 7.89473684210526e-05 2.63157894736842e-05 2.63157894736842e-05 2.63157894736842e-05 2.63157894736842e-05 0.999526315789474 2.63157894736842e-05; % N D=0.1
0.229815789473684 0.00492105263157895 0.399815789473684 0.364815789473684 0.000105263157894737 0.000105263157894737 0.000105263157894737 0.000105263157894737 0.000105263157894737 0.000105263157894737; % P D=0.1
7.89473684210526e-05 0.000105263157894737 7.89473684210526e-05 7.89473684210526e-05 0.999526315789474 2.63157894736842e-05 2.63157894736842e-05 2.63157894736842e-05 2.63157894736842e-05 2.63157894736842e-05; % R D=0.1
7.89473684210526e-05 0.000105263157894737 7.89473684210526e-05 7.89473684210526e-05 2.63157894736842e-05 0.999526315789474 2.63157894736842e-05 2.63157894736842e-05 2.63157894736842e-05 2.63157894736842e-05; % Z D=0.1
0.259736842105263 0.379815789473684 0.359736842105263 0.000236842105263158 7.89473684210526e-05 7.89473684210526e-05 7.89473684210526e-05 7.89473684210526e-05 7.89473684210526e-05 7.89473684210526e-05; % d D=0.1
7.89473684210526e-05 0.000105263157894737 7.89473684210526e-05 7.89473684210526e-05 2.63157894736842e-05 2.63157894736842e-05 2.63157894736842e-05 0.999526315789474 2.63157894736842e-05 2.63157894736842e-05; % k D=0.1
0.259736842105263 0.354815789473684 0.000236842105263158 0.384736842105263 7.89473684210526e-05 7.89473684210526e-05 7.89473684210526e-05 7.89473684210526e-05 7.89473684210526e-05 7.89473684210526e-05; % t D=0.1
0.000631578947368421 0.346175438596491 0.319298245614035 0.332631578947368 0.000210526315789474 0.000210526315789474 0.000210526315789474 0.000210526315789474 0.000210526315789474 0.000210526315789474; % $ D=0.2
0.000157894736842105 0.000210526315789474 0.000157894736842105 0.000157894736842105 5.26315789473684e-05 5.26315789473684e-05 0.999052631578948 5.26315789473684e-05 5.26315789473684e-05 5.26315789473684e-05; % J D=0.2
0.000157894736842105 0.000210526315789474 0.000157894736842105 0.000157894736842105 5.26315789473684e-05 5.26315789473684e-05 5.26315789473684e-05 5.26315789473684e-05 5.26315789473684e-05 0.999052631578948; % K D=0.2
0.000157894736842105 0.000210526315789474 0.000157894736842105 0.000157894736842105 5.26315789473684e-05 5.26315789473684e-05 5.26315789473684e-05 5.26315789473684e-05 0.999052631578948 5.26315789473684e-05; % N D=0.2
0.229631578947368 0.00484210526315789 0.399631578947368 0.364631578947368 0.000210526315789474 0.000210526315789474 0.000210526315789474 0.000210526315789474 0.000210526315789474 0.000210526315789474; % P D=0.2
0.000157894736842105 0.000210526315789474 0.000157894736842105 0.000157894736842105 0.999052631578948 5.26315789473684e-05 5.26315789473684e-05 5.26315789473684e-05 5.26315789473684e-05 5.26315789473684e-05; % R D=0.2
0.000157894736842105 0.000210526315789474 0.000157894736842105 0.000157894736842105 5.26315789473684e-05 0.999052631578948 5.26315789473684e-05 5.26315789473684e-05 5.26315789473684e-05 5.26315789473684e-05; % Z D=0.2
0.259473684210526 0.379631578947368 0.359473684210526 0.000473684210526316 0.000157894736842105 0.000157894736842105 0.000157894736842105 0.000157894736842105 0.000157894736842105 0.000157894736842105; % d D=0.2
0.000157894736842105 0.000210526315789474 0.000157894736842105 0.000157894736842105 5.26315789473684e-05 5.26315789473684e-05 5.26315789473684e-05 0.999052631578948 5.26315789473684e-05 5.26315789473684e-05; % k D=0.2
0.259473684210526 0.354631578947368 0.000473684210526316 0.384473684210526 0.000157894736842105 0.000157894736842105 0.000157894736842105 0.000157894736842105 0.000157894736842105 0.000157894736842105; % t D=0.2
0.000947368421052632 0.345929824561404 0.318947368421053 0.332280701754386 0.00031578947368421 0.00031578947368421 0.00031578947368421 0.00031578947368421 0.00031578947368421 0.00031578947368421; % $ D=0.3
0.000236842105263158 0.000315789473684211 0.000236842105263158 0.000236842105263158 7.89473684210526e-05 7.89473684210526e-05 0.998578947368421 7.89473684210526e-05 7.89473684210526e-05 7.89473684210526e-05; % J D=0.3
0.000236842105263158 0.000315789473684211 0.000236842105263158 0.000236842105263158 7.89473684210526e-05 7.89473684210526e-05 7.89473684210526e-05 7.89473684210526e-05 7.89473684210526e-05 0.998578947368421; % K D=0.3
0.000236842105263158 0.000315789473684211 0.000236842105263158 0.000236842105263158 7.89473684210526e-05 7.89473684210526e-05 7.89473684210526e-05 7.89473684210526e-05 0.998578947368421 7.89473684210526e-05; % N D=0.3
0.229447368421053 0.00476315789473684 0.399447368421053 0.364447368421053 0.000315789473684211 0.000315789473684211 0.000315789473684211 0.000315789473684211 0.000315789473684211 0.000315789473684211; % P D=0.3
0.000236842105263158 0.000315789473684211 0.000236842105263158 0.000236842105263158 0.998578947368421 7.89473684210526e-05 7.89473684210526e-05 7.89473684210526e-05 7.89473684210526e-05 7.89473684210526e-05; % R D=0.3
0.000236842105263158 0.000315789473684211 0.000236842105263158 0.000236842105263158 7.89473684210526e-05 0.998578947368421 7.89473684210526e-05 7.89473684210526e-05 7.89473684210526e-05 7.89473684210526e-05; % Z D=0.3
0.25921052631579 0.379447368421053 0.35921052631579 0.000710526315789474 0.000236842105263158 0.000236842105263158 0.000236842105263158 0.000236842105263158 0.000236842105263158 0.000236842105263158; % d D=0.3
0.000236842105263158 0.000315789473684211 0.000236842105263158 0.000236842105263158 7.89473684210526e-05 7.89473684210526e-05 7.89473684210526e-05 0.998578947368421 7.89473684210526e-05 7.89473684210526e-05; % k D=0.3
0.25921052631579 0.354447368421053 0.000710526315789474 0.38421052631579 0.000236842105263158 0.000236842105263158 0.000236842105263158 0.000236842105263158 0.000236842105263158 0.000236842105263158; % t D=0.3
0.00126315789473684 0.345684210526316 0.31859649122807 0.331929824561404 0.000421052631578947 0.000421052631578947 0.000421052631578947 0.000421052631578947 0.000421052631578947 0.000421052631578947; % $ D=0.4
0.000315789473684211 0.000421052631578947 0.000315789473684211 0.000315789473684211 0.000105263157894737 0.000105263157894737 0.998105263157895 0.000105263157894737 0.000105263157894737 0.000105263157894737; % J D=0.4
0.000315789473684211 0.000421052631578947 0.000315789473684211 0.000315789473684211 0.000105263157894737 0.000105263157894737 0.000105263157894737 0.000105263157894737 0.000105263157894737 0.998105263157895; % K D=0.4
0.000315789473684211 0.000421052631578947 0.000315789473684211 0.000315789473684211 0.000105263157894737 0.000105263157894737 0.000105263157894737 0.000105263157894737 0.998105263157895 0.000105263157894737; % N D=0.4
0.229263157894737 0.00468421052631579 0.399263157894737 0.364263157894737 0.000421052631578947 0.000421052631578947 0.000421052631578947 0.000421052631578947 0.000421052631578947 0.000421052631578947; % P D=0.4
0.000315789473684211 0.000421052631578947 0.000315789473684211 0.000315789473684211 0.998105263157895 0.000105263157894737 0.000105263157894737 0.000105263157894737 0.000105263157894737 0.000105263157894737; % R D=0.4
0.000315789473684211 0.000421052631578947 0.000315789473684211 0.000315789473684211 0.000105263157894737 0.998105263157895 0.000105263157894737 0.000105263157894737 0.000105263157894737 0.000105263157894737; % Z D=0.4
0.258947368421053 0.379263157894737 0.358947368421053 0.000947368421052632 0.000315789473684211 0.000315789473684211 0.000315789473684211 0.000315789473684211 0.000315789473684211 0.000315789473684211; % d D=0.4
0.000315789473684211 0.000421052631578947 0.000315789473684211 0.000315789473684211 0.000105263157894737 0.000105263157894737 0.000105263157894737 0.998105263157895 0.000105263157894737 0.000105263157894737; % k D=0.4
0.258947368421053 0.354263157894737 0.000947368421052632 0.383947368421053 0.000315789473684211 0.000315789473684211 0.000315789473684211 0.000315789473684211 0.000315789473684211 0.000315789473684211; % t D=0.4
0.00157894736842105 0.345438596491228 0.318245614035088 0.331578947368421 0.000526315789473684 0.000526315789473684 0.000526315789473684 0.000526315789473684 0.000526315789473684 0.000526315789473684; % $ D=0.5
0.000394736842105263 0.000526315789473684 0.000394736842105263 0.000394736842105263 0.000131578947368421 0.000131578947368421 0.997631578947368 0.000131578947368421 0.000131578947368421 0.000131578947368421; % J D=0.5
0.000394736842105263 0.000526315789473684 0.000394736842105263 0.000394736842105263 0.000131578947368421 0.000131578947368421 0.000131578947368421 0.000131578947368421 0.000131578947368421 0.997631578947368; % K D=0.5
0.000394736842105263 0.000526315789473684 0.000394736842105263 0.000394736842105263 0.000131578947368421 0.000131578947368421 0.000131578947368421 0.000131578947368421 0.997631578947368 0.000131578947368421; % N D=0.5
0.229078947368421 0.00460526315789474 0.399078947368421 0.364078947368421 0.000526315789473684 0.000526315789473684 0.000526315789473684 0.000526315789473684 0.000526315789473684 0.000526315789473684; % P D=0.5
0.000394736842105263 0.000526315789473684 0.000394736842105263 0.000394736842105263 0.997631578947368 0.000131578947368421 0.000131578947368421 0.000131578947368421 0.000131578947368421 0.000131578947368421; % R D=0.5
0.000394736842105263 0.000526315789473684 0.000394736842105263 0.000394736842105263 0.000131578947368421 0.997631578947368 0.000131578947368421 0.000131578947368421 0.000131578947368421 0.000131578947368421; % Z D=0.5
0.258684210526316 0.379078947368421 0.358684210526316 0.00118421052631579 0.000394736842105263 0.000394736842105263 0.000394736842105263 0.000394736842105263 0.000394736842105263 0.000394736842105263; % d D=0.5
0.000394736842105263 0.000526315789473684 0.000394736842105263 0.000394736842105263 0.000131578947368421 0.000131578947368421 0.000131578947368421 0.997631578947368 0.000131578947368421 0.000131578947368421; % k D=0.5
0.258684210526316 0.354078947368421 0.00118421052631579 0.383684210526316 0.000394736842105263 0.000394736842105263 0.000394736842105263 0.000394736842105263 0.000394736842105263 0.000394736842105263; % t D=0.5
0.00189473684210526 0.34519298245614 0.317894736842105 0.331228070175439 0.000631578947368421 0.000631578947368421 0.000631578947368421 0.000631578947368421 0.000631578947368421 0.000631578947368421; % $ D=0.6
0.000473684210526316 0.000631578947368421 0.000473684210526316 0.000473684210526316 0.000157894736842105 0.000157894736842105 0.997157894736842 0.000157894736842105 0.000157894736842105 0.000157894736842105; % J D=0.6
0.000473684210526316 0.000631578947368421 0.000473684210526316 0.000473684210526316 0.000157894736842105 0.000157894736842105 0.000157894736842105 0.000157894736842105 0.000157894736842105 0.997157894736842; % K D=0.6
0.000473684210526316 0.000631578947368421 0.000473684210526316 0.000473684210526316 0.000157894736842105 0.000157894736842105 0.000157894736842105 0.000157894736842105 0.997157894736842 0.000157894736842105; % N D=0.6
0.228894736842105 0.00452631578947368 0.398894736842105 0.363894736842105 0.000631578947368421 0.000631578947368421 0.000631578947368421 0.000631578947368421 0.000631578947368421 0.000631578947368421; % P D=0.6
0.000473684210526316 0.000631578947368421 0.000473684210526316 0.000473684210526316 0.997157894736842 0.000157894736842105 0.000157894736842105 0.000157894736842105 0.000157894736842105 0.000157894736842105; % R D=0.6
0.000473684210526316 0.000631578947368421 0.000473684210526316 0.000473684210526316 0.000157894736842105 0.997157894736842 0.000157894736842105 0.000157894736842105 0.000157894736842105 0.000157894736842105; % Z D=0.6
0.258421052631579 0.378894736842105 0.358421052631579 0.00142105263157895 0.000473684210526316 0.000473684210526316 0.000473684210526316 0.000473684210526316 0.000473684210526316 0.000473684210526316; % d D=0.6
0.000473684210526316 0.000631578947368421 0.000473684210526316 0.000473684210526316 0.000157894736842105 0.000157894736842105 0.000157894736842105 0.997157894736842 0.000157894736842105 0.000157894736842105; % k D=0.6
0.258421052631579 0.353894736842105 0.00142105263157895 0.383421052631579 0.000473684210526316 0.000473684210526316 0.000473684210526316 0.000473684210526316 0.000473684210526316 0.000473684210526316; % t D=0.6
0.00221052631578947 0.344947368421053 0.317543859649123 0.330877192982456 0.000736842105263158 0.000736842105263158 0.000736842105263158 0.000736842105263158 0.000736842105263158 0.000736842105263158; % $ D=0.7
0.000552631578947368 0.000736842105263158 0.000552631578947368 0.000552631578947368 0.000184210526315789 0.000184210526315789 0.996684210526316 0.000184210526315789 0.000184210526315789 0.000184210526315789; % J D=0.7
0.000552631578947368 0.000736842105263158 0.000552631578947368 0.000552631578947368 0.000184210526315789 0.000184210526315789 0.000184210526315789 0.000184210526315789 0.000184210526315789 0.996684210526316; % K D=0.7
0.000552631578947368 0.000736842105263158 0.000552631578947368 0.000552631578947368 0.000184210526315789 0.000184210526315789 0.000184210526315789 0.000184210526315789 0.996684210526316 0.000184210526315789; % N D=0.7
0.228710526315789 0.00444736842105263 0.398710526315789 0.363710526315789 0.000736842105263158 0.000736842105263158 0.000736842105263158 0.000736842105263158 0.000736842105263158 0.000736842105263158; % P D=0.7
0.000552631578947368 0.000736842105263158 0.000552631578947368 0.000552631578947368 0.996684210526316 0.000184210526315789 0.000184210526315789 0.000184210526315789 0.000184210526315789 0.000184210526315789; % R D=0.7
0.000552631578947368 0.000736842105263158 0.000552631578947368 0.000552631578947368 0.000184210526315789 0.996684210526316 0.000184210526315789 0.000184210526315789 0.000184210526315789 0.000184210526315789; % Z D=0.7
0.258157894736842 0.378710526315789 0.358157894736842 0.0016578947368421 0.000552631578947368 0.000552631578947368 0.000552631578947368 0.000552631578947368 0.000552631578947368 0.000552631578947368; % d D=0.7
0.000552631578947368 0.000736842105263158 0.000552631578947368 0.000552631578947368 0.000184210526315789 0.000184210526315789 0.000184210526315789 0.996684210526316 0.000184210526315789 0.000184210526315789; % k D=0.7
0.258157894736842 0.353710526315789 0.0016578947368421 0.383157894736842 0.000552631578947368 0.000552631578947368 0.000552631578947368 0.000552631578947368 0.000552631578947368 0.000552631578947368; % t D=0.7
0.00252631578947368 0.344701754385965 0.31719298245614 0.330526315789474 0.000842105263157895 0.000842105263157895 0.000842105263157895 0.000842105263157895 0.000842105263157895 0.000842105263157895; % $ D=0.8
0.000631578947368421 0.000842105263157895 0.000631578947368421 0.000631578947368421 0.000210526315789474 0.000210526315789474 0.996210526315789 0.000210526315789474 0.000210526315789474 0.000210526315789474; % J D=0.8
0.000631578947368421 0.000842105263157895 0.000631578947368421 0.000631578947368421 0.000210526315789474 0.000210526315789474 0.000210526315789474 0.000210526315789474 0.000210526315789474 0.996210526315789; % K D=0.8
0.000631578947368421 0.000842105263157895 0.000631578947368421 0.000631578947368421 0.000210526315789474 0.000210526315789474 0.000210526315789474 0.000210526315789474 0.996210526315789 0.000210526315789474; % N D=0.8
0.228526315789474 0.00436842105263158 0.398526315789474 0.363526315789474 0.000842105263157895 0.000842105263157895 0.000842105263157895 0.000842105263157895 0.000842105263157895 0.000842105263157895; % P D=0.8
0.000631578947368421 0.000842105263157895 0.000631578947368421 0.000631578947368421 0.996210526315789 0.000210526315789474 0.000210526315789474 0.000210526315789474 0.000210526315789474 0.000210526315789474; % R D=0.8
0.000631578947368421 0.000842105263157895 0.000631578947368421 0.000631578947368421 0.000210526315789474 0.996210526315789 0.000210526315789474 0.000210526315789474 0.000210526315789474 0.000210526315789474; % Z D=0.8
0.257894736842105 0.378526315789474 0.357894736842105 0.00189473684210526 0.000631578947368421 0.000631578947368421 0.000631578947368421 0.000631578947368421 0.000631578947368421 0.000631578947368421; % d D=0.8
0.000631578947368421 0.000842105263157895 0.000631578947368421 0.000631578947368421 0.000210526315789474 0.000210526315789474 0.000210526315789474 0.996210526315789 0.000210526315789474 0.000210526315789474; % k D=0.8
0.257894736842105 0.353526315789474 0.00189473684210526 0.382894736842105 0.000631578947368421 0.000631578947368421 0.000631578947368421 0.000631578947368421 0.000631578947368421 0.000631578947368421; % t D=0.8
0.0028421052631579 0.344456140350877 0.316842105263158 0.330175438596491 0.000947368421052632 0.000947368421052632 0.000947368421052632 0.000947368421052632 0.000947368421052632 0.000947368421052632; % $ D=0.9
0.000710526315789474 0.000947368421052632 0.000710526315789474 0.000710526315789474 0.000236842105263158 0.000236842105263158 0.995736842105263 0.000236842105263158 0.000236842105263158 0.000236842105263158; % J D=0.9
0.000710526315789474 0.000947368421052632 0.000710526315789474 0.000710526315789474 0.000236842105263158 0.000236842105263158 0.000236842105263158 0.000236842105263158 0.000236842105263158 0.995736842105263; % K D=0.9
0.000710526315789474 0.000947368421052632 0.000710526315789474 0.000710526315789474 0.000236842105263158 0.000236842105263158 0.000236842105263158 0.000236842105263158 0.995736842105263 0.000236842105263158; % N D=0.9
0.228342105263158 0.00428947368421053 0.398342105263158 0.363342105263158 0.000947368421052632 0.000947368421052632 0.000947368421052632 0.000947368421052632 0.000947368421052632 0.000947368421052632; % P D=0.9
0.000710526315789474 0.000947368421052632 0.000710526315789474 0.000710526315789474 0.995736842105263 0.000236842105263158 0.000236842105263158 0.000236842105263158 0.000236842105263158 0.000236842105263158; % R D=0.9
0.000710526315789474 0.000947368421052632 0.000710526315789474 0.000710526315789474 0.000236842105263158 0.995736842105263 0.000236842105263158 0.000236842105263158 0.000236842105263158 0.000236842105263158; % Z D=0.9
0.257631578947368 0.378342105263158 0.357631578947368 0.00213157894736842 0.000710526315789474 0.000710526315789474 0.000710526315789474 0.000710526315789474 0.000710526315789474 0.000710526315789474; % d D=0.9
0.000710526315789474 0.000947368421052632 0.000710526315789474 0.000710526315789474 0.000236842105263158 0.000236842105263158 0.000236842105263158 0.995736842105263 0.000236842105263158 0.000236842105263158; % k D=0.9
0.257631578947368 0.353342105263158 0.00213157894736842 0.382631578947368 0.000710526315789474 0.000710526315789474 0.000710526315789474 0.000710526315789474 0.000710526315789474 0.000710526315789474; % t D=0.9
0.003 0.344333333333333 0.316666666666667 0.33 0.001 0.001 0.001 0.001 0.001 0.001; % $ D=0.95
0.00075 0.001 0.00075 0.00075 0.00025 0.00025 0.9955 0.00025 0.00025 0.00025; % J D=0.95
0.00075 0.001 0.00075 0.00075 0.00025 0.00025 0.00025 0.00025 0.00025 0.9955; % K D=0.95
0.00075 0.001 0.00075 0.00075 0.00025 0.00025 0.00025 0.00025 0.9955 0.00025; % N D=0.95
0.22825 0.00425 0.39825 0.36325 0.001 0.001 0.001 0.001 0.001 0.001; % P D=0.95
0.00075 0.001 0.00075 0.00075 0.9955 0.00025 0.00025 0.00025 0.00025 0.00025; % R D=0.95
0.00075 0.001 0.00075 0.00075 0.00025 0.9955 0.00025 0.00025 0.00025 0.00025; % Z D=0.95
0.2575 0.37825 0.3575 0.00225 0.00075 0.00075 0.00075 0.00075 0.00075 0.00075; % d D=0.95
0.00075 0.001 0.00075 0.00075 0.00025 0.00025 0.00025 0.9955 0.00025 0.00025; % k D=0.95
0.2575 0.35325 0.00225 0.3825 0.00075 0.00075 0.00075 0.00075 0.00075 0.00075]; % t D=0.95
