syllables = '$DFJLMNTVbfgklp';
discounts = [0.1 0.2 0.3 0.4 0.5 0.6 0.7 0.8 0.9 0.95];
kn_probs = [0.000416666666666667 8.33333333333333e-05 8.33333333333333e-05 0.213083333333333 8.33333333333333e-05 8.33333333333333e-05 0.206416666666667 8.33333333333333e-05 0.213166666666667 8.33333333333333e-05 8.33333333333333e-05 8.33333333333333e-05 8.33333333333333e-05 0.113083333333333 0.253083333333333; % $ D=0.1
0.000104166666666667 2.08333333333333e-05 2.08333333333333e-05 0.000104166666666667 2.08333333333333e-05 0.9991875 0.000104166666666667 2.08333333333333e-05 0.000125 2.08333333333333e-05 2.08333333333333e-05 2.08333333333333e-05 2.08333333333333e-05 0.000104166666666667 0.000104166666666667; % D D=0.1
0.000104166666666667 2.08333333333333e-05 2.08333333333333e-05 0.000104166666666667 2.08333333333333e-05 2.08333333333333e-05 0.000104166666666667 0.9991875 0.000125 2.08333333333333e-05 2.08333333333333e-05 2.08333333333333e-05 2.08333333333333e-05 0.000104166666666667 0.000104166666666667; % F D=0.1
0.000104166666666667 2.08333333333333e-05 2.08333333333333e-05 0.000104166666666667 2.08333333333333e-05 2.08333333333333e-05 0.000104166666666667 2.08333333333333e-05 0.000125 0.9991875 2.08333333333333e-05 2.08333333333333e-05 2.08333333333333e-05 0.000104166666666667 0.000104166666666667; % J D=0.1
0.233020833333333 0.000104166666666667 0.000104166666666667 0.1746875 0.000104166666666667 0.000104166666666667 0.000520833333333333 0.000104166666666667 0.191458333333333 0.000104166666666667 0.000104166666666667 0.000104166666666667 0.000104166666666667 0.2246875 0.1746875; % L D=0.1
0.241354166666667 0.000104166666666667 0.000104166666666667 0.258020833333333 0.000104166666666667 0.000104166666666667 0.0996875 0.000104166666666667 0.224791666666667 0.000104166666666667 0.000104166666666667 0.000104166666666667 0.000104166666666667 0.1746875 0.000520833333333333; % M D=0.1
0.000104166666666667 2.08333333333333e-05 2.08333333333333e-05 0.000104166666666667 0.9991875 2.08333333333333e-05 0.000104166666666667 2.08333333333333e-05 0.000125 2.08333333333333e-05 2.08333333333333e-05 2.08333333333333e-05 2.08333333333333e-05 0.000104166666666667 0.000104166666666667; % N D=0.1
0.000104166666666667 2.08333333333333e-05 2.08333333333333e-05 0.000104166666666667 2.08333333333333e-05 2.08333333333333e-05 0.000104166666666667 2.08333333333333e-05 0.000125 2.08333333333333e-05 2.08333333333333e-05 2.08333333333333e-05 0.9991875 0.000104166666666667 0.000104166666666667; % T D=0.1
0.000104166666666667 2.08333333333333e-05 2.08333333333333e-05 0.000104166666666667 2.08333333333333e-05 2.08333333333333e-05 0.000104166666666667 2.08333333333333e-05 0.000125 2.08333333333333e-05 2.08333333333333e-05 0.9991875 2.08333333333333e-05 0.000104166666666667 0.000104166666666667; % V D=0.1
0.216354166666667 0.000104166666666667 0.000104166666666667 0.000520833333333333 0.000104166666666667 0.000104166666666667 0.1996875 0.000104166666666667 0.216458333333333 0.000104166666666667 0.000104166666666667 0.000104166666666667 0.000104166666666667 0.1996875 0.166354166666667; % b D=0.1
0.216458333333333 0.000125 0.000125 0.149791666666667 0.000125 0.000125 0.199791666666667 0.000125 0.00825 0.000125 0.000125 0.000125 0.000125 0.258125 0.166458333333333; % f D=0.1
0.000104166666666667 2.08333333333333e-05 2.08333333333333e-05 0.000104166666666667 2.08333333333333e-05 2.08333333333333e-05 0.000104166666666667 2.08333333333333e-05 0.000125 2.08333333333333e-05 0.9991875 2.08333333333333e-05 2.08333333333333e-05 0.000104166666666667 0.000104166666666667; % g D=0.1
0.341354166666667 0.000104166666666667 0.000104166666666667 0.1496875 0.000104166666666667 0.000104166666666667 0.241354166666667 0.000104166666666667 0.0914583333333333 0.000104166666666667 0.000104166666666667 0.000104166666666667 0.000104166666666667 0.000520833333333333 0.1746875; % k D=0.1
0.000104166666666667 2.08333333333333e-05 0.9991875 0.000104166666666667 2.08333333333333e-05 2.08333333333333e-05 0.000104166666666667 2.08333333333333e-05 0.000125 2.08333333333333e-05 2.08333333333333e-05 2.08333333333333e-05 2.08333333333333e-05 0.000104166666666667 0.000104166666666667; % l D=0.1
0.000104166666666667 0.9991875 2.08333333333333e-05 0.000104166666666667 2.08333333333333e-05 2.08333333333333e-05 0.000104166666666667 2.08333333333333e-05 0.000125 2.08333333333333e-05 2.08333333333333e-05 2.08333333333333e-05 2.08333333333333e-05 0.000104166666666667 0.000104166666666667; % p D=0.1
0.000833333333333333 0.000166666666666667 0.000166666666666667 0.212833333333333 0.000166666666666667 0.000166666666666667 0.206166666666667 0.000166666666666667 0.213 0.000166666666666667 0.000166666666666667 0.000166666666666667 0.000166666666666667 0.112833333333333 0.252833333333333; % $ D=0.2
0.000208333333333333 4.16666666666667e-05 4.16666666666667e-05 0.000208333333333333 4.16666666666667e-05 0.998375 0.000208333333333333 4.16666666666667e-05 0.00025 4.16666666666667e-05 4.16666666666667e-05 4.16666666666667e-05 4.16666666666667e-05 0.000208333333333333 0.000208333333333333; % D D=0.2
0.000208333333333333 4.16666666666667e-05 4.16666666666667e-05 0.000208333333333333 4.16666666666667e-05 4.16666666666667e-05 0.000208333333333333 0.998375 0.00025 4.16666666666667e-05 4.16666666666667e-05 4.16666666666667e-05 4.16666666666667e-05 0.000208333333333333 0.000208333333333333; % F D=0.2
0.000208333333333333 4.16666666666667e-05 4.16666666666667e-05 0.000208333333333333 4.16666666666667e-05 4.16666666666667e-05 0.000208333333333333 4.16666666666667e-05 0.00025 0.998375 4.16666666666667e-05 4.16666666666667e-05 4.16666666666667e-05 0.000208333333333333 0.000208333333333333; % J D=0.2
0.232708333333333 0.000208333333333333 0.000208333333333333 0.174375 0.000208333333333333 0.000208333333333333 0.00104166666666667 0.000208333333333333 0.19125 0.000208333333333333 0.000208333333333333 0.000208333333333333 0.000208333333333333 0.224375 0.174375; % L D=0.2
0.241041666666667 0.000208333333333333 0.000208333333333333 0.257708333333333 0.000208333333333333 0.000208333333333333 0.099375 0.000208333333333333 0.224583333333333 0.000208333333333333 0.000208333333333333 0.000208333333333333 0.000208333333333333 0.174375 0.00104166666666667; % M D=0.2
0.000208333333333333 4.16666666666667e-05 4.16666666666667e-05 0.000208333333333333 0.998375 4.16666666666667e-05 0.000208333333333333 4.16666666666667e-05 0.00025 4.16666666666667e-05 4.16666666666667e-05 4.16666666666667e-05 4.16666666666667e-05 0.000208333333333333 0.000208333333333333; % N D=0.2
0.000208333333333333 4.16666666666667e-05 4.16666666666667e-05 0.000208333333333333 4.16666666666667e-05 4.16666666666667e-05 0.000208333333333333 4.16666666666667e-05 0.00025 4.16666666666667e-05 4.16666666666667e-05 4.16666666666667e-05 0.998375 0.000208333333333333 0.000208333333333333; % T D=0.2
0.000208333333333333 4.16666666666667e-05 4.16666666666667e-05 0.000208333333333333 4.16666666666667e-05 4.16666666666667e-05 0.000208333333333333 4.16666666666667e-05 0.00025 4.16666666666667e-05 4.16666666666667e-05 0.998375 4.16666666666667e-05 0.000208333333333333 0.000208333333333333; % V D=0.2
0.216041666666667 0.000208333333333333 0.000208333333333333 0.00104166666666667 0.000208333333333333 0.000208333333333333 0.199375 0.000208333333333333 0.21625 0.000208333333333333 0.000208333333333333 0.000208333333333333 0.000208333333333333 0.199375 0.166041666666667; % b D=0.2
0.21625 0.00025 0.00025 0.149583333333333 0.00025 0.00025 0.199583333333333 0.00025 0.00816666666666667 0.00025 0.00025 0.00025 0.00025 0.257916666666667 0.16625; % f D=0.2
0.000208333333333333 4.16666666666667e-05 4.16666666666667e-05 0.000208333333333333 4.16666666666667e-05 4.16666666666667e-05 0.000208333333333333 4.16666666666667e-05 0.00025 4.16666666666667e-05 0.998375 4.16666666666667e-05 4.16666666666667e-05 0.000208333333333333 0.000208333333333333; % g D=0.2
