syllables = '$BLRTVgnrv';
discounts = [0.1 0.2 0.3 0.4 0.5 0.6 0.7 0.8 0.9 0.95];
kn_probs = [0.000285714285714286 0.319714285714286 9.52380952380953e-05 9.52380952380953e-05 9.52380952380953e-05 0.379714285714286 9.52380952380953e-05 0.299714285714286 9.52380952380953e-05 9.52380952380953e-05; % $ D=0.1
7.14285714285714e-05 9.52380952380952e-05 2.38095238095238e-05 2.38095238095238e-05 2.38095238095238e-05 9.52380952380952e-05 2.38095238095238e-05 9.52380952380952e-05 2.38095238095238e-05 0.99952380952381; % B D=0.1
7.14285714285714e-05 9.52380952380952e-05 2.38095238095238e-05 2.38095238095238e-05 2.38095238095238e-05 9.52380952380952e-05 2.38095238095238e-05 9.52380952380952e-05 0.99952380952381 2.38095238095238e-05; % L D=0.1
7.14285714285714e-05 9.52380952380952e-05 2.38095238095238e-05 2.38095238095238e-05 0.99952380952381 9.52380952380952e-05 2.38095238095238e-05 9.52380952380952e-05 2.38095238095238e-05 2.38095238095238e-05; % R D=0.1
0.274785714285714 0.274880952380952 9.52380952380952e-05 9.52380952380952e-05 9.52380952380952e-05 0.234880952380952 9.52380952380952e-05 0.214880952380952 9.52380952380952e-05 9.52380952380952e-05; % T D=0.1
7.14285714285714e-05 9.52380952380952e-05 0.99952380952381 2.38095238095238e-05 2.38095238095238e-05 9.52380952380952e-05 2.38095238095238e-05 9.52380952380952e-05 2.38095238095238e-05 2.38095238095238e-05; % V D=0.1
7.14285714285714e-05 9.52380952380952e-05 2.38095238095238e-05 0.99952380952381 2.38095238095238e-05 9.52380952380952e-05 2.38095238095238e-05 9.52380952380952e-05 2.38095238095238e-05 2.38095238095238e-05; % g D=0.1
7.14285714285714e-05 9.52380952380952e-05 2.38095238095238e-05 2.38095238095238e-05 2.38095238095238e-05 9.52380952380952e-05 0.99952380952381 9.52380952380952e-05 2.38095238095238e-05 2.38095238095238e-05; % n D=0.1
0.224785714285714 0.234880952380952 9.52380952380952e-05 9.52380952380952e-05 9.52380952380952e-05 0.244880952380952 9.52380952380952e-05 0.294880952380952 9.52380952380952e-05 9.52380952380952e-05; % r D=0.1
0.249785714285714 0.249880952380952 9.52380952380952e-05 9.52380952380952e-05 9.52380952380952e-05 0.234880952380952 9.52380952380952e-05 0.264880952380952 9.52380952380952e-05 9.52380952380952e-05; % v D=0.1
0.000571428571428571 0.319428571428571 0.000190476190476191 0.000190476190476191 0.000190476190476191 0.379428571428571 0.000190476190476191 0.299428571428571 0.000190476190476191 0.000190476190476191; % $ D=0.2
0.000142857142857143 0.00019047619047619 4.76190476190476e-05 4.76190476190476e-05 4.76190476190476e-05 0.00019047619047619 4.76190476190476e-05 0.00019047619047619 4.76190476190476e-05 0.999047619047619; % B D=0.2
0.000142857142857143 0.00019047619047619 4.76190476190476e-05 4.76190476190476e-05 4.76190476190476e-05 0.00019047619047619 4.76190476190476e-05 0.00019047619047619 0.999047619047619 4.76190476190476e-05; % L D=0.2
0.000142857142857143 0.00019047619047619 4.76190476190476e-05 4.76190476190476e-05 0.999047619047619 0.00019047619047619 4.76190476190476e-05 0.00019047619047619 4.76190476190476e-05 4.76190476190476e-05; % R D=0.2
0.274571428571429 0.274761904761905 0.00019047619047619 0.00019047619047619 0.00019047619047619 0.234761904761905 0.00019047619047619 0.214761904761905 0.00019047619047619 0.00019047619047619; % T D=0.2
0.000142857142857143 0.00019047619047619 0.999047619047619 4.76190476190476e-05 4.76190476190476e-05 0.00019047619047619 4.76190476190476e-05 0.00019047619047619 4.76190476190476e-05 4.76190476190476e-05; % V D=0.2
0.000142857142857143 0.00019047619047619 4.76190476190476e-05 0.999047619047619 4.76190476190476e-05 0.00019047619047619 4.76190476190476e-05 0.00019047619047619 4.76190476190476e-05 4.76190476190476e-05; % g D=0.2
0.000142857142857143 0.00019047619047619 4.76190476190476e-05 4.76190476190476e-05 4.76190476190476e-05 0.00019047619047619 0.999047619047619 0.00019047619047619 4.76190476190476e-05 4.76190476190476e-05; % n D=0.2
0.224571428571429 0.234761904761905 0.00019047619047619 0.00019047619047619 0.00019047619047619 0.244761904761905 0.00019047619047619 0.294761904761905 0.00019047619047619 0.00019047619047619; % r D=0.2
0.249571428571429 0.249761904761905 0.00019047619047619 0.00019047619047619 0.00019047619047619 0.234761904761905 0.00019047619047619 0.264761904761905 0.00019047619047619 0.00019047619047619; % v D=0.2
0.000857142857142857 0.319142857142857 0.000285714285714286 0.000285714285714286 0.000285714285714286 0.379142857142857 0.000285714285714286 0.299142857142857 0.000285714285714286 0.000285714285714286; % $ D=0.3
0.000214285714285714 0.000285714285714286 7.14285714285714e-05 7.14285714285714e-05 7.14285714285714e-05 0.000285714285714286 7.14285714285714e-05 0.000285714285714286 7.14285714285714e-05 0.998571428571429; % B D=0.3
0.000214285714285714 0.000285714285714286 7.14285714285714e-05 7.14285714285714e-05 7.14285714285714e-05 0.000285714285714286 7.14285714285714e-05 0.000285714285714286 0.998571428571429 7.14285714285714e-05; % L D=0.3
0.000214285714285714 0.000285714285714286 7.14285714285714e-05 7.14285714285714e-05 0.998571428571429 0.000285714285714286 7.14285714285714e-05 0.000285714285714286 7.14285714285714e-05 7.14285714285714e-05; % R D=0.3
0.274357142857143 0.274642857142857 0.000285714285714286 0.000285714285714286 0.000285714285714286 0.234642857142857 0.000285714285714286 0.214642857142857 0.000285714285714286 0.000285714285714286; % T D=0.3
0.000214285714285714 0.000285714285714286 0.998571428571429 7.14285714285714e-05 7.14285714285714e-05 0.000285714285714286 7.14285714285714e-05 0.000285714285714286 7.14285714285714e-05 7.14285714285714e-05; % V D=0.3
0.000214285714285714 0.000285714285714286 7.14285714285714e-05 0.998571428571429 7.14285714285714e-05 0.000285714285714286 7.14285714285714e-05 0.000285714285714286 7.14285714285714e-05 7.14285714285714e-05; % g D=0.3
0.000214285714285714 0.000285714285714286 7.14285714285714e-05 7.14285714285714e-05 7.14285714285714e-05 0.000285714285714286 0.998571428571429 0.000285714285714286 7.14285714285714e-05 7.14285714285714e-05; % n D=0.3
0.224357142857143 0.234642857142857 0.000285714285714286 0.000285714285714286 0.000285714285714286 0.244642857142857 0.000285714285714286 0.294642857142857 0.000285714285714286 0.000285714285714286; % r D=0.3
0.249357142857143 0.249642857142857 0.000285714285714286 0.000285714285714286 0.000285714285714286 0.234642857142857 0.000285714285714286 0.264642857142857 0.000285714285714286 0.000285714285714286; % v D=0.3
0.00114285714285714 0.318857142857143 0.000380952380952381 0.000380952380952381 0.000380952380952381 0.378857142857143 0.000380952380952381 0.298857142857143 0.000380952380952381 0.000380952380952381; % $ D=0.4
0.000285714285714286 0.000380952380952381 9.52380952380952e-05 9.52380952380952e-05 9.52380952380952e-05 0.000380952380952381 9.52380952380952e-05 0.000380952380952381 9.52380952380952e-05 0.998095238095238; % B D=0.4
0.000285714285714286 0.000380952380952381 9.52380952380952e-05 9.52380952380952e-05 9.52380952380952e-05 0.000380952380952381 9.52380952380952e-05 0.000380952380952381 0.998095238095238 9.52380952380952e-05; % L D=0.4
0.000285714285714286 0.000380952380952381 9.52380952380952e-05 9.52380952380952e-05 0.998095238095238 0.000380952380952381 9.52380952380952e-05 0.000380952380952381 9.52380952380952e-05 9.52380952380952e-05; % R D=0.4
0.274142857142857 0.27452380952381 0.000380952380952381 0.000380952380952381 0.000380952380952381 0.23452380952381 0.000380952380952381 0.21452380952381 0.000380952380952381 0.000380952380952381; % T D=0.4
0.000285714285714286 0.000380952380952381 0.998095238095238 9.52380952380952e-05 9.52380952380952e-05 0.000380952380952381 9.52380952380952e-05 0.000380952380952381 9.52380952380952e-05 9.52380952380952e-05; % V D=0.4
0.000285714285714286 0.000380952380952381 9.52380952380952e-05 0.998095238095238 9.52380952380952e-05 0.000380952380952381 9.52380952380952e-05 0.000380952380952381 9.52380952380952e-05 9.52380952380952e-05; % g D=0.4
0.000285714285714286 0.000380952380952381 9.52380952380952e-05 9.52380952380952e-05 9.52380952380952e-05 0.000380952380952381 0.998095238095238 0.000380952380952381 9.52380952380952e-05 9.52380952380952e-05; % n D=0.4
0.224142857142857 0.23452380952381 0.000380952380952381 0.000380952380952381 0.000380952380952381 0.24452380952381 0.000380952380952381 0.29452380952381 0.000380952380952381 0.000380952380952381; % r D=0.4
0.249142857142857 0.24952380952381 0.000380952380952381 0.000380952380952381 0.000380952380952381 0.23452380952381 0.000380952380952381 0.26452380952381 0.000380952380952381 0.000380952380952381; % v D=0.4
0.00142857142857143 0.318571428571429 0.000476190476190476 0.000476190476190476 0.000476190476190476 0.378571428571429 0.000476190476190476 0.298571428571429 0.000476190476190476 0.000476190476190476; % $ D=0.5
0.000357142857142857 0.000476190476190476 0.000119047619047619 0.000119047619047619 0.000119047619047619 0.000476190476190476 0.000119047619047619 0.000476190476190476 0.000119047619047619 0.997619047619048; % B D=0.5
0.000357142857142857 0.000476190476190476 0.000119047619047619 0.000119047619047619 0.000119047619047619 0.000476190476190476 0.000119047619047619 0.000476190476190476 0.997619047619048 0.000119047619047619; % L D=0.5
0.000357142857142857 0.000476190476190476 0.000119047619047619 0.000119047619047619 0.997619047619048 0.000476190476190476 0.000119047619047619 0.000476190476190476 0.000119047619047619 0.000119047619047619; % R D=0.5
0.273928571428571 0.274404761904762 0.000476190476190476 0.000476190476190476 0.000476190476190476 0.234404761904762 0.000476190476190476 0.214404761904762 0.000476190476190476 0.000476190476190476; % T D=0.5
0.000357142857142857 0.000476190476190476 0.997619047619048 0.000119047619047619 0.000119047619047619 0.000476190476190476 0.000119047619047619 0.000476190476190476 0.000119047619047619 0.000119047619047619; % V D=0.5
0.000357142857142857 0.000476190476190476 0.000119047619047619 0.997619047619048 0.000119047619047619 0.000476190476190476 0.000119047619047619 0.000476190476190476 0.000119047619047619 0.000119047619047619; % g D=0.5
0.000357142857142857 0.000476190476190476 0.000119047619047619 0.000119047619047619 0.000119047619047619 0.000476190476190476 0.997619047619048 0.000476190476190476 0.000119047619047619 0.000119047619047619; % n D=0.5
0.223928571428571 0.234404761904762 0.000476190476190476 0.000476190476190476 0.000476190476190476 0.244404761904762 0.000476190476190476 0.294404761904762 0.000476190476190476 0.000476190476190476; % r D=0.5
0.248928571428571 0.249404761904762 0.000476190476190476 0.000476190476190476 0.000476190476190476 0.234404761904762 0.000476190476190476 0.264404761904762 0.000476190476190476 0.000476190476190476; % v D=0.5
0.00171428571428571 0.318285714285714 0.000571428571428571 0.000571428571428571 0.000571428571428571 0.378285714285714 0.000571428571428571 0.298285714285714 0.000571428571428571 0.000571428571428571; % $ D=0.6
0.000428571428571429 0.000571428571428571 0.000142857142857143 0.000142857142857143 0.000142857142857143 0.000571428571428571 0.000142857142857143 0.000571428571428571 0.000142857142857143 0.997142857142857; % B D=0.6
0.000428571428571429 0.000571428571428571 0.000142857142857143 0.000142857142857143 0.000142857142857143 0.000571428571428571 0.000142857142857143 0.000571428571428571 0.997142857142857 0.000142857142857143; % L D=0.6
0.000428571428571429 0.000571428571428571 0.000142857142857143 0.000142857142857143 0.997142857142857 0.000571428571428571 0.000142857142857143 0.000571428571428571 0.000142857142857143 0.000142857142857143; % R D=0.6
0.273714285714286 0.274285714285714 0.000571428571428571 0.000571428571428571 0.000571428571428571 0.234285714285714 0.000571428571428571 0.214285714285714 0.000571428571428571 0.000571428571428571; % T D=0.6
0.000428571428571429 0.000571428571428571 0.997142857142857 0.000142857142857143 0.000142857142857143 0.000571428571428571 0.000142857142857143 0.000571428571428571 0.000142857142857143 0.000142857142857143; % V D=0.6
0.000428571428571429 0.000571428571428571 0.000142857142857143 0.997142857142857 0.000142857142857143 0.000571428571428571 0.000142857142857143 0.000571428571428571 0.000142857142857143 0.000142857142857143; % g D=0.6
0.000428571428571429 0.000571428571428571 0.000142857142857143 0.000142857142857143 0.000142857142857143 0.000571428571428571 0.997142857142857 0.000571428571428571 0.000142857142857143 0.000142857142857143; % n D=0.6
0.223714285714286 0.234285714285714 0.000571428571428571 0.000571428571428571 0.000571428571428571 0.244285714285714 0.000571428571428571 0.294285714285714 0.000571428571428571 0.000571428571428571; % r D=0.6
0.248714285714286 0.249285714285714 0.000571428571428571 0.000571428571428571 0.000571428571428571 0.234285714285714 0.000571428571428571 0.264285714285714 0.000571428571428571 0.000571428571428571; % v D=0.6
0.002 0.318 0.000666666666666667 0.000666666666666667 0.000666666666666667 0.378 0.000666666666666667 0.298 0.000666666666666667 0.000666666666666667; % $ D=0.7
0.0005 0.000666666666666667 0.000166666666666667 0.000166666666666667 0.000166666666666667 0.000666666666666667 0.000166666666666667 0.000666666666666667 0.000166666666666667 0.996666666666667; % B D=0.7
0.0005 0.000666666666666667 0.000166666666666667 0.000166666666666667 0.000166666666666667 0.000666666666666667 0.000166666666666667 0.000666666666666667 0.996666666666667 0.000166666666666667; % L D=0.7
0.0005 0.000666666666666667 0.000166666666666667 0.000166666666666667 0.996666666666667 0.000666666666666667 0.000166666666666667 0.000666666666666667 0.000166666666666667 0.000166666666666667; % R D=0.7
0.2735 0.274166666666667 0.000666666666666667 0.000666666666666667 0.000666666666666667 0.234166666666667 0.000666666666666667 0.214166666666667 0.000666666666666667 0.000666666666666667; % T D=0.7
0.0005 0.000666666666666667 0.996666666666667 0.000166666666666667 0.000166666666666667 0.000666666666666667 0.000166666666666667 0.000666666666666667 0.000166666666666667 0.000166666666666667; % V D=0.7
0.0005 0.000666666666666667 0.000166666666666667 0.996666666666667 0.000166666666666667 0.000666666666666667 0.000166666666666667 0.000666666666666667 0.000166666666666667 0.000166666666666667; % g D=0.7
0.0005 0.000666666666666667 0.000166666666666667 0.000166666666666667 0.000166666666666667 0.000666666666666667 0.996666666666667 0.000666666666666667 0.000166666666666667 0.000166666666666667; % n D=0.7
0.2235 0.234166666666667 0.000666666666666667 0.000666666666666667 0.000666666666666667 0.244166666666667 0.000666666666666667 0.294166666666667 0.000666666666666667 0.000666666666666667; % r D=0.7
0.2485 0.249166666666667 0.000666666666666667 0.000666666666666667 0.000666666666666667 0.234166666666667 0.000666666666666667 0.264166666666667 0.000666666666666667 0.000666666666666667; % v D=0.7
0.00228571428571429 0.317714285714286 0.000761904761904762 0.000761904761904762 0.000761904761904762 0.377714285714286 0.000761904761904762 0.297714285714286 0.000761904761904762 0.000761904761904762; % $ D=0.8
0.000571428571428571 0.000761904761904762 0.00019047619047619 0.00019047619047619 0.00019047619047619 0.000761904761904762 0.00019047619047619 0.000761904761904762 0.00019047619047619 0.996190476190476; % B D=0.8
0.000571428571428571 0.000761904761904762 0.00019047619047619 0.00019047619047619 0.00019047619047619 0.000761904761904762 0.00019047619047619 0.000761904761904762 0.996190476190476 0.00019047619047619; % L D=0.8
0.000571428571428571 0.000761904761904762 0.00019047619047619 0.00019047619047619 0.996190476190476 0.000761904761904762 0.00019047619047619 0.000761904761904762 0.00019047619047619 0.00019047619047619; % R D=0.8
0.273285714285714 0.274047619047619 0.000761904761904762 0.000761904761904762 0.000761904761904762 0.234047619047619 0.000761904761904762 0.214047619047619 0.000761904761904762 0.000761904761904762; % T D=0.8
0.000571428571428571 0.000761904761904762 0.996190476190476 0.00019047619047619 0.00019047619047619 0.000761904761904762 0.00019047619047619 0.000761904761904762 0.00019047619047619 0.00019047619047619; % V D=0.8
0.000571428571428571 0.000761904761904762 0.00019047619047619 0.996190476190476 0.00019047619047619 0.000761904761904762 0.00019047619047619 0.000761904761904762 0.00019047619047619 0.00019047619047619; % g D=0.8
0.000571428571428571 0.000761904761904762 0.00019047619047619 0.00019047619047619 0.00019047619047619 0.000761904761904762 0.996190476190476 0.000761904761904762 0.00019047619047619 0.00019047619047619; % n D=0.8
0.223285714285714 0.234047619047619 0.000761904761904762 0.000761904761904762 0.000761904761904762 0.244047619047619 0.000761904761904762 0.294047619047619 0.000761904761904762 0.000761904761904762; % r D=0.8
0.248285714285714 0.249047619047619 0.000761904761904762 0.000761904761904762 0.000761904761904762 0.234047619047619 0.000761904761904762 0.264047619047619 0.000761904761904762 0.000761904761904762; % v D=0.8
0.00257142857142857 0.317428571428571 0.000857142857142857 0.000857142857142857 0.000857142857142857 0.377428571428571 0.000857142857142857 0.297428571428571 0.000857142857142857 0.000857142857142857; % $ D=0.9
0.000642857142857143 0.000857142857142857 0.000214285714285714 0.000214285714285714 0.000214285714285714 0.000857142857142857 0.000214285714285714 0.000857142857142857 0.000214285714285714 0.995714285714286; % B D=0.9
0.000642857142857143 0.000857142857142857 0.000214285714285714 0.000214285714285714 0.000214285714285714 0.000857142857142857 0.000214285714285714 0.000857142857142857 0.995714285714286 0.000214285714285714; % L D=0.9
0.000642857142857143 0.000857142857142857 0.000214285714285714 0.000214285714285714 0.995714285714286 0.000857142857142857 0.000214285714285714 0.000857142857142857 0.000214285714285714 0.000214285714285714; % R D=0.9
0.273071428571429 0.273928571428571 0.000857142857142857 0.000857142857142857 0.000857142857142857 0.233928571428571 0.000857142857142857 0.213928571428571 0.000857142857142857 0.000857142857142857; % T D=0.9
0.000642857142857143 0.000857142857142857 0.995714285714286 0.000214285714285714 0.000214285714285714 0.000857142857142857 0.000214285714285714 0.000857142857142857 0.000214285714285714 0.000214285714285714; % V D=0.9
0.000642857142857143 0.000857142857142857 0.000214285714285714 0.995714285714286 0.000214285714285714 0.000857142857142857 0.000214285714285714 0.000857142857142857 0.000214285714285714 0.000214285714285714; % g D=0.9
0.000642857142857143 0.000857142857142857 0.000214285714285714 0.000214285714285714 0.000214285714285714 0.000857142857142857 0.995714285714286 0.000857142857142857 0.000214285714285714 0.000214285714285714; % n D=0.9
0.223071428571429 0.233928571428571 0.000857142857142857 0.000857142857142857 0.000857142857142857 0.243928571428571 0.000857142857142857 0.293928571428571 0.000857142857142857 0.000857142857142857; % r D=0.9
0.248071428571429 0.248928571428571 0.000857142857142857 0.000857142857142857 0.000857142857142857 0.233928571428571 0.000857142857142857 0.263928571428571 0.000857142857142857 0.000857142857142857; % v D=0.9
0.00271428571428571 0.317285714285714 0.000904761904761905 0.000904761904761905 0.000904761904761905 0.377285714285714 0.000904761904761905 0.297285714285714 0.000904761904761905 0.000904761904761905; % $ D=0.95
0.000678571428571428 0.000904761904761905 0.000226190476190476 0.000226190476190476 0.000226190476190476 0.000904761904761905 0.000226190476190476 0.000904761904761905 0.000226190476190476 0.995476190476191; % B D=0.95
0.000678571428571428 0.000904761904761905 0.000226190476190476 0.000226190476190476 0.000226190476190476 0.000904761904761905 0.000226190476190476 0.000904761904761905 0.995476190476191 0.000226190476190476; % L D=0.95
0.000678571428571428 0.000904761904761905 0.000226190476190476 0.000226190476190476 0.995476190476191 0.000904761904761905 0.000226190476190476 0.000904761904761905 0.000226190476190476 0.000226190476190476; % R D=0.95
0.272964285714286 0.273869047619048 0.000904761904761905 0.000904761904761905 0.000904761904761905 0.233869047619048 0.000904761904761905 0.213869047619048 0.000904761904761905 0.000904761904761905; % T D=0.95
0.000678571428571428 0.000904761904761905 0.995476190476191 0.000226190476190476 0.000226190476190476 0.000904761904761905 0.000226190476190476 0.000904761904761905 0.000226190476190476 0.000226190476190476; % V D=0.95
0.000678571428571428 0.000904761904761905 0.000226190476190476 0.995476190476191 0.000226190476190476 0.000904761904761905 0.000226190476190476 0.000904761904761905 0.000226190476190476 0.000226190476190476; % g D=0.95
0.000678571428571428 0.000904761904761905 0.000226190476190476 0.000226190476190476 0.000226190476190476 0.000904761904761905 0.995476190476191 0.000904761904761905 0.000226190476190476 0.000226190476190476; % n D=0.95
0.222964285714286 0.233869047619048 0.000904761904761905 0.000904761904761905 0.000904761904761905 0.243869047619048 0.000904761904761905 0.293869047619048 0.000904761904761905 0.000904761904761905; % r D=0.95
0.247964285714286 0.248869047619048 0.000904761904761905 0.000904761904761905 0.000904761904761905 0.233869047619048 0.000904761904761905 0.263869047619048 0.000904761904761905 0.000904761904761905]; % v D=0.95
