syllables = '$BDFLVdgmtvz';
discounts = [0.1 0.2 0.3 0.4 0.5 0.6 0.7 0.8 0.9 0.95];
kn_probs = [0.000395061728395062 9.87654320987654e-05 9.87654320987654e-05 0.253061728395062 0.213061728395062 0.306395061728395 9.87654320987654e-05 9.87654320987654e-05 9.87654320987654e-05 0.226395061728395 9.87654320987654e-05 9.87654320987654e-05; % $ D=0.1
0.239728395061728 9.87654320987654e-05 9.87654320987654e-05 0.213061728395062 0.000395061728395062 0.273061728395062 9.87654320987654e-05 9.87654320987654e-05 9.87654320987654e-05 0.273061728395062 9.87654320987654e-05 9.87654320987654e-05; % B D=0.1
9.87654320987654e-05 2.46913580246914e-05 2.46913580246914e-05 9.87654320987654e-05 9.87654320987654e-05 9.87654320987654e-05 2.46913580246914e-05 2.46913580246914e-05 2.46913580246914e-05 9.87654320987654e-05 0.999358024691358 2.46913580246914e-05; % D D=0.1
9.87654320987654e-05 2.46913580246914e-05 2.46913580246914e-05 9.87654320987654e-05 9.87654320987654e-05 9.87654320987654e-05 2.46913580246914e-05 2.46913580246914e-05 2.46913580246914e-05 9.87654320987654e-05 2.46913580246914e-05 0.999358024691358; % F D=0.1
9.87654320987654e-05 2.46913580246914e-05 2.46913580246914e-05 9.87654320987654e-05 9.87654320987654e-05 9.87654320987654e-05 2.46913580246914e-05 0.999358024691358 2.46913580246914e-05 9.87654320987654e-05 2.46913580246914e-05 2.46913580246914e-05; % L D=0.1
9.87654320987654e-05 2.46913580246914e-05 2.46913580246914e-05 9.87654320987654e-05 9.87654320987654e-05 9.87654320987654e-05 0.999358024691358 2.46913580246914e-05 2.46913580246914e-05 9.87654320987654e-05 2.46913580246914e-05 2.46913580246914e-05; % V D=0.1
9.87654320987654e-05 2.46913580246914e-05 0.999358024691358 9.87654320987654e-05 9.87654320987654e-05 9.87654320987654e-05 2.46913580246914e-05 2.46913580246914e-05 2.46913580246914e-05 9.87654320987654e-05 2.46913580246914e-05 2.46913580246914e-05; % d D=0.1
9.87654320987654e-05 0.999358024691358 2.46913580246914e-05 9.87654320987654e-05 9.87654320987654e-05 9.87654320987654e-05 2.46913580246914e-05 2.46913580246914e-05 2.46913580246914e-05 9.87654320987654e-05 2.46913580246914e-05 2.46913580246914e-05; % g D=0.1
0.239728395061728 9.87654320987654e-05 9.87654320987654e-05 0.273061728395062 0.253061728395062 0.233061728395062 9.87654320987654e-05 9.87654320987654e-05 9.87654320987654e-05 0.000395061728395062 9.87654320987654e-05 9.87654320987654e-05; % m D=0.1
9.87654320987654e-05 2.46913580246914e-05 2.46913580246914e-05 9.87654320987654e-05 9.87654320987654e-05 9.87654320987654e-05 2.46913580246914e-05 2.46913580246914e-05 0.999358024691358 9.87654320987654e-05 2.46913580246914e-05 2.46913580246914e-05; % t D=0.1
0.266395061728395 9.87654320987654e-05 9.87654320987654e-05 0.259728395061728 0.233061728395062 0.000395061728395062 9.87654320987654e-05 9.87654320987654e-05 9.87654320987654e-05 0.239728395061728 9.87654320987654e-05 9.87654320987654e-05; % v D=0.1
0.253061728395062 9.87654320987654e-05 9.87654320987654e-05 0.000395061728395062 0.299728395061728 0.186395061728395 9.87654320987654e-05 9.87654320987654e-05 9.87654320987654e-05 0.259728395061728 9.87654320987654e-05 9.87654320987654e-05; % z D=0.1
0.000790123456790124 0.000197530864197531 0.000197530864197531 0.25279012345679 0.21279012345679 0.306123456790123 0.000197530864197531 0.000197530864197531 0.000197530864197531 0.226123456790123 0.000197530864197531 0.000197530864197531; % $ D=0.2
0.239456790123457 0.000197530864197531 0.000197530864197531 0.21279012345679 0.000790123456790124 0.27279012345679 0.000197530864197531 0.000197530864197531 0.000197530864197531 0.27279012345679 0.000197530864197531 0.000197530864197531; % B D=0.2
0.000197530864197531 4.93827160493827e-05 4.93827160493827e-05 0.000197530864197531 0.000197530864197531 0.000197530864197531 4.93827160493827e-05 4.93827160493827e-05 4.93827160493827e-05 0.000197530864197531 0.998716049382716 4.93827160493827e-05; % D D=0.2
0.000197530864197531 4.93827160493827e-05 4.93827160493827e-05 0.000197530864197531 0.000197530864197531 0.000197530864197531 4.93827160493827e-05 4.93827160493827e-05 4.93827160493827e-05 0.000197530864197531 4.93827160493827e-05 0.998716049382716; % F D=0.2
0.000197530864197531 4.93827160493827e-05 4.93827160493827e-05 0.000197530864197531 0.000197530864197531 0.000197530864197531 4.93827160493827e-05 0.998716049382716 4.93827160493827e-05 0.000197530864197531 4.93827160493827e-05 4.93827160493827e-05; % L D=0.2
0.000197530864197531 4.93827160493827e-05 4.93827160493827e-05 0.000197530864197531 0.000197530864197531 0.000197530864197531 0.998716049382716 4.93827160493827e-05 4.93827160493827e-05 0.000197530864197531 4.93827160493827e-05 4.93827160493827e-05; % V D=0.2
0.000197530864197531 4.93827160493827e-05 0.998716049382716 0.000197530864197531 0.000197530864197531 0.000197530864197531 4.93827160493827e-05 4.93827160493827e-05 4.93827160493827e-05 0.000197530864197531 4.93827160493827e-05 4.93827160493827e-05; % d D=0.2
0.000197530864197531 0.998716049382716 4.93827160493827e-05 0.000197530864197531 0.000197530864197531 0.000197530864197531 4.93827160493827e-05 4.93827160493827e-05 4.93827160493827e-05 0.000197530864197531 4.93827160493827e-05 4.93827160493827e-05; % g D=0.2
0.239456790123457 0.000197530864197531 0.000197530864197531 0.27279012345679 0.25279012345679 0.23279012345679 0.000197530864197531 0.000197530864197531 0.000197530864197531 0.000790123456790124 0.000197530864197531 0.000197530864197531; % m D=0.2
0.000197530864197531 4.93827160493827e-05 4.93827160493827e-05 0.000197530864197531 0.000197530864197531 0.000197530864197531 4.93827160493827e-05 4.93827160493827e-05 0.998716049382716 0.000197530864197531 4.93827160493827e-05 4.93827160493827e-05; % t D=0.2
0.266123456790123 0.000197530864197531 0.000197530864197531 0.259456790123457 0.23279012345679 0.000790123456790124 0.000197530864197531 0.000197530864197531 0.000197530864197531 0.239456790123457 0.000197530864197531 0.000197530864197531; % v D=0.2
0.25279012345679 0.000197530864197531 0.000197530864197531 0.000790123456790124 0.299456790123457 0.186123456790123 0.000197530864197531 0.000197530864197531 0.000197530864197531 0.259456790123457 0.000197530864197531 0.000197530864197531; % z D=0.2
0.00118518518518519 0.000296296296296296 0.000296296296296296 0.252518518518519 0.212518518518518 0.305851851851852 0.000296296296296296 0.000296296296296296 0.000296296296296296 0.225851851851852 0.000296296296296296 0.000296296296296296; % $ D=0.3
0.239185185185185 0.000296296296296296 0.000296296296296296 0.212518518518518 0.00118518518518519 0.272518518518519 0.000296296296296296 0.000296296296296296 0.000296296296296296 0.272518518518519 0.000296296296296296 0.000296296296296296; % B D=0.3
0.000296296296296296 7.40740740740741e-05 7.40740740740741e-05 0.000296296296296296 0.000296296296296296 0.000296296296296296 7.40740740740741e-05 7.40740740740741e-05 7.40740740740741e-05 0.000296296296296296 0.998074074074074 7.40740740740741e-05; % D D=0.3
0.000296296296296296 7.40740740740741e-05 7.40740740740741e-05 0.000296296296296296 0.000296296296296296 0.000296296296296296 7.40740740740741e-05 7.40740740740741e-05 7.40740740740741e-05 0.000296296296296296 7.40740740740741e-05 0.998074074074074; % F D=0.3
0.000296296296296296 7.40740740740741e-05 7.40740740740741e-05 0.000296296296296296 0.000296296296296296 0.000296296296296296 7.40740740740741e-05 0.998074074074074 7.40740740740741e-05 0.000296296296296296 7.40740740740741e-05 7.40740740740741e-05; % L D=0.3
0.000296296296296296 7.40740740740741e-05 7.40740740740741e-05 0.000296296296296296 0.000296296296296296 0.000296296296296296 0.998074074074074 7.40740740740741e-05 7.40740740740741e-05 0.000296296296296296 7.40740740740741e-05 7.40740740740741e-05; % V D=0.3
0.000296296296296296 7.40740740740741e-05 0.998074074074074 0.000296296296296296 0.000296296296296296 0.000296296296296296 7.40740740740741e-05 7.40740740740741e-05 7.40740740740741e-05 0.000296296296296296 7.40740740740741e-05 7.40740740740741e-05; % d D=0.3
0.000296296296296296 0.998074074074074 7.40740740740741e-05 0.000296296296296296 0.000296296296296296 0.000296296296296296 7.40740740740741e-05 7.40740740740741e-05 7.40740740740741e-05 0.000296296296296296 7.40740740740741e-05 7.40740740740741e-05; % g D=0.3
0.239185185185185 0.000296296296296296 0.000296296296296296 0.272518518518519 0.252518518518519 0.232518518518519 0.000296296296296296 0.000296296296296296 0.000296296296296296 0.00118518518518519 0.000296296296296296 0.000296296296296296; % m D=0.3
0.000296296296296296 7.40740740740741e-05 7.40740740740741e-05 0.000296296296296296 0.000296296296296296 0.000296296296296296 7.40740740740741e-05 7.40740740740741e-05 0.998074074074074 0.000296296296296296 7.40740740740741e-05 7.40740740740741e-05; % t D=0.3
0.265851851851852 0.000296296296296296 0.000296296296296296 0.259185185185185 0.232518518518519 0.00118518518518519 0.000296296296296296 0.000296296296296296 0.000296296296296296 0.239185185185185 0.000296296296296296 0.000296296296296296; % v D=0.3
0.252518518518519 0.000296296296296296 0.000296296296296296 0.00118518518518519 0.299185185185185 0.185851851851852 0.000296296296296296 0.000296296296296296 0.000296296296296296 0.259185185185185 0.000296296296296296 0.000296296296296296; % z D=0.3
0.00158024691358025 0.000395061728395062 0.000395061728395062 0.252246913580247 0.212246913580247 0.30558024691358 0.000395061728395062 0.000395061728395062 0.000395061728395062 0.22558024691358 0.000395061728395062 0.000395061728395062; % $ D=0.4
0.238913580246914 0.000395061728395062 0.000395061728395062 0.212246913580247 0.00158024691358025 0.272246913580247 0.000395061728395062 0.000395061728395062 0.000395061728395062 0.272246913580247 0.000395061728395062 0.000395061728395062; % B D=0.4
0.000395061728395062 9.87654320987654e-05 9.87654320987654e-05 0.000395061728395062 0.000395061728395062 0.000395061728395062 9.87654320987654e-05 9.87654320987654e-05 9.87654320987654e-05 0.000395061728395062 0.997432098765432 9.87654320987654e-05; % D D=0.4
0.000395061728395062 9.87654320987654e-05 9.87654320987654e-05 0.000395061728395062 0.000395061728395062 0.000395061728395062 9.87654320987654e-05 9.87654320987654e-05 9.87654320987654e-05 0.000395061728395062 9.87654320987654e-05 0.997432098765432; % F D=0.4
0.000395061728395062 9.87654320987654e-05 9.87654320987654e-05 0.000395061728395062 0.000395061728395062 0.000395061728395062 9.87654320987654e-05 0.997432098765432 9.87654320987654e-05 0.000395061728395062 9.87654320987654e-05 9.87654320987654e-05; % L D=0.4
0.000395061728395062 9.87654320987654e-05 9.87654320987654e-05 0.000395061728395062 0.000395061728395062 0.000395061728395062 0.997432098765432 9.87654320987654e-05 9.87654320987654e-05 0.000395061728395062 9.87654320987654e-05 9.87654320987654e-05; % V D=0.4
0.000395061728395062 9.87654320987654e-05 0.997432098765432 0.000395061728395062 0.000395061728395062 0.000395061728395062 9.87654320987654e-05 9.87654320987654e-05 9.87654320987654e-05 0.000395061728395062 9.87654320987654e-05 9.87654320987654e-05; % d D=0.4
0.000395061728395062 0.997432098765432 9.87654320987654e-05 0.000395061728395062 0.000395061728395062 0.000395061728395062 9.87654320987654e-05 9.87654320987654e-05 9.87654320987654e-05 0.000395061728395062 9.87654320987654e-05 9.87654320987654e-05; % g D=0.4
0.238913580246914 0.000395061728395062 0.000395061728395062 0.272246913580247 0.252246913580247 0.232246913580247 0.000395061728395062 0.000395061728395062 0.000395061728395062 0.00158024691358025 0.000395061728395062 0.000395061728395062; % m D=0.4
0.000395061728395062 9.87654320987654e-05 9.87654320987654e-05 0.000395061728395062 0.000395061728395062 0.000395061728395062 9.87654320987654e-05 9.87654320987654e-05 0.997432098765432 0.000395061728395062 9.87654320987654e-05 9.87654320987654e-05; % t D=0.4
0.26558024691358 0.000395061728395062 0.000395061728395062 0.258913580246914 0.232246913580247 0.00158024691358025 0.000395061728395062 0.000395061728395062 0.000395061728395062 0.238913580246914 0.000395061728395062 0.000395061728395062; % v D=0.4
0.252246913580247 0.000395061728395062 0.000395061728395062 0.00158024691358025 0.298913580246914 0.18558024691358 0.000395061728395062 0.000395061728395062 0.000395061728395062 0.258913580246914 0.000395061728395062 0.000395061728395062; % z D=0.4
0.00197530864197531 0.000493827160493827 0.000493827160493827 0.251975308641975 0.211975308641975 0.305308641975309 0.000493827160493827 0.000493827160493827 0.000493827160493827 0.225308641975309 0.000493827160493827 0.000493827160493827; % $ D=0.5
0.238641975308642 0.000493827160493827 0.000493827160493827 0.211975308641975 0.00197530864197531 0.271975308641975 0.000493827160493827 0.000493827160493827 0.000493827160493827 0.271975308641975 0.000493827160493827 0.000493827160493827; % B D=0.5
0.000493827160493827 0.000123456790123457 0.000123456790123457 0.000493827160493827 0.000493827160493827 0.000493827160493827 0.000123456790123457 0.000123456790123457 0.000123456790123457 0.000493827160493827 0.99679012345679 0.000123456790123457; % D D=0.5
0.000493827160493827 0.000123456790123457 0.000123456790123457 0.000493827160493827 0.000493827160493827 0.000493827160493827 0.000123456790123457 0.000123456790123457 0.000123456790123457 0.000493827160493827 0.000123456790123457 0.99679012345679; % F D=0.5
0.000493827160493827 0.000123456790123457 0.000123456790123457 0.000493827160493827 0.000493827160493827 0.000493827160493827 0.000123456790123457 0.99679012345679 0.000123456790123457 0.000493827160493827 0.000123456790123457 0.000123456790123457; % L D=0.5
0.000493827160493827 0.000123456790123457 0.000123456790123457 0.000493827160493827 0.000493827160493827 0.000493827160493827 0.99679012345679 0.000123456790123457 0.000123456790123457 0.000493827160493827 0.000123456790123457 0.000123456790123457; % V D=0.5
0.000493827160493827 0.000123456790123457 0.99679012345679 0.000493827160493827 0.000493827160493827 0.000493827160493827 0.000123456790123457 0.000123456790123457 0.000123456790123457 0.000493827160493827 0.000123456790123457 0.000123456790123457; % d D=0.5
0.000493827160493827 0.99679012345679 0.000123456790123457 0.000493827160493827 0.000493827160493827 0.000493827160493827 0.000123456790123457 0.000123456790123457 0.000123456790123457 0.000493827160493827 0.000123456790123457 0.000123456790123457; % g D=0.5
0.238641975308642 0.000493827160493827 0.000493827160493827 0.271975308641975 0.251975308641975 0.231975308641975 0.000493827160493827 0.000493827160493827 0.000493827160493827 0.00197530864197531 0.000493827160493827 0.000493827160493827; % m D=0.5
0.000493827160493827 0.000123456790123457 0.000123456790123457 0.000493827160493827 0.000493827160493827 0.000493827160493827 0.000123456790123457 0.000123456790123457 0.99679012345679 0.000493827160493827 0.000123456790123457 0.000123456790123457; % t D=0.5
0.265308641975309 0.000493827160493827 0.000493827160493827 0.258641975308642 0.231975308641975 0.00197530864197531 0.000493827160493827 0.000493827160493827 0.000493827160493827 0.238641975308642 0.000493827160493827 0.000493827160493827; % v D=0.5
0.251975308641975 0.000493827160493827 0.000493827160493827 0.00197530864197531 0.298641975308642 0.185308641975309 0.000493827160493827 0.000493827160493827 0.000493827160493827 0.258641975308642 0.000493827160493827 0.000493827160493827; % z D=0.5
0.00237037037037037 0.000592592592592593 0.000592592592592593 0.251703703703704 0.211703703703704 0.305037037037037 0.000592592592592593 0.000592592592592593 0.000592592592592593 0.225037037037037 0.000592592592592593 0.000592592592592593; % $ D=0.6
0.23837037037037 0.000592592592592593 0.000592592592592593 0.211703703703704 0.00237037037037037 0.271703703703704 0.000592592592592593 0.000592592592592593 0.000592592592592593 0.271703703703704 0.000592592592592593 0.000592592592592593; % B D=0.6
0.000592592592592593 0.000148148148148148 0.000148148148148148 0.000592592592592593 0.000592592592592593 0.000592592592592593 0.000148148148148148 0.000148148148148148 0.000148148148148148 0.000592592592592593 0.996148148148148 0.000148148148148148; % D D=0.6
0.000592592592592593 0.000148148148148148 0.000148148148148148 0.000592592592592593 0.000592592592592593 0.000592592592592593 0.000148148148148148 0.000148148148148148 0.000148148148148148 0.000592592592592593 0.000148148148148148 0.996148148148148; % F D=0.6
0.000592592592592593 0.000148148148148148 0.000148148148148148 0.000592592592592593 0.000592592592592593 0.000592592592592593 0.000148148148148148 0.996148148148148 0.000148148148148148 0.000592592592592593 0.000148148148148148 0.000148148148148148; % L D=0.6
0.000592592592592593 0.000148148148148148 0.000148148148148148 0.000592592592592593 0.000592592592592593 0.000592592592592593 0.996148148148148 0.000148148148148148 0.000148148148148148 0.000592592592592593 0.000148148148148148 0.000148148148148148; % V D=0.6
0.000592592592592593 0.000148148148148148 0.996148148148148 0.000592592592592593 0.000592592592592593 0.000592592592592593 0.000148148148148148 0.000148148148148148 0.000148148148148148 0.000592592592592593 0.000148148148148148 0.000148148148148148; % d D=0.6
0.000592592592592593 0.996148148148148 0.000148148148148148 0.000592592592592593 0.000592592592592593 0.000592592592592593 0.000148148148148148 0.000148148148148148 0.000148148148148148 0.000592592592592593 0.000148148148148148 0.000148148148148148; % g D=0.6
0.23837037037037 0.000592592592592593 0.000592592592592593 0.271703703703704 0.251703703703704 0.231703703703704 0.000592592592592593 0.000592592592592593 0.000592592592592593 0.00237037037037037 0.000592592592592593 0.000592592592592593; % m D=0.6
0.000592592592592593 0.000148148148148148 0.000148148148148148 0.000592592592592593 0.000592592592592593 0.000592592592592593 0.000148148148148148 0.000148148148148148 0.996148148148148 0.000592592592592593 0.000148148148148148 0.000148148148148148; % t D=0.6
0.265037037037037 0.000592592592592593 0.000592592592592593 0.25837037037037 0.231703703703704 0.00237037037037037 0.000592592592592593 0.000592592592592593 0.000592592592592593 0.23837037037037 0.000592592592592593 0.000592592592592593; % v D=0.6
0.251703703703704 0.000592592592592593 0.000592592592592593 0.00237037037037037 0.29837037037037 0.185037037037037 0.000592592592592593 0.000592592592592593 0.000592592592592593 0.25837037037037 0.000592592592592593 0.000592592592592593; % z D=0.6
0.00276543209876543 0.000691358024691358 0.000691358024691358 0.251432098765432 0.211432098765432 0.304765432098765 0.000691358024691358 0.000691358024691358 0.000691358024691358 0.224765432098765 0.000691358024691358 0.000691358024691358; % $ D=0.7
0.238098765432099 0.000691358024691358 0.000691358024691358 0.211432098765432 0.00276543209876543 0.271432098765432 0.000691358024691358 0.000691358024691358 0.000691358024691358 0.271432098765432 0.000691358024691358 0.000691358024691358; % B D=0.7
0.000691358024691358 0.000172839506172839 0.000172839506172839 0.000691358024691358 0.000691358024691358 0.000691358024691358 0.000172839506172839 0.000172839506172839 0.000172839506172839 0.000691358024691358 0.995506172839506 0.000172839506172839; % D D=0.7
0.000691358024691358 0.000172839506172839 0.000172839506172839 0.000691358024691358 0.000691358024691358 0.000691358024691358 0.000172839506172839 0.000172839506172839 0.000172839506172839 0.000691358024691358 0.000172839506172839 0.995506172839506; % F D=0.7
0.000691358024691358 0.000172839506172839 0.000172839506172839 0.000691358024691358 0.000691358024691358 0.000691358024691358 0.000172839506172839 0.995506172839506 0.000172839506172839 0.000691358024691358 0.000172839506172839 0.000172839506172839; % L D=0.7
0.000691358024691358 0.000172839506172839 0.000172839506172839 0.000691358024691358 0.000691358024691358 0.000691358024691358 0.995506172839506 0.000172839506172839 0.000172839506172839 0.000691358024691358 0.000172839506172839 0.000172839506172839; % V D=0.7
0.000691358024691358 0.000172839506172839 0.995506172839506 0.000691358024691358 0.000691358024691358 0.000691358024691358 0.000172839506172839 0.000172839506172839 0.000172839506172839 0.000691358024691358 0.000172839506172839 0.000172839506172839; % d D=0.7
0.000691358024691358 0.995506172839506 0.000172839506172839 0.000691358024691358 0.000691358024691358 0.000691358024691358 0.000172839506172839 0.000172839506172839 0.000172839506172839 0.000691358024691358 0.000172839506172839 0.000172839506172839; % g D=0.7
0.238098765432099 0.000691358024691358 0.000691358024691358 0.271432098765432 0.251432098765432 0.231432098765432 0.000691358024691358 0.000691358024691358 0.000691358024691358 0.00276543209876543 0.000691358024691358 0.000691358024691358; % m D=0.7
0.000691358024691358 0.000172839506172839 0.000172839506172839 0.000691358024691358 0.000691358024691358 0.000691358024691358 0.000172839506172839 0.000172839506172839 0.995506172839506 0.000691358024691358 0.000172839506172839 0.000172839506172839; % t D=0.7
0.264765432098765 0.000691358024691358 0.000691358024691358 0.258098765432099 0.231432098765432 0.00276543209876543 0.000691358024691358 0.000691358024691358 0.000691358024691358 0.238098765432099 0.000691358024691358 0.000691358024691358; % v D=0.7
0.251432098765432 0.000691358024691358 0.000691358024691358 0.00276543209876543 0.298098765432099 0.184765432098765 0.000691358024691358 0.000691358024691358 0.000691358024691358 0.258098765432099 0.000691358024691358 0.000691358024691358; % z D=0.7
0.00316049382716049 0.000790123456790124 0.000790123456790124 0.251160493827161 0.21116049382716 0.304493827160494 0.000790123456790124 0.000790123456790124 0.000790123456790124 0.224493827160494 0.000790123456790124 0.000790123456790124; % $ D=0.8
0.237827160493827 0.000790123456790124 0.000790123456790124 0.21116049382716 0.00316049382716049 0.271160493827161 0.000790123456790124 0.000790123456790124 0.000790123456790124 0.271160493827161 0.000790123456790124 0.000790123456790124; % B D=0.8
0.000790123456790124 0.000197530864197531 0.000197530864197531 0.000790123456790124 0.000790123456790124 0.000790123456790124 0.000197530864197531 0.000197530864197531 0.000197530864197531 0.000790123456790124 0.994864197530864 0.000197530864197531; % D D=0.8
0.000790123456790124 0.000197530864197531 0.000197530864197531 0.000790123456790124 0.000790123456790124 0.000790123456790124 0.000197530864197531 0.000197530864197531 0.000197530864197531 0.000790123456790124 0.000197530864197531 0.994864197530864; % F D=0.8
0.000790123456790124 0.000197530864197531 0.000197530864197531 0.000790123456790124 0.000790123456790124 0.000790123456790124 0.000197530864197531 0.994864197530864 0.000197530864197531 0.000790123456790124 0.000197530864197531 0.000197530864197531; % L D=0.8
0.000790123456790124 0.000197530864197531 0.000197530864197531 0.000790123456790124 0.000790123456790124 0.000790123456790124 0.994864197530864 0.000197530864197531 0.000197530864197531 0.000790123456790124 0.000197530864197531 0.000197530864197531; % V D=0.8
0.000790123456790124 0.000197530864197531 0.994864197530864 0.000790123456790124 0.000790123456790124 0.000790123456790124 0.000197530864197531 0.000197530864197531 0.000197530864197531 0.000790123456790124 0.000197530864197531 0.000197530864197531; % d D=0.8
0.000790123456790124 0.994864197530864 0.000197530864197531 0.000790123456790124 0.000790123456790124 0.000790123456790124 0.000197530864197531 0.000197530864197531 0.000197530864197531 0.000790123456790124 0.000197530864197531 0.000197530864197531; % g D=0.8
0.237827160493827 0.000790123456790124 0.000790123456790124 0.271160493827161 0.251160493827161 0.231160493827161 0.000790123456790124 0.000790123456790124 0.000790123456790124 0.00316049382716049 0.000790123456790124 0.000790123456790124; % m D=0.8
0.000790123456790124 0.000197530864197531 0.000197530864197531 0.000790123456790124 0.000790123456790124 0.000790123456790124 0.000197530864197531 0.000197530864197531 0.994864197530864 0.000790123456790124 0.000197530864197531 0.000197530864197531; % t D=0.8
0.264493827160494 0.000790123456790124 0.000790123456790124 0.257827160493827 0.231160493827161 0.00316049382716049 0.000790123456790124 0.000790123456790124 0.000790123456790124 0.237827160493827 0.000790123456790124 0.000790123456790124; % v D=0.8
0.251160493827161 0.000790123456790124 0.000790123456790124 0.00316049382716049 0.297827160493827 0.184493827160494 0.000790123456790124 0.000790123456790124 0.000790123456790124 0.257827160493827 0.000790123456790124 0.000790123456790124; % z D=0.8
0.00355555555555556 0.000888888888888889 0.000888888888888889 0.250888888888889 0.210888888888889 0.304222222222222 0.000888888888888889 0.000888888888888889 0.000888888888888889 0.224222222222222 0.000888888888888889 0.000888888888888889; % $ D=0.9
0.237555555555556 0.000888888888888889 0.000888888888888889 0.210888888888889 0.00355555555555556 0.270888888888889 0.000888888888888889 0.000888888888888889 0.000888888888888889 0.270888888888889 0.000888888888888889 0.000888888888888889; % B D=0.9
0.000888888888888889 0.000222222222222222 0.000222222222222222 0.000888888888888889 0.000888888888888889 0.000888888888888889 0.000222222222222222 0.000222222222222222 0.000222222222222222 0.000888888888888889 0.994222222222222 0.000222222222222222; % D D=0.9
0.000888888888888889 0.000222222222222222 0.000222222222222222 0.000888888888888889 0.000888888888888889 0.000888888888888889 0.000222222222222222 0.000222222222222222 0.000222222222222222 0.000888888888888889 0.000222222222222222 0.994222222222222; % F D=0.9
0.000888888888888889 0.000222222222222222 0.000222222222222222 0.000888888888888889 0.000888888888888889 0.000888888888888889 0.000222222222222222 0.994222222222222 0.000222222222222222 0.000888888888888889 0.000222222222222222 0.000222222222222222; % L D=0.9
0.000888888888888889 0.000222222222222222 0.000222222222222222 0.000888888888888889 0.000888888888888889 0.000888888888888889 0.994222222222222 0.000222222222222222 0.000222222222222222 0.000888888888888889 0.000222222222222222 0.000222222222222222; % V D=0.9
0.000888888888888889 0.000222222222222222 0.994222222222222 0.000888888888888889 0.000888888888888889 0.000888888888888889 0.000222222222222222 0.000222222222222222 0.000222222222222222 0.000888888888888889 0.000222222222222222 0.000222222222222222; % d D=0.9
0.000888888888888889 0.994222222222222 0.000222222222222222 0.000888888888888889 0.000888888888888889 0.000888888888888889 0.000222222222222222 0.000222222222222222 0.000222222222222222 0.000888888888888889 0.000222222222222222 0.000222222222222222; % g D=0.9
0.237555555555556 0.000888888888888889 0.000888888888888889 0.270888888888889 0.250888888888889 0.230888888888889 0.000888888888888889 0.000888888888888889 0.000888888888888889 0.00355555555555556 0.000888888888888889 0.000888888888888889; % m D=0.9
0.000888888888888889 0.000222222222222222 0.000222222222222222 0.000888888888888889 0.000888888888888889 0.000888888888888889 0.000222222222222222 0.000222222222222222 0.994222222222222 0.000888888888888889 0.000222222222222222 0.000222222222222222; % t D=0.9
0.264222222222222 0.000888888888888889 0.000888888888888889 0.257555555555556 0.230888888888889 0.00355555555555556 0.000888888888888889 0.000888888888888889 0.000888888888888889 0.237555555555556 0.000888888888888889 0.000888888888888889; % v D=0.9
0.250888888888889 0.000888888888888889 0.000888888888888889 0.00355555555555556 0.297555555555556 0.184222222222222 0.000888888888888889 0.000888888888888889 0.000888888888888889 0.257555555555556 0.000888888888888889 0.000888888888888889; % z D=0.9
0.00375308641975309 0.000938271604938272 0.000938271604938272 0.250753086419753 0.210753086419753 0.304086419753086 0.000938271604938272 0.000938271604938272 0.000938271604938272 0.224086419753086 0.000938271604938272 0.000938271604938272; % $ D=0.95
0.23741975308642 0.000938271604938272 0.000938271604938272 0.210753086419753 0.00375308641975309 0.270753086419753 0.000938271604938272 0.000938271604938272 0.000938271604938272 0.270753086419753 0.000938271604938272 0.000938271604938272; % B D=0.95
0.000938271604938272 0.000234567901234568 0.000234567901234568 0.000938271604938272 0.000938271604938272 0.000938271604938272 0.000234567901234568 0.000234567901234568 0.000234567901234568 0.000938271604938272 0.993901234567901 0.000234567901234568; % D D=0.95
0.000938271604938272 0.000234567901234568 0.000234567901234568 0.000938271604938272 0.000938271604938272 0.000938271604938272 0.000234567901234568 0.000234567901234568 0.000234567901234568 0.000938271604938272 0.000234567901234568 0.993901234567901; % F D=0.95
0.000938271604938272 0.000234567901234568 0.000234567901234568 0.000938271604938272 0.000938271604938272 0.000938271604938272 0.000234567901234568 0.993901234567901 0.000234567901234568 0.000938271604938272 0.000234567901234568 0.000234567901234568; % L D=0.95
0.000938271604938272 0.000234567901234568 0.000234567901234568 0.000938271604938272 0.000938271604938272 0.000938271604938272 0.993901234567901 0.000234567901234568 0.000234567901234568 0.000938271604938272 0.000234567901234568 0.000234567901234568; % V D=0.95
0.000938271604938272 0.000234567901234568 0.993901234567901 0.000938271604938272 0.000938271604938272 0.000938271604938272 0.000234567901234568 0.000234567901234568 0.000234567901234568 0.000938271604938272 0.000234567901234568 0.000234567901234568; % d D=0.95
0.000938271604938272 0.993901234567901 0.000234567901234568 0.000938271604938272 0.000938271604938272 0.000938271604938272 0.000234567901234568 0.000234567901234568 0.000234567901234568 0.000938271604938272 0.000234567901234568 0.000234567901234568; % g D=0.95
0.23741975308642 0.000938271604938272 0.000938271604938272 0.270753086419753 0.250753086419753 0.230753086419753 0.000938271604938272 0.000938271604938272 0.000938271604938272 0.00375308641975309 0.000938271604938272 0.000938271604938272; % m D=0.95
0.000938271604938272 0.000234567901234568 0.000234567901234568 0.000938271604938272 0.000938271604938272 0.000938271604938272 0.000234567901234568 0.000234567901234568 0.993901234567901 0.000938271604938272 0.000234567901234568 0.000234567901234568; % t D=0.95
0.264086419753086 0.000938271604938272 0.000938271604938272 0.25741975308642 0.230753086419753 0.00375308641975309 0.000938271604938272 0.000938271604938272 0.000938271604938272 0.23741975308642 0.000938271604938272 0.000938271604938272; % v D=0.95
0.250753086419753 0.000938271604938272 0.000938271604938272 0.00375308641975309 0.29741975308642 0.184086419753086 0.000938271604938272 0.000938271604938272 0.000938271604938272 0.25741975308642 0.000938271604938272 0.000938271604938272]; % z D=0.95
