syllables = '$GKLPRVZdkpv';
discounts = [0.1 0.2 0.3 0.4 0.5 0.6 0.7 0.8 0.9 0.95];
kn_probs = [0.000395061728395062 0.226395061728395 0.206395061728395 9.87654320987654e-05 9.87654320987654e-05 9.87654320987654e-05 0.293061728395062 0.273061728395062 9.87654320987654e-05 9.87654320987654e-05 9.87654320987654e-05 9.87654320987654e-05; % $ D=0.1
9.87654320987654e-05 9.87654320987654e-05 9.87654320987654e-05 0.999358024691358 2.46913580246914e-05 2.46913580246914e-05 9.87654320987654e-05 9.87654320987654e-05 2.46913580246914e-05 2.46913580246914e-05 2.46913580246914e-05 2.46913580246914e-05; % G D=0.1
9.87654320987654e-05 9.87654320987654e-05 9.87654320987654e-05 2.46913580246914e-05 2.46913580246914e-05 2.46913580246914e-05 9.87654320987654e-05 9.87654320987654e-05 2.46913580246914e-05 0.999358024691358 2.46913580246914e-05 2.46913580246914e-05; % K D=0.1
9.87654320987654e-05 9.87654320987654e-05 9.87654320987654e-05 2.46913580246914e-05 0.999358024691358 2.46913580246914e-05 9.87654320987654e-05 9.87654320987654e-05 2.46913580246914e-05 2.46913580246914e-05 2.46913580246914e-05 2.46913580246914e-05; % L D=0.1
0.273061728395062 0.000395061728395062 0.219728395061728 9.87654320987654e-05 9.87654320987654e-05 9.87654320987654e-05 0.233061728395062 0.273061728395062 9.87654320987654e-05 9.87654320987654e-05 9.87654320987654e-05 9.87654320987654e-05; % P D=0.1
0.273061728395062 0.239728395061728 0.259728395061728 9.87654320987654e-05 9.87654320987654e-05 9.87654320987654e-05 0.000395061728395062 0.226395061728395 9.87654320987654e-05 9.87654320987654e-05 9.87654320987654e-05 9.87654320987654e-05; % R D=0.1
9.87654320987654e-05 9.87654320987654e-05 9.87654320987654e-05 2.46913580246914e-05 2.46913580246914e-05 2.46913580246914e-05 9.87654320987654e-05 9.87654320987654e-05 0.999358024691358 2.46913580246914e-05 2.46913580246914e-05 2.46913580246914e-05; % V D=0.1
9.87654320987654e-05 9.87654320987654e-05 9.87654320987654e-05 2.46913580246914e-05 2.46913580246914e-05 2.46913580246914e-05 9.87654320987654e-05 9.87654320987654e-05 2.46913580246914e-05 2.46913580246914e-05 0.999358024691358 2.46913580246914e-05; % Z D=0.1
9.87654320987654e-05 9.87654320987654e-05 9.87654320987654e-05 2.46913580246914e-05 2.46913580246914e-05 2.46913580246914e-05 9.87654320987654e-05 9.87654320987654e-05 2.46913580246914e-05 2.46913580246914e-05 2.46913580246914e-05 0.999358024691358; % d D=0.1
0.279728395061728 0.266395061728395 0.000395061728395062 9.87654320987654e-05 9.87654320987654e-05 9.87654320987654e-05 0.226395061728395 0.226395061728395 9.87654320987654e-05 9.87654320987654e-05 9.87654320987654e-05 9.87654320987654e-05; % k D=0.1
0.173061728395062 0.266395061728395 0.313061728395062 9.87654320987654e-05 9.87654320987654e-05 9.87654320987654e-05 0.246395061728395 0.000395061728395062 9.87654320987654e-05 9.87654320987654e-05 9.87654320987654e-05 9.87654320987654e-05; % p D=0.1
9.87654320987654e-05 9.87654320987654e-05 9.87654320987654e-05 2.46913580246914e-05 2.46913580246914e-05 0.999358024691358 9.87654320987654e-05 9.87654320987654e-05 2.46913580246914e-05 2.46913580246914e-05 2.46913580246914e-05 2.46913580246914e-05; % v D=0.1
0.000790123456790124 0.226123456790123 0.206123456790123 0.000197530864197531 0.000197530864197531 0.000197530864197531 0.29279012345679 0.27279012345679 0.000197530864197531 0.000197530864197531 0.000197530864197531 0.000197530864197531; % $ D=0.2
0.000197530864197531 0.000197530864197531 0.000197530864197531 0.998716049382716 4.93827160493827e-05 4.93827160493827e-05 0.000197530864197531 0.000197530864197531 4.93827160493827e-05 4.93827160493827e-05 4.93827160493827e-05 4.93827160493827e-05; % G D=0.2
0.000197530864197531 0.000197530864197531 0.000197530864197531 4.93827160493827e-05 4.93827160493827e-05 4.93827160493827e-05 0.000197530864197531 0.000197530864197531 4.93827160493827e-05 0.998716049382716 4.93827160493827e-05 4.93827160493827e-05; % K D=0.2
0.000197530864197531 0.000197530864197531 0.000197530864197531 4.93827160493827e-05 0.998716049382716 4.93827160493827e-05 0.000197530864197531 0.000197530864197531 4.93827160493827e-05 4.93827160493827e-05 4.93827160493827e-05 4.93827160493827e-05; % L D=0.2
0.27279012345679 0.000790123456790124 0.219456790123457 0.000197530864197531 0.000197530864197531 0.000197530864197531 0.23279012345679 0.27279012345679 0.000197530864197531 0.000197530864197531 0.000197530864197531 0.000197530864197531; % P D=0.2
0.27279012345679 0.239456790123457 0.259456790123457 0.000197530864197531 0.000197530864197531 0.000197530864197531 0.000790123456790124 0.226123456790123 0.000197530864197531 0.000197530864197531 0.000197530864197531 0.000197530864197531; % R D=0.2
0.000197530864197531 0.000197530864197531 0.000197530864197531 4.93827160493827e-05 4.93827160493827e-05 4.93827160493827e-05 0.000197530864197531 0.000197530864197531 0.998716049382716 4.93827160493827e-05 4.93827160493827e-05 4.93827160493827e-05; % V D=0.2
0.000197530864197531 0.000197530864197531 0.000197530864197531 4.93827160493827e-05 4.93827160493827e-05 4.93827160493827e-05 0.000197530864197531 0.000197530864197531 4.93827160493827e-05 4.93827160493827e-05 0.998716049382716 4.93827160493827e-05; % Z D=0.2
0.000197530864197531 0.000197530864197531 0.000197530864197531 4.93827160493827e-05 4.93827160493827e-05 4.93827160493827e-05 0.000197530864197531 0.000197530864197531 4.93827160493827e-05 4.93827160493827e-05 4.93827160493827e-05 0.998716049382716; % d D=0.2
0.279456790123457 0.266123456790123 0.000790123456790124 0.000197530864197531 0.000197530864197531 0.000197530864197531 0.226123456790123 0.226123456790123 0.000197530864197531 0.000197530864197531 0.000197530864197531 0.000197530864197531; % k D=0.2
0.17279012345679 0.266123456790123 0.31279012345679 0.000197530864197531 0.000197530864197531 0.000197530864197531 0.246123456790123 0.000790123456790124 0.000197530864197531 0.000197530864197531 0.000197530864197531 0.000197530864197531; % p D=0.2
0.000197530864197531 0.000197530864197531 0.000197530864197531 4.93827160493827e-05 4.93827160493827e-05 0.998716049382716 0.000197530864197531 0.000197530864197531 4.93827160493827e-05 4.93827160493827e-05 4.93827160493827e-05 4.93827160493827e-05; % v D=0.2
0.00118518518518519 0.225851851851852 0.205851851851852 0.000296296296296296 0.000296296296296296 0.000296296296296296 0.292518518518519 0.272518518518519 0.000296296296296296 0.000296296296296296 0.000296296296296296 0.000296296296296296; % $ D=0.3
0.000296296296296296 0.000296296296296296 0.000296296296296296 0.998074074074074 7.40740740740741e-05 7.40740740740741e-05 0.000296296296296296 0.000296296296296296 7.40740740740741e-05 7.40740740740741e-05 7.40740740740741e-05 7.40740740740741e-05; % G D=0.3
0.000296296296296296 0.000296296296296296 0.000296296296296296 7.40740740740741e-05 7.40740740740741e-05 7.40740740740741e-05 0.000296296296296296 0.000296296296296296 7.40740740740741e-05 0.998074074074074 7.40740740740741e-05 7.40740740740741e-05; % K D=0.3
0.000296296296296296 0.000296296296296296 0.000296296296296296 7.40740740740741e-05 0.998074074074074 7.40740740740741e-05 0.000296296296296296 0.000296296296296296 7.40740740740741e-05 7.40740740740741e-05 7.40740740740741e-05 7.40740740740741e-05; % L D=0.3
0.272518518518519 0.00118518518518519 0.219185185185185 0.000296296296296296 0.000296296296296296 0.000296296296296296 0.232518518518519 0.272518518518519 0.000296296296296296 0.000296296296296296 0.000296296296296296 0.000296296296296296; % P D=0.3
0.272518518518519 0.239185185185185 0.259185185185185 0.000296296296296296 0.000296296296296296 0.000296296296296296 0.00118518518518519 0.225851851851852 0.000296296296296296 0.000296296296296296 0.000296296296296296 0.000296296296296296; % R D=0.3
0.000296296296296296 0.000296296296296296 0.000296296296296296 7.40740740740741e-05 7.40740740740741e-05 7.40740740740741e-05 0.000296296296296296 0.000296296296296296 0.998074074074074 7.40740740740741e-05 7.40740740740741e-05 7.40740740740741e-05; % V D=0.3
0.000296296296296296 0.000296296296296296 0.000296296296296296 7.40740740740741e-05 7.40740740740741e-05 7.40740740740741e-05 0.000296296296296296 0.000296296296296296 7.40740740740741e-05 7.40740740740741e-05 0.998074074074074 7.40740740740741e-05; % Z D=0.3
0.000296296296296296 0.000296296296296296 0.000296296296296296 7.40740740740741e-05 7.40740740740741e-05 7.40740740740741e-05 0.000296296296296296 0.000296296296296296 7.40740740740741e-05 7.40740740740741e-05 7.40740740740741e-05 0.998074074074074; % d D=0.3
0.279185185185185 0.265851851851852 0.00118518518518519 0.000296296296296296 0.000296296296296296 0.000296296296296296 0.225851851851852 0.225851851851852 0.000296296296296296 0.000296296296296296 0.000296296296296296 0.000296296296296296; % k D=0.3
0.172518518518519 0.265851851851852 0.312518518518519 0.000296296296296296 0.000296296296296296 0.000296296296296296 0.245851851851852 0.00118518518518519 0.000296296296296296 0.000296296296296296 0.000296296296296296 0.000296296296296296; % p D=0.3
0.000296296296296296 0.000296296296296296 0.000296296296296296 7.40740740740741e-05 7.40740740740741e-05 0.998074074074074 0.000296296296296296 0.000296296296296296 7.40740740740741e-05 7.40740740740741e-05 7.40740740740741e-05 7.40740740740741e-05; % v D=0.3
0.00158024691358025 0.22558024691358 0.20558024691358 0.000395061728395062 0.000395061728395062 0.000395061728395062 0.292246913580247 0.272246913580247 0.000395061728395062 0.000395061728395062 0.000395061728395062 0.000395061728395062; % $ D=0.4
0.000395061728395062 0.000395061728395062 0.000395061728395062 0.997432098765432 9.87654320987654e-05 9.87654320987654e-05 0.000395061728395062 0.000395061728395062 9.87654320987654e-05 9.87654320987654e-05 9.87654320987654e-05 9.87654320987654e-05; % G D=0.4
0.000395061728395062 0.000395061728395062 0.000395061728395062 9.87654320987654e-05 9.87654320987654e-05 9.87654320987654e-05 0.000395061728395062 0.000395061728395062 9.87654320987654e-05 0.997432098765432 9.87654320987654e-05 9.87654320987654e-05; % K D=0.4
0.000395061728395062 0.000395061728395062 0.000395061728395062 9.87654320987654e-05 0.997432098765432 9.87654320987654e-05 0.000395061728395062 0.000395061728395062 9.87654320987654e-05 9.87654320987654e-05 9.87654320987654e-05 9.87654320987654e-05; % L D=0.4
0.272246913580247 0.00158024691358025 0.218913580246914 0.000395061728395062 0.000395061728395062 0.000395061728395062 0.232246913580247 0.272246913580247 0.000395061728395062 0.000395061728395062 0.000395061728395062 0.000395061728395062; % P D=0.4
0.272246913580247 0.238913580246914 0.258913580246914 0.000395061728395062 0.000395061728395062 0.000395061728395062 0.00158024691358025 0.22558024691358 0.000395061728395062 0.000395061728395062 0.000395061728395062 0.000395061728395062; % R D=0.4
0.000395061728395062 0.000395061728395062 0.000395061728395062 9.87654320987654e-05 9.87654320987654e-05 9.87654320987654e-05 0.000395061728395062 0.000395061728395062 0.997432098765432 9.87654320987654e-05 9.87654320987654e-05 9.87654320987654e-05; % V D=0.4
0.000395061728395062 0.000395061728395062 0.000395061728395062 9.87654320987654e-05 9.87654320987654e-05 9.87654320987654e-05 0.000395061728395062 0.000395061728395062 9.87654320987654e-05 9.87654320987654e-05 0.997432098765432 9.87654320987654e-05; % Z D=0.4
0.000395061728395062 0.000395061728395062 0.000395061728395062 9.87654320987654e-05 9.87654320987654e-05 9.87654320987654e-05 0.000395061728395062 0.000395061728395062 9.87654320987654e-05 9.87654320987654e-05 9.87654320987654e-05 0.997432098765432; % d D=0.4
0.278913580246914 0.26558024691358 0.00158024691358025 0.000395061728395062 0.000395061728395062 0.000395061728395062 0.22558024691358 0.22558024691358 0.000395061728395062 0.000395061728395062 0.000395061728395062 0.000395061728395062; % k D=0.4
0.172246913580247 0.26558024691358 0.312246913580247 0.000395061728395062 0.000395061728395062 0.000395061728395062 0.24558024691358 0.00158024691358025 0.000395061728395062 0.000395061728395062 0.000395061728395062 0.000395061728395062; % p D=0.4
0.000395061728395062 0.000395061728395062 0.000395061728395062 9.87654320987654e-05 9.87654320987654e-05 0.997432098765432 0.000395061728395062 0.000395061728395062 9.87654320987654e-05 9.87654320987654e-05 9.87654320987654e-05 9.87654320987654e-05; % v D=0.4
0.00197530864197531 0.225308641975309 0.205308641975309 0.000493827160493827 0.000493827160493827 0.000493827160493827 0.291975308641975 0.271975308641975 0.000493827160493827 0.000493827160493827 0.000493827160493827 0.000493827160493827; % $ D=0.5
0.000493827160493827 0.000493827160493827 0.000493827160493827 0.99679012345679 0.000123456790123457 0.000123456790123457 0.000493827160493827 0.000493827160493827 0.000123456790123457 0.000123456790123457 0.000123456790123457 0.000123456790123457; % G D=0.5
0.000493827160493827 0.000493827160493827 0.000493827160493827 0.000123456790123457 0.000123456790123457 0.000123456790123457 0.000493827160493827 0.000493827160493827 0.000123456790123457 0.99679012345679 0.000123456790123457 0.000123456790123457; % K D=0.5
0.000493827160493827 0.000493827160493827 0.000493827160493827 0.000123456790123457 0.99679012345679 0.000123456790123457 0.000493827160493827 0.000493827160493827 0.000123456790123457 0.000123456790123457 0.000123456790123457 0.000123456790123457; % L D=0.5
0.271975308641975 0.00197530864197531 0.218641975308642 0.000493827160493827 0.000493827160493827 0.000493827160493827 0.231975308641975 0.271975308641975 0.000493827160493827 0.000493827160493827 0.000493827160493827 0.000493827160493827; % P D=0.5
0.271975308641975 0.238641975308642 0.258641975308642 0.000493827160493827 0.000493827160493827 0.000493827160493827 0.00197530864197531 0.225308641975309 0.000493827160493827 0.000493827160493827 0.000493827160493827 0.000493827160493827; % R D=0.5
0.000493827160493827 0.000493827160493827 0.000493827160493827 0.000123456790123457 0.000123456790123457 0.000123456790123457 0.000493827160493827 0.000493827160493827 0.99679012345679 0.000123456790123457 0.000123456790123457 0.000123456790123457; % V D=0.5
0.000493827160493827 0.000493827160493827 0.000493827160493827 0.000123456790123457 0.000123456790123457 0.000123456790123457 0.000493827160493827 0.000493827160493827 0.000123456790123457 0.000123456790123457 0.99679012345679 0.000123456790123457; % Z D=0.5
0.000493827160493827 0.000493827160493827 0.000493827160493827 0.000123456790123457 0.000123456790123457 0.000123456790123457 0.000493827160493827 0.000493827160493827 0.000123456790123457 0.000123456790123457 0.000123456790123457 0.99679012345679; % d D=0.5
0.278641975308642 0.265308641975309 0.00197530864197531 0.000493827160493827 0.000493827160493827 0.000493827160493827 0.225308641975309 0.225308641975309 0.000493827160493827 0.000493827160493827 0.000493827160493827 0.000493827160493827; % k D=0.5
0.171975308641975 0.265308641975309 0.311975308641975 0.000493827160493827 0.000493827160493827 0.000493827160493827 0.245308641975309 0.00197530864197531 0.000493827160493827 0.000493827160493827 0.000493827160493827 0.000493827160493827; % p D=0.5
0.000493827160493827 0.000493827160493827 0.000493827160493827 0.000123456790123457 0.000123456790123457 0.99679012345679 0.000493827160493827 0.000493827160493827 0.000123456790123457 0.000123456790123457 0.000123456790123457 0.000123456790123457; % v D=0.5
0.00237037037037037 0.225037037037037 0.205037037037037 0.000592592592592593 0.000592592592592593 0.000592592592592593 0.291703703703704 0.271703703703704 0.000592592592592593 0.000592592592592593 0.000592592592592593 0.000592592592592593; % $ D=0.6
0.000592592592592593 0.000592592592592593 0.000592592592592593 0.996148148148148 0.000148148148148148 0.000148148148148148 0.000592592592592593 0.000592592592592593 0.000148148148148148 0.000148148148148148 0.000148148148148148 0.000148148148148148; % G D=0.6
0.000592592592592593 0.000592592592592593 0.000592592592592593 0.000148148148148148 0.000148148148148148 0.000148148148148148 0.000592592592592593 0.000592592592592593 0.000148148148148148 0.996148148148148 0.000148148148148148 0.000148148148148148; % K D=0.6
0.000592592592592593 0.000592592592592593 0.000592592592592593 0.000148148148148148 0.996148148148148 0.000148148148148148 0.000592592592592593 0.000592592592592593 0.000148148148148148 0.000148148148148148 0.000148148148148148 0.000148148148148148; % L D=0.6
0.271703703703704 0.00237037037037037 0.21837037037037 0.000592592592592593 0.000592592592592593 0.000592592592592593 0.231703703703704 0.271703703703704 0.000592592592592593 0.000592592592592593 0.000592592592592593 0.000592592592592593; % P D=0.6
0.271703703703704 0.23837037037037 0.25837037037037 0.000592592592592593 0.000592592592592593 0.000592592592592593 0.00237037037037037 0.225037037037037 0.000592592592592593 0.000592592592592593 0.000592592592592593 0.000592592592592593; % R D=0.6
0.000592592592592593 0.000592592592592593 0.000592592592592593 0.000148148148148148 0.000148148148148148 0.000148148148148148 0.000592592592592593 0.000592592592592593 0.996148148148148 0.000148148148148148 0.000148148148148148 0.000148148148148148; % V D=0.6
0.000592592592592593 0.000592592592592593 0.000592592592592593 0.000148148148148148 0.000148148148148148 0.000148148148148148 0.000592592592592593 0.000592592592592593 0.000148148148148148 0.000148148148148148 0.996148148148148 0.000148148148148148; % Z D=0.6
0.000592592592592593 0.000592592592592593 0.000592592592592593 0.000148148148148148 0.000148148148148148 0.000148148148148148 0.000592592592592593 0.000592592592592593 0.000148148148148148 0.000148148148148148 0.000148148148148148 0.996148148148148; % d D=0.6
0.27837037037037 0.265037037037037 0.00237037037037037 0.000592592592592593 0.000592592592592593 0.000592592592592593 0.225037037037037 0.225037037037037 0.000592592592592593 0.000592592592592593 0.000592592592592593 0.000592592592592593; % k D=0.6
0.171703703703704 0.265037037037037 0.311703703703704 0.000592592592592593 0.000592592592592593 0.000592592592592593 0.245037037037037 0.00237037037037037 0.000592592592592593 0.000592592592592593 0.000592592592592593 0.000592592592592593; % p D=0.6
0.000592592592592593 0.000592592592592593 0.000592592592592593 0.000148148148148148 0.000148148148148148 0.996148148148148 0.000592592592592593 0.000592592592592593 0.000148148148148148 0.000148148148148148 0.000148148148148148 0.000148148148148148; % v D=0.6
0.00276543209876543 0.224765432098765 0.204765432098765 0.000691358024691358 0.000691358024691358 0.000691358024691358 0.291432098765432 0.271432098765432 0.000691358024691358 0.000691358024691358 0.000691358024691358 0.000691358024691358; % $ D=0.7
0.000691358024691358 0.000691358024691358 0.000691358024691358 0.995506172839506 0.000172839506172839 0.000172839506172839 0.000691358024691358 0.000691358024691358 0.000172839506172839 0.000172839506172839 0.000172839506172839 0.000172839506172839; % G D=0.7
0.000691358024691358 0.000691358024691358 0.000691358024691358 0.000172839506172839 0.000172839506172839 0.000172839506172839 0.000691358024691358 0.000691358024691358 0.000172839506172839 0.995506172839506 0.000172839506172839 0.000172839506172839; % K D=0.7
0.000691358024691358 0.000691358024691358 0.000691358024691358 0.000172839506172839 0.995506172839506 0.000172839506172839 0.000691358024691358 0.000691358024691358 0.000172839506172839 0.000172839506172839 0.000172839506172839 0.000172839506172839; % L D=0.7
0.271432098765432 0.00276543209876543 0.218098765432099 0.000691358024691358 0.000691358024691358 0.000691358024691358 0.231432098765432 0.271432098765432 0.000691358024691358 0.000691358024691358 0.000691358024691358 0.000691358024691358; % P D=0.7
0.271432098765432 0.238098765432099 0.258098765432099 0.000691358024691358 0.000691358024691358 0.000691358024691358 0.00276543209876543 0.224765432098765 0.000691358024691358 0.000691358024691358 0.000691358024691358 0.000691358024691358; % R D=0.7
0.000691358024691358 0.000691358024691358 0.000691358024691358 0.000172839506172839 0.000172839506172839 0.000172839506172839 0.000691358024691358 0.000691358024691358 0.995506172839506 0.000172839506172839 0.000172839506172839 0.000172839506172839; % V D=0.7
0.000691358024691358 0.000691358024691358 0.000691358024691358 0.000172839506172839 0.000172839506172839 0.000172839506172839 0.000691358024691358 0.000691358024691358 0.000172839506172839 0.000172839506172839 0.995506172839506 0.000172839506172839; % Z D=0.7
0.000691358024691358 0.000691358024691358 0.000691358024691358 0.000172839506172839 0.000172839506172839 0.000172839506172839 0.000691358024691358 0.000691358024691358 0.000172839506172839 0.000172839506172839 0.000172839506172839 0.995506172839506; % d D=0.7
0.278098765432099 0.264765432098765 0.00276543209876543 0.000691358024691358 0.000691358024691358 0.000691358024691358 0.224765432098765 0.224765432098765 0.000691358024691358 0.000691358024691358 0.000691358024691358 0.000691358024691358; % k D=0.7
0.171432098765432 0.264765432098765 0.311432098765432 0.000691358024691358 0.000691358024691358 0.000691358024691358 0.244765432098765 0.00276543209876543 0.000691358024691358 0.000691358024691358 0.000691358024691358 0.000691358024691358; % p D=0.7
0.000691358024691358 0.000691358024691358 0.000691358024691358 0.000172839506172839 0.000172839506172839 0.995506172839506 0.000691358024691358 0.000691358024691358 0.000172839506172839 0.000172839506172839 0.000172839506172839 0.000172839506172839; % v D=0.7
0.00316049382716049 0.224493827160494 0.204493827160494 0.000790123456790124 0.000790123456790124 0.000790123456790124 0.291160493827161 0.271160493827161 0.000790123456790124 0.000790123456790124 0.000790123456790124 0.000790123456790124; % $ D=0.8
0.000790123456790124 0.000790123456790124 0.000790123456790124 0.994864197530864 0.000197530864197531 0.000197530864197531 0.000790123456790124 0.000790123456790124 0.000197530864197531 0.000197530864197531 0.000197530864197531 0.000197530864197531; % G D=0.8
0.000790123456790124 0.000790123456790124 0.000790123456790124 0.000197530864197531 0.000197530864197531 0.000197530864197531 0.000790123456790124 0.000790123456790124 0.000197530864197531 0.994864197530864 0.000197530864197531 0.000197530864197531; % K D=0.8
0.000790123456790124 0.000790123456790124 0.000790123456790124 0.000197530864197531 0.994864197530864 0.000197530864197531 0.000790123456790124 0.000790123456790124 0.000197530864197531 0.000197530864197531 0.000197530864197531 0.000197530864197531; % L D=0.8
0.271160493827161 0.00316049382716049 0.217827160493827 0.000790123456790124 0.000790123456790124 0.000790123456790124 0.231160493827161 0.271160493827161 0.000790123456790124 0.000790123456790124 0.000790123456790124 0.000790123456790124; % P D=0.8
0.271160493827161 0.237827160493827 0.257827160493827 0.000790123456790124 0.000790123456790124 0.000790123456790124 0.00316049382716049 0.224493827160494 0.000790123456790124 0.000790123456790124 0.000790123456790124 0.000790123456790124; % R D=0.8
0.000790123456790124 0.000790123456790124 0.000790123456790124 0.000197530864197531 0.000197530864197531 0.000197530864197531 0.000790123456790124 0.000790123456790124 0.994864197530864 0.000197530864197531 0.000197530864197531 0.000197530864197531; % V D=0.8
0.000790123456790124 0.000790123456790124 0.000790123456790124 0.000197530864197531 0.000197530864197531 0.000197530864197531 0.000790123456790124 0.000790123456790124 0.000197530864197531 0.000197530864197531 0.994864197530864 0.000197530864197531; % Z D=0.8
0.000790123456790124 0.000790123456790124 0.000790123456790124 0.000197530864197531 0.000197530864197531 0.000197530864197531 0.000790123456790124 0.000790123456790124 0.000197530864197531 0.000197530864197531 0.000197530864197531 0.994864197530864; % d D=0.8
0.277827160493827 0.264493827160494 0.00316049382716049 0.000790123456790124 0.000790123456790124 0.000790123456790124 0.224493827160494 0.224493827160494 0.000790123456790124 0.000790123456790124 0.000790123456790124 0.000790123456790124; % k D=0.8
0.17116049382716 0.264493827160494 0.31116049382716 0.000790123456790124 0.000790123456790124 0.000790123456790124 0.244493827160494 0.00316049382716049 0.000790123456790124 0.000790123456790124 0.000790123456790124 0.000790123456790124; % p D=0.8
0.000790123456790124 0.000790123456790124 0.000790123456790124 0.000197530864197531 0.000197530864197531 0.994864197530864 0.000790123456790124 0.000790123456790124 0.000197530864197531 0.000197530864197531 0.000197530864197531 0.000197530864197531; % v D=0.8
0.00355555555555556 0.224222222222222 0.204222222222222 0.000888888888888889 0.000888888888888889 0.000888888888888889 0.290888888888889 0.270888888888889 0.000888888888888889 0.000888888888888889 0.000888888888888889 0.000888888888888889; % $ D=0.9
0.000888888888888889 0.000888888888888889 0.000888888888888889 0.994222222222222 0.000222222222222222 0.000222222222222222 0.000888888888888889 0.000888888888888889 0.000222222222222222 0.000222222222222222 0.000222222222222222 0.000222222222222222; % G D=0.9
0.000888888888888889 0.000888888888888889 0.000888888888888889 0.000222222222222222 0.000222222222222222 0.000222222222222222 0.000888888888888889 0.000888888888888889 0.000222222222222222 0.994222222222222 0.000222222222222222 0.000222222222222222; % K D=0.9
0.000888888888888889 0.000888888888888889 0.000888888888888889 0.000222222222222222 0.994222222222222 0.000222222222222222 0.000888888888888889 0.000888888888888889 0.000222222222222222 0.000222222222222222 0.000222222222222222 0.000222222222222222; % L D=0.9
0.270888888888889 0.00355555555555556 0.217555555555556 0.000888888888888889 0.000888888888888889 0.000888888888888889 0.230888888888889 0.270888888888889 0.000888888888888889 0.000888888888888889 0.000888888888888889 0.000888888888888889; % P D=0.9
0.270888888888889 0.237555555555556 0.257555555555556 0.000888888888888889 0.000888888888888889 0.000888888888888889 0.00355555555555556 0.224222222222222 0.000888888888888889 0.000888888888888889 0.000888888888888889 0.000888888888888889; % R D=0.9
0.000888888888888889 0.000888888888888889 0.000888888888888889 0.000222222222222222 0.000222222222222222 0.000222222222222222 0.000888888888888889 0.000888888888888889 0.994222222222222 0.000222222222222222 0.000222222222222222 0.000222222222222222; % V D=0.9
0.000888888888888889 0.000888888888888889 0.000888888888888889 0.000222222222222222 0.000222222222222222 0.000222222222222222 0.000888888888888889 0.000888888888888889 0.000222222222222222 0.000222222222222222 0.994222222222222 0.000222222222222222; % Z D=0.9
0.000888888888888889 0.000888888888888889 0.000888888888888889 0.000222222222222222 0.000222222222222222 0.000222222222222222 0.000888888888888889 0.000888888888888889 0.000222222222222222 0.000222222222222222 0.000222222222222222 0.994222222222222; % d D=0.9
0.277555555555556 0.264222222222222 0.00355555555555556 0.000888888888888889 0.000888888888888889 0.000888888888888889 0.224222222222222 0.224222222222222 0.000888888888888889 0.000888888888888889 0.000888888888888889 0.000888888888888889; % k D=0.9
0.170888888888889 0.264222222222222 0.310888888888889 0.000888888888888889 0.000888888888888889 0.000888888888888889 0.244222222222222 0.00355555555555556 0.000888888888888889 0.000888888888888889 0.000888888888888889 0.000888888888888889; % p D=0.9
0.000888888888888889 0.000888888888888889 0.000888888888888889 0.000222222222222222 0.000222222222222222 0.994222222222222 0.000888888888888889 0.000888888888888889 0.000222222222222222 0.000222222222222222 0.000222222222222222 0.000222222222222222; % v D=0.9
0.00375308641975309 0.224086419753086 0.204086419753086 0.000938271604938272 0.000938271604938272 0.000938271604938272 0.290753086419753 0.270753086419753 0.000938271604938272 0.000938271604938272 0.000938271604938272 0.000938271604938272; % $ D=0.95
0.000938271604938272 0.000938271604938272 0.000938271604938272 0.993901234567901 0.000234567901234568 0.000234567901234568 0.000938271604938272 0.000938271604938272 0.000234567901234568 0.000234567901234568 0.000234567901234568 0.000234567901234568; % G D=0.95
0.000938271604938272 0.000938271604938272 0.000938271604938272 0.000234567901234568 0.000234567901234568 0.000234567901234568 0.000938271604938272 0.000938271604938272 0.000234567901234568 0.993901234567901 0.000234567901234568 0.000234567901234568; % K D=0.95
0.000938271604938272 0.000938271604938272 0.000938271604938272 0.000234567901234568 0.993901234567901 0.000234567901234568 0.000938271604938272 0.000938271604938272 0.000234567901234568 0.000234567901234568 0.000234567901234568 0.000234567901234568; % L D=0.95
0.270753086419753 0.00375308641975309 0.21741975308642 0.000938271604938272 0.000938271604938272 0.000938271604938272 0.230753086419753 0.270753086419753 0.000938271604938272 0.000938271604938272 0.000938271604938272 0.000938271604938272; % P D=0.95
0.270753086419753 0.23741975308642 0.25741975308642 0.000938271604938272 0.000938271604938272 0.000938271604938272 0.00375308641975309 0.224086419753086 0.000938271604938272 0.000938271604938272 0.000938271604938272 0.000938271604938272; % R D=0.95
0.000938271604938272 0.000938271604938272 0.000938271604938272 0.000234567901234568 0.000234567901234568 0.000234567901234568 0.000938271604938272 0.000938271604938272 0.993901234567901 0.000234567901234568 0.000234567901234568 0.000234567901234568; % V D=0.95
0.000938271604938272 0.000938271604938272 0.000938271604938272 0.000234567901234568 0.000234567901234568 0.000234567901234568 0.000938271604938272 0.000938271604938272 0.000234567901234568 0.000234567901234568 0.993901234567901 0.000234567901234568; % Z D=0.95
0.000938271604938272 0.000938271604938272 0.000938271604938272 0.000234567901234568 0.000234567901234568 0.000234567901234568 0.000938271604938272 0.000938271604938272 0.000234567901234568 0.000234567901234568 0.000234567901234568 0.993901234567901; % d D=0.95
0.27741975308642 0.264086419753086 0.00375308641975309 0.000938271604938272 0.000938271604938272 0.000938271604938272 0.224086419753086 0.224086419753086 0.000938271604938272 0.000938271604938272 0.000938271604938272 0.000938271604938272; % k D=0.95
0.170753086419753 0.264086419753086 0.310753086419753 0.000938271604938272 0.000938271604938272 0.000938271604938272 0.244086419753086 0.00375308641975309 0.000938271604938272 0.000938271604938272 0.000938271604938272 0.000938271604938272; % p D=0.95
0.000938271604938272 0.000938271604938272 0.000938271604938272 0.000234567901234568 0.000234567901234568 0.993901234567901 0.000938271604938272 0.000938271604938272 0.000234567901234568 0.000234567901234568 0.000234567901234568 0.000234567901234568]; % v D=0.95
