syllables = '$DKLMRbgmv';
discounts = [0.1 0.2 0.3 0.4 0.5 0.6 0.7 0.8 0.9 0.95];
kn_probs = [0.000315789473684211 0.332982456140351 0.346315789473684 0.000105263157894737 0.319754385964912 0.000105263157894737 0.000105263157894737 0.000105263157894737 0.000105263157894737 0.000105263157894737; % $ D=0.1
7.89473684210526e-05 7.89473684210526e-05 7.89473684210526e-05 2.63157894736842e-05 0.000105263157894737 2.63157894736842e-05 0.999526315789474 2.63157894736842e-05 2.63157894736842e-05 2.63157894736842e-05; % D D=0.1
7.89473684210526e-05 7.89473684210526e-05 7.89473684210526e-05 0.999526315789474 0.000105263157894737 2.63157894736842e-05 2.63157894736842e-05 2.63157894736842e-05 2.63157894736842e-05 2.63157894736842e-05; % K D=0.1
7.89473684210526e-05 7.89473684210526e-05 7.89473684210526e-05 2.63157894736842e-05 0.000105263157894737 2.63157894736842e-05 2.63157894736842e-05 0.999526315789474 2.63157894736842e-05 2.63157894736842e-05; % L D=0.1
7.89473684210526e-05 7.89473684210526e-05 7.89473684210526e-05 2.63157894736842e-05 0.000105263157894737 2.63157894736842e-05 2.63157894736842e-05 2.63157894736842e-05 0.999526315789474 2.63157894736842e-05; % M D=0.1
0.229736842105263 0.000236842105263158 0.394736842105263 7.89473684210526e-05 0.374815789473684 7.89473684210526e-05 7.89473684210526e-05 7.89473684210526e-05 7.89473684210526e-05 7.89473684210526e-05; % R D=0.1
7.89473684210526e-05 7.89473684210526e-05 7.89473684210526e-05 2.63157894736842e-05 0.000105263157894737 2.63157894736842e-05 2.63157894736842e-05 2.63157894736842e-05 2.63157894736842e-05 0.999526315789474; % b D=0.1
0.234736842105263 0.389736842105263 0.000236842105263158 7.89473684210526e-05 0.374815789473684 7.89473684210526e-05 7.89473684210526e-05 7.89473684210526e-05 7.89473684210526e-05 7.89473684210526e-05; % g D=0.1
0.284815789473684 0.359815789473684 0.344815789473684 0.000105263157894737 0.00992105263157895 0.000105263157894737 0.000105263157894737 0.000105263157894737 0.000105263157894737 0.000105263157894737; % m D=0.1
7.89473684210526e-05 7.89473684210526e-05 7.89473684210526e-05 2.63157894736842e-05 0.000105263157894737 0.999526315789474 2.63157894736842e-05 2.63157894736842e-05 2.63157894736842e-05 2.63157894736842e-05; % v D=0.1
0.000631578947368421 0.332631578947368 0.345964912280702 0.000210526315789474 0.319508771929825 0.000210526315789474 0.000210526315789474 0.000210526315789474 0.000210526315789474 0.000210526315789474; % $ D=0.2
0.000157894736842105 0.000157894736842105 0.000157894736842105 5.26315789473684e-05 0.000210526315789474 5.26315789473684e-05 0.999052631578948 5.26315789473684e-05 5.26315789473684e-05 5.26315789473684e-05; % D D=0.2
0.000157894736842105 0.000157894736842105 0.000157894736842105 0.999052631578948 0.000210526315789474 5.26315789473684e-05 5.26315789473684e-05 5.26315789473684e-05 5.26315789473684e-05 5.26315789473684e-05; % K D=0.2
0.000157894736842105 0.000157894736842105 0.000157894736842105 5.26315789473684e-05 0.000210526315789474 5.26315789473684e-05 5.26315789473684e-05 0.999052631578948 5.26315789473684e-05 5.26315789473684e-05; % L D=0.2
0.000157894736842105 0.000157894736842105 0.000157894736842105 5.26315789473684e-05 0.000210526315789474 5.26315789473684e-05 5.26315789473684e-05 5.26315789473684e-05 0.999052631578948 5.26315789473684e-05; % M D=0.2
0.229473684210526 0.000473684210526316 0.394473684210526 0.000157894736842105 0.374631578947368 0.000157894736842105 0.000157894736842105 0.000157894736842105 0.000157894736842105 0.000157894736842105; % R D=0.2
0.000157894736842105 0.000157894736842105 0.000157894736842105 5.26315789473684e-05 0.000210526315789474 5.26315789473684e-05 5.26315789473684e-05 5.26315789473684e-05 5.26315789473684e-05 0.999052631578948; % b D=0.2
0.234473684210526 0.389473684210526 0.000473684210526316 0.000157894736842105 0.374631578947368 0.000157894736842105 0.000157894736842105 0.000157894736842105 0.000157894736842105 0.000157894736842105; % g D=0.2
0.284631578947368 0.359631578947368 0.344631578947368 0.000210526315789474 0.0098421052631579 0.000210526315789474 0.000210526315789474 0.000210526315789474 0.000210526315789474 0.000210526315789474; % m D=0.2
0.000157894736842105 0.000157894736842105 0.000157894736842105 5.26315789473684e-05 0.000210526315789474 0.999052631578948 5.26315789473684e-05 5.26315789473684e-05 5.26315789473684e-05 5.26315789473684e-05; % v D=0.2
0.000947368421052632 0.332280701754386 0.345614035087719 0.00031578947368421 0.319263157894737 0.00031578947368421 0.00031578947368421 0.00031578947368421 0.00031578947368421 0.00031578947368421; % $ D=0.3
0.000236842105263158 0.000236842105263158 0.000236842105263158 7.89473684210526e-05 0.000315789473684211 7.89473684210526e-05 0.998578947368421 7.89473684210526e-05 7.89473684210526e-05 7.89473684210526e-05; % D D=0.3
0.000236842105263158 0.000236842105263158 0.000236842105263158 0.998578947368421 0.000315789473684211 7.89473684210526e-05 7.89473684210526e-05 7.89473684210526e-05 7.89473684210526e-05 7.89473684210526e-05; % K D=0.3
0.000236842105263158 0.000236842105263158 0.000236842105263158 7.89473684210526e-05 0.000315789473684211 7.89473684210526e-05 7.89473684210526e-05 0.998578947368421 7.89473684210526e-05 7.89473684210526e-05; % L D=0.3
0.000236842105263158 0.000236842105263158 0.000236842105263158 7.89473684210526e-05 0.000315789473684211 7.89473684210526e-05 7.89473684210526e-05 7.89473684210526e-05 0.998578947368421 7.89473684210526e-05; % M D=0.3
0.229210526315789 0.000710526315789474 0.39421052631579 0.000236842105263158 0.374447368421053 0.000236842105263158 0.000236842105263158 0.000236842105263158 0.000236842105263158 0.000236842105263158; % R D=0.3
0.000236842105263158 0.000236842105263158 0.000236842105263158 7.89473684210526e-05 0.000315789473684211 7.89473684210526e-05 7.89473684210526e-05 7.89473684210526e-05 7.89473684210526e-05 0.998578947368421; % b D=0.3
0.234210526315789 0.38921052631579 0.000710526315789474 0.000236842105263158 0.374447368421053 0.000236842105263158 0.000236842105263158 0.000236842105263158 0.000236842105263158 0.000236842105263158; % g D=0.3
0.284447368421053 0.359447368421053 0.344447368421053 0.000315789473684211 0.00976315789473684 0.000315789473684211 0.000315789473684211 0.000315789473684211 0.000315789473684211 0.000315789473684211; % m D=0.3
0.000236842105263158 0.000236842105263158 0.000236842105263158 7.89473684210526e-05 0.000315789473684211 0.998578947368421 7.89473684210526e-05 7.89473684210526e-05 7.89473684210526e-05 7.89473684210526e-05; % v D=0.3
0.00126315789473684 0.331929824561404 0.345263157894737 0.000421052631578947 0.319017543859649 0.000421052631578947 0.000421052631578947 0.000421052631578947 0.000421052631578947 0.000421052631578947; % $ D=0.4
0.000315789473684211 0.000315789473684211 0.000315789473684211 0.000105263157894737 0.000421052631578947 0.000105263157894737 0.998105263157895 0.000105263157894737 0.000105263157894737 0.000105263157894737; % D D=0.4
0.000315789473684211 0.000315789473684211 0.000315789473684211 0.998105263157895 0.000421052631578947 0.000105263157894737 0.000105263157894737 0.000105263157894737 0.000105263157894737 0.000105263157894737; % K D=0.4
0.000315789473684211 0.000315789473684211 0.000315789473684211 0.000105263157894737 0.000421052631578947 0.000105263157894737 0.000105263157894737 0.998105263157895 0.000105263157894737 0.000105263157894737; % L D=0.4
0.000315789473684211 0.000315789473684211 0.000315789473684211 0.000105263157894737 0.000421052631578947 0.000105263157894737 0.000105263157894737 0.000105263157894737 0.998105263157895 0.000105263157894737; % M D=0.4
0.228947368421053 0.000947368421052632 0.393947368421053 0.000315789473684211 0.374263157894737 0.000315789473684211 0.000315789473684211 0.000315789473684211 0.000315789473684211 0.000315789473684211; % R D=0.4
