syllables = '$DFLMZkpvz';
discounts = [0.1 0.2 0.3 0.4 0.5 0.6 0.7 0.8 0.9 0.95];
kn_probs = [0.000333333333333333 0.346333333333333 0.000111111111111111 0.000111111111111111 0.000111111111111111 0.333 0.000111111111111111 0.319666666666667 0.000111111111111111 0.000111111111111111; % $ D=0.1
8.33333333333333e-05 8.33333333333333e-05 2.77777777777778e-05 0.999527777777778 2.77777777777778e-05 8.33333333333333e-05 2.77777777777778e-05 8.33333333333333e-05 2.77777777777778e-05 2.77777777777778e-05; % D D=0.1
0.24475 0.36975 8.33333333333333e-05 8.33333333333333e-05 8.33333333333333e-05 0.00025 8.33333333333333e-05 0.38475 8.33333333333333e-05 8.33333333333333e-05; % F D=0.1
8.33333333333333e-05 8.33333333333333e-05 2.77777777777778e-05 2.77777777777778e-05 2.77777777777778e-05 8.33333333333333e-05 2.77777777777778e-05 8.33333333333333e-05 2.77777777777778e-05 0.999527777777778; % L D=0.1
0.25475 0.36975 8.33333333333333e-05 8.33333333333333e-05 8.33333333333333e-05 0.37475 8.33333333333333e-05 0.00025 8.33333333333333e-05 8.33333333333333e-05; % M D=0.1
8.33333333333333e-05 8.33333333333333e-05 2.77777777777778e-05 2.77777777777778e-05 2.77777777777778e-05 8.33333333333333e-05 2.77777777777778e-05 8.33333333333333e-05 0.999527777777778 2.77777777777778e-05; % Z D=0.1
8.33333333333333e-05 8.33333333333333e-05 0.999527777777778 2.77777777777778e-05 2.77777777777778e-05 8.33333333333333e-05 2.77777777777778e-05 8.33333333333333e-05 2.77777777777778e-05 2.77777777777778e-05; % k D=0.1
8.33333333333333e-05 8.33333333333333e-05 2.77777777777778e-05 2.77777777777778e-05 0.999527777777778 8.33333333333333e-05 2.77777777777778e-05 8.33333333333333e-05 2.77777777777778e-05 2.77777777777778e-05; % p D=0.1
8.33333333333333e-05 8.33333333333333e-05 2.77777777777778e-05 2.77777777777778e-05 2.77777777777778e-05 8.33333333333333e-05 0.999527777777778 8.33333333333333e-05 2.77777777777778e-05 2.77777777777778e-05; % v D=0.1
0.24975 0.00025 8.33333333333333e-05 8.33333333333333e-05 8.33333333333333e-05 0.37475 8.33333333333333e-05 0.37475 8.33333333333333e-05 8.33333333333333e-05; % z D=0.1
0.000666666666666667 0.346 0.000222222222222222 0.000222222222222222 0.000222222222222222 0.332666666666667 0.000222222222222222 0.319333333333333 0.000222222222222222 0.000222222222222222; % $ D=0.2
0.000166666666666667 0.000166666666666667 5.55555555555556e-05 0.999055555555556 5.55555555555556e-05 0.000166666666666667 5.55555555555556e-05 0.000166666666666667 5.55555555555556e-05 5.55555555555556e-05; % D D=0.2
0.2445 0.3695 0.000166666666666667 0.000166666666666667 0.000166666666666667 0.0005 0.000166666666666667 0.3845 0.000166666666666667 0.000166666666666667; % F D=0.2
0.000166666666666667 0.000166666666666667 5.55555555555556e-05 5.55555555555556e-05 5.55555555555556e-05 0.000166666666666667 5.55555555555556e-05 0.000166666666666667 5.55555555555556e-05 0.999055555555556; % L D=0.2
0.2545 0.3695 0.000166666666666667 0.000166666666666667 0.000166666666666667 0.3745 0.000166666666666667 0.0005 0.000166666666666667 0.000166666666666667; % M D=0.2
0.000166666666666667 0.000166666666666667 5.55555555555556e-05 5.55555555555556e-05 5.55555555555556e-05 0.000166666666666667 5.55555555555556e-05 0.000166666666666667 0.999055555555556 5.55555555555556e-05; % Z D=0.2
0.000166666666666667 0.000166666666666667 0.999055555555556 5.55555555555556e-05 5.55555555555556e-05 0.000166666666666667 5.55555555555556e-05 0.000166666666666667 5.55555555555556e-05 5.55555555555556e-05; % k D=0.2
0.000166666666666667 0.000166666666666667 5.55555555555556e-05 5.55555555555556e-05 0.999055555555556 0.000166666666666667 5.55555555555556e-05 0.000166666666666667 5.55555555555556e-05 5.55555555555556e-05; % p D=0.2
0.000166666666666667 0.000166666666666667 5.55555555555556e-05 5.55555555555556e-05 5.55555555555556e-05 0.000166666666666667 0.999055555555556 0.000166666666666667 5.55555555555556e-05 5.55555555555556e-05; % v D=0.2
0.2495 0.0005 0.000166666666666667 0.000166666666666667 0.000166666666666667 0.3745 0.000166666666666667 0.3745 0.000166666666666667 0.000166666666666667; % z D=0.2
0.001 0.345666666666667 0.000333333333333333 0.000333333333333333 0.000333333333333333 0.332333333333333 0.000333333333333333 0.319 0.000333333333333333 0.000333333333333333; % $ D=0.3
0.00025 0.00025 8.33333333333333e-05 0.998583333333333 8.33333333333333e-05 0.00025 8.33333333333333e-05 0.00025 8.33333333333333e-05 8.33333333333333e-05; % D D=0.3
0.24425 0.36925 0.00025 0.00025 0.00025 0.00075 0.00025 0.38425 0.00025 0.00025; % F D=0.3
0.00025 0.00025 8.33333333333333e-05 8.33333333333333e-05 8.33333333333333e-05 0.00025 8.33333333333333e-05 0.00025 8.33333333333333e-05 0.998583333333333; % L D=0.3
0.25425 0.36925 0.00025 0.00025 0.00025 0.37425 0.00025 0.00075 0.00025 0.00025; % M D=0.3
0.00025 0.00025 8.33333333333333e-05 8.33333333333333e-05 8.33333333333333e-05 0.00025 8.33333333333333e-05 0.00025 0.998583333333333 8.33333333333333e-05; % Z D=0.3
0.00025 0.00025 0.998583333333333 8.33333333333333e-05 8.33333333333333e-05 0.00025 8.33333333333333e-05 0.00025 8.33333333333333e-05 8.33333333333333e-05; % k D=0.3
0.00025 0.00025 8.33333333333333e-05 8.33333333333333e-05 0.998583333333333 0.00025 8.33333333333333e-05 0.00025 8.33333333333333e-05 8.33333333333333e-05; % p D=0.3
0.00025 0.00025 8.33333333333333e-05 8.33333333333333e-05 8.33333333333333e-05 0.00025 0.998583333333333 0.00025 8.33333333333333e-05 8.33333333333333e-05; % v D=0.3
0.24925 0.00075 0.00025 0.00025 0.00025 0.37425 0.00025 0.37425 0.00025 0.00025; % z D=0.3
0.00133333333333333 0.345333333333333 0.000444444444444445 0.000444444444444445 0.000444444444444445 0.332 0.000444444444444445 0.318666666666667 0.000444444444444445 0.000444444444444445; % $ D=0.4
0.000333333333333333 0.000333333333333333 0.000111111111111111 0.998111111111111 0.000111111111111111 0.000333333333333333 0.000111111111111111 0.000333333333333333 0.000111111111111111 0.000111111111111111; % D D=0.4
0.244 0.369 0.000333333333333333 0.000333333333333333 0.000333333333333333 0.001 0.000333333333333333 0.384 0.000333333333333333 0.000333333333333333; % F D=0.4
0.000333333333333333 0.000333333333333333 0.000111111111111111 0.000111111111111111 0.000111111111111111 0.000333333333333333 0.000111111111111111 0.000333333333333333 0.000111111111111111 0.998111111111111; % L D=0.4
0.254 0.369 0.000333333333333333 0.000333333333333333 0.000333333333333333 0.374 0.000333333333333333 0.001 0.000333333333333333 0.000333333333333333; % M D=0.4
0.000333333333333333 0.000333333333333333 0.000111111111111111 0.000111111111111111 0.000111111111111111 0.000333333333333333 0.000111111111111111 0.000333333333333333 0.998111111111111 0.000111111111111111; % Z D=0.4
0.000333333333333333 0.000333333333333333 0.998111111111111 0.000111111111111111 0.000111111111111111 0.000333333333333333 0.000111111111111111 0.000333333333333333 0.000111111111111111 0.000111111111111111; % k D=0.4
0.000333333333333333 0.000333333333333333 0.000111111111111111 0.000111111111111111 0.998111111111111 0.000333333333333333 0.000111111111111111 0.000333333333333333 0.000111111111111111 0.000111111111111111; % p D=0.4
0.000333333333333333 0.000333333333333333 0.000111111111111111 0.000111111111111111 0.000111111111111111 0.000333333333333333 0.998111111111111 0.000333333333333333 0.000111111111111111 0.000111111111111111; % v D=0.4
0.249 0.001 0.000333333333333333 0.000333333333333333 0.000333333333333333 0.374 0.000333333333333333 0.374 0.000333333333333333 0.000333333333333333; % z D=0.4
0.00166666666666667 0.345 0.000555555555555556 0.000555555555555556 0.000555555555555556 0.331666666666667 0.000555555555555556 0.318333333333333 0.000555555555555556 0.000555555555555556; % $ D=0.5
0.000416666666666667 0.000416666666666667 0.000138888888888889 0.997638888888889 0.000138888888888889 0.000416666666666667 0.000138888888888889 0.000416666666666667 0.000138888888888889 0.000138888888888889; % D D=0.5
0.24375 0.36875 0.000416666666666667 0.000416666666666667 0.000416666666666667 0.00125 0.000416666666666667 0.38375 0.000416666666666667 0.000416666666666667; % F D=0.5
0.000416666666666667 0.000416666666666667 0.000138888888888889 0.000138888888888889 0.000138888888888889 0.000416666666666667 0.000138888888888889 0.000416666666666667 0.000138888888888889 0.997638888888889; % L D=0.5
0.25375 0.36875 0.000416666666666667 0.000416666666666667 0.000416666666666667 0.37375 0.000416666666666667 0.00125 0.000416666666666667 0.000416666666666667; % M D=0.5
0.000416666666666667 0.000416666666666667 0.000138888888888889 0.000138888888888889 0.000138888888888889 0.000416666666666667 0.000138888888888889 0.000416666666666667 0.997638888888889 0.000138888888888889; % Z D=0.5
0.000416666666666667 0.000416666666666667 0.997638888888889 0.000138888888888889 0.000138888888888889 0.000416666666666667 0.000138888888888889 0.000416666666666667 0.000138888888888889 0.000138888888888889; % k D=0.5
0.000416666666666667 0.000416666666666667 0.000138888888888889 0.000138888888888889 0.997638888888889 0.000416666666666667 0.000138888888888889 0.000416666666666667 0.000138888888888889 0.000138888888888889; % p D=0.5
0.000416666666666667 0.000416666666666667 0.000138888888888889 0.000138888888888889 0.000138888888888889 0.000416666666666667 0.997638888888889 0.000416666666666667 0.000138888888888889 0.000138888888888889; % v D=0.5
0.24875 0.00125 0.000416666666666667 0.000416666666666667 0.000416666666666667 0.37375 0.000416666666666667 0.37375 0.000416666666666667 0.000416666666666667; % z D=0.5
0.002 0.344666666666667 0.000666666666666667 0.000666666666666667 0.000666666666666667 0.331333333333333 0.000666666666666667 0.318 0.000666666666666667 0.000666666666666667; % $ D=0.6
0.0005 0.0005 0.000166666666666667 0.997166666666667 0.000166666666666667 0.0005 0.000166666666666667 0.0005 0.000166666666666667 0.000166666666666667; % D D=0.6
0.2435 0.3685 0.0005 0.0005 0.0005 0.0015 0.0005 0.3835 0.0005 0.0005; % F D=0.6
0.0005 0.0005 0.000166666666666667 0.000166666666666667 0.000166666666666667 0.0005 0.000166666666666667 0.0005 0.000166666666666667 0.997166666666667; % L D=0.6
0.2535 0.3685 0.0005 0.0005 0.0005 0.3735 0.0005 0.0015 0.0005 0.0005; % M D=0.6
0.0005 0.0005 0.000166666666666667 0.000166666666666667 0.000166666666666667 0.0005 0.000166666666666667 0.0005 0.997166666666667 0.000166666666666667; % Z D=0.6
0.0005 0.0005 0.997166666666667 0.000166666666666667 0.000166666666666667 0.0005 0.000166666666666667 0.0005 0.000166666666666667 0.000166666666666667; % k D=0.6
0.0005 0.0005 0.000166666666666667 0.000166666666666667 0.997166666666667 0.0005 0.000166666666666667 0.0005 0.000166666666666667 0.000166666666666667; % p D=0.6
0.0005 0.0005 0.000166666666666667 0.000166666666666667 0.000166666666666667 0.0005 0.997166666666667 0.0005 0.000166666666666667 0.000166666666666667; % v D=0.6
0.2485 0.0015 0.0005 0.0005 0.0005 0.3735 0.0005 0.3735 0.0005 0.0005; % z D=0.6
0.00233333333333333 0.344333333333333 0.000777777777777778 0.000777777777777778 0.000777777777777778 0.331 0.000777777777777778 0.317666666666667 0.000777777777777778 0.000777777777777778; % $ D=0.7
0.000583333333333333 0.000583333333333333 0.000194444444444444 0.996694444444445 0.000194444444444444 0.000583333333333333 0.000194444444444444 0.000583333333333333 0.000194444444444444 0.000194444444444444; % D D=0.7
0.24325 0.36825 0.000583333333333333 0.000583333333333333 0.000583333333333333 0.00175 0.000583333333333333 0.38325 0.000583333333333333 0.000583333333333333; % F D=0.7
0.000583333333333333 0.000583333333333333 0.000194444444444444 0.000194444444444444 0.000194444444444444 0.000583333333333333 0.000194444444444444 0.000583333333333333 0.000194444444444444 0.996694444444445; % L D=0.7
0.25325 0.36825 0.000583333333333333 0.000583333333333333 0.000583333333333333 0.37325 0.000583333333333333 0.00175 0.000583333333333333 0.000583333333333333; % M D=0.7
0.000583333333333333 0.000583333333333333 0.000194444444444444 0.000194444444444444 0.000194444444444444 0.000583333333333333 0.000194444444444444 0.000583333333333333 0.996694444444445 0.000194444444444444; % Z D=0.7
0.000583333333333333 0.000583333333333333 0.996694444444445 0.000194444444444444 0.000194444444444444 0.000583333333333333 0.000194444444444444 0.000583333333333333 0.000194444444444444 0.000194444444444444; % k D=0.7
0.000583333333333333 0.000583333333333333 0.000194444444444444 0.000194444444444444 0.996694444444445 0.000583333333333333 0.000194444444444444 0.000583333333333333 0.000194444444444444 0.000194444444444444; % p D=0.7
0.000583333333333333 0.000583333333333333 0.000194444444444444 0.000194444444444444 0.000194444444444444 0.000583333333333333 0.996694444444445 0.000583333333333333 0.000194444444444444 0.000194444444444444; % v D=0.7
0.24825 0.00175 0.000583333333333333 0.000583333333333333 0.000583333333333333 0.37325 0.000583333333333333 0.37325 0.000583333333333333 0.000583333333333333; % z D=0.7
0.00266666666666667 0.344 0.000888888888888889 0.000888888888888889 0.000888888888888889 0.330666666666667 0.000888888888888889 0.317333333333333 0.000888888888888889 0.000888888888888889; % $ D=0.8
0.000666666666666667 0.000666666666666667 0.000222222222222222 0.996222222222222 0.000222222222222222 0.000666666666666667 0.000222222222222222 0.000666666666666667 0.000222222222222222 0.000222222222222222; % D D=0.8
0.243 0.368 0.000666666666666667 0.000666666666666667 0.000666666666666667 0.002 0.000666666666666667 0.383 0.000666666666666667 0.000666666666666667; % F D=0.8
0.000666666666666667 0.000666666666666667 0.000222222222222222 0.000222222222222222 0.000222222222222222 0.000666666666666667 0.000222222222222222 0.000666666666666667 0.000222222222222222 0.996222222222222; % L D=0.8
0.253 0.368 0.000666666666666667 0.000666666666666667 0.000666666666666667 0.373 0.000666666666666667 0.002 0.000666666666666667 0.000666666666666667; % M D=0.8
0.000666666666666667 0.000666666666666667 0.000222222222222222 0.000222222222222222 0.000222222222222222 0.000666666666666667 0.000222222222222222 0.000666666666666667 0.996222222222222 0.000222222222222222; % Z D=0.8
0.000666666666666667 0.000666666666666667 0.996222222222222 0.000222222222222222 0.000222222222222222 0.000666666666666667 0.000222222222222222 0.000666666666666667 0.000222222222222222 0.000222222222222222; % k D=0.8
0.000666666666666667 0.000666666666666667 0.000222222222222222 0.000222222222222222 0.996222222222222 0.000666666666666667 0.000222222222222222 0.000666666666666667 0.000222222222222222 0.000222222222222222; % p D=0.8
0.000666666666666667 0.000666666666666667 0.000222222222222222 0.000222222222222222 0.000222222222222222 0.000666666666666667 0.996222222222222 0.000666666666666667 0.000222222222222222 0.000222222222222222; % v D=0.8
0.248 0.002 0.000666666666666667 0.000666666666666667 0.000666666666666667 0.373 0.000666666666666667 0.373 0.000666666666666667 0.000666666666666667; % z D=0.8
0.003 0.343666666666667 0.001 0.001 0.001 0.330333333333333 0.001 0.317 0.001 0.001; % $ D=0.9
0.00075 0.00075 0.00025 0.99575 0.00025 0.00075 0.00025 0.00075 0.00025 0.00025; % D D=0.9
0.24275 0.36775 0.00075 0.00075 0.00075 0.00225 0.00075 0.38275 0.00075 0.00075; % F D=0.9
0.00075 0.00075 0.00025 0.00025 0.00025 0.00075 0.00025 0.00075 0.00025 0.99575; % L D=0.9
0.25275 0.36775 0.00075 0.00075 0.00075 0.37275 0.00075 0.00225 0.00075 0.00075; % M D=0.9
0.00075 0.00075 0.00025 0.00025 0.00025 0.00075 0.00025 0.00075 0.99575 0.00025; % Z D=0.9
0.00075 0.00075 0.99575 0.00025 0.00025 0.00075 0.00025 0.00075 0.00025 0.00025; % k D=0.9
0.00075 0.00075 0.00025 0.00025 0.99575 0.00075 0.00025 0.00075 0.00025 0.00025; % p D=0.9
0.00075 0.00075 0.00025 0.00025 0.00025 0.00075 0.99575 0.00075 0.00025 0.00025; % v D=0.9
0.24775 0.00225 0.00075 0.00075 0.00075 0.37275 0.00075 0.37275 0.00075 0.00075; % z D=0.9
0.00316666666666667 0.3435 0.00105555555555556 0.00105555555555556 0.00105555555555556 0.330166666666667 0.00105555555555556 0.316833333333333 0.00105555555555556 0.00105555555555556; % $ D=0.95
0.000791666666666667 0.000791666666666667 0.000263888888888889 0.995513888888889 0.000263888888888889 0.000791666666666667 0.000263888888888889 0.000791666666666667 0.000263888888888889 0.000263888888888889; % D D=0.95
0.242625 0.367625 0.000791666666666667 0.000791666666666667 0.000791666666666667 0.002375 0.000791666666666667 0.382625 0.000791666666666667 0.000791666666666667; % F D=0.95
0.000791666666666667 0.000791666666666667 0.000263888888888889 0.000263888888888889 0.000263888888888889 0.000791666666666667 0.000263888888888889 0.000791666666666667 0.000263888888888889 0.995513888888889; % L D=0.95
0.252625 0.367625 0.000791666666666667 0.000791666666666667 0.000791666666666667 0.372625 0.000791666666666667 0.002375 0.000791666666666667 0.000791666666666667; % M D=0.95
0.000791666666666667 0.000791666666666667 0.000263888888888889 0.000263888888888889 0.000263888888888889 0.000791666666666667 0.000263888888888889 0.000791666666666667 0.995513888888889 0.000263888888888889; % Z D=0.95
0.000791666666666667 0.000791666666666667 0.995513888888889 0.000263888888888889 0.000263888888888889 0.000791666666666667 0.000263888888888889 0.000791666666666667 0.000263888888888889 0.000263888888888889; % k D=0.95
0.000791666666666667 0.000791666666666667 0.000263888888888889 0.000263888888888889 0.995513888888889 0.000791666666666667 0.000263888888888889 0.000791666666666667 0.000263888888888889 0.000263888888888889; % p D=0.95
0.000791666666666667 0.000791666666666667 0.000263888888888889 0.000263888888888889 0.000263888888888889 0.000791666666666667 0.995513888888889 0.000791666666666667 0.000263888888888889 0.000263888888888889; % v D=0.95
0.247625 0.002375 0.000791666666666667 0.000791666666666667 0.000791666666666667 0.372625 0.000791666666666667 0.372625 0.000791666666666667 0.000791666666666667]; % z D=0.95
