syllables = '$BDMNRTbdgnz';
discounts = [0.01 0.02 0.05 0.1 0.2 0.5 1 2 3 4 5 6 8 10 15 20 30 50];
kn_probs = [2.22222222222222e-05 2.22222222222222e-05 2.22222222222222e-05 2.22222222222222e-05 2.22222222222222e-05 2.22222222222222e-05 0.279955555555556 0.259955555555556 2.22222222222222e-05 0.199955555555556 0.259955555555556 2.22222222222222e-05; % $ D=0.01
5.55555555555556e-06 5.55555555555556e-06 5.55555555555556e-06 5.55555555555556e-06 5.55555555555556e-06 5.55555555555556e-06 5.55555555555556e-06 5.55555555555556e-06 0.999938888888889 5.55555555555556e-06 5.55555555555556e-06 5.55555555555556e-06; % B D=0.01
5.55555555555556e-06 5.55555555555556e-06 5.55555555555556e-06 5.55555555555556e-06 5.55555555555556e-06 5.55555555555556e-06 5.55555555555556e-06 5.55555555555556e-06 5.55555555555556e-06 5.55555555555556e-06 5.55555555555556e-06 0.999938888888889; % D D=0.01
0.186622222222222 2.22222222222222e-05 2.22222222222222e-05 2.22222222222222e-05 2.22222222222222e-05 2.22222222222222e-05 0.266622222222222 2.22222222222222e-05 2.22222222222222e-05 0.306622222222222 0.239955555555556 2.22222222222222e-05; % M D=0.01
0.253288888888889 2.22222222222222e-05 2.22222222222222e-05 2.22222222222222e-05 2.22222222222222e-05 2.22222222222222e-05 0.279955555555556 0.266622222222222 2.22222222222222e-05 0.199955555555556 2.22222222222222e-05 2.22222222222222e-05; % N D=0.01
0.233288888888889 2.22222222222222e-05 2.22222222222222e-05 2.22222222222222e-05 2.22222222222222e-05 2.22222222222222e-05 2.22222222222222e-05 0.219955555555556 2.22222222222222e-05 0.293288888888889 0.253288888888889 2.22222222222222e-05; % R D=0.01
5.55555555555556e-06 5.55555555555556e-06 5.55555555555556e-06 5.55555555555556e-06 5.55555555555556e-06 0.999938888888889 5.55555555555556e-06 5.55555555555556e-06 5.55555555555556e-06 5.55555555555556e-06 5.55555555555556e-06 5.55555555555556e-06; % T D=0.01
5.55555555555556e-06 5.55555555555556e-06 0.999938888888889 5.55555555555556e-06 5.55555555555556e-06 5.55555555555556e-06 5.55555555555556e-06 5.55555555555556e-06 5.55555555555556e-06 5.55555555555556e-06 5.55555555555556e-06 5.55555555555556e-06; % b D=0.01
0.326622222222222 2.22222222222222e-05 2.22222222222222e-05 2.22222222222222e-05 2.22222222222222e-05 2.22222222222222e-05 0.173288888888889 0.253288888888889 2.22222222222222e-05 2.22222222222222e-05 0.246622222222222 2.22222222222222e-05; % d D=0.01
5.55555555555556e-06 0.999938888888889 5.55555555555556e-06 5.55555555555556e-06 5.55555555555556e-06 5.55555555555556e-06 5.55555555555556e-06 5.55555555555556e-06 5.55555555555556e-06 5.55555555555556e-06 5.55555555555556e-06 5.55555555555556e-06; % g D=0.01
5.55555555555556e-06 5.55555555555556e-06 5.55555555555556e-06 5.55555555555556e-06 0.999938888888889 5.55555555555556e-06 5.55555555555556e-06 5.55555555555556e-06 5.55555555555556e-06 5.55555555555556e-06 5.55555555555556e-06 5.55555555555556e-06; % n D=0.01
5.55555555555556e-06 5.55555555555556e-06 5.55555555555556e-06 0.999938888888889 5.55555555555556e-06 5.55555555555556e-06 5.55555555555556e-06 5.55555555555556e-06 5.55555555555556e-06 5.55555555555556e-06 5.55555555555556e-06 5.55555555555556e-06; % z D=0.01
4.44444444444444e-05 4.44444444444444e-05 4.44444444444444e-05 4.44444444444444e-05 4.44444444444444e-05 4.44444444444444e-05 0.279911111111111 0.259911111111111 4.44444444444444e-05 0.199911111111111 0.259911111111111 4.44444444444444e-05; % $ D=0.02
1.11111111111111e-05 1.11111111111111e-05 1.11111111111111e-05 1.11111111111111e-05 1.11111111111111e-05 1.11111111111111e-05 1.11111111111111e-05 1.11111111111111e-05 0.999877777777778 1.11111111111111e-05 1.11111111111111e-05 1.11111111111111e-05; % B D=0.02
1.11111111111111e-05 1.11111111111111e-05 1.11111111111111e-05 1.11111111111111e-05 1.11111111111111e-05 1.11111111111111e-05 1.11111111111111e-05 1.11111111111111e-05 1.11111111111111e-05 1.11111111111111e-05 1.11111111111111e-05 0.999877777777778; % D D=0.02
0.186577777777778 4.44444444444444e-05 4.44444444444444e-05 4.44444444444444e-05 4.44444444444444e-05 4.44444444444444e-05 0.266577777777778 4.44444444444444e-05 4.44444444444444e-05 0.306577777777778 0.239911111111111 4.44444444444444e-05; % M D=0.02
0.253244444444444 4.44444444444444e-05 4.44444444444444e-05 4.44444444444444e-05 4.44444444444444e-05 4.44444444444444e-05 0.279911111111111 0.266577777777778 4.44444444444444e-05 0.199911111111111 4.44444444444444e-05 4.44444444444444e-05; % N D=0.02
0.233244444444444 4.44444444444444e-05 4.44444444444444e-05 4.44444444444444e-05 4.44444444444444e-05 4.44444444444444e-05 4.44444444444444e-05 0.219911111111111 4.44444444444444e-05 0.293244444444444 0.253244444444444 4.44444444444444e-05; % R D=0.02
1.11111111111111e-05 1.11111111111111e-05 1.11111111111111e-05 1.11111111111111e-05 1.11111111111111e-05 0.999877777777778 1.11111111111111e-05 1.11111111111111e-05 1.11111111111111e-05 1.11111111111111e-05 1.11111111111111e-05 1.11111111111111e-05; % T D=0.02
1.11111111111111e-05 1.11111111111111e-05 0.999877777777778 1.11111111111111e-05 1.11111111111111e-05 1.11111111111111e-05 1.11111111111111e-05 1.11111111111111e-05 1.11111111111111e-05 1.11111111111111e-05 1.11111111111111e-05 1.11111111111111e-05; % b D=0.02
0.326577777777778 4.44444444444444e-05 4.44444444444444e-05 4.44444444444444e-05 4.44444444444444e-05 4.44444444444444e-05 0.173244444444444 0.253244444444444 4.44444444444444e-05 4.44444444444444e-05 0.246577777777778 4.44444444444444e-05; % d D=0.02
1.11111111111111e-05 0.999877777777778 1.11111111111111e-05 1.11111111111111e-05 1.11111111111111e-05 1.11111111111111e-05 1.11111111111111e-05 1.11111111111111e-05 1.11111111111111e-05 1.11111111111111e-05 1.11111111111111e-05 1.11111111111111e-05; % g D=0.02
1.11111111111111e-05 1.11111111111111e-05 1.11111111111111e-05 1.11111111111111e-05 0.999877777777778 1.11111111111111e-05 1.11111111111111e-05 1.11111111111111e-05 1.11111111111111e-05 1.11111111111111e-05 1.11111111111111e-05 1.11111111111111e-05; % n D=0.02
1.11111111111111e-05 1.11111111111111e-05 1.11111111111111e-05 0.999877777777778 1.11111111111111e-05 1.11111111111111e-05 1.11111111111111e-05 1.11111111111111e-05 1.11111111111111e-05 1.11111111111111e-05 1.11111111111111e-05 1.11111111111111e-05; % z D=0.02
0.000111111111111111 0.000111111111111111 0.000111111111111111 0.000111111111111111 0.000111111111111111 0.000111111111111111 0.279777777777778 0.259777777777778 0.000111111111111111 0.199777777777778 0.259777777777778 0.000111111111111111; % $ D=0.05
2.77777777777778e-05 2.77777777777778e-05 2.77777777777778e-05 2.77777777777778e-05 2.77777777777778e-05 2.77777777777778e-05 2.77777777777778e-05 2.77777777777778e-05 0.999694444444444 2.77777777777778e-05 2.77777777777778e-05 2.77777777777778e-05; % B D=0.05
2.77777777777778e-05 2.77777777777778e-05 2.77777777777778e-05 2.77777777777778e-05 2.77777777777778e-05 2.77777777777778e-05 2.77777777777778e-05 2.77777777777778e-05 2.77777777777778e-05 2.77777777777778e-05 2.77777777777778e-05 0.999694444444444; % D D=0.05
0.186444444444444 0.000111111111111111 0.000111111111111111 0.000111111111111111 0.000111111111111111 0.000111111111111111 0.266444444444444 0.000111111111111111 0.000111111111111111 0.306444444444444 0.239777777777778 0.000111111111111111; % M D=0.05
0.253111111111111 0.000111111111111111 0.000111111111111111 0.000111111111111111 0.000111111111111111 0.000111111111111111 0.279777777777778 0.266444444444444 0.000111111111111111 0.199777777777778 0.000111111111111111 0.000111111111111111; % N D=0.05
0.233111111111111 0.000111111111111111 0.000111111111111111 0.000111111111111111 0.000111111111111111 0.000111111111111111 0.000111111111111111 0.219777777777778 0.000111111111111111 0.293111111111111 0.253111111111111 0.000111111111111111; % R D=0.05
2.77777777777778e-05 2.77777777777778e-05 2.77777777777778e-05 2.77777777777778e-05 2.77777777777778e-05 0.999694444444444 2.77777777777778e-05 2.77777777777778e-05 2.77777777777778e-05 2.77777777777778e-05 2.77777777777778e-05 2.77777777777778e-05; % T D=0.05
2.77777777777778e-05 2.77777777777778e-05 0.999694444444444 2.77777777777778e-05 2.77777777777778e-05 2.77777777777778e-05 2.77777777777778e-05 2.77777777777778e-05 2.77777777777778e-05 2.77777777777778e-05 2.77777777777778e-05 2.77777777777778e-05; % b D=0.05
0.326444444444444 0.000111111111111111 0.000111111111111111 0.000111111111111111 0.000111111111111111 0.000111111111111111 0.173111111111111 0.253111111111111 0.000111111111111111 0.000111111111111111 0.246444444444444 0.000111111111111111; % d D=0.05
2.77777777777778e-05 0.999694444444444 2.77777777777778e-05 2.77777777777778e-05 2.77777777777778e-05 2.77777777777778e-05 2.77777777777778e-05 2.77777777777778e-05 2.77777777777778e-05 2.77777777777778e-05 2.77777777777778e-05 2.77777777777778e-05; % g D=0.05
2.77777777777778e-05 2.77777777777778e-05 2.77777777777778e-05 2.77777777777778e-05 0.999694444444444 2.77777777777778e-05 2.77777777777778e-05 2.77777777777778e-05 2.77777777777778e-05 2.77777777777778e-05 2.77777777777778e-05 2.77777777777778e-05; % n D=0.05
2.77777777777778e-05 2.77777777777778e-05 2.77777777777778e-05 0.999694444444444 2.77777777777778e-05 2.77777777777778e-05 2.77777777777778e-05 2.77777777777778e-05 2.77777777777778e-05 2.77777777777778e-05 2.77777777777778e-05 2.77777777777778e-05; % z D=0.05
0.000222222222222222 0.000222222222222222 0.000222222222222222 0.000222222222222222 0.000222222222222222 0.000222222222222222 0.279555555555556 0.259555555555556 0.000222222222222222 0.199555555555556 0.259555555555556 0.000222222222222222; % $ D=0.1
5.55555555555556e-05 5.55555555555556e-05 5.55555555555556e-05 5.55555555555556e-05 5.55555555555556e-05 5.55555555555556e-05 5.55555555555556e-05 5.55555555555556e-05 0.999388888888889 5.55555555555556e-05 5.55555555555556e-05 5.55555555555556e-05; % B D=0.1
5.55555555555556e-05 5.55555555555556e-05 5.55555555555556e-05 5.55555555555556e-05 5.55555555555556e-05 5.55555555555556e-05 5.55555555555556e-05 5.55555555555556e-05 5.55555555555556e-05 5.55555555555556e-05 5.55555555555556e-05 0.999388888888889; % D D=0.1
0.186222222222222 0.000222222222222222 0.000222222222222222 0.000222222222222222 0.000222222222222222 0.000222222222222222 0.266222222222222 0.000222222222222222 0.000222222222222222 0.306222222222222 0.239555555555556 0.000222222222222222; % M D=0.1
0.252888888888889 0.000222222222222222 0.000222222222222222 0.000222222222222222 0.000222222222222222 0.000222222222222222 0.279555555555556 0.266222222222222 0.000222222222222222 0.199555555555556 0.000222222222222222 0.000222222222222222; % N D=0.1
0.232888888888889 0.000222222222222222 0.000222222222222222 0.000222222222222222 0.000222222222222222 0.000222222222222222 0.000222222222222222 0.219555555555556 0.000222222222222222 0.292888888888889 0.252888888888889 0.000222222222222222; % R D=0.1
5.55555555555556e-05 5.55555555555556e-05 5.55555555555556e-05 5.55555555555556e-05 5.55555555555556e-05 0.999388888888889 5.55555555555556e-05 5.55555555555556e-05 5.55555555555556e-05 5.55555555555556e-05 5.55555555555556e-05 5.55555555555556e-05; % T D=0.1
5.55555555555556e-05 5.55555555555556e-05 0.999388888888889 5.55555555555556e-05 5.55555555555556e-05 5.55555555555556e-05 5.55555555555556e-05 5.55555555555556e-05 5.55555555555556e-05 5.55555555555556e-05 5.55555555555556e-05 5.55555555555556e-05; % b D=0.1
0.326222222222222 0.000222222222222222 0.000222222222222222 0.000222222222222222 0.000222222222222222 0.000222222222222222 0.172888888888889 0.252888888888889 0.000222222222222222 0.000222222222222222 0.246222222222222 0.000222222222222222; % d D=0.1
5.55555555555556e-05 0.999388888888889 5.55555555555556e-05 5.55555555555556e-05 5.55555555555556e-05 5.55555555555556e-05 5.55555555555556e-05 5.55555555555556e-05 5.55555555555556e-05 5.55555555555556e-05 5.55555555555556e-05 5.55555555555556e-05; % g D=0.1
5.55555555555556e-05 5.55555555555556e-05 5.55555555555556e-05 5.55555555555556e-05 0.999388888888889 5.55555555555556e-05 5.55555555555556e-05 5.55555555555556e-05 5.55555555555556e-05 5.55555555555556e-05 5.55555555555556e-05 5.55555555555556e-05; % n D=0.1
5.55555555555556e-05 5.55555555555556e-05 5.55555555555556e-05 0.999388888888889 5.55555555555556e-05 5.55555555555556e-05 5.55555555555556e-05 5.55555555555556e-05 5.55555555555556e-05 5.55555555555556e-05 5.55555555555556e-05 5.55555555555556e-05; % z D=0.1
0.000444444444444444 0.000444444444444444 0.000444444444444444 0.000444444444444444 0.000444444444444444 0.000444444444444444 0.279111111111111 0.259111111111111 0.000444444444444444 0.199111111111111 0.259111111111111 0.000444444444444444; % $ D=0.2
0.000111111111111111 0.000111111111111111 0.000111111111111111 0.000111111111111111 0.000111111111111111 0.000111111111111111 0.000111111111111111 0.000111111111111111 0.998777777777778 0.000111111111111111 0.000111111111111111 0.000111111111111111; % B D=0.2
0.000111111111111111 0.000111111111111111 0.000111111111111111 0.000111111111111111 0.000111111111111111 0.000111111111111111 0.000111111111111111 0.000111111111111111 0.000111111111111111 0.000111111111111111 0.000111111111111111 0.998777777777778; % D D=0.2
0.185777777777778 0.000444444444444444 0.000444444444444444 0.000444444444444444 0.000444444444444444 0.000444444444444444 0.265777777777778 0.000444444444444444 0.000444444444444444 0.305777777777778 0.239111111111111 0.000444444444444444; % M D=0.2
0.252444444444444 0.000444444444444444 0.000444444444444444 0.000444444444444444 0.000444444444444444 0.000444444444444444 0.279111111111111 0.265777777777778 0.000444444444444444 0.199111111111111 0.000444444444444444 0.000444444444444444; % N D=0.2
0.232444444444444 0.000444444444444444 0.000444444444444444 0.000444444444444444 0.000444444444444444 0.000444444444444444 0.000444444444444444 0.219111111111111 0.000444444444444444 0.292444444444444 0.252444444444444 0.000444444444444444; % R D=0.2
0.000111111111111111 0.000111111111111111 0.000111111111111111 0.000111111111111111 0.000111111111111111 0.998777777777778 0.000111111111111111 0.000111111111111111 0.000111111111111111 0.000111111111111111 0.000111111111111111 0.000111111111111111; % T D=0.2
0.000111111111111111 0.000111111111111111 0.998777777777778 0.000111111111111111 0.000111111111111111 0.000111111111111111 0.000111111111111111 0.000111111111111111 0.000111111111111111 0.000111111111111111 0.000111111111111111 0.000111111111111111; % b D=0.2
0.325777777777778 0.000444444444444444 0.000444444444444444 0.000444444444444444 0.000444444444444444 0.000444444444444444 0.172444444444444 0.252444444444444 0.000444444444444444 0.000444444444444444 0.245777777777778 0.000444444444444444; % d D=0.2
0.000111111111111111 0.998777777777778 0.000111111111111111 0.000111111111111111 0.000111111111111111 0.000111111111111111 0.000111111111111111 0.000111111111111111 0.000111111111111111 0.000111111111111111 0.000111111111111111 0.000111111111111111; % g D=0.2
0.000111111111111111 0.000111111111111111 0.000111111111111111 0.000111111111111111 0.998777777777778 0.000111111111111111 0.000111111111111111 0.000111111111111111 0.000111111111111111 0.000111111111111111 0.000111111111111111 0.000111111111111111; % n D=0.2
0.000111111111111111 0.000111111111111111 0.000111111111111111 0.998777777777778 0.000111111111111111 0.000111111111111111 0.000111111111111111 0.000111111111111111 0.000111111111111111 0.000111111111111111 0.000111111111111111 0.000111111111111111; % z D=0.2
0.00111111111111111 0.00111111111111111 0.00111111111111111 0.00111111111111111 0.00111111111111111 0.00111111111111111 0.277777777777778 0.257777777777778 0.00111111111111111 0.197777777777778 0.257777777777778 0.00111111111111111; % $ D=0.5
0.000277777777777778 0.000277777777777778 0.000277777777777778 0.000277777777777778 0.000277777777777778 0.000277777777777778 0.000277777777777778 0.000277777777777778 0.996944444444445 0.000277777777777778 0.000277777777777778 0.000277777777777778; % B D=0.5
0.000277777777777778 0.000277777777777778 0.000277777777777778 0.000277777777777778 0.000277777777777778 0.000277777777777778 0.000277777777777778 0.000277777777777778 0.000277777777777778 0.000277777777777778 0.000277777777777778 0.996944444444445; % D D=0.5
0.184444444444444 0.00111111111111111 0.00111111111111111 0.00111111111111111 0.00111111111111111 0.00111111111111111 0.264444444444444 0.00111111111111111 0.00111111111111111 0.304444444444444 0.237777777777778 0.00111111111111111; % M D=0.5
0.251111111111111 0.00111111111111111 0.00111111111111111 0.00111111111111111 0.00111111111111111 0.00111111111111111 0.277777777777778 0.264444444444444 0.00111111111111111 0.197777777777778 0.00111111111111111 0.00111111111111111; % N D=0.5
0.231111111111111 0.00111111111111111 0.00111111111111111 0.00111111111111111 0.00111111111111111 0.00111111111111111 0.00111111111111111 0.217777777777778 0.00111111111111111 0.291111111111111 0.251111111111111 0.00111111111111111; % R D=0.5
0.000277777777777778 0.000277777777777778 0.000277777777777778 0.000277777777777778 0.000277777777777778 0.996944444444445 0.000277777777777778 0.000277777777777778 0.000277777777777778 0.000277777777777778 0.000277777777777778 0.000277777777777778; % T D=0.5
0.000277777777777778 0.000277777777777778 0.996944444444445 0.000277777777777778 0.000277777777777778 0.000277777777777778 0.000277777777777778 0.000277777777777778 0.000277777777777778 0.000277777777777778 0.000277777777777778 0.000277777777777778; % b D=0.5
0.324444444444444 0.00111111111111111 0.00111111111111111 0.00111111111111111 0.00111111111111111 0.00111111111111111 0.171111111111111 0.251111111111111 0.00111111111111111 0.00111111111111111 0.244444444444444 0.00111111111111111; % d D=0.5
0.000277777777777778 0.996944444444445 0.000277777777777778 0.000277777777777778 0.000277777777777778 0.000277777777777778 0.000277777777777778 0.000277777777777778 0.000277777777777778 0.000277777777777778 0.000277777777777778 0.000277777777777778; % g D=0.5
0.000277777777777778 0.000277777777777778 0.000277777777777778 0.000277777777777778 0.996944444444445 0.000277777777777778 0.000277777777777778 0.000277777777777778 0.000277777777777778 0.000277777777777778 0.000277777777777778 0.000277777777777778; % n D=0.5
0.000277777777777778 0.000277777777777778 0.000277777777777778 0.996944444444445 0.000277777777777778 0.000277777777777778 0.000277777777777778 0.000277777777777778 0.000277777777777778 0.000277777777777778 0.000277777777777778 0.000277777777777778; % z D=0.5
0.00222222222222222 0.00222222222222222 0.00222222222222222 0.00222222222222222 0.00222222222222222 0.00222222222222222 0.275555555555556 0.255555555555556 0.00222222222222222 0.195555555555556 0.255555555555556 0.00222222222222222; % $ D=1
0.000555555555555556 0.000555555555555556 0.000555555555555556 0.000555555555555556 0.000555555555555556 0.000555555555555556 0.000555555555555556 0.000555555555555556 0.993888888888889 0.000555555555555556 0.000555555555555556 0.000555555555555556; % B D=1
0.000555555555555556 0.000555555555555556 0.000555555555555556 0.000555555555555556 0.000555555555555556 0.000555555555555556 0.000555555555555556 0.000555555555555556 0.000555555555555556 0.000555555555555556 0.000555555555555556 0.993888888888889; % D D=1
0.182222222222222 0.00222222222222222 0.00222222222222222 0.00222222222222222 0.00222222222222222 0.00222222222222222 0.262222222222222 0.00222222222222222 0.00222222222222222 0.302222222222222 0.235555555555556 0.00222222222222222; % M D=1
0.248888888888889 0.00222222222222222 0.00222222222222222 0.00222222222222222 0.00222222222222222 0.00222222222222222 0.275555555555556 0.262222222222222 0.00222222222222222 0.195555555555556 0.00222222222222222 0.00222222222222222; % N D=1
0.228888888888889 0.00222222222222222 0.00222222222222222 0.00222222222222222 0.00222222222222222 0.00222222222222222 0.00222222222222222 0.215555555555556 0.00222222222222222 0.288888888888889 0.248888888888889 0.00222222222222222; % R D=1
0.000555555555555556 0.000555555555555556 0.000555555555555556 0.000555555555555556 0.000555555555555556 0.993888888888889 0.000555555555555556 0.000555555555555556 0.000555555555555556 0.000555555555555556 0.000555555555555556 0.000555555555555556; % T D=1
0.000555555555555556 0.000555555555555556 0.993888888888889 0.000555555555555556 0.000555555555555556 0.000555555555555556 0.000555555555555556 0.000555555555555556 0.000555555555555556 0.000555555555555556 0.000555555555555556 0.000555555555555556; % b D=1
0.322222222222222 0.00222222222222222 0.00222222222222222 0.00222222222222222 0.00222222222222222 0.00222222222222222 0.168888888888889 0.248888888888889 0.00222222222222222 0.00222222222222222 0.242222222222222 0.00222222222222222; % d D=1
0.000555555555555556 0.993888888888889 0.000555555555555556 0.000555555555555556 0.000555555555555556 0.000555555555555556 0.000555555555555556 0.000555555555555556 0.000555555555555556 0.000555555555555556 0.000555555555555556 0.000555555555555556; % g D=1
0.000555555555555556 0.000555555555555556 0.000555555555555556 0.000555555555555556 0.993888888888889 0.000555555555555556 0.000555555555555556 0.000555555555555556 0.000555555555555556 0.000555555555555556 0.000555555555555556 0.000555555555555556; % n D=1
0.000555555555555556 0.000555555555555556 0.000555555555555556 0.993888888888889 0.000555555555555556 0.000555555555555556 0.000555555555555556 0.000555555555555556 0.000555555555555556 0.000555555555555556 0.000555555555555556 0.000555555555555556; % z D=1
0.00444444444444444 0.00444444444444444 0.00444444444444444 0.00444444444444444 0.00444444444444444 0.00444444444444444 0.271111111111111 0.251111111111111 0.00444444444444444 0.191111111111111 0.251111111111111 0.00444444444444444; % $ D=2
0.00111111111111111 0.00111111111111111 0.00111111111111111 0.00111111111111111 0.00111111111111111 0.00111111111111111 0.00111111111111111 0.00111111111111111 0.987777777777778 0.00111111111111111 0.00111111111111111 0.00111111111111111; % B D=2
0.00111111111111111 0.00111111111111111 0.00111111111111111 0.00111111111111111 0.00111111111111111 0.00111111111111111 0.00111111111111111 0.00111111111111111 0.00111111111111111 0.00111111111111111 0.00111111111111111 0.987777777777778; % D D=2
0.177777777777778 0.00444444444444444 0.00444444444444444 0.00444444444444444 0.00444444444444444 0.00444444444444444 0.257777777777778 0.00444444444444444 0.00444444444444444 0.297777777777778 0.231111111111111 0.00444444444444444; % M D=2
0.244444444444444 0.00444444444444444 0.00444444444444444 0.00444444444444444 0.00444444444444444 0.00444444444444444 0.271111111111111 0.257777777777778 0.00444444444444444 0.191111111111111 0.00444444444444444 0.00444444444444444; % N D=2
0.224444444444444 0.00444444444444444 0.00444444444444444 0.00444444444444444 0.00444444444444444 0.00444444444444444 0.00444444444444444 0.211111111111111 0.00444444444444444 0.284444444444444 0.244444444444444 0.00444444444444444; % R D=2
0.00111111111111111 0.00111111111111111 0.00111111111111111 0.00111111111111111 0.00111111111111111 0.987777777777778 0.00111111111111111 0.00111111111111111 0.00111111111111111 0.00111111111111111 0.00111111111111111 0.00111111111111111; % T D=2
0.00111111111111111 0.00111111111111111 0.987777777777778 0.00111111111111111 0.00111111111111111 0.00111111111111111 0.00111111111111111 0.00111111111111111 0.00111111111111111 0.00111111111111111 0.00111111111111111 0.00111111111111111; % b D=2
0.317777777777778 0.00444444444444444 0.00444444444444444 0.00444444444444444 0.00444444444444444 0.00444444444444444 0.164444444444444 0.244444444444444 0.00444444444444444 0.00444444444444444 0.237777777777778 0.00444444444444444; % d D=2
0.00111111111111111 0.987777777777778 0.00111111111111111 0.00111111111111111 0.00111111111111111 0.00111111111111111 0.00111111111111111 0.00111111111111111 0.00111111111111111 0.00111111111111111 0.00111111111111111 0.00111111111111111; % g D=2
0.00111111111111111 0.00111111111111111 0.00111111111111111 0.00111111111111111 0.987777777777778 0.00111111111111111 0.00111111111111111 0.00111111111111111 0.00111111111111111 0.00111111111111111 0.00111111111111111 0.00111111111111111; % n D=2
0.00111111111111111 0.00111111111111111 0.00111111111111111 0.987777777777778 0.00111111111111111 0.00111111111111111 0.00111111111111111 0.00111111111111111 0.00111111111111111 0.00111111111111111 0.00111111111111111 0.00111111111111111; % z D=2
0.00666666666666667 0.00666666666666667 0.00666666666666667 0.00666666666666667 0.00666666666666667 0.00666666666666667 0.266666666666667 0.246666666666667 0.00666666666666667 0.186666666666667 0.246666666666667 0.00666666666666667; % $ D=3
0.00166666666666667 0.00166666666666667 0.00166666666666667 0.00166666666666667 0.00166666666666667 0.00166666666666667 0.00166666666666667 0.00166666666666667 0.981666666666667 0.00166666666666667 0.00166666666666667 0.00166666666666667; % B D=3
0.00166666666666667 0.00166666666666667 0.00166666666666667 0.00166666666666667 0.00166666666666667 0.00166666666666667 0.00166666666666667 0.00166666666666667 0.00166666666666667 0.00166666666666667 0.00166666666666667 0.981666666666667; % D D=3
0.173333333333333 0.00666666666666667 0.00666666666666667 0.00666666666666667 0.00666666666666667 0.00666666666666667 0.253333333333333 0.00666666666666667 0.00666666666666667 0.293333333333333 0.226666666666667 0.00666666666666667; % M D=3
0.24 0.00666666666666667 0.00666666666666667 0.00666666666666667 0.00666666666666667 0.00666666666666667 0.266666666666667 0.253333333333333 0.00666666666666667 0.186666666666667 0.00666666666666667 0.00666666666666667; % N D=3
0.22 0.00666666666666667 0.00666666666666667 0.00666666666666667 0.00666666666666667 0.00666666666666667 0.00666666666666667 0.206666666666667 0.00666666666666667 0.28 0.24 0.00666666666666667; % R D=3
0.00166666666666667 0.00166666666666667 0.00166666666666667 0.00166666666666667 0.00166666666666667 0.981666666666667 0.00166666666666667 0.00166666666666667 0.00166666666666667 0.00166666666666667 0.00166666666666667 0.00166666666666667; % T D=3
0.00166666666666667 0.00166666666666667 0.981666666666667 0.00166666666666667 0.00166666666666667 0.00166666666666667 0.00166666666666667 0.00166666666666667 0.00166666666666667 0.00166666666666667 0.00166666666666667 0.00166666666666667; % b D=3
0.313333333333333 0.00666666666666667 0.00666666666666667 0.00666666666666667 0.00666666666666667 0.00666666666666667 0.16 0.24 0.00666666666666667 0.00666666666666667 0.233333333333333 0.00666666666666667; % d D=3
0.00166666666666667 0.981666666666667 0.00166666666666667 0.00166666666666667 0.00166666666666667 0.00166666666666667 0.00166666666666667 0.00166666666666667 0.00166666666666667 0.00166666666666667 0.00166666666666667 0.00166666666666667; % g D=3
0.00166666666666667 0.00166666666666667 0.00166666666666667 0.00166666666666667 0.981666666666667 0.00166666666666667 0.00166666666666667 0.00166666666666667 0.00166666666666667 0.00166666666666667 0.00166666666666667 0.00166666666666667; % n D=3
0.00166666666666667 0.00166666666666667 0.00166666666666667 0.981666666666667 0.00166666666666667 0.00166666666666667 0.00166666666666667 0.00166666666666667 0.00166666666666667 0.00166666666666667 0.00166666666666667 0.00166666666666667; % z D=3
0.00888888888888889 0.00888888888888889 0.00888888888888889 0.00888888888888889 0.00888888888888889 0.00888888888888889 0.262222222222222 0.242222222222222 0.00888888888888889 0.182222222222222 0.242222222222222 0.00888888888888889; % $ D=4
0.00222222222222222 0.00222222222222222 0.00222222222222222 0.00222222222222222 0.00222222222222222 0.00222222222222222 0.00222222222222222 0.00222222222222222 0.975555555555556 0.00222222222222222 0.00222222222222222 0.00222222222222222; % B D=4
0.00222222222222222 0.00222222222222222 0.00222222222222222 0.00222222222222222 0.00222222222222222 0.00222222222222222 0.00222222222222222 0.00222222222222222 0.00222222222222222 0.00222222222222222 0.00222222222222222 0.975555555555556; % D D=4
0.168888888888889 0.00888888888888889 0.00888888888888889 0.00888888888888889 0.00888888888888889 0.00888888888888889 0.248888888888889 0.00888888888888889 0.00888888888888889 0.288888888888889 0.222222222222222 0.00888888888888889; % M D=4
0.235555555555556 0.00888888888888889 0.00888888888888889 0.00888888888888889 0.00888888888888889 0.00888888888888889 0.262222222222222 0.248888888888889 0.00888888888888889 0.182222222222222 0.00888888888888889 0.00888888888888889; % N D=4
0.215555555555556 0.00888888888888889 0.00888888888888889 0.00888888888888889 0.00888888888888889 0.00888888888888889 0.00888888888888889 0.202222222222222 0.00888888888888889 0.275555555555556 0.235555555555556 0.00888888888888889; % R D=4
0.00222222222222222 0.00222222222222222 0.00222222222222222 0.00222222222222222 0.00222222222222222 0.975555555555556 0.00222222222222222 0.00222222222222222 0.00222222222222222 0.00222222222222222 0.00222222222222222 0.00222222222222222; % T D=4
0.00222222222222222 0.00222222222222222 0.975555555555556 0.00222222222222222 0.00222222222222222 0.00222222222222222 0.00222222222222222 0.00222222222222222 0.00222222222222222 0.00222222222222222 0.00222222222222222 0.00222222222222222; % b D=4
0.308888888888889 0.00888888888888889 0.00888888888888889 0.00888888888888889 0.00888888888888889 0.00888888888888889 0.155555555555556 0.235555555555556 0.00888888888888889 0.00888888888888889 0.228888888888889 0.00888888888888889; % d D=4
0.00222222222222222 0.975555555555556 0.00222222222222222 0.00222222222222222 0.00222222222222222 0.00222222222222222 0.00222222222222222 0.00222222222222222 0.00222222222222222 0.00222222222222222 0.00222222222222222 0.00222222222222222; % g D=4
0.00222222222222222 0.00222222222222222 0.00222222222222222 0.00222222222222222 0.975555555555556 0.00222222222222222 0.00222222222222222 0.00222222222222222 0.00222222222222222 0.00222222222222222 0.00222222222222222 0.00222222222222222; % n D=4
0.00222222222222222 0.00222222222222222 0.00222222222222222 0.975555555555556 0.00222222222222222 0.00222222222222222 0.00222222222222222 0.00222222222222222 0.00222222222222222 0.00222222222222222 0.00222222222222222 0.00222222222222222; % z D=4
0.0111111111111111 0.0111111111111111 0.0111111111111111 0.0111111111111111 0.0111111111111111 0.0111111111111111 0.257777777777778 0.237777777777778 0.0111111111111111 0.177777777777778 0.237777777777778 0.0111111111111111; % $ D=5
0.00277777777777778 0.00277777777777778 0.00277777777777778 0.00277777777777778 0.00277777777777778 0.00277777777777778 0.00277777777777778 0.00277777777777778 0.969444444444444 0.00277777777777778 0.00277777777777778 0.00277777777777778; % B D=5
0.00277777777777778 0.00277777777777778 0.00277777777777778 0.00277777777777778 0.00277777777777778 0.00277777777777778 0.00277777777777778 0.00277777777777778 0.00277777777777778 0.00277777777777778 0.00277777777777778 0.969444444444444; % D D=5
0.164444444444444 0.0111111111111111 0.0111111111111111 0.0111111111111111 0.0111111111111111 0.0111111111111111 0.244444444444444 0.0111111111111111 0.0111111111111111 0.284444444444444 0.217777777777778 0.0111111111111111; % M D=5
0.231111111111111 0.0111111111111111 0.0111111111111111 0.0111111111111111 0.0111111111111111 0.0111111111111111 0.257777777777778 0.244444444444444 0.0111111111111111 0.177777777777778 0.0111111111111111 0.0111111111111111; % N D=5
0.211111111111111 0.0111111111111111 0.0111111111111111 0.0111111111111111 0.0111111111111111 0.0111111111111111 0.0111111111111111 0.197777777777778 0.0111111111111111 0.271111111111111 0.231111111111111 0.0111111111111111; % R D=5
0.00277777777777778 0.00277777777777778 0.00277777777777778 0.00277777777777778 0.00277777777777778 0.969444444444444 0.00277777777777778 0.00277777777777778 0.00277777777777778 0.00277777777777778 0.00277777777777778 0.00277777777777778; % T D=5
0.00277777777777778 0.00277777777777778 0.969444444444444 0.00277777777777778 0.00277777777777778 0.00277777777777778 0.00277777777777778 0.00277777777777778 0.00277777777777778 0.00277777777777778 0.00277777777777778 0.00277777777777778; % b D=5
0.304444444444444 0.0111111111111111 0.0111111111111111 0.0111111111111111 0.0111111111111111 0.0111111111111111 0.151111111111111 0.231111111111111 0.0111111111111111 0.0111111111111111 0.224444444444444 0.0111111111111111; % d D=5
0.00277777777777778 0.969444444444444 0.00277777777777778 0.00277777777777778 0.00277777777777778 0.00277777777777778 0.00277777777777778 0.00277777777777778 0.00277777777777778 0.00277777777777778 0.00277777777777778 0.00277777777777778; % g D=5
0.00277777777777778 0.00277777777777778 0.00277777777777778 0.00277777777777778 0.969444444444444 0.00277777777777778 0.00277777777777778 0.00277777777777778 0.00277777777777778 0.00277777777777778 0.00277777777777778 0.00277777777777778; % n D=5
0.00277777777777778 0.00277777777777778 0.00277777777777778 0.969444444444444 0.00277777777777778 0.00277777777777778 0.00277777777777778 0.00277777777777778 0.00277777777777778 0.00277777777777778 0.00277777777777778 0.00277777777777778; % z D=5
0.0133333333333333 0.0133333333333333 0.0133333333333333 0.0133333333333333 0.0133333333333333 0.0133333333333333 0.253333333333333 0.233333333333333 0.0133333333333333 0.173333333333333 0.233333333333333 0.0133333333333333; % $ D=6
0.00333333333333333 0.00333333333333333 0.00333333333333333 0.00333333333333333 0.00333333333333333 0.00333333333333333 0.00333333333333333 0.00333333333333333 0.963333333333333 0.00333333333333333 0.00333333333333333 0.00333333333333333; % B D=6
0.00333333333333333 0.00333333333333333 0.00333333333333333 0.00333333333333333 0.00333333333333333 0.00333333333333333 0.00333333333333333 0.00333333333333333 0.00333333333333333 0.00333333333333333 0.00333333333333333 0.963333333333333; % D D=6
0.16 0.0133333333333333 0.0133333333333333 0.0133333333333333 0.0133333333333333 0.0133333333333333 0.24 0.0133333333333333 0.0133333333333333 0.28 0.213333333333333 0.0133333333333333; % M D=6
0.226666666666667 0.0133333333333333 0.0133333333333333 0.0133333333333333 0.0133333333333333 0.0133333333333333 0.253333333333333 0.24 0.0133333333333333 0.173333333333333 0.0133333333333333 0.0133333333333333; % N D=6
0.206666666666667 0.0133333333333333 0.0133333333333333 0.0133333333333333 0.0133333333333333 0.0133333333333333 0.0133333333333333 0.193333333333333 0.0133333333333333 0.266666666666667 0.226666666666667 0.0133333333333333; % R D=6
0.00333333333333333 0.00333333333333333 0.00333333333333333 0.00333333333333333 0.00333333333333333 0.963333333333333 0.00333333333333333 0.00333333333333333 0.00333333333333333 0.00333333333333333 0.00333333333333333 0.00333333333333333; % T D=6
0.00333333333333333 0.00333333333333333 0.963333333333333 0.00333333333333333 0.00333333333333333 0.00333333333333333 0.00333333333333333 0.00333333333333333 0.00333333333333333 0.00333333333333333 0.00333333333333333 0.00333333333333333; % b D=6
0.3 0.0133333333333333 0.0133333333333333 0.0133333333333333 0.0133333333333333 0.0133333333333333 0.146666666666667 0.226666666666667 0.0133333333333333 0.0133333333333333 0.22 0.0133333333333333; % d D=6
0.00333333333333333 0.963333333333333 0.00333333333333333 0.00333333333333333 0.00333333333333333 0.00333333333333333 0.00333333333333333 0.00333333333333333 0.00333333333333333 0.00333333333333333 0.00333333333333333 0.00333333333333333; % g D=6
0.00333333333333333 0.00333333333333333 0.00333333333333333 0.00333333333333333 0.963333333333333 0.00333333333333333 0.00333333333333333 0.00333333333333333 0.00333333333333333 0.00333333333333333 0.00333333333333333 0.00333333333333333; % n D=6
0.00333333333333333 0.00333333333333333 0.00333333333333333 0.963333333333333 0.00333333333333333 0.00333333333333333 0.00333333333333333 0.00333333333333333 0.00333333333333333 0.00333333333333333 0.00333333333333333 0.00333333333333333; % z D=6
0.0177777777777778 0.0177777777777778 0.0177777777777778 0.0177777777777778 0.0177777777777778 0.0177777777777778 0.244444444444444 0.224444444444444 0.0177777777777778 0.164444444444444 0.224444444444444 0.0177777777777778; % $ D=8
0.00444444444444444 0.00444444444444444 0.00444444444444444 0.00444444444444444 0.00444444444444444 0.00444444444444444 0.00444444444444444 0.00444444444444444 0.951111111111111 0.00444444444444444 0.00444444444444444 0.00444444444444444; % B D=8
0.00444444444444444 0.00444444444444444 0.00444444444444444 0.00444444444444444 0.00444444444444444 0.00444444444444444 0.00444444444444444 0.00444444444444444 0.00444444444444444 0.00444444444444444 0.00444444444444444 0.951111111111111; % D D=8
0.151111111111111 0.0177777777777778 0.0177777777777778 0.0177777777777778 0.0177777777777778 0.0177777777777778 0.231111111111111 0.0177777777777778 0.0177777777777778 0.271111111111111 0.204444444444444 0.0177777777777778; % M D=8
0.217777777777778 0.0177777777777778 0.0177777777777778 0.0177777777777778 0.0177777777777778 0.0177777777777778 0.244444444444444 0.231111111111111 0.0177777777777778 0.164444444444444 0.0177777777777778 0.0177777777777778; % N D=8
0.197777777777778 0.0177777777777778 0.0177777777777778 0.0177777777777778 0.0177777777777778 0.0177777777777778 0.0177777777777778 0.184444444444444 0.0177777777777778 0.257777777777778 0.217777777777778 0.0177777777777778; % R D=8
0.00444444444444444 0.00444444444444444 0.00444444444444444 0.00444444444444444 0.00444444444444444 0.951111111111111 0.00444444444444444 0.00444444444444444 0.00444444444444444 0.00444444444444444 0.00444444444444444 0.00444444444444444; % T D=8
0.00444444444444444 0.00444444444444444 0.951111111111111 0.00444444444444444 0.00444444444444444 0.00444444444444444 0.00444444444444444 0.00444444444444444 0.00444444444444444 0.00444444444444444 0.00444444444444444 0.00444444444444444; % b D=8
0.291111111111111 0.0177777777777778 0.0177777777777778 0.0177777777777778 0.0177777777777778 0.0177777777777778 0.137777777777778 0.217777777777778 0.0177777777777778 0.0177777777777778 0.211111111111111 0.0177777777777778; % d D=8
0.00444444444444444 0.951111111111111 0.00444444444444444 0.00444444444444444 0.00444444444444444 0.00444444444444444 0.00444444444444444 0.00444444444444444 0.00444444444444444 0.00444444444444444 0.00444444444444444 0.00444444444444444; % g D=8
0.00444444444444444 0.00444444444444444 0.00444444444444444 0.00444444444444444 0.951111111111111 0.00444444444444444 0.00444444444444444 0.00444444444444444 0.00444444444444444 0.00444444444444444 0.00444444444444444 0.00444444444444444; % n D=8
0.00444444444444444 0.00444444444444444 0.00444444444444444 0.951111111111111 0.00444444444444444 0.00444444444444444 0.00444444444444444 0.00444444444444444 0.00444444444444444 0.00444444444444444 0.00444444444444444 0.00444444444444444; % z D=8
0.0222222222222222 0.0222222222222222 0.0222222222222222 0.0222222222222222 0.0222222222222222 0.0222222222222222 0.235555555555556 0.215555555555556 0.0222222222222222 0.155555555555556 0.215555555555556 0.0222222222222222; % $ D=10
0.00555555555555556 0.00555555555555556 0.00555555555555556 0.00555555555555556 0.00555555555555556 0.00555555555555556 0.00555555555555556 0.00555555555555556 0.938888888888889 0.00555555555555556 0.00555555555555556 0.00555555555555556; % B D=10
0.00555555555555556 0.00555555555555556 0.00555555555555556 0.00555555555555556 0.00555555555555556 0.00555555555555556 0.00555555555555556 0.00555555555555556 0.00555555555555556 0.00555555555555556 0.00555555555555556 0.938888888888889; % D D=10
0.142222222222222 0.0222222222222222 0.0222222222222222 0.0222222222222222 0.0222222222222222 0.0222222222222222 0.222222222222222 0.0222222222222222 0.0222222222222222 0.262222222222222 0.195555555555556 0.0222222222222222; % M D=10
