syllables = '$BFMflnpvz';
discounts = [0.01 0.02 0.05 0.1 0.2 0.5 1 2 3 4 5 6 8 10 15 20 30 50];
kn_probs = [2e-05 0.28662 2e-05 2e-05 0.399953333333333 2e-05 2e-05 2e-05 0.313286666666667 2e-05; % $ D=0.01
5e-06 5e-06 5e-06 5e-06 5e-06 5e-06 0.999955 5e-06 5e-06 5e-06; % B D=0.01
0.214965 0.384965 1.5e-05 1.5e-05 1.5e-05 1.5e-05 1.5e-05 1.5e-05 0.399965 1.5e-05; % F D=0.01
0.294965 1.5e-05 1.5e-05 1.5e-05 0.354965 1.5e-05 1.5e-05 1.5e-05 0.349965 1.5e-05; % M D=0.01
5e-06 5e-06 5e-06 5e-06 5e-06 5e-06 5e-06 5e-06 5e-06 0.999955; % f D=0.01
5e-06 5e-06 0.999955 5e-06 5e-06 5e-06 5e-06 5e-06 5e-06 5e-06; % l D=0.01
5e-06 5e-06 5e-06 0.999955 5e-06 5e-06 5e-06 5e-06 5e-06 5e-06; % n D=0.01
0.23997 0.39997 2e-05 2e-05 0.34497 2e-05 2e-05 2e-05 0.01497 2e-05; % p D=0.01
5e-06 5e-06 5e-06 5e-06 5e-06 5e-06 5e-06 0.999955 5e-06 5e-06; % v D=0.01
5e-06 5e-06 5e-06 5e-06 5e-06 0.999955 5e-06 5e-06 5e-06 5e-06; % z D=0.01
4e-05 0.286573333333333 4e-05 4e-05 0.399906666666667 4e-05 4e-05 4e-05 0.31324 4e-05; % $ D=0.02
1e-05 1e-05 1e-05 1e-05 1e-05 1e-05 0.99991 1e-05 1e-05 1e-05; % B D=0.02
0.21493 0.38493 3e-05 3e-05 3e-05 3e-05 3e-05 3e-05 0.39993 3e-05; % F D=0.02
0.29493 3e-05 3e-05 3e-05 0.35493 3e-05 3e-05 3e-05 0.34993 3e-05; % M D=0.02
1e-05 1e-05 1e-05 1e-05 1e-05 1e-05 1e-05 1e-05 1e-05 0.99991; % f D=0.02
1e-05 1e-05 0.99991 1e-05 1e-05 1e-05 1e-05 1e-05 1e-05 1e-05; % l D=0.02
1e-05 1e-05 1e-05 0.99991 1e-05 1e-05 1e-05 1e-05 1e-05 1e-05; % n D=0.02
0.23994 0.39994 4e-05 4e-05 0.34494 4e-05 4e-05 4e-05 0.01494 4e-05; % p D=0.02
1e-05 1e-05 1e-05 1e-05 1e-05 1e-05 1e-05 0.99991 1e-05 1e-05; % v D=0.02
1e-05 1e-05 1e-05 1e-05 1e-05 0.99991 1e-05 1e-05 1e-05 1e-05; % z D=0.02
0.0001 0.286433333333333 0.0001 0.0001 0.399766666666667 0.0001 0.0001 0.0001 0.3131 0.0001; % $ D=0.05
2.5e-05 2.5e-05 2.5e-05 2.5e-05 2.5e-05 2.5e-05 0.999775 2.5e-05 2.5e-05 2.5e-05; % B D=0.05
0.214825 0.384825 7.5e-05 7.5e-05 7.5e-05 7.5e-05 7.5e-05 7.5e-05 0.399825 7.5e-05; % F D=0.05
0.294825 7.5e-05 7.5e-05 7.5e-05 0.354825 7.5e-05 7.5e-05 7.5e-05 0.349825 7.5e-05; % M D=0.05
2.5e-05 2.5e-05 2.5e-05 2.5e-05 2.5e-05 2.5e-05 2.5e-05 2.5e-05 2.5e-05 0.999775; % f D=0.05
2.5e-05 2.5e-05 0.999775 2.5e-05 2.5e-05 2.5e-05 2.5e-05 2.5e-05 2.5e-05 2.5e-05; % l D=0.05
2.5e-05 2.5e-05 2.5e-05 0.999775 2.5e-05 2.5e-05 2.5e-05 2.5e-05 2.5e-05 2.5e-05; % n D=0.05
0.23985 0.39985 0.0001 0.0001 0.34485 0.0001 0.0001 0.0001 0.01485 0.0001; % p D=0.05
2.5e-05 2.5e-05 2.5e-05 2.5e-05 2.5e-05 2.5e-05 2.5e-05 0.999775 2.5e-05 2.5e-05; % v D=0.05
2.5e-05 2.5e-05 2.5e-05 2.5e-05 2.5e-05 0.999775 2.5e-05 2.5e-05 2.5e-05 2.5e-05; % z D=0.05
0.0002 0.2862 0.0002 0.0002 0.399533333333333 0.0002 0.0002 0.0002 0.312866666666667 0.0002; % $ D=0.1
5e-05 5e-05 5e-05 5e-05 5e-05 5e-05 0.99955 5e-05 5e-05 5e-05; % B D=0.1
0.21465 0.38465 0.00015 0.00015 0.00015 0.00015 0.00015 0.00015 0.39965 0.00015; % F D=0.1
0.29465 0.00015 0.00015 0.00015 0.35465 0.00015 0.00015 0.00015 0.34965 0.00015; % M D=0.1
5e-05 5e-05 5e-05 5e-05 5e-05 5e-05 5e-05 5e-05 5e-05 0.99955; % f D=0.1
5e-05 5e-05 0.99955 5e-05 5e-05 5e-05 5e-05 5e-05 5e-05 5e-05; % l D=0.1
5e-05 5e-05 5e-05 0.99955 5e-05 5e-05 5e-05 5e-05 5e-05 5e-05; % n D=0.1
0.2397 0.3997 0.0002 0.0002 0.3447 0.0002 0.0002 0.0002 0.0147 0.0002; % p D=0.1
5e-05 5e-05 5e-05 5e-05 5e-05 5e-05 5e-05 0.99955 5e-05 5e-05; % v D=0.1
5e-05 5e-05 5e-05 5e-05 5e-05 0.99955 5e-05 5e-05 5e-05 5e-05; % z D=0.1
0.0004 0.285733333333333 0.0004 0.0004 0.399066666666667 0.0004 0.0004 0.0004 0.3124 0.0004; % $ D=0.2
0.0001 0.0001 0.0001 0.0001 0.0001 0.0001 0.9991 0.0001 0.0001 0.0001; % B D=0.2
0.2143 0.3843 0.0003 0.0003 0.0003 0.0003 0.0003 0.0003 0.3993 0.0003; % F D=0.2
0.2943 0.0003 0.0003 0.0003 0.3543 0.0003 0.0003 0.0003 0.3493 0.0003; % M D=0.2
0.0001 0.0001 0.0001 0.0001 0.0001 0.0001 0.0001 0.0001 0.0001 0.9991; % f D=0.2
0.0001 0.0001 0.9991 0.0001 0.0001 0.0001 0.0001 0.0001 0.0001 0.0001; % l D=0.2
0.0001 0.0001 0.0001 0.9991 0.0001 0.0001 0.0001 0.0001 0.0001 0.0001; % n D=0.2
0.2394 0.3994 0.0004 0.0004 0.3444 0.0004 0.0004 0.0004 0.0144 0.0004; % p D=0.2
0.0001 0.0001 0.0001 0.0001 0.0001 0.0001 0.0001 0.9991 0.0001 0.0001; % v D=0.2
0.0001 0.0001 0.0001 0.0001 0.0001 0.9991 0.0001 0.0001 0.0001 0.0001; % z D=0.2
0.001 0.284333333333333 0.001 0.001 0.397666666666667 0.001 0.001 0.001 0.311 0.001; % $ D=0.5
0.00025 0.00025 0.00025 0.00025 0.00025 0.00025 0.99775 0.00025 0.00025 0.00025; % B D=0.5
0.21325 0.38325 0.00075 0.00075 0.00075 0.00075 0.00075 0.00075 0.39825 0.00075; % F D=0.5
0.29325 0.00075 0.00075 0.00075 0.35325 0.00075 0.00075 0.00075 0.34825 0.00075; % M D=0.5
0.00025 0.00025 0.00025 0.00025 0.00025 0.00025 0.00025 0.00025 0.00025 0.99775; % f D=0.5
0.00025 0.00025 0.99775 0.00025 0.00025 0.00025 0.00025 0.00025 0.00025 0.00025; % l D=0.5
0.00025 0.00025 0.00025 0.99775 0.00025 0.00025 0.00025 0.00025 0.00025 0.00025; % n D=0.5
0.2385 0.3985 0.001 0.001 0.3435 0.001 0.001 0.001 0.0135 0.001; % p D=0.5
0.00025 0.00025 0.00025 0.00025 0.00025 0.00025 0.00025 0.99775 0.00025 0.00025; % v D=0.5
0.00025 0.00025 0.00025 0.00025 0.00025 0.99775 0.00025 0.00025 0.00025 0.00025; % z D=0.5
0.002 0.282 0.002 0.002 0.395333333333333 0.002 0.002 0.002 0.308666666666667 0.002; % $ D=1
0.0005 0.0005 0.0005 0.0005 0.0005 0.0005 0.9955 0.0005 0.0005 0.0005; % B D=1
0.2115 0.3815 0.0015 0.0015 0.0015 0.0015 0.0015 0.0015 0.3965 0.0015; % F D=1
0.2915 0.0015 0.0015 0.0015 0.3515 0.0015 0.0015 0.0015 0.3465 0.0015; % M D=1
0.0005 0.0005 0.0005 0.0005 0.0005 0.0005 0.0005 0.0005 0.0005 0.9955; % f D=1
0.0005 0.0005 0.9955 0.0005 0.0005 0.0005 0.0005 0.0005 0.0005 0.0005; % l D=1
0.0005 0.0005 0.0005 0.9955 0.0005 0.0005 0.0005 0.0005 0.0005 0.0005; % n D=1
0.237 0.397 0.002 0.002 0.342 0.002 0.002 0.002 0.012 0.002; % p D=1
0.0005 0.0005 0.0005 0.0005 0.0005 0.0005 0.0005 0.9955 0.0005 0.0005; % v D=1
0.0005 0.0005 0.0005 0.0005 0.0005 0.9955 0.0005 0.0005 0.0005 0.0005; % z D=1
0.004 0.277333333333333 0.004 0.004 0.390666666666667 0.004 0.004 0.004 0.304 0.004; % $ D=2
0.001 0.001 0.001 0.001 0.001 0.001 0.991 0.001 0.001 0.001; % B D=2
0.208 0.378 0.003 0.003 0.003 0.003 0.003 0.003 0.393 0.003; % F D=2
0.288 0.003 0.003 0.003 0.348 0.003 0.003 0.003 0.343 0.003; % M D=2
0.001 0.001 0.001 0.001 0.001 0.001 0.001 0.001 0.001 0.991; % f D=2
0.001 0.001 0.991 0.001 0.001 0.001 0.001 0.001 0.001 0.001; % l D=2
0.001 0.001 0.001 0.991 0.001 0.001 0.001 0.001 0.001 0.001; % n D=2
0.234 0.394 0.004 0.004 0.339 0.004 0.004 0.004 0.009 0.004; % p D=2
0.001 0.001 0.001 0.001 0.001 0.001 0.001 0.991 0.001 0.001; % v D=2
0.001 0.001 0.001 0.001 0.001 0.991 0.001 0.001 0.001 0.001; % z D=2
0.006 0.272666666666667 0.006 0.006 0.386 0.006 0.006 0.006 0.299333333333333 0.006; % $ D=3
0.0015 0.0015 0.0015 0.0015 0.0015 0.0015 0.9865 0.0015 0.0015 0.0015; % B D=3
0.2045 0.3745 0.0045 0.0045 0.0045 0.0045 0.0045 0.0045 0.3895 0.0045; % F D=3
0.2845 0.0045 0.0045 0.0045 0.3445 0.0045 0.0045 0.0045 0.3395 0.0045; % M D=3
0.0015 0.0015 0.0015 0.0015 0.0015 0.0015 0.0015 0.0015 0.0015 0.9865; % f D=3
0.0015 0.0015 0.9865 0.0015 0.0015 0.0015 0.0015 0.0015 0.0015 0.0015; % l D=3
0.0015 0.0015 0.0015 0.9865 0.0015 0.0015 0.0015 0.0015 0.0015 0.0015; % n D=3
0.231 0.391 0.006 0.006 0.336 0.006 0.006 0.006 0.006 0.006; % p D=3
0.0015 0.0015 0.0015 0.0015 0.0015 0.0015 0.0015 0.9865 0.0015 0.0015; % v D=3
0.0015 0.0015 0.0015 0.0015 0.0015 0.9865 0.0015 0.0015 0.0015 0.0015; % z D=3
0.008 0.268 0.008 0.008 0.381333333333333 0.008 0.008 0.008 0.294666666666667 0.008; % $ D=4
0.002 0.002 0.002 0.002 0.002 0.002 0.982 0.002 0.002 0.002; % B D=4
0.201 0.371 0.006 0.006 0.006 0.006 0.006 0.006 0.386 0.006; % F D=4
0.281 0.006 0.006 0.006 0.341 0.006 0.006 0.006 0.336 0.006; % M D=4
0.002 0.002 0.002 0.002 0.002 0.002 0.002 0.002 0.002 0.982; % f D=4
0.002 0.002 0.982 0.002 0.002 0.002 0.002 0.002 0.002 0.002; % l D=4
0.002 0.002 0.002 0.982 0.002 0.002 0.002 0.002 0.002 0.002; % n D=4
