syllables = '$DGTVblnpz';
discounts = [0.01 0.02 0.05 0.1 0.2 0.5 1 2 3 4 5 6 8 10 15 20 30 50];
kn_probs = [2e-05 0.313286666666667 2e-05 2e-05 2e-05 0.30662 2e-05 2e-05 2e-05 0.379953333333333; % $ D=0.01
5e-06 5e-06 5e-06 5e-06 5e-06 5e-06 5e-06 5e-06 0.999955 5e-06; % D D=0.01
5e-06 5e-06 5e-06 5e-06 5e-06 5e-06 0.999955 5e-06 5e-06 5e-06; % G D=0.01
5e-06 5e-06 0.999955 5e-06 5e-06 5e-06 5e-06 5e-06 5e-06 5e-06; % T D=0.01
0.25497 0.27997 2e-05 2e-05 2e-05 0.26997 2e-05 2e-05 2e-05 0.19497; % V D=0.01
5e-06 5e-06 5e-06 0.999955 5e-06 5e-06 5e-06 5e-06 5e-06 5e-06; % b D=0.01
0.24497 0.27997 2e-05 2e-05 2e-05 0.18497 2e-05 2e-05 2e-05 0.28997; % l D=0.01
0.24997 0.20497 2e-05 2e-05 2e-05 0.31497 2e-05 2e-05 2e-05 0.22997; % n D=0.01
5e-06 5e-06 5e-06 5e-06 5e-06 5e-06 5e-06 0.999955 5e-06 5e-06; % p D=0.01
5e-06 5e-06 5e-06 5e-06 0.999955 5e-06 5e-06 5e-06 5e-06 5e-06; % z D=0.01
4e-05 0.31324 4e-05 4e-05 4e-05 0.306573333333333 4e-05 4e-05 4e-05 0.379906666666667; % $ D=0.02
1e-05 1e-05 1e-05 1e-05 1e-05 1e-05 1e-05 1e-05 0.99991 1e-05; % D D=0.02
1e-05 1e-05 1e-05 1e-05 1e-05 1e-05 0.99991 1e-05 1e-05 1e-05; % G D=0.02
1e-05 1e-05 0.99991 1e-05 1e-05 1e-05 1e-05 1e-05 1e-05 1e-05; % T D=0.02
0.25494 0.27994 4e-05 4e-05 4e-05 0.26994 4e-05 4e-05 4e-05 0.19494; % V D=0.02
1e-05 1e-05 1e-05 0.99991 1e-05 1e-05 1e-05 1e-05 1e-05 1e-05; % b D=0.02
0.24494 0.27994 4e-05 4e-05 4e-05 0.18494 4e-05 4e-05 4e-05 0.28994; % l D=0.02
0.24994 0.20494 4e-05 4e-05 4e-05 0.31494 4e-05 4e-05 4e-05 0.22994; % n D=0.02
1e-05 1e-05 1e-05 1e-05 1e-05 1e-05 1e-05 0.99991 1e-05 1e-05; % p D=0.02
1e-05 1e-05 1e-05 1e-05 0.99991 1e-05 1e-05 1e-05 1e-05 1e-05; % z D=0.02
0.0001 0.3131 0.0001 0.0001 0.0001 0.306433333333333 0.0001 0.0001 0.0001 0.379766666666667; % $ D=0.05
2.5e-05 2.5e-05 2.5e-05 2.5e-05 2.5e-05 2.5e-05 2.5e-05 2.5e-05 0.999775 2.5e-05; % D D=0.05
2.5e-05 2.5e-05 2.5e-05 2.5e-05 2.5e-05 2.5e-05 0.999775 2.5e-05 2.5e-05 2.5e-05; % G D=0.05
2.5e-05 2.5e-05 0.999775 2.5e-05 2.5e-05 2.5e-05 2.5e-05 2.5e-05 2.5e-05 2.5e-05; % T D=0.05
0.25485 0.27985 0.0001 0.0001 0.0001 0.26985 0.0001 0.0001 0.0001 0.19485; % V D=0.05
2.5e-05 2.5e-05 2.5e-05 0.999775 2.5e-05 2.5e-05 2.5e-05 2.5e-05 2.5e-05 2.5e-05; % b D=0.05
0.24485 0.27985 0.0001 0.0001 0.0001 0.18485 0.0001 0.0001 0.0001 0.28985; % l D=0.05
0.24985 0.20485 0.0001 0.0001 0.0001 0.31485 0.0001 0.0001 0.0001 0.22985; % n D=0.05
2.5e-05 2.5e-05 2.5e-05 2.5e-05 2.5e-05 2.5e-05 2.5e-05 0.999775 2.5e-05 2.5e-05; % p D=0.05
2.5e-05 2.5e-05 2.5e-05 2.5e-05 0.999775 2.5e-05 2.5e-05 2.5e-05 2.5e-05 2.5e-05; % z D=0.05
0.0002 0.312866666666667 0.0002 0.0002 0.0002 0.3062 0.0002 0.0002 0.0002 0.379533333333333; % $ D=0.1
5e-05 5e-05 5e-05 5e-05 5e-05 5e-05 5e-05 5e-05 0.99955 5e-05; % D D=0.1
5e-05 5e-05 5e-05 5e-05 5e-05 5e-05 0.99955 5e-05 5e-05 5e-05; % G D=0.1
5e-05 5e-05 0.99955 5e-05 5e-05 5e-05 5e-05 5e-05 5e-05 5e-05; % T D=0.1
0.2547 0.2797 0.0002 0.0002 0.0002 0.2697 0.0002 0.0002 0.0002 0.1947; % V D=0.1
5e-05 5e-05 5e-05 0.99955 5e-05 5e-05 5e-05 5e-05 5e-05 5e-05; % b D=0.1
0.2447 0.2797 0.0002 0.0002 0.0002 0.1847 0.0002 0.0002 0.0002 0.2897; % l D=0.1
0.2497 0.2047 0.0002 0.0002 0.0002 0.3147 0.0002 0.0002 0.0002 0.2297; % n D=0.1
5e-05 5e-05 5e-05 5e-05 5e-05 5e-05 5e-05 0.99955 5e-05 5e-05; % p D=0.1
5e-05 5e-05 5e-05 5e-05 0.99955 5e-05 5e-05 5e-05 5e-05 5e-05; % z D=0.1
0.0004 0.3124 0.0004 0.0004 0.0004 0.305733333333333 0.0004 0.0004 0.0004 0.379066666666667; % $ D=0.2
0.0001 0.0001 0.0001 0.0001 0.0001 0.0001 0.0001 0.0001 0.9991 0.0001; % D D=0.2
0.0001 0.0001 0.0001 0.0001 0.0001 0.0001 0.9991 0.0001 0.0001 0.0001; % G D=0.2
0.0001 0.0001 0.9991 0.0001 0.0001 0.0001 0.0001 0.0001 0.0001 0.0001; % T D=0.2
0.2544 0.2794 0.0004 0.0004 0.0004 0.2694 0.0004 0.0004 0.0004 0.1944; % V D=0.2
0.0001 0.0001 0.0001 0.9991 0.0001 0.0001 0.0001 0.0001 0.0001 0.0001; % b D=0.2
0.2444 0.2794 0.0004 0.0004 0.0004 0.1844 0.0004 0.0004 0.0004 0.2894; % l D=0.2
0.2494 0.2044 0.0004 0.0004 0.0004 0.3144 0.0004 0.0004 0.0004 0.2294; % n D=0.2
0.0001 0.0001 0.0001 0.0001 0.0001 0.0001 0.0001 0.9991 0.0001 0.0001; % p D=0.2
0.0001 0.0001 0.0001 0.0001 0.9991 0.0001 0.0001 0.0001 0.0001 0.0001; % z D=0.2
0.001 0.311 0.001 0.001 0.001 0.304333333333333 0.001 0.001 0.001 0.377666666666667; % $ D=0.5
0.00025 0.00025 0.00025 0.00025 0.00025 0.00025 0.00025 0.00025 0.99775 0.00025; % D D=0.5
0.00025 0.00025 0.00025 0.00025 0.00025 0.00025 0.99775 0.00025 0.00025 0.00025; % G D=0.5
0.00025 0.00025 0.99775 0.00025 0.00025 0.00025 0.00025 0.00025 0.00025 0.00025; % T D=0.5
0.2535 0.2785 0.001 0.001 0.001 0.2685 0.001 0.001 0.001 0.1935; % V D=0.5
0.00025 0.00025 0.00025 0.99775 0.00025 0.00025 0.00025 0.00025 0.00025 0.00025; % b D=0.5
0.2435 0.2785 0.001 0.001 0.001 0.1835 0.001 0.001 0.001 0.2885; % l D=0.5
0.2485 0.2035 0.001 0.001 0.001 0.3135 0.001 0.001 0.001 0.2285; % n D=0.5
0.00025 0.00025 0.00025 0.00025 0.00025 0.00025 0.00025 0.99775 0.00025 0.00025; % p D=0.5
0.00025 0.00025 0.00025 0.00025 0.99775 0.00025 0.00025 0.00025 0.00025 0.00025; % z D=0.5
0.002 0.308666666666667 0.002 0.002 0.002 0.302 0.002 0.002 0.002 0.375333333333333; % $ D=1
0.0005 0.0005 0.0005 0.0005 0.0005 0.0005 0.0005 0.0005 0.9955 0.0005; % D D=1
0.0005 0.0005 0.0005 0.0005 0.0005 0.0005 0.9955 0.0005 0.0005 0.0005; % G D=1
0.0005 0.0005 0.9955 0.0005 0.0005 0.0005 0.0005 0.0005 0.0005 0.0005; % T D=1
0.252 0.277 0.002 0.002 0.002 0.267 0.002 0.002 0.002 0.192; % V D=1
0.0005 0.0005 0.0005 0.9955 0.0005 0.0005 0.0005 0.0005 0.0005 0.0005; % b D=1
0.242 0.277 0.002 0.002 0.002 0.182 0.002 0.002 0.002 0.287; % l D=1
0.247 0.202 0.002 0.002 0.002 0.312 0.002 0.002 0.002 0.227; % n D=1
0.0005 0.0005 0.0005 0.0005 0.0005 0.0005 0.0005 0.9955 0.0005 0.0005; % p D=1
0.0005 0.0005 0.0005 0.0005 0.9955 0.0005 0.0005 0.0005 0.0005 0.0005; % z D=1
0.004 0.304 0.004 0.004 0.004 0.297333333333333 0.004 0.004 0.004 0.370666666666667; % $ D=2
0.001 0.001 0.001 0.001 0.001 0.001 0.001 0.001 0.991 0.001; % D D=2
0.001 0.001 0.001 0.001 0.001 0.001 0.991 0.001 0.001 0.001; % G D=2
0.001 0.001 0.991 0.001 0.001 0.001 0.001 0.001 0.001 0.001; % T D=2
0.249 0.274 0.004 0.004 0.004 0.264 0.004 0.004 0.004 0.189; % V D=2
0.001 0.001 0.001 0.991 0.001 0.001 0.001 0.001 0.001 0.001; % b D=2
0.239 0.274 0.004 0.004 0.004 0.179 0.004 0.004 0.004 0.284; % l D=2
0.244 0.199 0.004 0.004 0.004 0.309 0.004 0.004 0.004 0.224; % n D=2
0.001 0.001 0.001 0.001 0.001 0.001 0.001 0.991 0.001 0.001; % p D=2
0.001 0.001 0.001 0.001 0.991 0.001 0.001 0.001 0.001 0.001; % z D=2
0.006 0.299333333333333 0.006 0.006 0.006 0.292666666666667 0.006 0.006 0.006 0.366; % $ D=3
0.0015 0.0015 0.0015 0.0015 0.0015 0.0015 0.0015 0.0015 0.9865 0.0015; % D D=3
0.0015 0.0015 0.0015 0.0015 0.0015 0.0015 0.9865 0.0015 0.0015 0.0015; % G D=3
0.0015 0.0015 0.9865 0.0015 0.0015 0.0015 0.0015 0.0015 0.0015 0.0015; % T D=3
0.246 0.271 0.006 0.006 0.006 0.261 0.006 0.006 0.006 0.186; % V D=3
0.0015 0.0015 0.0015 0.9865 0.0015 0.0015 0.0015 0.0015 0.0015 0.0015; % b D=3
0.236 0.271 0.006 0.006 0.006 0.176 0.006 0.006 0.006 0.281; % l D=3
0.241 0.196 0.006 0.006 0.006 0.306 0.006 0.006 0.006 0.221; % n D=3
0.0015 0.0015 0.0015 0.0015 0.0015 0.0015 0.0015 0.9865 0.0015 0.0015; % p D=3
0.0015 0.0015 0.0015 0.0015 0.9865 0.0015 0.0015 0.0015 0.0015 0.0015; % z D=3
0.008 0.294666666666667 0.008 0.008 0.008 0.288 0.008 0.008 0.008 0.361333333333333; % $ D=4
0.002 0.002 0.002 0.002 0.002 0.002 0.002 0.002 0.982 0.002; % D D=4
0.002 0.002 0.002 0.002 0.002 0.002 0.982 0.002 0.002 0.002; % G D=4
0.002 0.002 0.982 0.002 0.002 0.002 0.002 0.002 0.002 0.002; % T D=4
0.243 0.268 0.008 0.008 0.008 0.258 0.008 0.008 0.008 0.183; % V D=4
0.002 0.002 0.002 0.982 0.002 0.002 0.002 0.002 0.002 0.002; % b D=4
0.233 0.268 0.008 0.008 0.008 0.173 0.008 0.008 0.008 0.278; % l D=4
0.238 0.193 0.008 0.008 0.008 0.303 0.008 0.008 0.008 0.218; % n D=4
0.002 0.002 0.002 0.002 0.002 0.002 0.002 0.982 0.002 0.002; % p D=4
0.002 0.002 0.002 0.002 0.982 0.002 0.002 0.002 0.002 0.002; % z D=4
0.01 0.29 0.01 0.01 0.01 0.283333333333333 0.01 0.01 0.01 0.356666666666667; % $ D=5
0.0025 0.0025 0.0025 0.0025 0.0025 0.0025 0.0025 0.0025 0.9775 0.0025; % D D=5
0.0025 0.0025 0.0025 0.0025 0.0025 0.0025 0.9775 0.0025 0.0025 0.0025; % G D=5
0.0025 0.0025 0.9775 0.0025 0.0025 0.0025 0.0025 0.0025 0.0025 0.0025; % T D=5
0.24 0.265 0.01 0.01 0.01 0.255 0.01 0.01 0.01 0.18; % V D=5
0.0025 0.0025 0.0025 0.9775 0.0025 0.0025 0.0025 0.0025 0.0025 0.0025; % b D=5
0.23 0.265 0.01 0.01 0.01 0.17 0.01 0.01 0.01 0.275; % l D=5
0.235 0.19 0.01 0.01 0.01 0.3 0.01 0.01 0.01 0.215; % n D=5
0.0025 0.0025 0.0025 0.0025 0.0025 0.0025 0.0025 0.9775 0.0025 0.0025; % p D=5
0.0025 0.0025 0.0025 0.0025 0.9775 0.0025 0.0025 0.0025 0.0025 0.0025; % z D=5
0.012 0.285333333333333 0.012 0.012 0.012 0.278666666666667 0.012 0.012 0.012 0.352; % $ D=6
0.003 0.003 0.003 0.003 0.003 0.003 0.003 0.003 0.973 0.003; % D D=6
0.003 0.003 0.003 0.003 0.003 0.003 0.973 0.003 0.003 0.003; % G D=6
0.003 0.003 0.973 0.003 0.003 0.003 0.003 0.003 0.003 0.003; % T D=6
0.237 0.262 0.012 0.012 0.012 0.252 0.012 0.012 0.012 0.177; % V D=6
0.003 0.003 0.003 0.973 0.003 0.003 0.003 0.003 0.003 0.003; % b D=6
0.227 0.262 0.012 0.012 0.012 0.167 0.012 0.012 0.012 0.272; % l D=6
0.232 0.187 0.012 0.012 0.012 0.297 0.012 0.012 0.012 0.212; % n D=6
0.003 0.003 0.003 0.003 0.003 0.003 0.003 0.973 0.003 0.003; % p D=6
0.003 0.003 0.003 0.003 0.973 0.003 0.003 0.003 0.003 0.003; % z D=6
0.016 0.276 0.016 0.016 0.016 0.269333333333333 0.016 0.016 0.016 0.342666666666667; % $ D=8
0.004 0.004 0.004 0.004 0.004 0.004 0.004 0.004 0.964 0.004; % D D=8
0.004 0.004 0.004 0.004 0.004 0.004 0.964 0.004 0.004 0.004; % G D=8
0.004 0.004 0.964 0.004 0.004 0.004 0.004 0.004 0.004 0.004; % T D=8
0.231 0.256 0.016 0.016 0.016 0.246 0.016 0.016 0.016 0.171; % V D=8
0.004 0.004 0.004 0.964 0.004 0.004 0.004 0.004 0.004 0.004; % b D=8
0.221 0.256 0.016 0.016 0.016 0.161 0.016 0.016 0.016 0.266; % l D=8
0.226 0.181 0.016 0.016 0.016 0.291 0.016 0.016 0.016 0.206; % n D=8
0.004 0.004 0.004 0.004 0.004 0.004 0.004 0.964 0.004 0.004; % p D=8
0.004 0.004 0.004 0.004 0.964 0.004 0.004 0.004 0.004 0.004; % z D=8
0.02 0.266666666666667 0.02 0.02 0.02 0.26 0.02 0.02 0.02 0.333333333333333; % $ D=10
0.005 0.005 0.005 0.005 0.005 0.005 0.005 0.005 0.955 0.005; % D D=10
0.005 0.005 0.005 0.005 0.005 0.005 0.955 0.005 0.005 0.005; % G D=10
0.005 0.005 0.955 0.005 0.005 0.005 0.005 0.005 0.005 0.005; % T D=10
0.225 0.25 0.02 0.02 0.02 0.24 0.02 0.02 0.02 0.165; % V D=10
0.005 0.005 0.005 0.955 0.005 0.005 0.005 0.005 0.005 0.005; % b D=10
0.215 0.25 0.02 0.02 0.02 0.155 0.02 0.02 0.02 0.26; % l D=10
0.22 0.175 0.02 0.02 0.02 0.285 0.02 0.02 0.02 0.2; % n D=10
0.005 0.005 0.005 0.005 0.005 0.005 0.005 0.955 0.005 0.005; % p D=10
0.005 0.005 0.005 0.005 0.955 0.005 0.005 0.005 0.005 0.005; % z D=10
0.03 0.243333333333333 0.03 0.03 0.03 0.236666666666667 0.03 0.03 0.03 0.31; % $ D=15
0.0075 0.0075 0.0075 0.0075 0.0075 0.0075 0.0075 0.0075 0.9325 0.0075; % D D=15
0.0075 0.0075 0.0075 0.0075 0.0075 0.0075 0.9325 0.0075 0.0075 0.0075; % G D=15
0.0075 0.0075 0.9325 0.0075 0.0075 0.0075 0.0075 0.0075 0.0075 0.0075; % T D=15
0.21 0.235 0.03 0.03 0.03 0.225 0.03 0.03 0.03 0.15; % V D=15
0.0075 0.0075 0.0075 0.9325 0.0075 0.0075 0.0075 0.0075 0.0075 0.0075; % b D=15
0.2 0.235 0.03 0.03 0.03 0.14 0.03 0.03 0.03 0.245; % l D=15
0.205 0.16 0.03 0.03 0.03 0.27 0.03 0.03 0.03 0.185; % n D=15
0.0075 0.0075 0.0075 0.0075 0.0075 0.0075 0.0075 0.9325 0.0075 0.0075; % p D=15
0.0075 0.0075 0.0075 0.0075 0.9325 0.0075 0.0075 0.0075 0.0075 0.0075; % z D=15
0.04 0.22 0.04 0.04 0.04 0.213333333333333 0.04 0.04 0.04 0.286666666666667; % $ D=20
0.01 0.01 0.01 0.01 0.01 0.01 0.01 0.01 0.91 0.01; % D D=20
0.01 0.01 0.01 0.01 0.01 0.01 0.91 0.01 0.01 0.01; % G D=20
0.01 0.01 0.91 0.01 0.01 0.01 0.01 0.01 0.01 0.01; % T D=20
0.195 0.22 0.04 0.04 0.04 0.21 0.04 0.04 0.04 0.135; % V D=20
0.01 0.01 0.01 0.91 0.01 0.01 0.01 0.01 0.01 0.01; % b D=20
0.185 0.22 0.04 0.04 0.04 0.125 0.04 0.04 0.04 0.23; % l D=20
0.19 0.145 0.04 0.04 0.04 0.255 0.04 0.04 0.04 0.17; % n D=20
0.01 0.01 0.01 0.01 0.01 0.01 0.01 0.91 0.01 0.01; % p D=20
0.01 0.01 0.01 0.01 0.91 0.01 0.01 0.01 0.01 0.01; % z D=20
0.06 0.173333333333333 0.06 0.06 0.06 0.166666666666667 0.06 0.06 0.06 0.24; % $ D=30
0.015 0.015 0.015 0.015 0.015 0.015 0.015 0.015 0.865 0.015; % D D=30
0.015 0.015 0.015 0.015 0.015 0.015 0.865 0.015 0.015 0.015; % G D=30
0.015 0.015 0.865 0.015 0.015 0.015 0.015 0.015 0.015 0.015; % T D=30
0.165 0.19 0.06 0.06 0.06 0.18 0.06 0.06 0.06 0.105; % V D=30
0.015 0.015 0.015 0.865 0.015 0.015 0.015 0.015 0.015 0.015; % b D=30
0.155 0.19 0.06 0.06 0.06 0.095 0.06 0.06 0.06 0.2; % l D=30
0.16 0.115 0.06 0.06 0.06 0.225 0.06 0.06 0.06 0.14; % n D=30
0.015 0.015 0.015 0.015 0.015 0.015 0.015 0.865 0.015 0.015; % p D=30
0.015 0.015 0.015 0.015 0.865 0.015 0.015 0.015 0.015 0.015; % z D=30
0.1 0.1 0.1 0.1 0.1 0.1 0.1 0.1 0.1 0.146666666666667; % $ D=50
0.025 0.025 0.025 0.025 0.025 0.025 0.025 0.025 0.775 0.025; % D D=50
0.025 0.025 0.025 0.025 0.025 0.025 0.775 0.025 0.025 0.025; % G D=50
0.025 0.025 0.775 0.025 0.025 0.025 0.025 0.025 0.025 0.025; % T D=50
0.105 0.13 0.1 0.1 0.1 0.12 0.1 0.1 0.1 0.1; % V D=50
0.025 0.025 0.025 0.775 0.025 0.025 0.025 0.025 0.025 0.025; % b D=50
0.1 0.13 0.1 0.1 0.1 0.1 0.1 0.1 0.1 0.14; % l D=50
0.1 0.1 0.1 0.1 0.1 0.165 0.1 0.1 0.1 0.1; % n D=50
0.025 0.025 0.025 0.025 0.025 0.025 0.025 0.775 0.025 0.025; % p D=50
0.025 0.025 0.025 0.025 0.775 0.025 0.025 0.025 0.025 0.025]; % z D=50
