syllables = '$BDGJPRTVglrtvz';
discounts = [0.01 0.02 0.05 0.1 0.2 0.5 1 2 3 4 5 6 8 10 15 20 30 50];
kn_probs = [2.22222222222222e-05 2.22222222222222e-05 0.246622222222222 2.22222222222222e-05 2.22222222222222e-05 2.22222222222222e-05 0.159955555555556 2.22222222222222e-05 2.22222222222222e-05 2.22222222222222e-05 0.213288888888889 0.213288888888889 2.22222222222222e-05 0.166622222222222 2.22222222222222e-05; % $ D=0.01
5.55555555555556e-06 5.55555555555556e-06 5.55555555555556e-06 5.55555555555556e-06 5.55555555555556e-06 5.55555555555556e-06 5.55555555555556e-06 0.999922222222222 5.55555555555556e-06 5.55555555555556e-06 5.55555555555556e-06 5.55555555555556e-06 5.55555555555556e-06 5.55555555555556e-06 5.55555555555556e-06; % B D=0.01
5.55555555555556e-06 5.55555555555556e-06 5.55555555555556e-06 5.55555555555556e-06 5.55555555555556e-06 5.55555555555556e-06 5.55555555555556e-06 5.55555555555556e-06 5.55555555555556e-06 0.999922222222222 5.55555555555556e-06 5.55555555555556e-06 5.55555555555556e-06 5.55555555555556e-06 5.55555555555556e-06; % D D=0.01
0.216611111111111 2.77777777777778e-05 2.77777777777778e-05 2.77777777777778e-05 2.77777777777778e-05 2.77777777777778e-05 0.166611111111111 2.77777777777778e-05 2.77777777777778e-05 2.77777777777778e-05 0.233277777777778 0.199944444444444 2.77777777777778e-05 0.183277777777778 2.77777777777778e-05; % G D=0.01
0.283277777777778 2.77777777777778e-05 0.183277777777778 2.77777777777778e-05 2.77777777777778e-05 2.77777777777778e-05 2.77777777777778e-05 2.77777777777778e-05 2.77777777777778e-05 2.77777777777778e-05 0.149944444444444 0.191611111111111 2.77777777777778e-05 0.191611111111111 2.77777777777778e-05; % J D=0.01
5.55555555555556e-06 5.55555555555556e-06 5.55555555555556e-06 5.55555555555556e-06 5.55555555555556e-06 5.55555555555556e-06 5.55555555555556e-06 5.55555555555556e-06 0.999922222222222 5.55555555555556e-06 5.55555555555556e-06 5.55555555555556e-06 5.55555555555556e-06 5.55555555555556e-06 5.55555555555556e-06; % P D=0.01
5.55555555555556e-06 0.999922222222222 5.55555555555556e-06 5.55555555555556e-06 5.55555555555556e-06 5.55555555555556e-06 5.55555555555556e-06 5.55555555555556e-06 5.55555555555556e-06 5.55555555555556e-06 5.55555555555556e-06 5.55555555555556e-06 5.55555555555556e-06 5.55555555555556e-06 5.55555555555556e-06; % R D=0.01
5.55555555555556e-06 5.55555555555556e-06 5.55555555555556e-06 5.55555555555556e-06 0.999922222222222 5.55555555555556e-06 5.55555555555556e-06 5.55555555555556e-06 5.55555555555556e-06 5.55555555555556e-06 5.55555555555556e-06 5.55555555555556e-06 5.55555555555556e-06 5.55555555555556e-06 5.55555555555556e-06; % T D=0.01
0.266611111111111 2.77777777777778e-05 0.174944444444444 2.77777777777778e-05 2.77777777777778e-05 2.77777777777778e-05 0.183277777777778 2.77777777777778e-05 2.77777777777778e-05 2.77777777777778e-05 2.77777777777778e-05 0.174944444444444 2.77777777777778e-05 0.199944444444444 2.77777777777778e-05; % V D=0.01
5.55555555555556e-06 5.55555555555556e-06 5.55555555555556e-06 0.999922222222222 5.55555555555556e-06 5.55555555555556e-06 5.55555555555556e-06 5.55555555555556e-06 5.55555555555556e-06 5.55555555555556e-06 5.55555555555556e-06 5.55555555555556e-06 5.55555555555556e-06 5.55555555555556e-06 5.55555555555556e-06; % g D=0.01
5.55555555555556e-06 5.55555555555556e-06 5.55555555555556e-06 5.55555555555556e-06 5.55555555555556e-06 0.999922222222222 5.55555555555556e-06 5.55555555555556e-06 5.55555555555556e-06 5.55555555555556e-06 5.55555555555556e-06 5.55555555555556e-06 5.55555555555556e-06 5.55555555555556e-06 5.55555555555556e-06; % l D=0.01
5.55555555555556e-06 5.55555555555556e-06 5.55555555555556e-06 5.55555555555556e-06 5.55555555555556e-06 5.55555555555556e-06 5.55555555555556e-06 5.55555555555556e-06 5.55555555555556e-06 5.55555555555556e-06 5.55555555555556e-06 5.55555555555556e-06 5.55555555555556e-06 5.55555555555556e-06 0.999922222222222; % r D=0.01
0.27495 3.33333333333333e-05 0.191616666666667 3.33333333333333e-05 3.33333333333333e-05 3.33333333333333e-05 0.233283333333333 3.33333333333333e-05 3.33333333333333e-05 3.33333333333333e-05 0.12495 0.166616666666667 3.33333333333333e-05 0.00828333333333333 3.33333333333333e-05; % t D=0.01
5.55555555555556e-06 5.55555555555556e-06 5.55555555555556e-06 5.55555555555556e-06 5.55555555555556e-06 5.55555555555556e-06 5.55555555555556e-06 5.55555555555556e-06 5.55555555555556e-06 5.55555555555556e-06 5.55555555555556e-06 5.55555555555556e-06 0.999922222222222 5.55555555555556e-06 5.55555555555556e-06; % v D=0.01
0.208277777777778 2.77777777777778e-05 0.141611111111111 2.77777777777778e-05 2.77777777777778e-05 2.77777777777778e-05 0.216611111111111 2.77777777777778e-05 2.77777777777778e-05 2.77777777777778e-05 0.224944444444444 2.77777777777778e-05 2.77777777777778e-05 0.208277777777778 2.77777777777778e-05; % z D=0.01
4.44444444444444e-05 4.44444444444444e-05 0.246577777777778 4.44444444444444e-05 4.44444444444444e-05 4.44444444444444e-05 0.159911111111111 4.44444444444444e-05 4.44444444444444e-05 4.44444444444444e-05 0.213244444444444 0.213244444444444 4.44444444444444e-05 0.166577777777778 4.44444444444444e-05; % $ D=0.02
1.11111111111111e-05 1.11111111111111e-05 1.11111111111111e-05 1.11111111111111e-05 1.11111111111111e-05 1.11111111111111e-05 1.11111111111111e-05 0.999844444444444 1.11111111111111e-05 1.11111111111111e-05 1.11111111111111e-05 1.11111111111111e-05 1.11111111111111e-05 1.11111111111111e-05 1.11111111111111e-05; % B D=0.02
1.11111111111111e-05 1.11111111111111e-05 1.11111111111111e-05 1.11111111111111e-05 1.11111111111111e-05 1.11111111111111e-05 1.11111111111111e-05 1.11111111111111e-05 1.11111111111111e-05 0.999844444444444 1.11111111111111e-05 1.11111111111111e-05 1.11111111111111e-05 1.11111111111111e-05 1.11111111111111e-05; % D D=0.02
0.216555555555556 5.55555555555556e-05 5.55555555555556e-05 5.55555555555556e-05 5.55555555555556e-05 5.55555555555556e-05 0.166555555555556 5.55555555555556e-05 5.55555555555556e-05 5.55555555555556e-05 0.233222222222222 0.199888888888889 5.55555555555556e-05 0.183222222222222 5.55555555555556e-05; % G D=0.02
0.283222222222222 5.55555555555556e-05 0.183222222222222 5.55555555555556e-05 5.55555555555556e-05 5.55555555555556e-05 5.55555555555556e-05 5.55555555555556e-05 5.55555555555556e-05 5.55555555555556e-05 0.149888888888889 0.191555555555556 5.55555555555556e-05 0.191555555555556 5.55555555555556e-05; % J D=0.02
1.11111111111111e-05 1.11111111111111e-05 1.11111111111111e-05 1.11111111111111e-05 1.11111111111111e-05 1.11111111111111e-05 1.11111111111111e-05 1.11111111111111e-05 0.999844444444444 1.11111111111111e-05 1.11111111111111e-05 1.11111111111111e-05 1.11111111111111e-05 1.11111111111111e-05 1.11111111111111e-05; % P D=0.02
1.11111111111111e-05 0.999844444444444 1.11111111111111e-05 1.11111111111111e-05 1.11111111111111e-05 1.11111111111111e-05 1.11111111111111e-05 1.11111111111111e-05 1.11111111111111e-05 1.11111111111111e-05 1.11111111111111e-05 1.11111111111111e-05 1.11111111111111e-05 1.11111111111111e-05 1.11111111111111e-05; % R D=0.02
1.11111111111111e-05 1.11111111111111e-05 1.11111111111111e-05 1.11111111111111e-05 0.999844444444444 1.11111111111111e-05 1.11111111111111e-05 1.11111111111111e-05 1.11111111111111e-05 1.11111111111111e-05 1.11111111111111e-05 1.11111111111111e-05 1.11111111111111e-05 1.11111111111111e-05 1.11111111111111e-05; % T D=0.02
0.266555555555556 5.55555555555556e-05 0.174888888888889 5.55555555555556e-05 5.55555555555556e-05 5.55555555555556e-05 0.183222222222222 5.55555555555556e-05 5.55555555555556e-05 5.55555555555556e-05 5.55555555555556e-05 0.174888888888889 5.55555555555556e-05 0.199888888888889 5.55555555555556e-05; % V D=0.02
