syllables = '$DKNZdgklmnr';
discounts = [0.01 0.02 0.05 0.1 0.2 0.5 1 2 3 4 5 6 8 10 15 20 30 50];
kn_probs = [2.22222222222222e-05 0.206622222222222 2.22222222222222e-05 2.22222222222222e-05 0.279955555555556 2.22222222222222e-05 2.22222222222222e-05 2.22222222222222e-05 0.286622222222222 0.226622222222222 2.22222222222222e-05 2.22222222222222e-05; % $ D=0.01
5.55555555555556e-06 5.55555555555556e-06 5.55555555555556e-06 5.55555555555556e-06 5.55555555555556e-06 0.999938888888889 5.55555555555556e-06 5.55555555555556e-06 5.55555555555556e-06 5.55555555555556e-06 5.55555555555556e-06 5.55555555555556e-06; % D D=0.01
0.293288888888889 0.259955555555556 2.22222222222222e-05 2.22222222222222e-05 0.226622222222222 2.22222222222222e-05 2.22222222222222e-05 2.22222222222222e-05 0.219955555555556 2.22222222222222e-05 2.22222222222222e-05 2.22222222222222e-05; % K D=0.01
5.55555555555556e-06 5.55555555555556e-06 5.55555555555556e-06 5.55555555555556e-06 5.55555555555556e-06 5.55555555555556e-06 5.55555555555556e-06 5.55555555555556e-06 5.55555555555556e-06 5.55555555555556e-06 0.999938888888889 5.55555555555556e-06; % N D=0.01
5.55555555555556e-06 5.55555555555556e-06 5.55555555555556e-06 5.55555555555556e-06 5.55555555555556e-06 5.55555555555556e-06 0.999938888888889 5.55555555555556e-06 5.55555555555556e-06 5.55555555555556e-06 5.55555555555556e-06 5.55555555555556e-06; % Z D=0.01
5.55555555555556e-06 5.55555555555556e-06 5.55555555555556e-06 0.999938888888889 5.55555555555556e-06 5.55555555555556e-06 5.55555555555556e-06 5.55555555555556e-06 5.55555555555556e-06 5.55555555555556e-06 5.55555555555556e-06 5.55555555555556e-06; % d D=0.01
0.173288888888889 0.319955555555556 2.22222222222222e-05 2.22222222222222e-05 2.22222222222222e-05 2.22222222222222e-05 2.22222222222222e-05 2.22222222222222e-05 0.299955555555556 0.206622222222222 2.22222222222222e-05 2.22222222222222e-05; % g D=0.01
0.246622222222222 0.213288888888889 2.22222222222222e-05 2.22222222222222e-05 0.239955555555556 2.22222222222222e-05 2.22222222222222e-05 2.22222222222222e-05 2.22222222222222e-05 0.299955555555556 2.22222222222222e-05 2.22222222222222e-05; % k D=0.01
5.55555555555556e-06 5.55555555555556e-06 5.55555555555556e-06 5.55555555555556e-06 5.55555555555556e-06 5.55555555555556e-06 5.55555555555556e-06 5.55555555555556e-06 5.55555555555556e-06 5.55555555555556e-06 5.55555555555556e-06 0.999938888888889; % l D=0.01
5.55555555555556e-06 5.55555555555556e-06 0.999938888888889 5.55555555555556e-06 5.55555555555556e-06 5.55555555555556e-06 5.55555555555556e-06 5.55555555555556e-06 5.55555555555556e-06 5.55555555555556e-06 5.55555555555556e-06 5.55555555555556e-06; % m D=0.01
0.286622222222222 2.22222222222222e-05 2.22222222222222e-05 2.22222222222222e-05 0.253288888888889 2.22222222222222e-05 2.22222222222222e-05 2.22222222222222e-05 0.193288888888889 0.266622222222222 2.22222222222222e-05 2.22222222222222e-05; % n D=0.01
5.55555555555556e-06 5.55555555555556e-06 5.55555555555556e-06 5.55555555555556e-06 5.55555555555556e-06 5.55555555555556e-06 5.55555555555556e-06 0.999938888888889 5.55555555555556e-06 5.55555555555556e-06 5.55555555555556e-06 5.55555555555556e-06; % r D=0.01
4.44444444444444e-05 0.206577777777778 4.44444444444444e-05 4.44444444444444e-05 0.279911111111111 4.44444444444444e-05 4.44444444444444e-05 4.44444444444444e-05 0.286577777777778 0.226577777777778 4.44444444444444e-05 4.44444444444444e-05; % $ D=0.02
1.11111111111111e-05 1.11111111111111e-05 1.11111111111111e-05 1.11111111111111e-05 1.11111111111111e-05 0.999877777777778 1.11111111111111e-05 1.11111111111111e-05 1.11111111111111e-05 1.11111111111111e-05 1.11111111111111e-05 1.11111111111111e-05; % D D=0.02
0.293244444444444 0.259911111111111 4.44444444444444e-05 4.44444444444444e-05 0.226577777777778 4.44444444444444e-05 4.44444444444444e-05 4.44444444444444e-05 0.219911111111111 4.44444444444444e-05 4.44444444444444e-05 4.44444444444444e-05; % K D=0.02
1.11111111111111e-05 1.11111111111111e-05 1.11111111111111e-05 1.11111111111111e-05 1.11111111111111e-05 1.11111111111111e-05 1.11111111111111e-05 1.11111111111111e-05 1.11111111111111e-05 1.11111111111111e-05 0.999877777777778 1.11111111111111e-05; % N D=0.02
1.11111111111111e-05 1.11111111111111e-05 1.11111111111111e-05 1.11111111111111e-05 1.11111111111111e-05 1.11111111111111e-05 0.999877777777778 1.11111111111111e-05 1.11111111111111e-05 1.11111111111111e-05 1.11111111111111e-05 1.11111111111111e-05; % Z D=0.02
1.11111111111111e-05 1.11111111111111e-05 1.11111111111111e-05 0.999877777777778 1.11111111111111e-05 1.11111111111111e-05 1.11111111111111e-05 1.11111111111111e-05 1.11111111111111e-05 1.11111111111111e-05 1.11111111111111e-05 1.11111111111111e-05; % d D=0.02
0.173244444444444 0.319911111111111 4.44444444444444e-05 4.44444444444444e-05 4.44444444444444e-05 4.44444444444444e-05 4.44444444444444e-05 4.44444444444444e-05 0.299911111111111 0.206577777777778 4.44444444444444e-05 4.44444444444444e-05; % g D=0.02
0.246577777777778 0.213244444444444 4.44444444444444e-05 4.44444444444444e-05 0.239911111111111 4.44444444444444e-05 4.44444444444444e-05 4.44444444444444e-05 4.44444444444444e-05 0.299911111111111 4.44444444444444e-05 4.44444444444444e-05; % k D=0.02
1.11111111111111e-05 1.11111111111111e-05 1.11111111111111e-05 1.11111111111111e-05 1.11111111111111e-05 1.11111111111111e-05 1.11111111111111e-05 1.11111111111111e-05 1.11111111111111e-05 1.11111111111111e-05 1.11111111111111e-05 0.999877777777778; % l D=0.02
1.11111111111111e-05 1.11111111111111e-05 0.999877777777778 1.11111111111111e-05 1.11111111111111e-05 1.11111111111111e-05 1.11111111111111e-05 1.11111111111111e-05 1.11111111111111e-05 1.11111111111111e-05 1.11111111111111e-05 1.11111111111111e-05; % m D=0.02
0.286577777777778 4.44444444444444e-05 4.44444444444444e-05 4.44444444444444e-05 0.253244444444444 4.44444444444444e-05 4.44444444444444e-05 4.44444444444444e-05 0.193244444444444 0.266577777777778 4.44444444444444e-05 4.44444444444444e-05; % n D=0.02
1.11111111111111e-05 1.11111111111111e-05 1.11111111111111e-05 1.11111111111111e-05 1.11111111111111e-05 1.11111111111111e-05 1.11111111111111e-05 0.999877777777778 1.11111111111111e-05 1.11111111111111e-05 1.11111111111111e-05 1.11111111111111e-05; % r D=0.02
0.000111111111111111 0.206444444444444 0.000111111111111111 0.000111111111111111 0.279777777777778 0.000111111111111111 0.000111111111111111 0.000111111111111111 0.286444444444444 0.226444444444444 0.000111111111111111 0.000111111111111111; % $ D=0.05
2.77777777777778e-05 2.77777777777778e-05 2.77777777777778e-05 2.77777777777778e-05 2.77777777777778e-05 0.999694444444444 2.77777777777778e-05 2.77777777777778e-05 2.77777777777778e-05 2.77777777777778e-05 2.77777777777778e-05 2.77777777777778e-05; % D D=0.05
0.293111111111111 0.259777777777778 0.000111111111111111 0.000111111111111111 0.226444444444444 0.000111111111111111 0.000111111111111111 0.000111111111111111 0.219777777777778 0.000111111111111111 0.000111111111111111 0.000111111111111111; % K D=0.05
2.77777777777778e-05 2.77777777777778e-05 2.77777777777778e-05 2.77777777777778e-05 2.77777777777778e-05 2.77777777777778e-05 2.77777777777778e-05 2.77777777777778e-05 2.77777777777778e-05 2.77777777777778e-05 0.999694444444444 2.77777777777778e-05; % N D=0.05
2.77777777777778e-05 2.77777777777778e-05 2.77777777777778e-05 2.77777777777778e-05 2.77777777777778e-05 2.77777777777778e-05 0.999694444444444 2.77777777777778e-05 2.77777777777778e-05 2.77777777777778e-05 2.77777777777778e-05 2.77777777777778e-05; % Z D=0.05
2.77777777777778e-05 2.77777777777778e-05 2.77777777777778e-05 0.999694444444444 2.77777777777778e-05 2.77777777777778e-05 2.77777777777778e-05 2.77777777777778e-05 2.77777777777778e-05 2.77777777777778e-05 2.77777777777778e-05 2.77777777777778e-05; % d D=0.05
0.173111111111111 0.319777777777778 0.000111111111111111 0.000111111111111111 0.000111111111111111 0.000111111111111111 0.000111111111111111 0.000111111111111111 0.299777777777778 0.206444444444444 0.000111111111111111 0.000111111111111111; % g D=0.05
0.246444444444444 0.213111111111111 0.000111111111111111 0.000111111111111111 0.239777777777778 0.000111111111111111 0.000111111111111111 0.000111111111111111 0.000111111111111111 0.299777777777778 0.000111111111111111 0.000111111111111111; % k D=0.05
2.77777777777778e-05 2.77777777777778e-05 2.77777777777778e-05 2.77777777777778e-05 2.77777777777778e-05 2.77777777777778e-05 2.77777777777778e-05 2.77777777777778e-05 2.77777777777778e-05 2.77777777777778e-05 2.77777777777778e-05 0.999694444444444; % l D=0.05
2.77777777777778e-05 2.77777777777778e-05 0.999694444444444 2.77777777777778e-05 2.77777777777778e-05 2.77777777777778e-05 2.77777777777778e-05 2.77777777777778e-05 2.77777777777778e-05 2.77777777777778e-05 2.77777777777778e-05 2.77777777777778e-05; % m D=0.05
0.286444444444444 0.000111111111111111 0.000111111111111111 0.000111111111111111 0.253111111111111 0.000111111111111111 0.000111111111111111 0.000111111111111111 0.193111111111111 0.266444444444444 0.000111111111111111 0.000111111111111111; % n D=0.05
2.77777777777778e-05 2.77777777777778e-05 2.77777777777778e-05 2.77777777777778e-05 2.77777777777778e-05 2.77777777777778e-05 2.77777777777778e-05 0.999694444444444 2.77777777777778e-05 2.77777777777778e-05 2.77777777777778e-05 2.77777777777778e-05; % r D=0.05
0.000222222222222222 0.206222222222222 0.000222222222222222 0.000222222222222222 0.279555555555556 0.000222222222222222 0.000222222222222222 0.000222222222222222 0.286222222222222 0.226222222222222 0.000222222222222222 0.000222222222222222; % $ D=0.1
5.55555555555556e-05 5.55555555555556e-05 5.55555555555556e-05 5.55555555555556e-05 5.55555555555556e-05 0.999388888888889 5.55555555555556e-05 5.55555555555556e-05 5.55555555555556e-05 5.55555555555556e-05 5.55555555555556e-05 5.55555555555556e-05; % D D=0.1
0.292888888888889 0.259555555555556 0.000222222222222222 0.000222222222222222 0.226222222222222 0.000222222222222222 0.000222222222222222 0.000222222222222222 0.219555555555556 0.000222222222222222 0.000222222222222222 0.000222222222222222; % K D=0.1
5.55555555555556e-05 5.55555555555556e-05 5.55555555555556e-05 5.55555555555556e-05 5.55555555555556e-05 5.55555555555556e-05 5.55555555555556e-05 5.55555555555556e-05 5.55555555555556e-05 5.55555555555556e-05 0.999388888888889 5.55555555555556e-05; % N D=0.1
5.55555555555556e-05 5.55555555555556e-05 5.55555555555556e-05 5.55555555555556e-05 5.55555555555556e-05 5.55555555555556e-05 0.999388888888889 5.55555555555556e-05 5.55555555555556e-05 5.55555555555556e-05 5.55555555555556e-05 5.55555555555556e-05; % Z D=0.1
5.55555555555556e-05 5.55555555555556e-05 5.55555555555556e-05 0.999388888888889 5.55555555555556e-05 5.55555555555556e-05 5.55555555555556e-05 5.55555555555556e-05 5.55555555555556e-05 5.55555555555556e-05 5.55555555555556e-05 5.55555555555556e-05; % d D=0.1
0.172888888888889 0.319555555555556 0.000222222222222222 0.000222222222222222 0.000222222222222222 0.000222222222222222 0.000222222222222222 0.000222222222222222 0.299555555555556 0.206222222222222 0.000222222222222222 0.000222222222222222; % g D=0.1
0.246222222222222 0.212888888888889 0.000222222222222222 0.000222222222222222 0.239555555555556 0.000222222222222222 0.000222222222222222 0.000222222222222222 0.000222222222222222 0.299555555555556 0.000222222222222222 0.000222222222222222; % k D=0.1
5.55555555555556e-05 5.55555555555556e-05 5.55555555555556e-05 5.55555555555556e-05 5.55555555555556e-05 5.55555555555556e-05 5.55555555555556e-05 5.55555555555556e-05 5.55555555555556e-05 5.55555555555556e-05 5.55555555555556e-05 0.999388888888889; % l D=0.1
5.55555555555556e-05 5.55555555555556e-05 0.999388888888889 5.55555555555556e-05 5.55555555555556e-05 5.55555555555556e-05 5.55555555555556e-05 5.55555555555556e-05 5.55555555555556e-05 5.55555555555556e-05 5.55555555555556e-05 5.55555555555556e-05; % m D=0.1
0.286222222222222 0.000222222222222222 0.000222222222222222 0.000222222222222222 0.252888888888889 0.000222222222222222 0.000222222222222222 0.000222222222222222 0.192888888888889 0.266222222222222 0.000222222222222222 0.000222222222222222; % n D=0.1
5.55555555555556e-05 5.55555555555556e-05 5.55555555555556e-05 5.55555555555556e-05 5.55555555555556e-05 5.55555555555556e-05 5.55555555555556e-05 0.999388888888889 5.55555555555556e-05 5.55555555555556e-05 5.55555555555556e-05 5.55555555555556e-05; % r D=0.1
0.000444444444444444 0.205777777777778 0.000444444444444444 0.000444444444444444 0.279111111111111 0.000444444444444444 0.000444444444444444 0.000444444444444444 0.285777777777778 0.225777777777778 0.000444444444444444 0.000444444444444444; % $ D=0.2
0.000111111111111111 0.000111111111111111 0.000111111111111111 0.000111111111111111 0.000111111111111111 0.998777777777778 0.000111111111111111 0.000111111111111111 0.000111111111111111 0.000111111111111111 0.000111111111111111 0.000111111111111111; % D D=0.2
0.292444444444444 0.259111111111111 0.000444444444444444 0.000444444444444444 0.225777777777778 0.000444444444444444 0.000444444444444444 0.000444444444444444 0.219111111111111 0.000444444444444444 0.000444444444444444 0.000444444444444444; % K D=0.2
0.000111111111111111 0.000111111111111111 0.000111111111111111 0.000111111111111111 0.000111111111111111 0.000111111111111111 0.000111111111111111 0.000111111111111111 0.000111111111111111 0.000111111111111111 0.998777777777778 0.000111111111111111; % N D=0.2
0.000111111111111111 0.000111111111111111 0.000111111111111111 0.000111111111111111 0.000111111111111111 0.000111111111111111 0.998777777777778 0.000111111111111111 0.000111111111111111 0.000111111111111111 0.000111111111111111 0.000111111111111111; % Z D=0.2
0.000111111111111111 0.000111111111111111 0.000111111111111111 0.998777777777778 0.000111111111111111 0.000111111111111111 0.000111111111111111 0.000111111111111111 0.000111111111111111 0.000111111111111111 0.000111111111111111 0.000111111111111111; % d D=0.2
0.172444444444444 0.319111111111111 0.000444444444444444 0.000444444444444444 0.000444444444444444 0.000444444444444444 0.000444444444444444 0.000444444444444444 0.299111111111111 0.205777777777778 0.000444444444444444 0.000444444444444444; % g D=0.2
0.245777777777778 0.212444444444444 0.000444444444444444 0.000444444444444444 0.239111111111111 0.000444444444444444 0.000444444444444444 0.000444444444444444 0.000444444444444444 0.299111111111111 0.000444444444444444 0.000444444444444444; % k D=0.2
0.000111111111111111 0.000111111111111111 0.000111111111111111 0.000111111111111111 0.000111111111111111 0.000111111111111111 0.000111111111111111 0.000111111111111111 0.000111111111111111 0.000111111111111111 0.000111111111111111 0.998777777777778; % l D=0.2
0.000111111111111111 0.000111111111111111 0.998777777777778 0.000111111111111111 0.000111111111111111 0.000111111111111111 0.000111111111111111 0.000111111111111111 0.000111111111111111 0.000111111111111111 0.000111111111111111 0.000111111111111111; % m D=0.2
0.285777777777778 0.000444444444444444 0.000444444444444444 0.000444444444444444 0.252444444444444 0.000444444444444444 0.000444444444444444 0.000444444444444444 0.192444444444444 0.265777777777778 0.000444444444444444 0.000444444444444444; % n D=0.2
0.000111111111111111 0.000111111111111111 0.000111111111111111 0.000111111111111111 0.000111111111111111 0.000111111111111111 0.000111111111111111 0.998777777777778 0.000111111111111111 0.000111111111111111 0.000111111111111111 0.000111111111111111; % r D=0.2
0.00111111111111111 0.204444444444444 0.00111111111111111 0.00111111111111111 0.277777777777778 0.00111111111111111 0.00111111111111111 0.00111111111111111 0.284444444444444 0.224444444444444 0.00111111111111111 0.00111111111111111; % $ D=0.5
0.000277777777777778 0.000277777777777778 0.000277777777777778 0.000277777777777778 0.000277777777777778 0.996944444444445 0.000277777777777778 0.000277777777777778 0.000277777777777778 0.000277777777777778 0.000277777777777778 0.000277777777777778; % D D=0.5
0.291111111111111 0.257777777777778 0.00111111111111111 0.00111111111111111 0.224444444444444 0.00111111111111111 0.00111111111111111 0.00111111111111111 0.217777777777778 0.00111111111111111 0.00111111111111111 0.00111111111111111; % K D=0.5
0.000277777777777778 0.000277777777777778 0.000277777777777778 0.000277777777777778 0.000277777777777778 0.000277777777777778 0.000277777777777778 0.000277777777777778 0.000277777777777778 0.000277777777777778 0.996944444444445 0.000277777777777778; % N D=0.5
0.000277777777777778 0.000277777777777778 0.000277777777777778 0.000277777777777778 0.000277777777777778 0.000277777777777778 0.996944444444445 0.000277777777777778 0.000277777777777778 0.000277777777777778 0.000277777777777778 0.000277777777777778; % Z D=0.5
0.000277777777777778 0.000277777777777778 0.000277777777777778 0.996944444444445 0.000277777777777778 0.000277777777777778 0.000277777777777778 0.000277777777777778 0.000277777777777778 0.000277777777777778 0.000277777777777778 0.000277777777777778; % d D=0.5
0.171111111111111 0.317777777777778 0.00111111111111111 0.00111111111111111 0.00111111111111111 0.00111111111111111 0.00111111111111111 0.00111111111111111 0.297777777777778 0.204444444444444 0.00111111111111111 0.00111111111111111; % g D=0.5
0.244444444444444 0.211111111111111 0.00111111111111111 0.00111111111111111 0.237777777777778 0.00111111111111111 0.00111111111111111 0.00111111111111111 0.00111111111111111 0.297777777777778 0.00111111111111111 0.00111111111111111; % k D=0.5
0.000277777777777778 0.000277777777777778 0.000277777777777778 0.000277777777777778 0.000277777777777778 0.000277777777777778 0.000277777777777778 0.000277777777777778 0.000277777777777778 0.000277777777777778 0.000277777777777778 0.996944444444445; % l D=0.5
0.000277777777777778 0.000277777777777778 0.996944444444445 0.000277777777777778 0.000277777777777778 0.000277777777777778 0.000277777777777778 0.000277777777777778 0.000277777777777778 0.000277777777777778 0.000277777777777778 0.000277777777777778; % m D=0.5
0.284444444444444 0.00111111111111111 0.00111111111111111 0.00111111111111111 0.251111111111111 0.00111111111111111 0.00111111111111111 0.00111111111111111 0.191111111111111 0.264444444444444 0.00111111111111111 0.00111111111111111; % n D=0.5
0.000277777777777778 0.000277777777777778 0.000277777777777778 0.000277777777777778 0.000277777777777778 0.000277777777777778 0.000277777777777778 0.996944444444445 0.000277777777777778 0.000277777777777778 0.000277777777777778 0.000277777777777778; % r D=0.5
0.00222222222222222 0.202222222222222 0.00222222222222222 0.00222222222222222 0.275555555555556 0.00222222222222222 0.00222222222222222 0.00222222222222222 0.282222222222222 0.222222222222222 0.00222222222222222 0.00222222222222222; % $ D=1
0.000555555555555556 0.000555555555555556 0.000555555555555556 0.000555555555555556 0.000555555555555556 0.993888888888889 0.000555555555555556 0.000555555555555556 0.000555555555555556 0.000555555555555556 0.000555555555555556 0.000555555555555556; % D D=1
0.288888888888889 0.255555555555556 0.00222222222222222 0.00222222222222222 0.222222222222222 0.00222222222222222 0.00222222222222222 0.00222222222222222 0.215555555555556 0.00222222222222222 0.00222222222222222 0.00222222222222222; % K D=1
0.000555555555555556 0.000555555555555556 0.000555555555555556 0.000555555555555556 0.000555555555555556 0.000555555555555556 0.000555555555555556 0.000555555555555556 0.000555555555555556 0.000555555555555556 0.993888888888889 0.000555555555555556; % N D=1
0.000555555555555556 0.000555555555555556 0.000555555555555556 0.000555555555555556 0.000555555555555556 0.000555555555555556 0.993888888888889 0.000555555555555556 0.000555555555555556 0.000555555555555556 0.000555555555555556 0.000555555555555556; % Z D=1
0.000555555555555556 0.000555555555555556 0.000555555555555556 0.993888888888889 0.000555555555555556 0.000555555555555556 0.000555555555555556 0.000555555555555556 0.000555555555555556 0.000555555555555556 0.000555555555555556 0.000555555555555556; % d D=1
0.168888888888889 0.315555555555556 0.00222222222222222 0.00222222222222222 0.00222222222222222 0.00222222222222222 0.00222222222222222 0.00222222222222222 0.295555555555556 0.202222222222222 0.00222222222222222 0.00222222222222222; % g D=1
0.242222222222222 0.208888888888889 0.00222222222222222 0.00222222222222222 0.235555555555556 0.00222222222222222 0.00222222222222222 0.00222222222222222 0.00222222222222222 0.295555555555556 0.00222222222222222 0.00222222222222222; % k D=1
0.000555555555555556 0.000555555555555556 0.000555555555555556 0.000555555555555556 0.000555555555555556 0.000555555555555556 0.000555555555555556 0.000555555555555556 0.000555555555555556 0.000555555555555556 0.000555555555555556 0.993888888888889; % l D=1
0.000555555555555556 0.000555555555555556 0.993888888888889 0.000555555555555556 0.000555555555555556 0.000555555555555556 0.000555555555555556 0.000555555555555556 0.000555555555555556 0.000555555555555556 0.000555555555555556 0.000555555555555556; % m D=1
0.282222222222222 0.00222222222222222 0.00222222222222222 0.00222222222222222 0.248888888888889 0.00222222222222222 0.00222222222222222 0.00222222222222222 0.188888888888889 0.262222222222222 0.00222222222222222 0.00222222222222222; % n D=1
0.000555555555555556 0.000555555555555556 0.000555555555555556 0.000555555555555556 0.000555555555555556 0.000555555555555556 0.000555555555555556 0.993888888888889 0.000555555555555556 0.000555555555555556 0.000555555555555556 0.000555555555555556; % r D=1
0.00444444444444444 0.197777777777778 0.00444444444444444 0.00444444444444444 0.271111111111111 0.00444444444444444 0.00444444444444444 0.00444444444444444 0.277777777777778 0.217777777777778 0.00444444444444444 0.00444444444444444; % $ D=2
0.00111111111111111 0.00111111111111111 0.00111111111111111 0.00111111111111111 0.00111111111111111 0.987777777777778 0.00111111111111111 0.00111111111111111 0.00111111111111111 0.00111111111111111 0.00111111111111111 0.00111111111111111; % D D=2
0.284444444444444 0.251111111111111 0.00444444444444444 0.00444444444444444 0.217777777777778 0.00444444444444444 0.00444444444444444 0.00444444444444444 0.211111111111111 0.00444444444444444 0.00444444444444444 0.00444444444444444; % K D=2
0.00111111111111111 0.00111111111111111 0.00111111111111111 0.00111111111111111 0.00111111111111111 0.00111111111111111 0.00111111111111111 0.00111111111111111 0.00111111111111111 0.00111111111111111 0.987777777777778 0.00111111111111111; % N D=2
0.00111111111111111 0.00111111111111111 0.00111111111111111 0.00111111111111111 0.00111111111111111 0.00111111111111111 0.987777777777778 0.00111111111111111 0.00111111111111111 0.00111111111111111 0.00111111111111111 0.00111111111111111; % Z D=2
0.00111111111111111 0.00111111111111111 0.00111111111111111 0.987777777777778 0.00111111111111111 0.00111111111111111 0.00111111111111111 0.00111111111111111 0.00111111111111111 0.00111111111111111 0.00111111111111111 0.00111111111111111; % d D=2
0.164444444444444 0.311111111111111 0.00444444444444444 0.00444444444444444 0.00444444444444444 0.00444444444444444 0.00444444444444444 0.00444444444444444 0.291111111111111 0.197777777777778 0.00444444444444444 0.00444444444444444; % g D=2
0.237777777777778 0.204444444444444 0.00444444444444444 0.00444444444444444 0.231111111111111 0.00444444444444444 0.00444444444444444 0.00444444444444444 0.00444444444444444 0.291111111111111 0.00444444444444444 0.00444444444444444; % k D=2
0.00111111111111111 0.00111111111111111 0.00111111111111111 0.00111111111111111 0.00111111111111111 0.00111111111111111 0.00111111111111111 0.00111111111111111 0.00111111111111111 0.00111111111111111 0.00111111111111111 0.987777777777778; % l D=2
0.00111111111111111 0.00111111111111111 0.987777777777778 0.00111111111111111 0.00111111111111111 0.00111111111111111 0.00111111111111111 0.00111111111111111 0.00111111111111111 0.00111111111111111 0.00111111111111111 0.00111111111111111; % m D=2
0.277777777777778 0.00444444444444444 0.00444444444444444 0.00444444444444444 0.244444444444444 0.00444444444444444 0.00444444444444444 0.00444444444444444 0.184444444444444 0.257777777777778 0.00444444444444444 0.00444444444444444; % n D=2
0.00111111111111111 0.00111111111111111 0.00111111111111111 0.00111111111111111 0.00111111111111111 0.00111111111111111 0.00111111111111111 0.987777777777778 0.00111111111111111 0.00111111111111111 0.00111111111111111 0.00111111111111111; % r D=2
0.00666666666666667 0.193333333333333 0.00666666666666667 0.00666666666666667 0.266666666666667 0.00666666666666667 0.00666666666666667 0.00666666666666667 0.273333333333333 0.213333333333333 0.00666666666666667 0.00666666666666667; % $ D=3
0.00166666666666667 0.00166666666666667 0.00166666666666667 0.00166666666666667 0.00166666666666667 0.981666666666667 0.00166666666666667 0.00166666666666667 0.00166666666666667 0.00166666666666667 0.00166666666666667 0.00166666666666667; % D D=3
0.28 0.246666666666667 0.00666666666666667 0.00666666666666667 0.213333333333333 0.00666666666666667 0.00666666666666667 0.00666666666666667 0.206666666666667 0.00666666666666667 0.00666666666666667 0.00666666666666667; % K D=3
0.00166666666666667 0.00166666666666667 0.00166666666666667 0.00166666666666667 0.00166666666666667 0.00166666666666667 0.00166666666666667 0.00166666666666667 0.00166666666666667 0.00166666666666667 0.981666666666667 0.00166666666666667; % N D=3
0.00166666666666667 0.00166666666666667 0.00166666666666667 0.00166666666666667 0.00166666666666667 0.00166666666666667 0.981666666666667 0.00166666666666667 0.00166666666666667 0.00166666666666667 0.00166666666666667 0.00166666666666667; % Z D=3
0.00166666666666667 0.00166666666666667 0.00166666666666667 0.981666666666667 0.00166666666666667 0.00166666666666667 0.00166666666666667 0.00166666666666667 0.00166666666666667 0.00166666666666667 0.00166666666666667 0.00166666666666667; % d D=3
0.16 0.306666666666667 0.00666666666666667 0.00666666666666667 0.00666666666666667 0.00666666666666667 0.00666666666666667 0.00666666666666667 0.286666666666667 0.193333333333333 0.00666666666666667 0.00666666666666667; % g D=3
0.233333333333333 0.2 0.00666666666666667 0.00666666666666667 0.226666666666667 0.00666666666666667 0.00666666666666667 0.00666666666666667 0.00666666666666667 0.286666666666667 0.00666666666666667 0.00666666666666667; % k D=3
0.00166666666666667 0.00166666666666667 0.00166666666666667 0.00166666666666667 0.00166666666666667 0.00166666666666667 0.00166666666666667 0.00166666666666667 0.00166666666666667 0.00166666666666667 0.00166666666666667 0.981666666666667; % l D=3
0.00166666666666667 0.00166666666666667 0.981666666666667 0.00166666666666667 0.00166666666666667 0.00166666666666667 0.00166666666666667 0.00166666666666667 0.00166666666666667 0.00166666666666667 0.00166666666666667 0.00166666666666667; % m D=3
0.273333333333333 0.00666666666666667 0.00666666666666667 0.00666666666666667 0.24 0.00666666666666667 0.00666666666666667 0.00666666666666667 0.18 0.253333333333333 0.00666666666666667 0.00666666666666667; % n D=3
0.00166666666666667 0.00166666666666667 0.00166666666666667 0.00166666666666667 0.00166666666666667 0.00166666666666667 0.00166666666666667 0.981666666666667 0.00166666666666667 0.00166666666666667 0.00166666666666667 0.00166666666666667; % r D=3
0.00888888888888889 0.188888888888889 0.00888888888888889 0.00888888888888889 0.262222222222222 0.00888888888888889 0.00888888888888889 0.00888888888888889 0.268888888888889 0.208888888888889 0.00888888888888889 0.00888888888888889; % $ D=4
0.00222222222222222 0.00222222222222222 0.00222222222222222 0.00222222222222222 0.00222222222222222 0.975555555555556 0.00222222222222222 0.00222222222222222 0.00222222222222222 0.00222222222222222 0.00222222222222222 0.00222222222222222; % D D=4
0.275555555555556 0.242222222222222 0.00888888888888889 0.00888888888888889 0.208888888888889 0.00888888888888889 0.00888888888888889 0.00888888888888889 0.202222222222222 0.00888888888888889 0.00888888888888889 0.00888888888888889; % K D=4
0.00222222222222222 0.00222222222222222 0.00222222222222222 0.00222222222222222 0.00222222222222222 0.00222222222222222 0.00222222222222222 0.00222222222222222 0.00222222222222222 0.00222222222222222 0.975555555555556 0.00222222222222222; % N D=4
0.00222222222222222 0.00222222222222222 0.00222222222222222 0.00222222222222222 0.00222222222222222 0.00222222222222222 0.975555555555556 0.00222222222222222 0.00222222222222222 0.00222222222222222 0.00222222222222222 0.00222222222222222; % Z D=4
0.00222222222222222 0.00222222222222222 0.00222222222222222 0.975555555555556 0.00222222222222222 0.00222222222222222 0.00222222222222222 0.00222222222222222 0.00222222222222222 0.00222222222222222 0.00222222222222222 0.00222222222222222; % d D=4
0.155555555555556 0.302222222222222 0.00888888888888889 0.00888888888888889 0.00888888888888889 0.00888888888888889 0.00888888888888889 0.00888888888888889 0.282222222222222 0.188888888888889 0.00888888888888889 0.00888888888888889; % g D=4
0.228888888888889 0.195555555555556 0.00888888888888889 0.00888888888888889 0.222222222222222 0.00888888888888889 0.00888888888888889 0.00888888888888889 0.00888888888888889 0.282222222222222 0.00888888888888889 0.00888888888888889; % k D=4
0.00222222222222222 0.00222222222222222 0.00222222222222222 0.00222222222222222 0.00222222222222222 0.00222222222222222 0.00222222222222222 0.00222222222222222 0.00222222222222222 0.00222222222222222 0.00222222222222222 0.975555555555556; % l D=4
0.00222222222222222 0.00222222222222222 0.975555555555556 0.00222222222222222 0.00222222222222222 0.00222222222222222 0.00222222222222222 0.00222222222222222 0.00222222222222222 0.00222222222222222 0.00222222222222222 0.00222222222222222; % m D=4
0.268888888888889 0.00888888888888889 0.00888888888888889 0.00888888888888889 0.235555555555556 0.00888888888888889 0.00888888888888889 0.00888888888888889 0.175555555555556 0.248888888888889 0.00888888888888889 0.00888888888888889; % n D=4
0.00222222222222222 0.00222222222222222 0.00222222222222222 0.00222222222222222 0.00222222222222222 0.00222222222222222 0.00222222222222222 0.975555555555556 0.00222222222222222 0.00222222222222222 0.00222222222222222 0.00222222222222222; % r D=4
0.0111111111111111 0.184444444444444 0.0111111111111111 0.0111111111111111 0.257777777777778 0.0111111111111111 0.0111111111111111 0.0111111111111111 0.264444444444444 0.204444444444444 0.0111111111111111 0.0111111111111111; % $ D=5
0.00277777777777778 0.00277777777777778 0.00277777777777778 0.00277777777777778 0.00277777777777778 0.969444444444444 0.00277777777777778 0.00277777777777778 0.00277777777777778 0.00277777777777778 0.00277777777777778 0.00277777777777778; % D D=5
0.271111111111111 0.237777777777778 0.0111111111111111 0.0111111111111111 0.204444444444444 0.0111111111111111 0.0111111111111111 0.0111111111111111 0.197777777777778 0.0111111111111111 0.0111111111111111 0.0111111111111111; % K D=5
0.00277777777777778 0.00277777777777778 0.00277777777777778 0.00277777777777778 0.00277777777777778 0.00277777777777778 0.00277777777777778 0.00277777777777778 0.00277777777777778 0.00277777777777778 0.969444444444444 0.00277777777777778; % N D=5
0.00277777777777778 0.00277777777777778 0.00277777777777778 0.00277777777777778 0.00277777777777778 0.00277777777777778 0.969444444444444 0.00277777777777778 0.00277777777777778 0.00277777777777778 0.00277777777777778 0.00277777777777778; % Z D=5
0.00277777777777778 0.00277777777777778 0.00277777777777778 0.969444444444444 0.00277777777777778 0.00277777777777778 0.00277777777777778 0.00277777777777778 0.00277777777777778 0.00277777777777778 0.00277777777777778 0.00277777777777778; % d D=5
0.151111111111111 0.297777777777778 0.0111111111111111 0.0111111111111111 0.0111111111111111 0.0111111111111111 0.0111111111111111 0.0111111111111111 0.277777777777778 0.184444444444444 0.0111111111111111 0.0111111111111111; % g D=5
0.224444444444444 0.191111111111111 0.0111111111111111 0.0111111111111111 0.217777777777778 0.0111111111111111 0.0111111111111111 0.0111111111111111 0.0111111111111111 0.277777777777778 0.0111111111111111 0.0111111111111111; % k D=5
0.00277777777777778 0.00277777777777778 0.00277777777777778 0.00277777777777778 0.00277777777777778 0.00277777777777778 0.00277777777777778 0.00277777777777778 0.00277777777777778 0.00277777777777778 0.00277777777777778 0.969444444444444; % l D=5
0.00277777777777778 0.00277777777777778 0.969444444444444 0.00277777777777778 0.00277777777777778 0.00277777777777778 0.00277777777777778 0.00277777777777778 0.00277777777777778 0.00277777777777778 0.00277777777777778 0.00277777777777778; % m D=5
0.264444444444444 0.0111111111111111 0.0111111111111111 0.0111111111111111 0.231111111111111 0.0111111111111111 0.0111111111111111 0.0111111111111111 0.171111111111111 0.244444444444444 0.0111111111111111 0.0111111111111111; % n D=5
0.00277777777777778 0.00277777777777778 0.00277777777777778 0.00277777777777778 0.00277777777777778 0.00277777777777778 0.00277777777777778 0.969444444444444 0.00277777777777778 0.00277777777777778 0.00277777777777778 0.00277777777777778; % r D=5
0.0133333333333333 0.18 0.0133333333333333 0.0133333333333333 0.253333333333333 0.0133333333333333 0.0133333333333333 0.0133333333333333 0.26 0.2 0.0133333333333333 0.0133333333333333; % $ D=6
0.00333333333333333 0.00333333333333333 0.00333333333333333 0.00333333333333333 0.00333333333333333 0.963333333333333 0.00333333333333333 0.00333333333333333 0.00333333333333333 0.00333333333333333 0.00333333333333333 0.00333333333333333; % D D=6
0.266666666666667 0.233333333333333 0.0133333333333333 0.0133333333333333 0.2 0.0133333333333333 0.0133333333333333 0.0133333333333333 0.193333333333333 0.0133333333333333 0.0133333333333333 0.0133333333333333; % K D=6
0.00333333333333333 0.00333333333333333 0.00333333333333333 0.00333333333333333 0.00333333333333333 0.00333333333333333 0.00333333333333333 0.00333333333333333 0.00333333333333333 0.00333333333333333 0.963333333333333 0.00333333333333333; % N D=6
0.00333333333333333 0.00333333333333333 0.00333333333333333 0.00333333333333333 0.00333333333333333 0.00333333333333333 0.963333333333333 0.00333333333333333 0.00333333333333333 0.00333333333333333 0.00333333333333333 0.00333333333333333; % Z D=6
0.00333333333333333 0.00333333333333333 0.00333333333333333 0.963333333333333 0.00333333333333333 0.00333333333333333 0.00333333333333333 0.00333333333333333 0.00333333333333333 0.00333333333333333 0.00333333333333333 0.00333333333333333; % d D=6
0.146666666666667 0.293333333333333 0.0133333333333333 0.0133333333333333 0.0133333333333333 0.0133333333333333 0.0133333333333333 0.0133333333333333 0.273333333333333 0.18 0.0133333333333333 0.0133333333333333; % g D=6
0.22 0.186666666666667 0.0133333333333333 0.0133333333333333 0.213333333333333 0.0133333333333333 0.0133333333333333 0.0133333333333333 0.0133333333333333 0.273333333333333 0.0133333333333333 0.0133333333333333; % k D=6
0.00333333333333333 0.00333333333333333 0.00333333333333333 0.00333333333333333 0.00333333333333333 0.00333333333333333 0.00333333333333333 0.00333333333333333 0.00333333333333333 0.00333333333333333 0.00333333333333333 0.963333333333333; % l D=6
0.00333333333333333 0.00333333333333333 0.963333333333333 0.00333333333333333 0.00333333333333333 0.00333333333333333 0.00333333333333333 0.00333333333333333 0.00333333333333333 0.00333333333333333 0.00333333333333333 0.00333333333333333; % m D=6
0.26 0.0133333333333333 0.0133333333333333 0.0133333333333333 0.226666666666667 0.0133333333333333 0.0133333333333333 0.0133333333333333 0.166666666666667 0.24 0.0133333333333333 0.0133333333333333; % n D=6
0.00333333333333333 0.00333333333333333 0.00333333333333333 0.00333333333333333 0.00333333333333333 0.00333333333333333 0.00333333333333333 0.963333333333333 0.00333333333333333 0.00333333333333333 0.00333333333333333 0.00333333333333333; % r D=6
0.0177777777777778 0.171111111111111 0.0177777777777778 0.0177777777777778 0.244444444444444 0.0177777777777778 0.0177777777777778 0.0177777777777778 0.251111111111111 0.191111111111111 0.0177777777777778 0.0177777777777778; % $ D=8
0.00444444444444444 0.00444444444444444 0.00444444444444444 0.00444444444444444 0.00444444444444444 0.951111111111111 0.00444444444444444 0.00444444444444444 0.00444444444444444 0.00444444444444444 0.00444444444444444 0.00444444444444444; % D D=8
0.257777777777778 0.224444444444444 0.0177777777777778 0.0177777777777778 0.191111111111111 0.0177777777777778 0.0177777777777778 0.0177777777777778 0.184444444444444 0.0177777777777778 0.0177777777777778 0.0177777777777778; % K D=8
0.00444444444444444 0.00444444444444444 0.00444444444444444 0.00444444444444444 0.00444444444444444 0.00444444444444444 0.00444444444444444 0.00444444444444444 0.00444444444444444 0.00444444444444444 0.951111111111111 0.00444444444444444; % N D=8
0.00444444444444444 0.00444444444444444 0.00444444444444444 0.00444444444444444 0.00444444444444444 0.00444444444444444 0.951111111111111 0.00444444444444444 0.00444444444444444 0.00444444444444444 0.00444444444444444 0.00444444444444444; % Z D=8
0.00444444444444444 0.00444444444444444 0.00444444444444444 0.951111111111111 0.00444444444444444 0.00444444444444444 0.00444444444444444 0.00444444444444444 0.00444444444444444 0.00444444444444444 0.00444444444444444 0.00444444444444444; % d D=8
0.137777777777778 0.284444444444444 0.0177777777777778 0.0177777777777778 0.0177777777777778 0.0177777777777778 0.0177777777777778 0.0177777777777778 0.264444444444444 0.171111111111111 0.0177777777777778 0.0177777777777778; % g D=8
0.211111111111111 0.177777777777778 0.0177777777777778 0.0177777777777778 0.204444444444444 0.0177777777777778 0.0177777777777778 0.0177777777777778 0.0177777777777778 0.264444444444444 0.0177777777777778 0.0177777777777778; % k D=8
0.00444444444444444 0.00444444444444444 0.00444444444444444 0.00444444444444444 0.00444444444444444 0.00444444444444444 0.00444444444444444 0.00444444444444444 0.00444444444444444 0.00444444444444444 0.00444444444444444 0.951111111111111; % l D=8
0.00444444444444444 0.00444444444444444 0.951111111111111 0.00444444444444444 0.00444444444444444 0.00444444444444444 0.00444444444444444 0.00444444444444444 0.00444444444444444 0.00444444444444444 0.00444444444444444 0.00444444444444444; % m D=8
0.251111111111111 0.0177777777777778 0.0177777777777778 0.0177777777777778 0.217777777777778 0.0177777777777778 0.0177777777777778 0.0177777777777778 0.157777777777778 0.231111111111111 0.0177777777777778 0.0177777777777778; % n D=8
0.00444444444444444 0.00444444444444444 0.00444444444444444 0.00444444444444444 0.00444444444444444 0.00444444444444444 0.00444444444444444 0.951111111111111 0.00444444444444444 0.00444444444444444 0.00444444444444444 0.00444444444444444; % r D=8
0.0222222222222222 0.162222222222222 0.0222222222222222 0.0222222222222222 0.235555555555556 0.0222222222222222 0.0222222222222222 0.0222222222222222 0.242222222222222 0.182222222222222 0.0222222222222222 0.0222222222222222; % $ D=10
0.00555555555555556 0.00555555555555556 0.00555555555555556 0.00555555555555556 0.00555555555555556 0.938888888888889 0.00555555555555556 0.00555555555555556 0.00555555555555556 0.00555555555555556 0.00555555555555556 0.00555555555555556; % D D=10
0.248888888888889 0.215555555555556 0.0222222222222222 0.0222222222222222 0.182222222222222 0.0222222222222222 0.0222222222222222 0.0222222222222222 0.175555555555556 0.0222222222222222 0.0222222222222222 0.0222222222222222; % K D=10
0.00555555555555556 0.00555555555555556 0.00555555555555556 0.00555555555555556 0.00555555555555556 0.00555555555555556 0.00555555555555556 0.00555555555555556 0.00555555555555556 0.00555555555555556 0.938888888888889 0.00555555555555556; % N D=10
