syllables = '$JKLPgklmnpv';
discounts = [0.01 0.02 0.05 0.1 0.2 0.5 1 2 3 4 5 6 8 10 15 20 30 50];
kn_probs = [2.22222222222222e-05 2.22222222222222e-05 0.273288888888889 2.22222222222222e-05 2.22222222222222e-05 2.22222222222222e-05 0.199955555555556 0.259955555555556 2.22222222222222e-05 2.22222222222222e-05 2.22222222222222e-05 0.266622222222222; % $ D=0.01
5.55555555555556e-06 5.55555555555556e-06 5.55555555555556e-06 5.55555555555556e-06 5.55555555555556e-06 5.55555555555556e-06 5.55555555555556e-06 5.55555555555556e-06 5.55555555555556e-06 0.999938888888889 5.55555555555556e-06 5.55555555555556e-06; % J D=0.01
5.55555555555556e-06 5.55555555555556e-06 5.55555555555556e-06 5.55555555555556e-06 0.999938888888889 5.55555555555556e-06 5.55555555555556e-06 5.55555555555556e-06 5.55555555555556e-06 5.55555555555556e-06 5.55555555555556e-06 5.55555555555556e-06; % K D=0.01
0.213288888888889 2.22222222222222e-05 0.293288888888889 2.22222222222222e-05 2.22222222222222e-05 2.22222222222222e-05 2.22222222222222e-05 0.219955555555556 2.22222222222222e-05 2.22222222222222e-05 2.22222222222222e-05 0.273288888888889; % L D=0.01
5.55555555555556e-06 0.999938888888889 5.55555555555556e-06 5.55555555555556e-06 5.55555555555556e-06 5.55555555555556e-06 5.55555555555556e-06 5.55555555555556e-06 5.55555555555556e-06 5.55555555555556e-06 5.55555555555556e-06 5.55555555555556e-06; % P D=0.01
0.279955555555556 2.22222222222222e-05 0.213288888888889 2.22222222222222e-05 2.22222222222222e-05 2.22222222222222e-05 0.233288888888889 0.273288888888889 2.22222222222222e-05 2.22222222222222e-05 2.22222222222222e-05 2.22222222222222e-05; % g D=0.01
5.55555555555556e-06 5.55555555555556e-06 5.55555555555556e-06 0.999938888888889 5.55555555555556e-06 5.55555555555556e-06 5.55555555555556e-06 5.55555555555556e-06 5.55555555555556e-06 5.55555555555556e-06 5.55555555555556e-06 5.55555555555556e-06; % k D=0.01
5.55555555555556e-06 5.55555555555556e-06 5.55555555555556e-06 5.55555555555556e-06 5.55555555555556e-06 5.55555555555556e-06 5.55555555555556e-06 5.55555555555556e-06 0.999938888888889 5.55555555555556e-06 5.55555555555556e-06 5.55555555555556e-06; % l D=0.01
0.313288888888889 2.22222222222222e-05 0.219955555555556 2.22222222222222e-05 2.22222222222222e-05 2.22222222222222e-05 0.219955555555556 2.22222222222222e-05 2.22222222222222e-05 2.22222222222222e-05 2.22222222222222e-05 0.246622222222222; % m D=0.01
0.193288888888889 2.22222222222222e-05 2.22222222222222e-05 2.22222222222222e-05 2.22222222222222e-05 2.22222222222222e-05 0.346622222222222 0.246622222222222 2.22222222222222e-05 2.22222222222222e-05 2.22222222222222e-05 0.213288888888889; % n D=0.01
5.55555555555556e-06 5.55555555555556e-06 5.55555555555556e-06 5.55555555555556e-06 5.55555555555556e-06 0.999938888888889 5.55555555555556e-06 5.55555555555556e-06 5.55555555555556e-06 5.55555555555556e-06 5.55555555555556e-06 5.55555555555556e-06; % p D=0.01
5.55555555555556e-06 5.55555555555556e-06 5.55555555555556e-06 5.55555555555556e-06 5.55555555555556e-06 5.55555555555556e-06 5.55555555555556e-06 5.55555555555556e-06 5.55555555555556e-06 5.55555555555556e-06 0.999938888888889 5.55555555555556e-06; % v D=0.01
4.44444444444444e-05 4.44444444444444e-05 0.273244444444444 4.44444444444444e-05 4.44444444444444e-05 4.44444444444444e-05 0.199911111111111 0.259911111111111 4.44444444444444e-05 4.44444444444444e-05 4.44444444444444e-05 0.266577777777778; % $ D=0.02
1.11111111111111e-05 1.11111111111111e-05 1.11111111111111e-05 1.11111111111111e-05 1.11111111111111e-05 1.11111111111111e-05 1.11111111111111e-05 1.11111111111111e-05 1.11111111111111e-05 0.999877777777778 1.11111111111111e-05 1.11111111111111e-05; % J D=0.02
1.11111111111111e-05 1.11111111111111e-05 1.11111111111111e-05 1.11111111111111e-05 0.999877777777778 1.11111111111111e-05 1.11111111111111e-05 1.11111111111111e-05 1.11111111111111e-05 1.11111111111111e-05 1.11111111111111e-05 1.11111111111111e-05; % K D=0.02
0.213244444444444 4.44444444444444e-05 0.293244444444444 4.44444444444444e-05 4.44444444444444e-05 4.44444444444444e-05 4.44444444444444e-05 0.219911111111111 4.44444444444444e-05 4.44444444444444e-05 4.44444444444444e-05 0.273244444444444; % L D=0.02
1.11111111111111e-05 0.999877777777778 1.11111111111111e-05 1.11111111111111e-05 1.11111111111111e-05 1.11111111111111e-05 1.11111111111111e-05 1.11111111111111e-05 1.11111111111111e-05 1.11111111111111e-05 1.11111111111111e-05 1.11111111111111e-05; % P D=0.02
0.279911111111111 4.44444444444444e-05 0.213244444444444 4.44444444444444e-05 4.44444444444444e-05 4.44444444444444e-05 0.233244444444444 0.273244444444444 4.44444444444444e-05 4.44444444444444e-05 4.44444444444444e-05 4.44444444444444e-05; % g D=0.02
1.11111111111111e-05 1.11111111111111e-05 1.11111111111111e-05 0.999877777777778 1.11111111111111e-05 1.11111111111111e-05 1.11111111111111e-05 1.11111111111111e-05 1.11111111111111e-05 1.11111111111111e-05 1.11111111111111e-05 1.11111111111111e-05; % k D=0.02
1.11111111111111e-05 1.11111111111111e-05 1.11111111111111e-05 1.11111111111111e-05 1.11111111111111e-05 1.11111111111111e-05 1.11111111111111e-05 1.11111111111111e-05 0.999877777777778 1.11111111111111e-05 1.11111111111111e-05 1.11111111111111e-05; % l D=0.02
0.313244444444444 4.44444444444444e-05 0.219911111111111 4.44444444444444e-05 4.44444444444444e-05 4.44444444444444e-05 0.219911111111111 4.44444444444444e-05 4.44444444444444e-05 4.44444444444444e-05 4.44444444444444e-05 0.246577777777778; % m D=0.02
0.193244444444444 4.44444444444444e-05 4.44444444444444e-05 4.44444444444444e-05 4.44444444444444e-05 4.44444444444444e-05 0.346577777777778 0.246577777777778 4.44444444444444e-05 4.44444444444444e-05 4.44444444444444e-05 0.213244444444444; % n D=0.02
1.11111111111111e-05 1.11111111111111e-05 1.11111111111111e-05 1.11111111111111e-05 1.11111111111111e-05 0.999877777777778 1.11111111111111e-05 1.11111111111111e-05 1.11111111111111e-05 1.11111111111111e-05 1.11111111111111e-05 1.11111111111111e-05; % p D=0.02
1.11111111111111e-05 1.11111111111111e-05 1.11111111111111e-05 1.11111111111111e-05 1.11111111111111e-05 1.11111111111111e-05 1.11111111111111e-05 1.11111111111111e-05 1.11111111111111e-05 1.11111111111111e-05 0.999877777777778 1.11111111111111e-05; % v D=0.02
0.000111111111111111 0.000111111111111111 0.273111111111111 0.000111111111111111 0.000111111111111111 0.000111111111111111 0.199777777777778 0.259777777777778 0.000111111111111111 0.000111111111111111 0.000111111111111111 0.266444444444444; % $ D=0.05
2.77777777777778e-05 2.77777777777778e-05 2.77777777777778e-05 2.77777777777778e-05 2.77777777777778e-05 2.77777777777778e-05 2.77777777777778e-05 2.77777777777778e-05 2.77777777777778e-05 0.999694444444444 2.77777777777778e-05 2.77777777777778e-05; % J D=0.05
2.77777777777778e-05 2.77777777777778e-05 2.77777777777778e-05 2.77777777777778e-05 0.999694444444444 2.77777777777778e-05 2.77777777777778e-05 2.77777777777778e-05 2.77777777777778e-05 2.77777777777778e-05 2.77777777777778e-05 2.77777777777778e-05; % K D=0.05
0.213111111111111 0.000111111111111111 0.293111111111111 0.000111111111111111 0.000111111111111111 0.000111111111111111 0.000111111111111111 0.219777777777778 0.000111111111111111 0.000111111111111111 0.000111111111111111 0.273111111111111; % L D=0.05
2.77777777777778e-05 0.999694444444444 2.77777777777778e-05 2.77777777777778e-05 2.77777777777778e-05 2.77777777777778e-05 2.77777777777778e-05 2.77777777777778e-05 2.77777777777778e-05 2.77777777777778e-05 2.77777777777778e-05 2.77777777777778e-05; % P D=0.05
0.279777777777778 0.000111111111111111 0.213111111111111 0.000111111111111111 0.000111111111111111 0.000111111111111111 0.233111111111111 0.273111111111111 0.000111111111111111 0.000111111111111111 0.000111111111111111 0.000111111111111111; % g D=0.05
