syllables = '$JKPRTVZlp';
discounts = [0.01 0.02 0.05 0.1 0.2 0.5 1 2 3 4 5 6 8 10 15 20 30 50];
kn_probs = [2e-05 2e-05 0.293286666666667 2e-05 2e-05 2e-05 2e-05 2e-05 0.379953333333333 0.32662; % $ D=0.01
5e-06 5e-06 5e-06 5e-06 5e-06 5e-06 0.999955 5e-06 5e-06 5e-06; % J D=0.01
5e-06 5e-06 5e-06 5e-06 5e-06 0.999955 5e-06 5e-06 5e-06 5e-06; % K D=0.01
0.249965 1.5e-05 0.424965 1.5e-05 1.5e-05 1.5e-05 1.5e-05 1.5e-05 0.324965 1.5e-05; % P D=0.01
0.254965 1.5e-05 0.354965 1.5e-05 1.5e-05 1.5e-05 1.5e-05 1.5e-05 1.5e-05 0.389965; % R D=0.01
0.244965 1.5e-05 1.5e-05 1.5e-05 1.5e-05 1.5e-05 1.5e-05 1.5e-05 0.389965 0.364965; % T D=0.01
5e-06 5e-06 5e-06 0.999955 5e-06 5e-06 5e-06 5e-06 5e-06 5e-06; % V D=0.01
5e-06 5e-06 5e-06 5e-06 0.999955 5e-06 5e-06 5e-06 5e-06 5e-06; % Z D=0.01
5e-06 5e-06 5e-06 5e-06 5e-06 5e-06 5e-06 0.999955 5e-06 5e-06; % l D=0.01
5e-06 0.999955 5e-06 5e-06 5e-06 5e-06 5e-06 5e-06 5e-06 5e-06; % p D=0.01
4e-05 4e-05 0.29324 4e-05 4e-05 4e-05 4e-05 4e-05 0.379906666666667 0.326573333333333; % $ D=0.02
1e-05 1e-05 1e-05 1e-05 1e-05 1e-05 0.99991 1e-05 1e-05 1e-05; % J D=0.02
1e-05 1e-05 1e-05 1e-05 1e-05 0.99991 1e-05 1e-05 1e-05 1e-05; % K D=0.02
0.24993 3e-05 0.42493 3e-05 3e-05 3e-05 3e-05 3e-05 0.32493 3e-05; % P D=0.02
0.25493 3e-05 0.35493 3e-05 3e-05 3e-05 3e-05 3e-05 3e-05 0.38993; % R D=0.02
0.24493 3e-05 3e-05 3e-05 3e-05 3e-05 3e-05 3e-05 0.38993 0.36493; % T D=0.02
1e-05 1e-05 1e-05 0.99991 1e-05 1e-05 1e-05 1e-05 1e-05 1e-05; % V D=0.02
1e-05 1e-05 1e-05 1e-05 0.99991 1e-05 1e-05 1e-05 1e-05 1e-05; % Z D=0.02
1e-05 1e-05 1e-05 1e-05 1e-05 1e-05 1e-05 0.99991 1e-05 1e-05; % l D=0.02
1e-05 0.99991 1e-05 1e-05 1e-05 1e-05 1e-05 1e-05 1e-05 1e-05; % p D=0.02
0.0001 0.0001 0.2931 0.0001 0.0001 0.0001 0.0001 0.0001 0.379766666666667 0.326433333333333; % $ D=0.05
2.5e-05 2.5e-05 2.5e-05 2.5e-05 2.5e-05 2.5e-05 0.999775 2.5e-05 2.5e-05 2.5e-05; % J D=0.05
2.5e-05 2.5e-05 2.5e-05 2.5e-05 2.5e-05 0.999775 2.5e-05 2.5e-05 2.5e-05 2.5e-05; % K D=0.05
0.249825 7.5e-05 0.424825 7.5e-05 7.5e-05 7.5e-05 7.5e-05 7.5e-05 0.324825 7.5e-05; % P D=0.05
0.254825 7.5e-05 0.354825 7.5e-05 7.5e-05 7.5e-05 7.5e-05 7.5e-05 7.5e-05 0.389825; % R D=0.05
0.244825 7.5e-05 7.5e-05 7.5e-05 7.5e-05 7.5e-05 7.5e-05 7.5e-05 0.389825 0.364825; % T D=0.05
2.5e-05 2.5e-05 2.5e-05 0.999775 2.5e-05 2.5e-05 2.5e-05 2.5e-05 2.5e-05 2.5e-05; % V D=0.05
2.5e-05 2.5e-05 2.5e-05 2.5e-05 0.999775 2.5e-05 2.5e-05 2.5e-05 2.5e-05 2.5e-05; % Z D=0.05
2.5e-05 2.5e-05 2.5e-05 2.5e-05 2.5e-05 2.5e-05 2.5e-05 0.999775 2.5e-05 2.5e-05; % l D=0.05
2.5e-05 0.999775 2.5e-05 2.5e-05 2.5e-05 2.5e-05 2.5e-05 2.5e-05 2.5e-05 2.5e-05; % p D=0.05
0.0002 0.0002 0.292866666666667 0.0002 0.0002 0.0002 0.0002 0.0002 0.379533333333333 0.3262; % $ D=0.1
5e-05 5e-05 5e-05 5e-05 5e-05 5e-05 0.99955 5e-05 5e-05 5e-05; % J D=0.1
5e-05 5e-05 5e-05 5e-05 5e-05 0.99955 5e-05 5e-05 5e-05 5e-05; % K D=0.1
0.24965 0.00015 0.42465 0.00015 0.00015 0.00015 0.00015 0.00015 0.32465 0.00015; % P D=0.1
0.25465 0.00015 0.35465 0.00015 0.00015 0.00015 0.00015 0.00015 0.00015 0.38965; % R D=0.1
0.24465 0.00015 0.00015 0.00015 0.00015 0.00015 0.00015 0.00015 0.38965 0.36465; % T D=0.1
5e-05 5e-05 5e-05 0.99955 5e-05 5e-05 5e-05 5e-05 5e-05 5e-05; % V D=0.1
5e-05 5e-05 5e-05 5e-05 0.99955 5e-05 5e-05 5e-05 5e-05 5e-05; % Z D=0.1
5e-05 5e-05 5e-05 5e-05 5e-05 5e-05 5e-05 0.99955 5e-05 5e-05; % l D=0.1
5e-05 0.99955 5e-05 5e-05 5e-05 5e-05 5e-05 5e-05 5e-05 5e-05; % p D=0.1
0.0004 0.0004 0.2924 0.0004 0.0004 0.0004 0.0004 0.0004 0.379066666666667 0.325733333333333; % $ D=0.2
0.0001 0.0001 0.0001 0.0001 0.0001 0.0001 0.9991 0.0001 0.0001 0.0001; % J D=0.2
0.0001 0.0001 0.0001 0.0001 0.0001 0.9991 0.0001 0.0001 0.0001 0.0001; % K D=0.2
0.2493 0.0003 0.4243 0.0003 0.0003 0.0003 0.0003 0.0003 0.3243 0.0003; % P D=0.2
0.2543 0.0003 0.3543 0.0003 0.0003 0.0003 0.0003 0.0003 0.0003 0.3893; % R D=0.2
0.2443 0.0003 0.0003 0.0003 0.0003 0.0003 0.0003 0.0003 0.3893 0.3643; % T D=0.2
0.0001 0.0001 0.0001 0.9991 0.0001 0.0001 0.0001 0.0001 0.0001 0.0001; % V D=0.2
0.0001 0.0001 0.0001 0.0001 0.9991 0.0001 0.0001 0.0001 0.0001 0.0001; % Z D=0.2
0.0001 0.0001 0.0001 0.0001 0.0001 0.0001 0.0001 0.9991 0.0001 0.0001; % l D=0.2
0.0001 0.9991 0.0001 0.0001 0.0001 0.0001 0.0001 0.0001 0.0001 0.0001; % p D=0.2
0.001 0.001 0.291 0.001 0.001 0.001 0.001 0.001 0.377666666666667 0.324333333333333; % $ D=0.5
0.00025 0.00025 0.00025 0.00025 0.00025 0.00025 0.99775 0.00025 0.00025 0.00025; % J D=0.5
0.00025 0.00025 0.00025 0.00025 0.00025 0.99775 0.00025 0.00025 0.00025 0.00025; % K D=0.5
0.24825 0.00075 0.42325 0.00075 0.00075 0.00075 0.00075 0.00075 0.32325 0.00075; % P D=0.5
0.25325 0.00075 0.35325 0.00075 0.00075 0.00075 0.00075 0.00075 0.00075 0.38825; % R D=0.5
0.24325 0.00075 0.00075 0.00075 0.00075 0.00075 0.00075 0.00075 0.38825 0.36325; % T D=0.5
0.00025 0.00025 0.00025 0.99775 0.00025 0.00025 0.00025 0.00025 0.00025 0.00025; % V D=0.5
0.00025 0.00025 0.00025 0.00025 0.99775 0.00025 0.00025 0.00025 0.00025 0.00025; % Z D=0.5
0.00025 0.00025 0.00025 0.00025 0.00025 0.00025 0.00025 0.99775 0.00025 0.00025; % l D=0.5
0.00025 0.99775 0.00025 0.00025 0.00025 0.00025 0.00025 0.00025 0.00025 0.00025; % p D=0.5
0.002 0.002 0.288666666666667 0.002 0.002 0.002 0.002 0.002 0.375333333333333 0.322; % $ D=1
0.0005 0.0005 0.0005 0.0005 0.0005 0.0005 0.9955 0.0005 0.0005 0.0005; % J D=1
0.0005 0.0005 0.0005 0.0005 0.0005 0.9955 0.0005 0.0005 0.0005 0.0005; % K D=1
0.2465 0.0015 0.4215 0.0015 0.0015 0.0015 0.0015 0.0015 0.3215 0.0015; % P D=1
0.2515 0.0015 0.3515 0.0015 0.0015 0.0015 0.0015 0.0015 0.0015 0.3865; % R D=1
0.2415 0.0015 0.0015 0.0015 0.0015 0.0015 0.0015 0.0015 0.3865 0.3615; % T D=1
0.0005 0.0005 0.0005 0.9955 0.0005 0.0005 0.0005 0.0005 0.0005 0.0005; % V D=1
0.0005 0.0005 0.0005 0.0005 0.9955 0.0005 0.0005 0.0005 0.0005 0.0005; % Z D=1
0.0005 0.0005 0.0005 0.0005 0.0005 0.0005 0.0005 0.9955 0.0005 0.0005; % l D=1
0.0005 0.9955 0.0005 0.0005 0.0005 0.0005 0.0005 0.0005 0.0005 0.0005; % p D=1
0.004 0.004 0.284 0.004 0.004 0.004 0.004 0.004 0.370666666666667 0.317333333333333; % $ D=2
0.001 0.001 0.001 0.001 0.001 0.001 0.991 0.001 0.001 0.001; % J D=2
0.001 0.001 0.001 0.001 0.001 0.991 0.001 0.001 0.001 0.001; % K D=2
0.243 0.003 0.418 0.003 0.003 0.003 0.003 0.003 0.318 0.003; % P D=2
0.248 0.003 0.348 0.003 0.003 0.003 0.003 0.003 0.003 0.383; % R D=2
0.238 0.003 0.003 0.003 0.003 0.003 0.003 0.003 0.383 0.358; % T D=2
0.001 0.001 0.001 0.991 0.001 0.001 0.001 0.001 0.001 0.001; % V D=2
0.001 0.001 0.001 0.001 0.991 0.001 0.001 0.001 0.001 0.001; % Z D=2
0.001 0.001 0.001 0.001 0.001 0.001 0.001 0.991 0.001 0.001; % l D=2
0.001 0.991 0.001 0.001 0.001 0.001 0.001 0.001 0.001 0.001; % p D=2
0.006 0.006 0.279333333333333 0.006 0.006 0.006 0.006 0.006 0.366 0.312666666666667; % $ D=3
0.0015 0.0015 0.0015 0.0015 0.0015 0.0015 0.9865 0.0015 0.0015 0.0015; % J D=3
0.0015 0.0015 0.0015 0.0015 0.0015 0.9865 0.0015 0.0015 0.0015 0.0015; % K D=3
0.2395 0.0045 0.4145 0.0045 0.0045 0.0045 0.0045 0.0045 0.3145 0.0045; % P D=3
0.2445 0.0045 0.3445 0.0045 0.0045 0.0045 0.0045 0.0045 0.0045 0.3795; % R D=3
0.2345 0.0045 0.0045 0.0045 0.0045 0.0045 0.0045 0.0045 0.3795 0.3545; % T D=3
0.0015 0.0015 0.0015 0.9865 0.0015 0.0015 0.0015 0.0015 0.0015 0.0015; % V D=3
0.0015 0.0015 0.0015 0.0015 0.9865 0.0015 0.0015 0.0015 0.0015 0.0015; % Z D=3
0.0015 0.0015 0.0015 0.0015 0.0015 0.0015 0.0015 0.9865 0.0015 0.0015; % l D=3
0.0015 0.9865 0.0015 0.0015 0.0015 0.0015 0.0015 0.0015 0.0015 0.0015; % p D=3
0.008 0.008 0.274666666666667 0.008 0.008 0.008 0.008 0.008 0.361333333333333 0.308; % $ D=4
0.002 0.002 0.002 0.002 0.002 0.002 0.982 0.002 0.002 0.002; % J D=4
0.002 0.002 0.002 0.002 0.002 0.982 0.002 0.002 0.002 0.002; % K D=4
0.236 0.006 0.411 0.006 0.006 0.006 0.006 0.006 0.311 0.006; % P D=4
0.241 0.006 0.341 0.006 0.006 0.006 0.006 0.006 0.006 0.376; % R D=4
0.231 0.006 0.006 0.006 0.006 0.006 0.006 0.006 0.376 0.351; % T D=4
0.002 0.002 0.002 0.982 0.002 0.002 0.002 0.002 0.002 0.002; % V D=4
0.002 0.002 0.002 0.002 0.982 0.002 0.002 0.002 0.002 0.002; % Z D=4
0.002 0.002 0.002 0.002 0.002 0.002 0.002 0.982 0.002 0.002; % l D=4
0.002 0.982 0.002 0.002 0.002 0.002 0.002 0.002 0.002 0.002; % p D=4
0.01 0.01 0.27 0.01 0.01 0.01 0.01 0.01 0.356666666666667 0.303333333333333; % $ D=5
0.0025 0.0025 0.0025 0.0025 0.0025 0.0025 0.9775 0.0025 0.0025 0.0025; % J D=5
0.0025 0.0025 0.0025 0.0025 0.0025 0.9775 0.0025 0.0025 0.0025 0.0025; % K D=5
0.2325 0.0075 0.4075 0.0075 0.0075 0.0075 0.0075 0.0075 0.3075 0.0075; % P D=5
0.2375 0.0075 0.3375 0.0075 0.0075 0.0075 0.0075 0.0075 0.0075 0.3725; % R D=5
0.2275 0.0075 0.0075 0.0075 0.0075 0.0075 0.0075 0.0075 0.3725 0.3475; % T D=5
0.0025 0.0025 0.0025 0.9775 0.0025 0.0025 0.0025 0.0025 0.0025 0.0025; % V D=5
0.0025 0.0025 0.0025 0.0025 0.9775 0.0025 0.0025 0.0025 0.0025 0.0025; % Z D=5
0.0025 0.0025 0.0025 0.0025 0.0025 0.0025 0.0025 0.9775 0.0025 0.0025; % l D=5
0.0025 0.9775 0.0025 0.0025 0.0025 0.0025 0.0025 0.0025 0.0025 0.0025; % p D=5
0.012 0.012 0.265333333333333 0.012 0.012 0.012 0.012 0.012 0.352 0.298666666666667; % $ D=6
0.003 0.003 0.003 0.003 0.003 0.003 0.973 0.003 0.003 0.003; % J D=6
0.003 0.003 0.003 0.003 0.003 0.973 0.003 0.003 0.003 0.003; % K D=6
0.229 0.009 0.404 0.009 0.009 0.009 0.009 0.009 0.304 0.009; % P D=6
0.234 0.009 0.334 0.009 0.009 0.009 0.009 0.009 0.009 0.369; % R D=6
0.224 0.009 0.009 0.009 0.009 0.009 0.009 0.009 0.369 0.344; % T D=6
0.003 0.003 0.003 0.973 0.003 0.003 0.003 0.003 0.003 0.003; % V D=6
0.003 0.003 0.003 0.003 0.973 0.003 0.003 0.003 0.003 0.003; % Z D=6
0.003 0.003 0.003 0.003 0.003 0.003 0.003 0.973 0.003 0.003; % l D=6
0.003 0.973 0.003 0.003 0.003 0.003 0.003 0.003 0.003 0.003; % p D=6
0.016 0.016 0.256 0.016 0.016 0.016 0.016 0.016 0.342666666666667 0.289333333333333; % $ D=8
0.004 0.004 0.004 0.004 0.004 0.004 0.964 0.004 0.004 0.004; % J D=8
0.004 0.004 0.004 0.004 0.004 0.964 0.004 0.004 0.004 0.004; % K D=8
0.222 0.012 0.397 0.012 0.012 0.012 0.012 0.012 0.297 0.012; % P D=8
0.227 0.012 0.327 0.012 0.012 0.012 0.012 0.012 0.012 0.362; % R D=8
0.217 0.012 0.012 0.012 0.012 0.012 0.012 0.012 0.362 0.337; % T D=8
0.004 0.004 0.004 0.964 0.004 0.004 0.004 0.004 0.004 0.004; % V D=8
0.004 0.004 0.004 0.004 0.964 0.004 0.004 0.004 0.004 0.004; % Z D=8
0.004 0.004 0.004 0.004 0.004 0.004 0.004 0.964 0.004 0.004; % l D=8
0.004 0.964 0.004 0.004 0.004 0.004 0.004 0.004 0.004 0.004; % p D=8
0.02 0.02 0.246666666666667 0.02 0.02 0.02 0.02 0.02 0.333333333333333 0.28; % $ D=10
0.005 0.005 0.005 0.005 0.005 0.005 0.955 0.005 0.005 0.005; % J D=10
0.005 0.005 0.005 0.005 0.005 0.955 0.005 0.005 0.005 0.005; % K D=10
0.215 0.015 0.39 0.015 0.015 0.015 0.015 0.015 0.29 0.015; % P D=10
0.22 0.015 0.32 0.015 0.015 0.015 0.015 0.015 0.015 0.355; % R D=10
0.21 0.015 0.015 0.015 0.015 0.015 0.015 0.015 0.355 0.33; % T D=10
0.005 0.005 0.005 0.955 0.005 0.005 0.005 0.005 0.005 0.005; % V D=10
0.005 0.005 0.005 0.005 0.955 0.005 0.005 0.005 0.005 0.005; % Z D=10
0.005 0.005 0.005 0.005 0.005 0.005 0.005 0.955 0.005 0.005; % l D=10
0.005 0.955 0.005 0.005 0.005 0.005 0.005 0.005 0.005 0.005; % p D=10
0.03 0.03 0.223333333333333 0.03 0.03 0.03 0.03 0.03 0.31 0.256666666666667; % $ D=15
0.0075 0.0075 0.0075 0.0075 0.0075 0.0075 0.9325 0.0075 0.0075 0.0075; % J D=15
0.0075 0.0075 0.0075 0.0075 0.0075 0.9325 0.0075 0.0075 0.0075 0.0075; % K D=15
0.1975 0.0225 0.3725 0.0225 0.0225 0.0225 0.0225 0.0225 0.2725 0.0225; % P D=15
0.2025 0.0225 0.3025 0.0225 0.0225 0.0225 0.0225 0.0225 0.0225 0.3375; % R D=15
0.1925 0.0225 0.0225 0.0225 0.0225 0.0225 0.0225 0.0225 0.3375 0.3125; % T D=15
0.0075 0.0075 0.0075 0.9325 0.0075 0.0075 0.0075 0.0075 0.0075 0.0075; % V D=15
0.0075 0.0075 0.0075 0.0075 0.9325 0.0075 0.0075 0.0075 0.0075 0.0075; % Z D=15
0.0075 0.0075 0.0075 0.0075 0.0075 0.0075 0.0075 0.9325 0.0075 0.0075; % l D=15
0.0075 0.9325 0.0075 0.0075 0.0075 0.0075 0.0075 0.0075 0.0075 0.0075; % p D=15
0.04 0.04 0.2 0.04 0.04 0.04 0.04 0.04 0.286666666666667 0.233333333333333; % $ D=20
0.01 0.01 0.01 0.01 0.01 0.01 0.91 0.01 0.01 0.01; % J D=20
0.01 0.01 0.01 0.01 0.01 0.91 0.01 0.01 0.01 0.01; % K D=20
0.18 0.03 0.355 0.03 0.03 0.03 0.03 0.03 0.255 0.03; % P D=20
0.185 0.03 0.285 0.03 0.03 0.03 0.03 0.03 0.03 0.32; % R D=20
0.175 0.03 0.03 0.03 0.03 0.03 0.03 0.03 0.32 0.295; % T D=20
0.01 0.01 0.01 0.91 0.01 0.01 0.01 0.01 0.01 0.01; % V D=20
0.01 0.01 0.01 0.01 0.91 0.01 0.01 0.01 0.01 0.01; % Z D=20
0.01 0.01 0.01 0.01 0.01 0.01 0.01 0.91 0.01 0.01; % l D=20
0.01 0.91 0.01 0.01 0.01 0.01 0.01 0.01 0.01 0.01; % p D=20
0.06 0.06 0.153333333333333 0.06 0.06 0.06 0.06 0.06 0.24 0.186666666666667; % $ D=30
0.015 0.015 0.015 0.015 0.015 0.015 0.865 0.015 0.015 0.015; % J D=30
0.015 0.015 0.015 0.015 0.015 0.865 0.015 0.015 0.015 0.015; % K D=30
0.145 0.045 0.32 0.045 0.045 0.045 0.045 0.045 0.22 0.045; % P D=30
0.15 0.045 0.25 0.045 0.045 0.045 0.045 0.045 0.045 0.285; % R D=30
0.14 0.045 0.045 0.045 0.045 0.045 0.045 0.045 0.285 0.26; % T D=30
0.015 0.015 0.015 0.865 0.015 0.015 0.015 0.015 0.015 0.015; % V D=30
0.015 0.015 0.015 0.015 0.865 0.015 0.015 0.015 0.015 0.015; % Z D=30
0.015 0.015 0.015 0.015 0.015 0.015 0.015 0.865 0.015 0.015; % l D=30
0.015 0.865 0.015 0.015 0.015 0.015 0.015 0.015 0.015 0.015; % p D=30
0.1 0.1 0.1 0.1 0.1 0.1 0.1 0.1 0.146666666666667 0.1; % $ D=50
0.025 0.025 0.025 0.025 0.025 0.025 0.775 0.025 0.025 0.025; % J D=50
0.025 0.025 0.025 0.025 0.025 0.775 0.025 0.025 0.025 0.025; % K D=50
0.075 0.075 0.25 0.075 0.075 0.075 0.075 0.075 0.15 0.075; % P D=50
0.08 0.075 0.18 0.075 0.075 0.075 0.075 0.075 0.075 0.215; % R D=50
0.075 0.075 0.075 0.075 0.075 0.075 0.075 0.075 0.215 0.19; % T D=50
0.025 0.025 0.025 0.775 0.025 0.025 0.025 0.025 0.025 0.025; % V D=50
0.025 0.025 0.025 0.025 0.775 0.025 0.025 0.025 0.025 0.025; % Z D=50
0.025 0.025 0.025 0.025 0.025 0.025 0.025 0.775 0.025 0.025; % l D=50
0.025 0.775 0.025 0.025 0.025 0.025 0.025 0.025 0.025 0.025]; % p D=50
