syllables = '$FGRZkptvz';
discounts = [0.01 0.02 0.05 0.1 0.2 0.5 1 2 3 4 5 6 8 10 15 20 30 50];
kn_probs = [2e-05 2e-05 2e-05 2e-05 2e-05 2e-05 0.299953333333333 0.373286666666667 0.32662 2e-05; % $ D=0.01
5e-06 5e-06 0.999955 5e-06 5e-06 5e-06 5e-06 5e-06 5e-06 5e-06; % F D=0.01
5e-06 5e-06 5e-06 5e-06 5e-06 0.999955 5e-06 5e-06 5e-06 5e-06; % G D=0.01
0.29497 2e-05 2e-05 2e-05 2e-05 2e-05 0.24997 0.24497 0.20997 2e-05; % R D=0.01
0.24497 2e-05 2e-05 2e-05 2e-05 2e-05 0.19997 0.28497 0.26997 2e-05; % Z D=0.01
0.20997 2e-05 2e-05 2e-05 2e-05 2e-05 0.32497 0.18997 0.27497 2e-05; % k D=0.01
5e-06 5e-06 5e-06 5e-06 5e-06 5e-06 5e-06 5e-06 5e-06 0.999955; % p D=0.01
5e-06 0.999955 5e-06 5e-06 5e-06 5e-06 5e-06 5e-06 5e-06 5e-06; % t D=0.01
5e-06 5e-06 5e-06 0.999955 5e-06 5e-06 5e-06 5e-06 5e-06 5e-06; % v D=0.01
5e-06 5e-06 5e-06 5e-06 0.999955 5e-06 5e-06 5e-06 5e-06 5e-06; % z D=0.01
4e-05 4e-05 4e-05 4e-05 4e-05 4e-05 0.299906666666667 0.37324 0.326573333333333 4e-05; % $ D=0.02
1e-05 1e-05 0.99991 1e-05 1e-05 1e-05 1e-05 1e-05 1e-05 1e-05; % F D=0.02
1e-05 1e-05 1e-05 1e-05 1e-05 0.99991 1e-05 1e-05 1e-05 1e-05; % G D=0.02
0.29494 4e-05 4e-05 4e-05 4e-05 4e-05 0.24994 0.24494 0.20994 4e-05; % R D=0.02
0.24494 4e-05 4e-05 4e-05 4e-05 4e-05 0.19994 0.28494 0.26994 4e-05; % Z D=0.02
0.20994 4e-05 4e-05 4e-05 4e-05 4e-05 0.32494 0.18994 0.27494 4e-05; % k D=0.02
1e-05 1e-05 1e-05 1e-05 1e-05 1e-05 1e-05 1e-05 1e-05 0.99991; % p D=0.02
1e-05 0.99991 1e-05 1e-05 1e-05 1e-05 1e-05 1e-05 1e-05 1e-05; % t D=0.02
1e-05 1e-05 1e-05 0.99991 1e-05 1e-05 1e-05 1e-05 1e-05 1e-05; % v D=0.02
1e-05 1e-05 1e-05 1e-05 0.99991 1e-05 1e-05 1e-05 1e-05 1e-05; % z D=0.02
0.0001 0.0001 0.0001 0.0001 0.0001 0.0001 0.299766666666667 0.3731 0.326433333333333 0.0001; % $ D=0.05
2.5e-05 2.5e-05 0.999775 2.5e-05 2.5e-05 2.5e-05 2.5e-05 2.5e-05 2.5e-05 2.5e-05; % F D=0.05
2.5e-05 2.5e-05 2.5e-05 2.5e-05 2.5e-05 0.999775 2.5e-05 2.5e-05 2.5e-05 2.5e-05; % G D=0.05
0.29485 0.0001 0.0001 0.0001 0.0001 0.0001 0.24985 0.24485 0.20985 0.0001; % R D=0.05
0.24485 0.0001 0.0001 0.0001 0.0001 0.0001 0.19985 0.28485 0.26985 0.0001; % Z D=0.05
0.20985 0.0001 0.0001 0.0001 0.0001 0.0001 0.32485 0.18985 0.27485 0.0001; % k D=0.05
2.5e-05 2.5e-05 2.5e-05 2.5e-05 2.5e-05 2.5e-05 2.5e-05 2.5e-05 2.5e-05 0.999775; % p D=0.05
2.5e-05 0.999775 2.5e-05 2.5e-05 2.5e-05 2.5e-05 2.5e-05 2.5e-05 2.5e-05 2.5e-05; % t D=0.05
2.5e-05 2.5e-05 2.5e-05 0.999775 2.5e-05 2.5e-05 2.5e-05 2.5e-05 2.5e-05 2.5e-05; % v D=0.05
2.5e-05 2.5e-05 2.5e-05 2.5e-05 0.999775 2.5e-05 2.5e-05 2.5e-05 2.5e-05 2.5e-05; % z D=0.05
0.0002 0.0002 0.0002 0.0002 0.0002 0.0002 0.299533333333333 0.372866666666667 0.3262 0.0002; % $ D=0.1
5e-05 5e-05 0.99955 5e-05 5e-05 5e-05 5e-05 5e-05 5e-05 5e-05; % F D=0.1
5e-05 5e-05 5e-05 5e-05 5e-05 0.99955 5e-05 5e-05 5e-05 5e-05; % G D=0.1
0.2947 0.0002 0.0002 0.0002 0.0002 0.0002 0.2497 0.2447 0.2097 0.0002; % R D=0.1
0.2447 0.0002 0.0002 0.0002 0.0002 0.0002 0.1997 0.2847 0.2697 0.0002; % Z D=0.1
0.2097 0.0002 0.0002 0.0002 0.0002 0.0002 0.3247 0.1897 0.2747 0.0002; % k D=0.1
5e-05 5e-05 5e-05 5e-05 5e-05 5e-05 5e-05 5e-05 5e-05 0.99955; % p D=0.1
5e-05 0.99955 5e-05 5e-05 5e-05 5e-05 5e-05 5e-05 5e-05 5e-05; % t D=0.1
5e-05 5e-05 5e-05 0.99955 5e-05 5e-05 5e-05 5e-05 5e-05 5e-05; % v D=0.1
5e-05 5e-05 5e-05 5e-05 0.99955 5e-05 5e-05 5e-05 5e-05 5e-05; % z D=0.1
0.0004 0.0004 0.0004 0.0004 0.0004 0.0004 0.299066666666667 0.3724 0.325733333333333 0.0004; % $ D=0.2
0.0001 0.0001 0.9991 0.0001 0.0001 0.0001 0.0001 0.0001 0.0001 0.0001; % F D=0.2
0.0001 0.0001 0.0001 0.0001 0.0001 0.9991 0.0001 0.0001 0.0001 0.0001; % G D=0.2
0.2944 0.0004 0.0004 0.0004 0.0004 0.0004 0.2494 0.2444 0.2094 0.0004; % R D=0.2
0.2444 0.0004 0.0004 0.0004 0.0004 0.0004 0.1994 0.2844 0.2694 0.0004; % Z D=0.2
0.2094 0.0004 0.0004 0.0004 0.0004 0.0004 0.3244 0.1894 0.2744 0.0004; % k D=0.2
0.0001 0.0001 0.0001 0.0001 0.0001 0.0001 0.0001 0.0001 0.0001 0.9991; % p D=0.2
0.0001 0.9991 0.0001 0.0001 0.0001 0.0001 0.0001 0.0001 0.0001 0.0001; % t D=0.2
0.0001 0.0001 0.0001 0.9991 0.0001 0.0001 0.0001 0.0001 0.0001 0.0001; % v D=0.2
0.0001 0.0001 0.0001 0.0001 0.9991 0.0001 0.0001 0.0001 0.0001 0.0001; % z D=0.2
0.001 0.001 0.001 0.001 0.001 0.001 0.297666666666667 0.371 0.324333333333333 0.001; % $ D=0.5
0.00025 0.00025 0.99775 0.00025 0.00025 0.00025 0.00025 0.00025 0.00025 0.00025; % F D=0.5
0.00025 0.00025 0.00025 0.00025 0.00025 0.99775 0.00025 0.00025 0.00025 0.00025; % G D=0.5
0.2935 0.001 0.001 0.001 0.001 0.001 0.2485 0.2435 0.2085 0.001; % R D=0.5
0.2435 0.001 0.001 0.001 0.001 0.001 0.1985 0.2835 0.2685 0.001; % Z D=0.5
0.2085 0.001 0.001 0.001 0.001 0.001 0.3235 0.1885 0.2735 0.001; % k D=0.5
0.00025 0.00025 0.00025 0.00025 0.00025 0.00025 0.00025 0.00025 0.00025 0.99775; % p D=0.5
0.00025 0.99775 0.00025 0.00025 0.00025 0.00025 0.00025 0.00025 0.00025 0.00025; % t D=0.5
0.00025 0.00025 0.00025 0.99775 0.00025 0.00025 0.00025 0.00025 0.00025 0.00025; % v D=0.5
0.00025 0.00025 0.00025 0.00025 0.99775 0.00025 0.00025 0.00025 0.00025 0.00025; % z D=0.5
0.002 0.002 0.002 0.002 0.002 0.002 0.295333333333333 0.368666666666667 0.322 0.002; % $ D=1
0.0005 0.0005 0.9955 0.0005 0.0005 0.0005 0.0005 0.0005 0.0005 0.0005; % F D=1
0.0005 0.0005 0.0005 0.0005 0.0005 0.9955 0.0005 0.0005 0.0005 0.0005; % G D=1
0.292 0.002 0.002 0.002 0.002 0.002 0.247 0.242 0.207 0.002; % R D=1
0.242 0.002 0.002 0.002 0.002 0.002 0.197 0.282 0.267 0.002; % Z D=1
0.207 0.002 0.002 0.002 0.002 0.002 0.322 0.187 0.272 0.002; % k D=1
0.0005 0.0005 0.0005 0.0005 0.0005 0.0005 0.0005 0.0005 0.0005 0.9955; % p D=1
0.0005 0.9955 0.0005 0.0005 0.0005 0.0005 0.0005 0.0005 0.0005 0.0005; % t D=1
0.0005 0.0005 0.0005 0.9955 0.0005 0.0005 0.0005 0.0005 0.0005 0.0005; % v D=1
0.0005 0.0005 0.0005 0.0005 0.9955 0.0005 0.0005 0.0005 0.0005 0.0005; % z D=1
0.004 0.004 0.004 0.004 0.004 0.004 0.290666666666667 0.364 0.317333333333333 0.004; % $ D=2
0.001 0.001 0.991 0.001 0.001 0.001 0.001 0.001 0.001 0.001; % F D=2
0.001 0.001 0.001 0.001 0.001 0.991 0.001 0.001 0.001 0.001; % G D=2
0.289 0.004 0.004 0.004 0.004 0.004 0.244 0.239 0.204 0.004; % R D=2
0.239 0.004 0.004 0.004 0.004 0.004 0.194 0.279 0.264 0.004; % Z D=2
0.204 0.004 0.004 0.004 0.004 0.004 0.319 0.184 0.269 0.004; % k D=2
0.001 0.001 0.001 0.001 0.001 0.001 0.001 0.001 0.001 0.991; % p D=2
0.001 0.991 0.001 0.001 0.001 0.001 0.001 0.001 0.001 0.001; % t D=2
0.001 0.001 0.001 0.991 0.001 0.001 0.001 0.001 0.001 0.001; % v D=2
0.001 0.001 0.001 0.001 0.991 0.001 0.001 0.001 0.001 0.001; % z D=2
0.006 0.006 0.006 0.006 0.006 0.006 0.286 0.359333333333333 0.312666666666667 0.006; % $ D=3
0.0015 0.0015 0.9865 0.0015 0.0015 0.0015 0.0015 0.0015 0.0015 0.0015; % F D=3
0.0015 0.0015 0.0015 0.0015 0.0015 0.9865 0.0015 0.0015 0.0015 0.0015; % G D=3
0.286 0.006 0.006 0.006 0.006 0.006 0.241 0.236 0.201 0.006; % R D=3
0.236 0.006 0.006 0.006 0.006 0.006 0.191 0.276 0.261 0.006; % Z D=3
0.201 0.006 0.006 0.006 0.006 0.006 0.316 0.181 0.266 0.006; % k D=3
0.0015 0.0015 0.0015 0.0015 0.0015 0.0015 0.0015 0.0015 0.0015 0.9865; % p D=3
0.0015 0.9865 0.0015 0.0015 0.0015 0.0015 0.0015 0.0015 0.0015 0.0015; % t D=3
0.0015 0.0015 0.0015 0.9865 0.0015 0.0015 0.0015 0.0015 0.0015 0.0015; % v D=3
0.0015 0.0015 0.0015 0.0015 0.9865 0.0015 0.0015 0.0015 0.0015 0.0015; % z D=3
0.008 0.008 0.008 0.008 0.008 0.008 0.281333333333333 0.354666666666667 0.308 0.008; % $ D=4
0.002 0.002 0.982 0.002 0.002 0.002 0.002 0.002 0.002 0.002; % F D=4
0.002 0.002 0.002 0.002 0.002 0.982 0.002 0.002 0.002 0.002; % G D=4
0.283 0.008 0.008 0.008 0.008 0.008 0.238 0.233 0.198 0.008; % R D=4
0.233 0.008 0.008 0.008 0.008 0.008 0.188 0.273 0.258 0.008; % Z D=4
0.198 0.008 0.008 0.008 0.008 0.008 0.313 0.178 0.263 0.008; % k D=4
0.002 0.002 0.002 0.002 0.002 0.002 0.002 0.002 0.002 0.982; % p D=4
0.002 0.982 0.002 0.002 0.002 0.002 0.002 0.002 0.002 0.002; % t D=4
0.002 0.002 0.002 0.982 0.002 0.002 0.002 0.002 0.002 0.002; % v D=4
0.002 0.002 0.002 0.002 0.982 0.002 0.002 0.002 0.002 0.002; % z D=4
0.01 0.01 0.01 0.01 0.01 0.01 0.276666666666667 0.35 0.303333333333333 0.01; % $ D=5
0.0025 0.0025 0.9775 0.0025 0.0025 0.0025 0.0025 0.0025 0.0025 0.0025; % F D=5
0.0025 0.0025 0.0025 0.0025 0.0025 0.9775 0.0025 0.0025 0.0025 0.0025; % G D=5
0.28 0.01 0.01 0.01 0.01 0.01 0.235 0.23 0.195 0.01; % R D=5
0.23 0.01 0.01 0.01 0.01 0.01 0.185 0.27 0.255 0.01; % Z D=5
0.195 0.01 0.01 0.01 0.01 0.01 0.31 0.175 0.26 0.01; % k D=5
0.0025 0.0025 0.0025 0.0025 0.0025 0.0025 0.0025 0.0025 0.0025 0.9775; % p D=5
0.0025 0.9775 0.0025 0.0025 0.0025 0.0025 0.0025 0.0025 0.0025 0.0025; % t D=5
0.0025 0.0025 0.0025 0.9775 0.0025 0.0025 0.0025 0.0025 0.0025 0.0025; % v D=5
0.0025 0.0025 0.0025 0.0025 0.9775 0.0025 0.0025 0.0025 0.0025 0.0025; % z D=5
0.012 0.012 0.012 0.012 0.012 0.012 0.272 0.345333333333333 0.298666666666667 0.012; % $ D=6
0.003 0.003 0.973 0.003 0.003 0.003 0.003 0.003 0.003 0.003; % F D=6
0.003 0.003 0.003 0.003 0.003 0.973 0.003 0.003 0.003 0.003; % G D=6
0.277 0.012 0.012 0.012 0.012 0.012 0.232 0.227 0.192 0.012; % R D=6
0.227 0.012 0.012 0.012 0.012 0.012 0.182 0.267 0.252 0.012; % Z D=6
0.192 0.012 0.012 0.012 0.012 0.012 0.307 0.172 0.257 0.012; % k D=6
0.003 0.003 0.003 0.003 0.003 0.003 0.003 0.003 0.003 0.973; % p D=6
0.003 0.973 0.003 0.003 0.003 0.003 0.003 0.003 0.003 0.003; % t D=6
0.003 0.003 0.003 0.973 0.003 0.003 0.003 0.003 0.003 0.003; % v D=6
0.003 0.003 0.003 0.003 0.973 0.003 0.003 0.003 0.003 0.003; % z D=6
0.016 0.016 0.016 0.016 0.016 0.016 0.262666666666667 0.336 0.289333333333333 0.016; % $ D=8
0.004 0.004 0.964 0.004 0.004 0.004 0.004 0.004 0.004 0.004; % F D=8
0.004 0.004 0.004 0.004 0.004 0.964 0.004 0.004 0.004 0.004; % G D=8
0.271 0.016 0.016 0.016 0.016 0.016 0.226 0.221 0.186 0.016; % R D=8
0.221 0.016 0.016 0.016 0.016 0.016 0.176 0.261 0.246 0.016; % Z D=8
0.186 0.016 0.016 0.016 0.016 0.016 0.301 0.166 0.251 0.016; % k D=8
0.004 0.004 0.004 0.004 0.004 0.004 0.004 0.004 0.004 0.964; % p D=8
0.004 0.964 0.004 0.004 0.004 0.004 0.004 0.004 0.004 0.004; % t D=8
0.004 0.004 0.004 0.964 0.004 0.004 0.004 0.004 0.004 0.004; % v D=8
0.004 0.004 0.004 0.004 0.964 0.004 0.004 0.004 0.004 0.004; % z D=8
0.02 0.02 0.02 0.02 0.02 0.02 0.253333333333333 0.326666666666667 0.28 0.02; % $ D=10
0.005 0.005 0.955 0.005 0.005 0.005 0.005 0.005 0.005 0.005; % F D=10
0.005 0.005 0.005 0.005 0.005 0.955 0.005 0.005 0.005 0.005; % G D=10
0.265 0.02 0.02 0.02 0.02 0.02 0.22 0.215 0.18 0.02; % R D=10
0.215 0.02 0.02 0.02 0.02 0.02 0.17 0.255 0.24 0.02; % Z D=10
0.18 0.02 0.02 0.02 0.02 0.02 0.295 0.16 0.245 0.02; % k D=10
0.005 0.005 0.005 0.005 0.005 0.005 0.005 0.005 0.005 0.955; % p D=10
0.005 0.955 0.005 0.005 0.005 0.005 0.005 0.005 0.005 0.005; % t D=10
0.005 0.005 0.005 0.955 0.005 0.005 0.005 0.005 0.005 0.005; % v D=10
0.005 0.005 0.005 0.005 0.955 0.005 0.005 0.005 0.005 0.005; % z D=10
0.03 0.03 0.03 0.03 0.03 0.03 0.23 0.303333333333333 0.256666666666667 0.03; % $ D=15
0.0075 0.0075 0.9325 0.0075 0.0075 0.0075 0.0075 0.0075 0.0075 0.0075; % F D=15
0.0075 0.0075 0.0075 0.0075 0.0075 0.9325 0.0075 0.0075 0.0075 0.0075; % G D=15
0.25 0.03 0.03 0.03 0.03 0.03 0.205 0.2 0.165 0.03; % R D=15
0.2 0.03 0.03 0.03 0.03 0.03 0.155 0.24 0.225 0.03; % Z D=15
0.165 0.03 0.03 0.03 0.03 0.03 0.28 0.145 0.23 0.03; % k D=15
0.0075 0.0075 0.0075 0.0075 0.0075 0.0075 0.0075 0.0075 0.0075 0.9325; % p D=15
0.0075 0.9325 0.0075 0.0075 0.0075 0.0075 0.0075 0.0075 0.0075 0.0075; % t D=15
0.0075 0.0075 0.0075 0.9325 0.0075 0.0075 0.0075 0.0075 0.0075 0.0075; % v D=15
0.0075 0.0075 0.0075 0.0075 0.9325 0.0075 0.0075 0.0075 0.0075 0.0075; % z D=15
0.04 0.04 0.04 0.04 0.04 0.04 0.206666666666667 0.28 0.233333333333333 0.04; % $ D=20
0.01 0.01 0.91 0.01 0.01 0.01 0.01 0.01 0.01 0.01; % F D=20
0.01 0.01 0.01 0.01 0.01 0.91 0.01 0.01 0.01 0.01; % G D=20
0.235 0.04 0.04 0.04 0.04 0.04 0.19 0.185 0.15 0.04; % R D=20
0.185 0.04 0.04 0.04 0.04 0.04 0.14 0.225 0.21 0.04; % Z D=20
0.15 0.04 0.04 0.04 0.04 0.04 0.265 0.13 0.215 0.04; % k D=20
0.01 0.01 0.01 0.01 0.01 0.01 0.01 0.01 0.01 0.91; % p D=20
0.01 0.91 0.01 0.01 0.01 0.01 0.01 0.01 0.01 0.01; % t D=20
0.01 0.01 0.01 0.91 0.01 0.01 0.01 0.01 0.01 0.01; % v D=20
0.01 0.01 0.01 0.01 0.91 0.01 0.01 0.01 0.01 0.01; % z D=20
0.06 0.06 0.06 0.06 0.06 0.06 0.16 0.233333333333333 0.186666666666667 0.06; % $ D=30
0.015 0.015 0.865 0.015 0.015 0.015 0.015 0.015 0.015 0.015; % F D=30
0.015 0.015 0.015 0.015 0.015 0.865 0.015 0.015 0.015 0.015; % G D=30
0.205 0.06 0.06 0.06 0.06 0.06 0.16 0.155 0.12 0.06; % R D=30
0.155 0.06 0.06 0.06 0.06 0.06 0.11 0.195 0.18 0.06; % Z D=30
0.12 0.06 0.06 0.06 0.06 0.06 0.235 0.1 0.185 0.06; % k D=30
0.015 0.015 0.015 0.015 0.015 0.015 0.015 0.015 0.015 0.865; % p D=30
0.015 0.865 0.015 0.015 0.015 0.015 0.015 0.015 0.015 0.015; % t D=30
0.015 0.015 0.015 0.865 0.015 0.015 0.015 0.015 0.015 0.015; % v D=30
0.015 0.015 0.015 0.015 0.865 0.015 0.015 0.015 0.015 0.015; % z D=30
0.1 0.1 0.1 0.1 0.1 0.1 0.1 0.14 0.1 0.1; % $ D=50
0.025 0.025 0.775 0.025 0.025 0.025 0.025 0.025 0.025 0.025; % F D=50
0.025 0.025 0.025 0.025 0.025 0.775 0.025 0.025 0.025 0.025; % G D=50
0.145 0.1 0.1 0.1 0.1 0.1 0.1 0.1 0.1 0.1; % R D=50
0.1 0.1 0.1 0.1 0.1 0.1 0.1 0.135 0.12 0.1; % Z D=50
0.1 0.1 0.1 0.1 0.1 0.1 0.175 0.1 0.125 0.1; % k D=50
0.025 0.025 0.025 0.025 0.025 0.025 0.025 0.025 0.025 0.775; % p D=50
0.025 0.775 0.025 0.025 0.025 0.025 0.025 0.025 0.025 0.025; % t D=50
0.025 0.025 0.025 0.775 0.025 0.025 0.025 0.025 0.025 0.025; % v D=50
0.025 0.025 0.025 0.025 0.775 0.025 0.025 0.025 0.025 0.025]; % z D=50
