syllables = '$BDMNPRfgklm';
discounts = [0.01 0.02 0.05 0.1 0.2 0.5 1 2 3 4 5 6 8 10 15 20 30 50];
kn_probs = [2.22222222222222e-05 0.239955555555556 2.22222222222222e-05 2.22222222222222e-05 0.233288888888889 0.173288888888889 2.22222222222222e-05 2.22222222222222e-05 2.22222222222222e-05 0.353288888888889 2.22222222222222e-05 2.22222222222222e-05; % $ D=0.01
5.55555555555556e-06 5.55555555555556e-06 5.55555555555556e-06 5.55555555555556e-06 5.55555555555556e-06 5.55555555555556e-06 5.55555555555556e-06 5.55555555555556e-06 0.999938888888889 5.55555555555556e-06 5.55555555555556e-06 5.55555555555556e-06; % B D=0.01
0.286622222222222 0.239955555555556 2.22222222222222e-05 2.22222222222222e-05 2.22222222222222e-05 0.299955555555556 2.22222222222222e-05 2.22222222222222e-05 2.22222222222222e-05 0.173288888888889 2.22222222222222e-05 2.22222222222222e-05; % D D=0.01
5.55555555555556e-06 5.55555555555556e-06 5.55555555555556e-06 5.55555555555556e-06 5.55555555555556e-06 5.55555555555556e-06 5.55555555555556e-06 5.55555555555556e-06 5.55555555555556e-06 5.55555555555556e-06 5.55555555555556e-06 0.999938888888889; % M D=0.01
5.55555555555556e-06 5.55555555555556e-06 5.55555555555556e-06 5.55555555555556e-06 5.55555555555556e-06 5.55555555555556e-06 0.999938888888889 5.55555555555556e-06 5.55555555555556e-06 5.55555555555556e-06 5.55555555555556e-06 5.55555555555556e-06; % N D=0.01
5.55555555555556e-06 5.55555555555556e-06 5.55555555555556e-06 5.55555555555556e-06 5.55555555555556e-06 5.55555555555556e-06 5.55555555555556e-06 5.55555555555556e-06 5.55555555555556e-06 5.55555555555556e-06 0.999938888888889 5.55555555555556e-06; % P D=0.01
5.55555555555556e-06 5.55555555555556e-06 0.999938888888889 5.55555555555556e-06 5.55555555555556e-06 5.55555555555556e-06 5.55555555555556e-06 5.55555555555556e-06 5.55555555555556e-06 5.55555555555556e-06 5.55555555555556e-06 5.55555555555556e-06; % R D=0.01
0.299955555555556 0.159955555555556 2.22222222222222e-05 2.22222222222222e-05 0.239955555555556 0.299955555555556 2.22222222222222e-05 2.22222222222222e-05 2.22222222222222e-05 2.22222222222222e-05 2.22222222222222e-05 2.22222222222222e-05; % f D=0.01
5.55555555555556e-06 5.55555555555556e-06 5.55555555555556e-06 0.999938888888889 5.55555555555556e-06 5.55555555555556e-06 5.55555555555556e-06 5.55555555555556e-06 5.55555555555556e-06 5.55555555555556e-06 5.55555555555556e-06 5.55555555555556e-06; % g D=0.01
5.55555555555556e-06 5.55555555555556e-06 5.55555555555556e-06 5.55555555555556e-06 5.55555555555556e-06 5.55555555555556e-06 5.55555555555556e-06 0.999938888888889 5.55555555555556e-06 5.55555555555556e-06 5.55555555555556e-06 5.55555555555556e-06; % k D=0.01
0.173288888888889 0.359955555555556 2.22222222222222e-05 2.22222222222222e-05 0.246622222222222 2.22222222222222e-05 2.22222222222222e-05 2.22222222222222e-05 2.22222222222222e-05 0.219955555555556 2.22222222222222e-05 2.22222222222222e-05; % l D=0.01
0.239955555555556 2.22222222222222e-05 2.22222222222222e-05 2.22222222222222e-05 0.279955555555556 0.226622222222222 2.22222222222222e-05 2.22222222222222e-05 2.22222222222222e-05 0.253288888888889 2.22222222222222e-05 2.22222222222222e-05; % m D=0.01
4.44444444444444e-05 0.239911111111111 4.44444444444444e-05 4.44444444444444e-05 0.233244444444444 0.173244444444444 4.44444444444444e-05 4.44444444444444e-05 4.44444444444444e-05 0.353244444444444 4.44444444444444e-05 4.44444444444444e-05; % $ D=0.02
1.11111111111111e-05 1.11111111111111e-05 1.11111111111111e-05 1.11111111111111e-05 1.11111111111111e-05 1.11111111111111e-05 1.11111111111111e-05 1.11111111111111e-05 0.999877777777778 1.11111111111111e-05 1.11111111111111e-05 1.11111111111111e-05; % B D=0.02
0.286577777777778 0.239911111111111 4.44444444444444e-05 4.44444444444444e-05 4.44444444444444e-05 0.299911111111111 4.44444444444444e-05 4.44444444444444e-05 4.44444444444444e-05 0.173244444444444 4.44444444444444e-05 4.44444444444444e-05; % D D=0.02
1.11111111111111e-05 1.11111111111111e-05 1.11111111111111e-05 1.11111111111111e-05 1.11111111111111e-05 1.11111111111111e-05 1.11111111111111e-05 1.11111111111111e-05 1.11111111111111e-05 1.11111111111111e-05 1.11111111111111e-05 0.999877777777778; % M D=0.02
1.11111111111111e-05 1.11111111111111e-05 1.11111111111111e-05 1.11111111111111e-05 1.11111111111111e-05 1.11111111111111e-05 0.999877777777778 1.11111111111111e-05 1.11111111111111e-05 1.11111111111111e-05 1.11111111111111e-05 1.11111111111111e-05; % N D=0.02
1.11111111111111e-05 1.11111111111111e-05 1.11111111111111e-05 1.11111111111111e-05 1.11111111111111e-05 1.11111111111111e-05 1.11111111111111e-05 1.11111111111111e-05 1.11111111111111e-05 1.11111111111111e-05 0.999877777777778 1.11111111111111e-05; % P D=0.02
1.11111111111111e-05 1.11111111111111e-05 0.999877777777778 1.11111111111111e-05 1.11111111111111e-05 1.11111111111111e-05 1.11111111111111e-05 1.11111111111111e-05 1.11111111111111e-05 1.11111111111111e-05 1.11111111111111e-05 1.11111111111111e-05; % R D=0.02
0.299911111111111 0.159911111111111 4.44444444444444e-05 4.44444444444444e-05 0.239911111111111 0.299911111111111 4.44444444444444e-05 4.44444444444444e-05 4.44444444444444e-05 4.44444444444444e-05 4.44444444444444e-05 4.44444444444444e-05; % f D=0.02
1.11111111111111e-05 1.11111111111111e-05 1.11111111111111e-05 0.999877777777778 1.11111111111111e-05 1.11111111111111e-05 1.11111111111111e-05 1.11111111111111e-05 1.11111111111111e-05 1.11111111111111e-05 1.11111111111111e-05 1.11111111111111e-05; % g D=0.02
1.11111111111111e-05 1.11111111111111e-05 1.11111111111111e-05 1.11111111111111e-05 1.11111111111111e-05 1.11111111111111e-05 1.11111111111111e-05 0.999877777777778 1.11111111111111e-05 1.11111111111111e-05 1.11111111111111e-05 1.11111111111111e-05; % k D=0.02
0.173244444444444 0.359911111111111 4.44444444444444e-05 4.44444444444444e-05 0.246577777777778 4.44444444444444e-05 4.44444444444444e-05 4.44444444444444e-05 4.44444444444444e-05 0.219911111111111 4.44444444444444e-05 4.44444444444444e-05; % l D=0.02
0.239911111111111 4.44444444444444e-05 4.44444444444444e-05 4.44444444444444e-05 0.279911111111111 0.226577777777778 4.44444444444444e-05 4.44444444444444e-05 4.44444444444444e-05 0.253244444444444 4.44444444444444e-05 4.44444444444444e-05; % m D=0.02
0.000111111111111111 0.239777777777778 0.000111111111111111 0.000111111111111111 0.233111111111111 0.173111111111111 0.000111111111111111 0.000111111111111111 0.000111111111111111 0.353111111111111 0.000111111111111111 0.000111111111111111; % $ D=0.05
2.77777777777778e-05 2.77777777777778e-05 2.77777777777778e-05 2.77777777777778e-05 2.77777777777778e-05 2.77777777777778e-05 2.77777777777778e-05 2.77777777777778e-05 0.999694444444444 2.77777777777778e-05 2.77777777777778e-05 2.77777777777778e-05; % B D=0.05
0.286444444444444 0.239777777777778 0.000111111111111111 0.000111111111111111 0.000111111111111111 0.299777777777778 0.000111111111111111 0.000111111111111111 0.000111111111111111 0.173111111111111 0.000111111111111111 0.000111111111111111; % D D=0.05
2.77777777777778e-05 2.77777777777778e-05 2.77777777777778e-05 2.77777777777778e-05 2.77777777777778e-05 2.77777777777778e-05 2.77777777777778e-05 2.77777777777778e-05 2.77777777777778e-05 2.77777777777778e-05 2.77777777777778e-05 0.999694444444444; % M D=0.05
2.77777777777778e-05 2.77777777777778e-05 2.77777777777778e-05 2.77777777777778e-05 2.77777777777778e-05 2.77777777777778e-05 0.999694444444444 2.77777777777778e-05 2.77777777777778e-05 2.77777777777778e-05 2.77777777777778e-05 2.77777777777778e-05; % N D=0.05
2.77777777777778e-05 2.77777777777778e-05 2.77777777777778e-05 2.77777777777778e-05 2.77777777777778e-05 2.77777777777778e-05 2.77777777777778e-05 2.77777777777778e-05 2.77777777777778e-05 2.77777777777778e-05 0.999694444444444 2.77777777777778e-05; % P D=0.05
