syllables = '$BFMflnpvz';
discounts = [0.01 0.02 0.05 0.1 0.2 0.5 1 2 3 4 5 6 8 10 15 20 30 50];
kn_probs = [2e-05 0.28662 2e-05 2e-05 0.399953333333333 2e-05 2e-05 2e-05 0.313286666666667 2e-05; % $ D=0.01
5e-06 5e-06 5e-06 5e-06 5e-06 5e-06 0.999955 5e-06 5e-06 5e-06; % B D=0.01
0.214965 0.384965 1.5e-05 1.5e-05 1.5e-05 1.5e-05 1.5e-05 1.5e-05 0.399965 1.5e-05; % F D=0.01
0.294965 1.5e-05 1.5e-05 1.5e-05 0.354965 1.5e-05 1.5e-05 1.5e-05 0.349965 1.5e-05; % M D=0.01
5e-06 5e-06 5e-06 5e-06 5e-06 5e-06 5e-06 5e-06 5e-06 0.999955; % f D=0.01
5e-06 5e-06 0.999955 5e-06 5e-06 5e-06 5e-06 5e-06 5e-06 5e-06; % l D=0.01
5e-06 5e-06 5e-06 0.999955 5e-06 5e-06 5e-06 5e-06 5e-06 5e-06; % n D=0.01
0.23997 0.39997 2e-05 2e-05 0.34497 2e-05 2e-05 2e-05 0.01497 2e-05; % p D=0.01
5e-06 5e-06 5e-06 5e-06 5e-06 5e-06 5e-06 0.999955 5e-06 5e-06; % v D=0.01
5e-06 5e-06 5e-06 5e-06 5e-06 0.999955 5e-06 5e-06 5e-06 5e-06; % z D=0.01
4e-05 0.286573333333333 4e-05 4e-05 0.399906666666667 4e-05 4e-05 4e-05 0.31324 4e-05; % $ D=0.02
1e-05 1e-05 1e-05 1e-05 1e-05 1e-05 0.99991 1e-05 1e-05 1e-05; % B D=0.02
0.21493 0.38493 3e-05 3e-05 3e-05 3e-05 3e-05 3e-05 0.39993 3e-05; % F D=0.02
0.29493 3e-05 3e-05 3e-05 0.35493 3e-05 3e-05 3e-05 0.34993 3e-05; % M D=0.02
1e-05 1e-05 1e-05 1e-05 1e-05 1e-05 1e-05 1e-05 1e-05 0.99991; % f D=0.02
1e-05 1e-05 0.99991 1e-05 1e-05 1e-05 1e-05 1e-05 1e-05 1e-05; % l D=0.02
1e-05 1e-05 1e-05 0.99991 1e-05 1e-05 1e-05 1e-05 1e-05 1e-05; % n D=0.02
0.23994 0.39994 4e-05 4e-05 0.34494 4e-05 4e-05 4e-05 0.01494 4e-05; % p D=0.02
1e-05 1e-05 1e-05 1e-05 1e-05 1e-05 1e-05 0.99991 1e-05 1e-05; % v D=0.02
1e-05 1e-05 1e-05 1e-05 1e-05 0.99991 1e-05 1e-05 1e-05 1e-05; % z D=0.02
0.0001 0.286433333333333 0.0001 0.0001 0.399766666666667 0.0001 0.0001 0.0001 0.3131 0.0001; % $ D=0.05
2.5e-05 2.5e-05 2.5e-05 2.5e-05 2.5e-05 2.5e-05 0.999775 2.5e-05 2.5e-05 2.5e-05; % B D=0.05
0.214825 0.384825 7.5e-05 7.5e-05 7.5e-05 7.5e-05 7.5e-05 7.5e-05 0.399825 7.5e-05; % F D=0.05
0.294825 7.5e-05 7.5e-05 7.5e-05 0.354825 7.5e-05 7.5e-05 7.5e-05 0.349825 7.5e-05; % M D=0.05
2.5e-05 2.5e-05 2.5e-05 2.5e-05 2.5e-05 2.5e-05 2.5e-05 2.5e-05 2.5e-05 0.999775; % f D=0.05
2.5e-05 2.5e-05 0.999775 2.5e-05 2.5e-05 2.5e-05 2.5e-05 2.5e-05 2.5e-05 2.5e-05; % l D=0.05
2.5e-05 2.5e-05 2.5e-05 0.999775 2.5e-05 2.5e-05 2.5e-05 2.5e-05 2.5e-05 2.5e-05; % n D=0.05
0.23985 0.39985 0.0001 0.0001 0.34485 0.0001 0.0001 0.0001 0.01485 0.0001; % p D=0.05
2.5e-05 2.5e-05 2.5e-05 2.5e-05 2.5e-05 2.5e-05 2.5e-05 0.999775 2.5e-05 2.5e-05; % v D=0.05
2.5e-05 2.5e-05 2.5e-05 2.5e-05 2.5e-05 0.999775 2.5e-05 2.5e-05 2.5e-05 2.5e-05; % z D=0.05
0.0002 0.2862 0.0002 0.0002 0.399533333333333 0.0002 0.0002 0.0002 0.312866666666667 0.0002; % $ D=0.1
5e-05 5e-05 5e-05 5e-05 5e-05 5e-05 0.99955 5e-05 5e-05 5e-05; % B D=0.1
0.21465 0.38465 0.00015 0.00015 0.00015 0.00015 0.00015 0.00015 0.39965 0.00015; % F D=0.1
0.29465 0.00015 0.00015 0.00015 0.35465 0.00015 0.00015 0.00015 0.34965 0.00015; % M D=0.1
5e-05 5e-05 5e-05 5e-05 5e-05 5e-05 5e-05 5e-05 5e-05 0.99955; % f D=0.1
5e-05 5e-05 0.99955 5e-05 5e-05 5e-05 5e-05 5e-05 5e-05 5e-05; % l D=0.1
5e-05 5e-05 5e-05 0.99955 5e-05 5e-05 5e-05 5e-05 5e-05 5e-05; % n D=0.1
0.2397 0.3997 0.0002 0.0002 0.3447 0.0002 0.0002 0.0002 0.0147 0.0002; % p D=0.1
5e-05 5e-05 5e-05 5e-05 5e-05 5e-05 5e-05 0.99955 5e-05 5e-05; % v D=0.1
5e-05 5e-05 5e-05 5e-05 5e-05 0.99955 5e-05 5e-05 5e-05 5e-05; % z D=0.1
0.0004 0.285733333333333 0.0004 0.0004 0.399066666666667 0.0004 0.0004 0.0004 0.3124 0.0004; % $ D=0.2
0.0001 0.0001 0.0001 0.0001 0.0001 0.0001 0.9991 0.0001 0.0001 0.0001; % B D=0.2
0.2143 0.3843 0.0003 0.0003 0.0003 0.0003 0.0003 0.0003 0.3993 0.0003; % F D=0.2
0.2943 0.0003 0.0003 0.0003 0.3543 0.0003 0.0003 0.0003 0.3493 0.0003; % M D=0.2
0.0001 0.0001 0.0001 0.0001 0.0001 0.0001 0.0001 0.0001 0.0001 0.9991; % f D=0.2
0.0001 0.0001 0.9991 0.0001 0.0001 0.0001 0.0001 0.0001 0.0001 0.0001; % l D=0.2
0.0001 0.0001 0.0001 0.9991 0.0001 0.0001 0.0001 0.0001 0.0001 0.0001; % n D=0.2
0.2394 0.3994 0.0004 0.0004 0.3444 0.0004 0.0004 0.0004 0.0144 0.0004; % p D=0.2
0.0001 0.0001 0.0001 0.0001 0.0001 0.0001 0.0001 0.9991 0.0001 0.0001; % v D=0.2
0.0001 0.0001 0.0001 0.0001 0.0001 0.9991 0.0001 0.0001 0.0001 0.0001; % z D=0.2
0.001 0.284333333333333 0.001 0.001 0.397666666666667 0.001 0.001 0.001 0.311 0.001; % $ D=0.5
0.00025 0.00025 0.00025 0.00025 0.00025 0.00025 0.99775 0.00025 0.00025 0.00025; % B D=0.5
0.21325 0.38325 0.00075 0.00075 0.00075 0.00075 0.00075 0.00075 0.39825 0.00075; % F D=0.5
0.29325 0.00075 0.00075 0.00075 0.35325 0.00075 0.00075 0.00075 0.34825 0.00075; % M D=0.5
0.00025 0.00025 0.00025 0.00025 0.00025 0.00025 0.00025 0.00025 0.00025 0.99775; % f D=0.5
0.00025 0.00025 0.99775 0.00025 0.00025 0.00025 0.00025 0.00025 0.00025 0.00025; % l D=0.5
0.00025 0.00025 0.00025 0.99775 0.00025 0.00025 0.00025 0.00025 0.00025 0.00025; % n D=0.5
0.2385 0.3985 0.001 0.001 0.3435 0.001 0.001 0.001 0.0135 0.001; % p D=0.5
0.00025 0.00025 0.00025 0.00025 0.00025 0.00025 0.00025 0.99775 0.00025 0.00025; % v D=0.5
0.00025 0.00025 0.00025 0.00025 0.00025 0.99775 0.00025 0.00025 0.00025 0.00025; % z D=0.5
0.002 0.282 0.002 0.002 0.395333333333333 0.002 0.002 0.002 0.308666666666667 0.002; % $ D=1
0.0005 0.0005 0.0005 0.0005 0.0005 0.0005 0.9955 0.0005 0.0005 0.0005; % B D=1
0.2115 0.3815 0.0015 0.0015 0.0015 0.0015 0.0015 0.0015 0.3965 0.0015; % F D=1
0.2915 0.0015 0.0015 0.0015 0.3515 0.0015 0.0015 0.0015 0.3465 0.0015; % M D=1
0.0005 0.0005 0.0005 0.0005 0.0005 0.0005 0.0005 0.0005 0.0005 0.9955; % f D=1
0.0005 0.0005 0.9955 0.0005 0.0005 0.0005 0.0005 0.0005 0.0005 0.0005; % l D=1
0.0005 0.0005 0.0005 0.9955 0.0005 0.0005 0.0005 0.0005 0.0005 0.0005; % n D=1
0.237 0.397 0.002 0.002 0.342 0.002 0.002 0.002 0.012 0.002; % p D=1
0.0005 0.0005 0.0005 0.0005 0.0005 0.0005 0.0005 0.9955 0.0005 0.0005; % v D=1
0.0005 0.0005 0.0005 0.0005 0.0005 0.9955 0.0005 0.0005 0.0005 0.0005; % z D=1
0.004 0.277333333333333 0.004 0.004 0.390666666666667 0.004 0.004 0.004 0.304 0.004; % $ D=2
0.001 0.001 0.001 0.001 0.001 0.001 0.991 0.001 0.001 0.001; % B D=2
0.208 0.378 0.003 0.003 0.003 0.003 0.003 0.003 0.393 0.003; % F D=2
0.288 0.003 0.003 0.003 0.348 0.003 0.003 0.003 0.343 0.003; % M D=2
0.001 0.001 0.001 0.001 0.001 0.001 0.001 0.001 0.001 0.991; % f D=2
0.001 0.001 0.991 0.001 0.001 0.001 0.001 0.001 0.001 0.001; % l D=2
0.001 0.001 0.001 0.991 0.001 0.001 0.001 0.001 0.001 0.001; % n D=2
0.234 0.394 0.004 0.004 0.339 0.004 0.004 0.004 0.009 0.004; % p D=2
0.001 0.001 0.001 0.001 0.001 0.001 0.001 0.991 0.001 0.001; % v D=2
0.001 0.001 0.001 0.001 0.001 0.991 0.001 0.001 0.001 0.001; % z D=2
0.006 0.272666666666667 0.006 0.006 0.386 0.006 0.006 0.006 0.299333333333333 0.006; % $ D=3
0.0015 0.0015 0.0015 0.0015 0.0015 0.0015 0.9865 0.0015 0.0015 0.0015; % B D=3
0.2045 0.3745 0.0045 0.0045 0.0045 0.0045 0.0045 0.0045 0.3895 0.0045; % F D=3
0.2845 0.0045 0.0045 0.0045 0.3445 0.0045 0.0045 0.0045 0.3395 0.0045; % M D=3
0.0015 0.0015 0.0015 0.0015 0.0015 0.0015 0.0015 0.0015 0.0015 0.9865; % f D=3
0.0015 0.0015 0.9865 0.0015 0.0015 0.0015 0.0015 0.0015 0.0015 0.0015; % l D=3
0.0015 0.0015 0.0015 0.9865 0.0015 0.0015 0.0015 0.0015 0.0015 0.0015; % n D=3
0.231 0.391 0.006 0.006 0.336 0.006 0.006 0.006 0.006 0.006; % p D=3
0.0015 0.0015 0.0015 0.0015 0.0015 0.0015 0.0015 0.9865 0.0015 0.0015; % v D=3
0.0015 0.0015 0.0015 0.0015 0.0015 0.9865 0.0015 0.0015 0.0015 0.0015; % z D=3
0.008 0.268 0.008 0.008 0.381333333333333 0.008 0.008 0.008 0.294666666666667 0.008; % $ D=4
0.002 0.002 0.002 0.002 0.002 0.002 0.982 0.002 0.002 0.002; % B D=4
0.201 0.371 0.006 0.006 0.006 0.006 0.006 0.006 0.386 0.006; % F D=4
0.281 0.006 0.006 0.006 0.341 0.006 0.006 0.006 0.336 0.006; % M D=4
0.002 0.002 0.002 0.002 0.002 0.002 0.002 0.002 0.002 0.982; % f D=4
0.002 0.002 0.982 0.002 0.002 0.002 0.002 0.002 0.002 0.002; % l D=4
0.002 0.002 0.002 0.982 0.002 0.002 0.002 0.002 0.002 0.002; % n D=4
0.228 0.388 0.008 0.008 0.333 0.008 0.008 0.008 0.008 0.008; % p D=4
0.002 0.002 0.002 0.002 0.002 0.002 0.002 0.982 0.002 0.002; % v D=4
0.002 0.002 0.002 0.002 0.002 0.982 0.002 0.002 0.002 0.002; % z D=4
0.01 0.263333333333333 0.01 0.01 0.376666666666667 0.01 0.01 0.01 0.29 0.01; % $ D=5
0.0025 0.0025 0.0025 0.0025 0.0025 0.0025 0.9775 0.0025 0.0025 0.0025; % B D=5
0.1975 0.3675 0.0075 0.0075 0.0075 0.0075 0.0075 0.0075 0.3825 0.0075; % F D=5
0.2775 0.0075 0.0075 0.0075 0.3375 0.0075 0.0075 0.0075 0.3325 0.0075; % M D=5
0.0025 0.0025 0.0025 0.0025 0.0025 0.0025 0.0025 0.0025 0.0025 0.9775; % f D=5
0.0025 0.0025 0.9775 0.0025 0.0025 0.0025 0.0025 0.0025 0.0025 0.0025; % l D=5
0.0025 0.0025 0.0025 0.9775 0.0025 0.0025 0.0025 0.0025 0.0025 0.0025; % n D=5
0.225 0.385 0.01 0.01 0.33 0.01 0.01 0.01 0.01 0.01; % p D=5
0.0025 0.0025 0.0025 0.0025 0.0025 0.0025 0.0025 0.9775 0.0025 0.0025; % v D=5
0.0025 0.0025 0.0025 0.0025 0.0025 0.9775 0.0025 0.0025 0.0025 0.0025; % z D=5
0.012 0.258666666666667 0.012 0.012 0.372 0.012 0.012 0.012 0.285333333333333 0.012; % $ D=6
0.003 0.003 0.003 0.003 0.003 0.003 0.973 0.003 0.003 0.003; % B D=6
0.194 0.364 0.009 0.009 0.009 0.009 0.009 0.009 0.379 0.009; % F D=6
0.274 0.009 0.009 0.009 0.334 0.009 0.009 0.009 0.329 0.009; % M D=6
0.003 0.003 0.003 0.003 0.003 0.003 0.003 0.003 0.003 0.973; % f D=6
0.003 0.003 0.973 0.003 0.003 0.003 0.003 0.003 0.003 0.003; % l D=6
0.003 0.003 0.003 0.973 0.003 0.003 0.003 0.003 0.003 0.003; % n D=6
0.222 0.382 0.012 0.012 0.327 0.012 0.012 0.012 0.012 0.012; % p D=6
0.003 0.003 0.003 0.003 0.003 0.003 0.003 0.973 0.003 0.003; % v D=6
0.003 0.003 0.003 0.003 0.003 0.973 0.003 0.003 0.003 0.003; % z D=6
0.016 0.249333333333333 0.016 0.016 0.362666666666667 0.016 0.016 0.016 0.276 0.016; % $ D=8
0.004 0.004 0.004 0.004 0.004 0.004 0.964 0.004 0.004 0.004; % B D=8
0.187 0.357 0.012 0.012 0.012 0.012 0.012 0.012 0.372 0.012; % F D=8
0.267 0.012 0.012 0.012 0.327 0.012 0.012 0.012 0.322 0.012; % M D=8
0.004 0.004 0.004 0.004 0.004 0.004 0.004 0.004 0.004 0.964; % f D=8
0.004 0.004 0.964 0.004 0.004 0.004 0.004 0.004 0.004 0.004; % l D=8
0.004 0.004 0.004 0.964 0.004 0.004 0.004 0.004 0.004 0.004; % n D=8
0.216 0.376 0.016 0.016 0.321 0.016 0.016 0.016 0.016 0.016; % p D=8
0.004 0.004 0.004 0.004 0.004 0.004 0.004 0.964 0.004 0.004; % v D=8
0.004 0.004 0.004 0.004 0.004 0.964 0.004 0.004 0.004 0.004; % z D=8
0.02 0.24 0.02 0.02 0.353333333333333 0.02 0.02 0.02 0.266666666666667 0.02; % $ D=10
0.005 0.005 0.005 0.005 0.005 0.005 0.955 0.005 0.005 0.005; % B D=10
0.18 0.35 0.015 0.015 0.015 0.015 0.015 0.015 0.365 0.015; % F D=10
0.26 0.015 0.015 0.015 0.32 0.015 0.015 0.015 0.315 0.015; % M D=10
0.005 0.005 0.005 0.005 0.005 0.005 0.005 0.005 0.005 0.955; % f D=10
0.005 0.005 0.955 0.005 0.005 0.005 0.005 0.005 0.005 0.005; % l D=10
0.005 0.005 0.005 0.955 0.005 0.005 0.005 0.005 0.005 0.005; % n D=10
0.21 0.37 0.02 0.02 0.315 0.02 0.02 0.02 0.02 0.02; % p D=10
0.005 0.005 0.005 0.005 0.005 0.005 0.005 0.955 0.005 0.005; % v D=10
0.005 0.005 0.005 0.005 0.005 0.955 0.005 0.005 0.005 0.005; % z D=10
0.03 0.216666666666667 0.03 0.03 0.33 0.03 0.03 0.03 0.243333333333333 0.03; % $ D=15
0.0075 0.0075 0.0075 0.0075 0.0075 0.0075 0.9325 0.0075 0.0075 0.0075; % B D=15
0.1625 0.3325 0.0225 0.0225 0.0225 0.0225 0.0225 0.0225 0.3475 0.0225; % F D=15
0.2425 0.0225 0.0225 0.0225 0.3025 0.0225 0.0225 0.0225 0.2975 0.0225; % M D=15
0.0075 0.0075 0.0075 0.0075 0.0075 0.0075 0.0075 0.0075 0.0075 0.9325; % f D=15
0.0075 0.0075 0.9325 0.0075 0.0075 0.0075 0.0075 0.0075 0.0075 0.0075; % l D=15
0.0075 0.0075 0.0075 0.9325 0.0075 0.0075 0.0075 0.0075 0.0075 0.0075; % n D=15
0.195 0.355 0.03 0.03 0.3 0.03 0.03 0.03 0.03 0.03; % p D=15
0.0075 0.0075 0.0075 0.0075 0.0075 0.0075 0.0075 0.9325 0.0075 0.0075; % v D=15
0.0075 0.0075 0.0075 0.0075 0.0075 0.9325 0.0075 0.0075 0.0075 0.0075; % z D=15
0.04 0.193333333333333 0.04 0.04 0.306666666666667 0.04 0.04 0.04 0.22 0.04; % $ D=20
0.01 0.01 0.01 0.01 0.01 0.01 0.91 0.01 0.01 0.01; % B D=20
0.145 0.315 0.03 0.03 0.03 0.03 0.03 0.03 0.33 0.03; % F D=20
0.225 0.03 0.03 0.03 0.285 0.03 0.03 0.03 0.28 0.03; % M D=20
0.01 0.01 0.01 0.01 0.01 0.01 0.01 0.01 0.01 0.91; % f D=20
0.01 0.01 0.91 0.01 0.01 0.01 0.01 0.01 0.01 0.01; % l D=20
0.01 0.01 0.01 0.91 0.01 0.01 0.01 0.01 0.01 0.01; % n D=20
0.18 0.34 0.04 0.04 0.285 0.04 0.04 0.04 0.04 0.04; % p D=20
0.01 0.01 0.01 0.01 0.01 0.01 0.01 0.91 0.01 0.01; % v D=20
0.01 0.01 0.01 0.01 0.01 0.91 0.01 0.01 0.01 0.01; % z D=20
0.06 0.146666666666667 0.06 0.06 0.26 0.06 0.06 0.06 0.173333333333333 0.06; % $ D=30
0.015 0.015 0.015 0.015 0.015 0.015 0.865 0.015 0.015 0.015; % B D=30
0.11 0.28 0.045 0.045 0.045 0.045 0.045 0.045 0.295 0.045; % F D=30
0.19 0.045 0.045 0.045 0.25 0.045 0.045 0.045 0.245 0.045; % M D=30
0.015 0.015 0.015 0.015 0.015 0.015 0.015 0.015 0.015 0.865; % f D=30
0.015 0.015 0.865 0.015 0.015 0.015 0.015 0.015 0.015 0.015; % l D=30
0.015 0.015 0.015 0.865 0.015 0.015 0.015 0.015 0.015 0.015; % n D=30
0.15 0.31 0.06 0.06 0.255 0.06 0.06 0.06 0.06 0.06; % p D=30
0.015 0.015 0.015 0.015 0.015 0.015 0.015 0.865 0.015 0.015; % v D=30
0.015 0.015 0.015 0.015 0.015 0.865 0.015 0.015 0.015 0.015; % z D=30
0.1 0.1 0.1 0.1 0.166666666666667 0.1 0.1 0.1 0.1 0.1; % $ D=50
0.025 0.025 0.025 0.025 0.025 0.025 0.775 0.025 0.025 0.025; % B D=50
0.075 0.21 0.075 0.075 0.075 0.075 0.075 0.075 0.225 0.075; % F D=50
0.12 0.075 0.075 0.075 0.18 0.075 0.075 0.075 0.175 0.075; % M D=50
0.025 0.025 0.025 0.025 0.025 0.025 0.025 0.025 0.025 0.775; % f D=50
0.025 0.025 0.775 0.025 0.025 0.025 0.025 0.025 0.025 0.025; % l D=50
0.025 0.025 0.025 0.775 0.025 0.025 0.025 0.025 0.025 0.025; % n D=50
0.1 0.25 0.1 0.1 0.195 0.1 0.1 0.1 0.1 0.1; % p D=50
0.025 0.025 0.025 0.025 0.025 0.025 0.025 0.775 0.025 0.025; % v D=50
0.025 0.025 0.025 0.025 0.025 0.775 0.025 0.025 0.025 0.025]; % z D=50
