syllables = '$BLRTVgnrv';
discounts = [0.01 0.02 0.05 0.1 0.2 0.5 1 2 3 4 5 6 8 10 15 20 30 50];
kn_probs = [2e-05 0.319953333333333 2e-05 2e-05 2e-05 0.379953333333333 2e-05 0.299953333333333 2e-05 2e-05; % $ D=0.01
5e-06 5e-06 5e-06 5e-06 5e-06 5e-06 5e-06 5e-06 5e-06 0.999955; % B D=0.01
5e-06 5e-06 5e-06 5e-06 5e-06 5e-06 5e-06 5e-06 0.999955 5e-06; % L D=0.01
5e-06 5e-06 5e-06 5e-06 0.999955 5e-06 5e-06 5e-06 5e-06 5e-06; % R D=0.01
0.27497 0.27497 2e-05 2e-05 2e-05 0.23497 2e-05 0.21497 2e-05 2e-05; % T D=0.01
5e-06 5e-06 0.999955 5e-06 5e-06 5e-06 5e-06 5e-06 5e-06 5e-06; % V D=0.01
5e-06 5e-06 5e-06 0.999955 5e-06 5e-06 5e-06 5e-06 5e-06 5e-06; % g D=0.01
5e-06 5e-06 5e-06 5e-06 5e-06 5e-06 0.999955 5e-06 5e-06 5e-06; % n D=0.01
0.22497 0.23497 2e-05 2e-05 2e-05 0.24497 2e-05 0.29497 2e-05 2e-05; % r D=0.01
0.24997 0.24997 2e-05 2e-05 2e-05 0.23497 2e-05 0.26497 2e-05 2e-05; % v D=0.01
4e-05 0.319906666666667 4e-05 4e-05 4e-05 0.379906666666667 4e-05 0.299906666666667 4e-05 4e-05; % $ D=0.02
1e-05 1e-05 1e-05 1e-05 1e-05 1e-05 1e-05 1e-05 1e-05 0.99991; % B D=0.02
1e-05 1e-05 1e-05 1e-05 1e-05 1e-05 1e-05 1e-05 0.99991 1e-05; % L D=0.02
1e-05 1e-05 1e-05 1e-05 0.99991 1e-05 1e-05 1e-05 1e-05 1e-05; % R D=0.02
0.27494 0.27494 4e-05 4e-05 4e-05 0.23494 4e-05 0.21494 4e-05 4e-05; % T D=0.02
1e-05 1e-05 0.99991 1e-05 1e-05 1e-05 1e-05 1e-05 1e-05 1e-05; % V D=0.02
1e-05 1e-05 1e-05 0.99991 1e-05 1e-05 1e-05 1e-05 1e-05 1e-05; % g D=0.02
1e-05 1e-05 1e-05 1e-05 1e-05 1e-05 0.99991 1e-05 1e-05 1e-05; % n D=0.02
0.22494 0.23494 4e-05 4e-05 4e-05 0.24494 4e-05 0.29494 4e-05 4e-05; % r D=0.02
0.24994 0.24994 4e-05 4e-05 4e-05 0.23494 4e-05 0.26494 4e-05 4e-05; % v D=0.02
0.0001 0.319766666666667 0.0001 0.0001 0.0001 0.379766666666667 0.0001 0.299766666666667 0.0001 0.0001; % $ D=0.05
2.5e-05 2.5e-05 2.5e-05 2.5e-05 2.5e-05 2.5e-05 2.5e-05 2.5e-05 2.5e-05 0.999775; % B D=0.05
2.5e-05 2.5e-05 2.5e-05 2.5e-05 2.5e-05 2.5e-05 2.5e-05 2.5e-05 0.999775 2.5e-05; % L D=0.05
2.5e-05 2.5e-05 2.5e-05 2.5e-05 0.999775 2.5e-05 2.5e-05 2.5e-05 2.5e-05 2.5e-05; % R D=0.05
0.27485 0.27485 0.0001 0.0001 0.0001 0.23485 0.0001 0.21485 0.0001 0.0001; % T D=0.05
2.5e-05 2.5e-05 0.999775 2.5e-05 2.5e-05 2.5e-05 2.5e-05 2.5e-05 2.5e-05 2.5e-05; % V D=0.05
2.5e-05 2.5e-05 2.5e-05 0.999775 2.5e-05 2.5e-05 2.5e-05 2.5e-05 2.5e-05 2.5e-05; % g D=0.05
2.5e-05 2.5e-05 2.5e-05 2.5e-05 2.5e-05 2.5e-05 0.999775 2.5e-05 2.5e-05 2.5e-05; % n D=0.05
0.22485 0.23485 0.0001 0.0001 0.0001 0.24485 0.0001 0.29485 0.0001 0.0001; % r D=0.05
0.24985 0.24985 0.0001 0.0001 0.0001 0.23485 0.0001 0.26485 0.0001 0.0001; % v D=0.05
0.0002 0.319533333333333 0.0002 0.0002 0.0002 0.379533333333333 0.0002 0.299533333333333 0.0002 0.0002; % $ D=0.1
5e-05 5e-05 5e-05 5e-05 5e-05 5e-05 5e-05 5e-05 5e-05 0.99955; % B D=0.1
5e-05 5e-05 5e-05 5e-05 5e-05 5e-05 5e-05 5e-05 0.99955 5e-05; % L D=0.1
5e-05 5e-05 5e-05 5e-05 0.99955 5e-05 5e-05 5e-05 5e-05 5e-05; % R D=0.1
0.2747 0.2747 0.0002 0.0002 0.0002 0.2347 0.0002 0.2147 0.0002 0.0002; % T D=0.1
5e-05 5e-05 0.99955 5e-05 5e-05 5e-05 5e-05 5e-05 5e-05 5e-05; % V D=0.1
5e-05 5e-05 5e-05 0.99955 5e-05 5e-05 5e-05 5e-05 5e-05 5e-05; % g D=0.1
5e-05 5e-05 5e-05 5e-05 5e-05 5e-05 0.99955 5e-05 5e-05 5e-05; % n D=0.1
0.2247 0.2347 0.0002 0.0002 0.0002 0.2447 0.0002 0.2947 0.0002 0.0002; % r D=0.1
0.2497 0.2497 0.0002 0.0002 0.0002 0.2347 0.0002 0.2647 0.0002 0.0002; % v D=0.1
0.0004 0.319066666666667 0.0004 0.0004 0.0004 0.379066666666667 0.0004 0.299066666666667 0.0004 0.0004; % $ D=0.2
0.0001 0.0001 0.0001 0.0001 0.0001 0.0001 0.0001 0.0001 0.0001 0.9991; % B D=0.2
0.0001 0.0001 0.0001 0.0001 0.0001 0.0001 0.0001 0.0001 0.9991 0.0001; % L D=0.2
0.0001 0.0001 0.0001 0.0001 0.9991 0.0001 0.0001 0.0001 0.0001 0.0001; % R D=0.2
0.2744 0.2744 0.0004 0.0004 0.0004 0.2344 0.0004 0.2144 0.0004 0.0004; % T D=0.2
0.0001 0.0001 0.9991 0.0001 0.0001 0.0001 0.0001 0.0001 0.0001 0.0001; % V D=0.2
0.0001 0.0001 0.0001 0.9991 0.0001 0.0001 0.0001 0.0001 0.0001 0.0001; % g D=0.2
0.0001 0.0001 0.0001 0.0001 0.0001 0.0001 0.9991 0.0001 0.0001 0.0001; % n D=0.2
0.2244 0.2344 0.0004 0.0004 0.0004 0.2444 0.0004 0.2944 0.0004 0.0004; % r D=0.2
0.2494 0.2494 0.0004 0.0004 0.0004 0.2344 0.0004 0.2644 0.0004 0.0004; % v D=0.2
0.001 0.317666666666667 0.001 0.001 0.001 0.377666666666667 0.001 0.297666666666667 0.001 0.001; % $ D=0.5
0.00025 0.00025 0.00025 0.00025 0.00025 0.00025 0.00025 0.00025 0.00025 0.99775; % B D=0.5
0.00025 0.00025 0.00025 0.00025 0.00025 0.00025 0.00025 0.00025 0.99775 0.00025; % L D=0.5
0.00025 0.00025 0.00025 0.00025 0.99775 0.00025 0.00025 0.00025 0.00025 0.00025; % R D=0.5
0.2735 0.2735 0.001 0.001 0.001 0.2335 0.001 0.2135 0.001 0.001; % T D=0.5
0.00025 0.00025 0.99775 0.00025 0.00025 0.00025 0.00025 0.00025 0.00025 0.00025; % V D=0.5
0.00025 0.00025 0.00025 0.99775 0.00025 0.00025 0.00025 0.00025 0.00025 0.00025; % g D=0.5
0.00025 0.00025 0.00025 0.00025 0.00025 0.00025 0.99775 0.00025 0.00025 0.00025; % n D=0.5
0.2235 0.2335 0.001 0.001 0.001 0.2435 0.001 0.2935 0.001 0.001; % r D=0.5
0.2485 0.2485 0.001 0.001 0.001 0.2335 0.001 0.2635 0.001 0.001; % v D=0.5
0.002 0.315333333333333 0.002 0.002 0.002 0.375333333333333 0.002 0.295333333333333 0.002 0.002; % $ D=1
0.0005 0.0005 0.0005 0.0005 0.0005 0.0005 0.0005 0.0005 0.0005 0.9955; % B D=1
0.0005 0.0005 0.0005 0.0005 0.0005 0.0005 0.0005 0.0005 0.9955 0.0005; % L D=1
0.0005 0.0005 0.0005 0.0005 0.9955 0.0005 0.0005 0.0005 0.0005 0.0005; % R D=1
0.272 0.272 0.002 0.002 0.002 0.232 0.002 0.212 0.002 0.002; % T D=1
0.0005 0.0005 0.9955 0.0005 0.0005 0.0005 0.0005 0.0005 0.0005 0.0005; % V D=1
0.0005 0.0005 0.0005 0.9955 0.0005 0.0005 0.0005 0.0005 0.0005 0.0005; % g D=1
0.0005 0.0005 0.0005 0.0005 0.0005 0.0005 0.9955 0.0005 0.0005 0.0005; % n D=1
0.222 0.232 0.002 0.002 0.002 0.242 0.002 0.292 0.002 0.002; % r D=1
0.247 0.247 0.002 0.002 0.002 0.232 0.002 0.262 0.002 0.002; % v D=1
0.004 0.310666666666667 0.004 0.004 0.004 0.370666666666667 0.004 0.290666666666667 0.004 0.004; % $ D=2
0.001 0.001 0.001 0.001 0.001 0.001 0.001 0.001 0.001 0.991; % B D=2
0.001 0.001 0.001 0.001 0.001 0.001 0.001 0.001 0.991 0.001; % L D=2
0.001 0.001 0.001 0.001 0.991 0.001 0.001 0.001 0.001 0.001; % R D=2
0.269 0.269 0.004 0.004 0.004 0.229 0.004 0.209 0.004 0.004; % T D=2
0.001 0.001 0.991 0.001 0.001 0.001 0.001 0.001 0.001 0.001; % V D=2
0.001 0.001 0.001 0.991 0.001 0.001 0.001 0.001 0.001 0.001; % g D=2
0.001 0.001 0.001 0.001 0.001 0.001 0.991 0.001 0.001 0.001; % n D=2
0.219 0.229 0.004 0.004 0.004 0.239 0.004 0.289 0.004 0.004; % r D=2
0.244 0.244 0.004 0.004 0.004 0.229 0.004 0.259 0.004 0.004; % v D=2
0.006 0.306 0.006 0.006 0.006 0.366 0.006 0.286 0.006 0.006; % $ D=3
0.0015 0.0015 0.0015 0.0015 0.0015 0.0015 0.0015 0.0015 0.0015 0.9865; % B D=3
0.0015 0.0015 0.0015 0.0015 0.0015 0.0015 0.0015 0.0015 0.9865 0.0015; % L D=3
0.0015 0.0015 0.0015 0.0015 0.9865 0.0015 0.0015 0.0015 0.0015 0.0015; % R D=3
0.266 0.266 0.006 0.006 0.006 0.226 0.006 0.206 0.006 0.006; % T D=3
0.0015 0.0015 0.9865 0.0015 0.0015 0.0015 0.0015 0.0015 0.0015 0.0015; % V D=3
0.0015 0.0015 0.0015 0.9865 0.0015 0.0015 0.0015 0.0015 0.0015 0.0015; % g D=3
0.0015 0.0015 0.0015 0.0015 0.0015 0.0015 0.9865 0.0015 0.0015 0.0015; % n D=3
0.216 0.226 0.006 0.006 0.006 0.236 0.006 0.286 0.006 0.006; % r D=3
0.241 0.241 0.006 0.006 0.006 0.226 0.006 0.256 0.006 0.006; % v D=3
0.008 0.301333333333333 0.008 0.008 0.008 0.361333333333333 0.008 0.281333333333333 0.008 0.008; % $ D=4
0.002 0.002 0.002 0.002 0.002 0.002 0.002 0.002 0.002 0.982; % B D=4
0.002 0.002 0.002 0.002 0.002 0.002 0.002 0.002 0.982 0.002; % L D=4
0.002 0.002 0.002 0.002 0.982 0.002 0.002 0.002 0.002 0.002; % R D=4
0.263 0.263 0.008 0.008 0.008 0.223 0.008 0.203 0.008 0.008; % T D=4
0.002 0.002 0.982 0.002 0.002 0.002 0.002 0.002 0.002 0.002; % V D=4
0.002 0.002 0.002 0.982 0.002 0.002 0.002 0.002 0.002 0.002; % g D=4
0.002 0.002 0.002 0.002 0.002 0.002 0.982 0.002 0.002 0.002; % n D=4
