syllables = '$BFMRTdfmt';
discounts = [0.01 0.02 0.05 0.1 0.2 0.5 1 2 3 4 5 6 8 10 15 20 30 50];
kn_probs = [2e-05 2e-05 2e-05 2e-05 2e-05 2e-05 2e-05 0.32662 0.30662 0.36662; % $ D=0.01
0.234965 1.5e-05 1.5e-05 1.5e-05 1.5e-05 1.5e-05 1.5e-05 0.389965 1.5e-05 0.374965; % B D=0.01
0.259965 1.5e-05 1.5e-05 1.5e-05 1.5e-05 1.5e-05 1.5e-05 0.364965 0.374965 1.5e-05; % F D=0.01
5e-06 5e-06 0.999955 5e-06 5e-06 5e-06 5e-06 5e-06 5e-06 5e-06; % M D=0.01
5e-06 0.999955 5e-06 5e-06 5e-06 5e-06 5e-06 5e-06 5e-06 5e-06; % R D=0.01
5e-06 5e-06 5e-06 5e-06 0.999955 5e-06 5e-06 5e-06 5e-06 5e-06; % T D=0.01
0.254965 1.5e-05 1.5e-05 1.5e-05 1.5e-05 1.5e-05 1.5e-05 1.5e-05 0.394965 0.349965; % d D=0.01
5e-06 5e-06 5e-06 5e-06 5e-06 5e-06 0.999955 5e-06 5e-06 5e-06; % f D=0.01
5e-06 5e-06 5e-06 5e-06 5e-06 0.999955 5e-06 5e-06 5e-06 5e-06; % m D=0.01
5e-06 5e-06 5e-06 0.999955 5e-06 5e-06 5e-06 5e-06 5e-06 5e-06; % t D=0.01
4e-05 4e-05 4e-05 4e-05 4e-05 4e-05 4e-05 0.326573333333333 0.306573333333333 0.366573333333333; % $ D=0.02
0.23493 3e-05 3e-05 3e-05 3e-05 3e-05 3e-05 0.38993 3e-05 0.37493; % B D=0.02
0.25993 3e-05 3e-05 3e-05 3e-05 3e-05 3e-05 0.36493 0.37493 3e-05; % F D=0.02
1e-05 1e-05 0.99991 1e-05 1e-05 1e-05 1e-05 1e-05 1e-05 1e-05; % M D=0.02
1e-05 0.99991 1e-05 1e-05 1e-05 1e-05 1e-05 1e-05 1e-05 1e-05; % R D=0.02
1e-05 1e-05 1e-05 1e-05 0.99991 1e-05 1e-05 1e-05 1e-05 1e-05; % T D=0.02
0.25493 3e-05 3e-05 3e-05 3e-05 3e-05 3e-05 3e-05 0.39493 0.34993; % d D=0.02
1e-05 1e-05 1e-05 1e-05 1e-05 1e-05 0.99991 1e-05 1e-05 1e-05; % f D=0.02
1e-05 1e-05 1e-05 1e-05 1e-05 0.99991 1e-05 1e-05 1e-05 1e-05; % m D=0.02
1e-05 1e-05 1e-05 0.99991 1e-05 1e-05 1e-05 1e-05 1e-05 1e-05; % t D=0.02
0.0001 0.0001 0.0001 0.0001 0.0001 0.0001 0.0001 0.326433333333333 0.306433333333333 0.366433333333333; % $ D=0.05
0.234825 7.5e-05 7.5e-05 7.5e-05 7.5e-05 7.5e-05 7.5e-05 0.389825 7.5e-05 0.374825; % B D=0.05
0.259825 7.5e-05 7.5e-05 7.5e-05 7.5e-05 7.5e-05 7.5e-05 0.364825 0.374825 7.5e-05; % F D=0.05
2.5e-05 2.5e-05 0.999775 2.5e-05 2.5e-05 2.5e-05 2.5e-05 2.5e-05 2.5e-05 2.5e-05; % M D=0.05
2.5e-05 0.999775 2.5e-05 2.5e-05 2.5e-05 2.5e-05 2.5e-05 2.5e-05 2.5e-05 2.5e-05; % R D=0.05
2.5e-05 2.5e-05 2.5e-05 2.5e-05 0.999775 2.5e-05 2.5e-05 2.5e-05 2.5e-05 2.5e-05; % T D=0.05
0.254825 7.5e-05 7.5e-05 7.5e-05 7.5e-05 7.5e-05 7.5e-05 7.5e-05 0.394825 0.349825; % d D=0.05
2.5e-05 2.5e-05 2.5e-05 2.5e-05 2.5e-05 2.5e-05 0.999775 2.5e-05 2.5e-05 2.5e-05; % f D=0.05
2.5e-05 2.5e-05 2.5e-05 2.5e-05 2.5e-05 0.999775 2.5e-05 2.5e-05 2.5e-05 2.5e-05; % m D=0.05
2.5e-05 2.5e-05 2.5e-05 0.999775 2.5e-05 2.5e-05 2.5e-05 2.5e-05 2.5e-05 2.5e-05; % t D=0.05
0.0002 0.0002 0.0002 0.0002 0.0002 0.0002 0.0002 0.3262 0.3062 0.3662; % $ D=0.1
0.23465 0.00015 0.00015 0.00015 0.00015 0.00015 0.00015 0.38965 0.00015 0.37465; % B D=0.1
0.25965 0.00015 0.00015 0.00015 0.00015 0.00015 0.00015 0.36465 0.37465 0.00015; % F D=0.1
5e-05 5e-05 0.99955 5e-05 5e-05 5e-05 5e-05 5e-05 5e-05 5e-05; % M D=0.1
5e-05 0.99955 5e-05 5e-05 5e-05 5e-05 5e-05 5e-05 5e-05 5e-05; % R D=0.1
5e-05 5e-05 5e-05 5e-05 0.99955 5e-05 5e-05 5e-05 5e-05 5e-05; % T D=0.1
0.25465 0.00015 0.00015 0.00015 0.00015 0.00015 0.00015 0.00015 0.39465 0.34965; % d D=0.1
5e-05 5e-05 5e-05 5e-05 5e-05 5e-05 0.99955 5e-05 5e-05 5e-05; % f D=0.1
5e-05 5e-05 5e-05 5e-05 5e-05 0.99955 5e-05 5e-05 5e-05 5e-05; % m D=0.1
5e-05 5e-05 5e-05 0.99955 5e-05 5e-05 5e-05 5e-05 5e-05 5e-05; % t D=0.1
0.0004 0.0004 0.0004 0.0004 0.0004 0.0004 0.0004 0.325733333333333 0.305733333333333 0.365733333333333; % $ D=0.2
0.2343 0.0003 0.0003 0.0003 0.0003 0.0003 0.0003 0.3893 0.0003 0.3743; % B D=0.2
0.2593 0.0003 0.0003 0.0003 0.0003 0.0003 0.0003 0.3643 0.3743 0.0003; % F D=0.2
0.0001 0.0001 0.9991 0.0001 0.0001 0.0001 0.0001 0.0001 0.0001 0.0001; % M D=0.2
0.0001 0.9991 0.0001 0.0001 0.0001 0.0001 0.0001 0.0001 0.0001 0.0001; % R D=0.2
0.0001 0.0001 0.0001 0.0001 0.9991 0.0001 0.0001 0.0001 0.0001 0.0001; % T D=0.2
0.2543 0.0003 0.0003 0.0003 0.0003 0.0003 0.0003 0.0003 0.3943 0.3493; % d D=0.2
0.0001 0.0001 0.0001 0.0001 0.0001 0.0001 0.9991 0.0001 0.0001 0.0001; % f D=0.2
0.0001 0.0001 0.0001 0.0001 0.0001 0.9991 0.0001 0.0001 0.0001 0.0001; % m D=0.2
0.0001 0.0001 0.0001 0.9991 0.0001 0.0001 0.0001 0.0001 0.0001 0.0001; % t D=0.2
0.001 0.001 0.001 0.001 0.001 0.001 0.001 0.324333333333333 0.304333333333333 0.364333333333333; % $ D=0.5
0.23325 0.00075 0.00075 0.00075 0.00075 0.00075 0.00075 0.38825 0.00075 0.37325; % B D=0.5
0.25825 0.00075 0.00075 0.00075 0.00075 0.00075 0.00075 0.36325 0.37325 0.00075; % F D=0.5
0.00025 0.00025 0.99775 0.00025 0.00025 0.00025 0.00025 0.00025 0.00025 0.00025; % M D=0.5
0.00025 0.99775 0.00025 0.00025 0.00025 0.00025 0.00025 0.00025 0.00025 0.00025; % R D=0.5
0.00025 0.00025 0.00025 0.00025 0.99775 0.00025 0.00025 0.00025 0.00025 0.00025; % T D=0.5
0.25325 0.00075 0.00075 0.00075 0.00075 0.00075 0.00075 0.00075 0.39325 0.34825; % d D=0.5
0.00025 0.00025 0.00025 0.00025 0.00025 0.00025 0.99775 0.00025 0.00025 0.00025; % f D=0.5
0.00025 0.00025 0.00025 0.00025 0.00025 0.99775 0.00025 0.00025 0.00025 0.00025; % m D=0.5
0.00025 0.00025 0.00025 0.99775 0.00025 0.00025 0.00025 0.00025 0.00025 0.00025; % t D=0.5
0.002 0.002 0.002 0.002 0.002 0.002 0.002 0.322 0.302 0.362; % $ D=1
0.2315 0.0015 0.0015 0.0015 0.0015 0.0015 0.0015 0.3865 0.0015 0.3715; % B D=1
0.2565 0.0015 0.0015 0.0015 0.0015 0.0015 0.0015 0.3615 0.3715 0.0015; % F D=1
0.0005 0.0005 0.9955 0.0005 0.0005 0.0005 0.0005 0.0005 0.0005 0.0005; % M D=1
0.0005 0.9955 0.0005 0.0005 0.0005 0.0005 0.0005 0.0005 0.0005 0.0005; % R D=1
0.0005 0.0005 0.0005 0.0005 0.9955 0.0005 0.0005 0.0005 0.0005 0.0005; % T D=1
0.2515 0.0015 0.0015 0.0015 0.0015 0.0015 0.0015 0.0015 0.3915 0.3465; % d D=1
0.0005 0.0005 0.0005 0.0005 0.0005 0.0005 0.9955 0.0005 0.0005 0.0005; % f D=1
0.0005 0.0005 0.0005 0.0005 0.0005 0.9955 0.0005 0.0005 0.0005 0.0005; % m D=1
0.0005 0.0005 0.0005 0.9955 0.0005 0.0005 0.0005 0.0005 0.0005 0.0005; % t D=1
0.004 0.004 0.004 0.004 0.004 0.004 0.004 0.317333333333333 0.297333333333333 0.357333333333333; % $ D=2
0.228 0.003 0.003 0.003 0.003 0.003 0.003 0.383 0.003 0.368; % B D=2
0.253 0.003 0.003 0.003 0.003 0.003 0.003 0.358 0.368 0.003; % F D=2
0.001 0.001 0.991 0.001 0.001 0.001 0.001 0.001 0.001 0.001; % M D=2
0.001 0.991 0.001 0.001 0.001 0.001 0.001 0.001 0.001 0.001; % R D=2
0.001 0.001 0.001 0.001 0.991 0.001 0.001 0.001 0.001 0.001; % T D=2
0.248 0.003 0.003 0.003 0.003 0.003 0.003 0.003 0.388 0.343; % d D=2
0.001 0.001 0.001 0.001 0.001 0.001 0.991 0.001 0.001 0.001; % f D=2
0.001 0.001 0.001 0.001 0.001 0.991 0.001 0.001 0.001 0.001; % m D=2
0.001 0.001 0.001 0.991 0.001 0.001 0.001 0.001 0.001 0.001; % t D=2
0.006 0.006 0.006 0.006 0.006 0.006 0.006 0.312666666666667 0.292666666666667 0.352666666666667; % $ D=3
0.2245 0.0045 0.0045 0.0045 0.0045 0.0045 0.0045 0.3795 0.0045 0.3645; % B D=3
0.2495 0.0045 0.0045 0.0045 0.0045 0.0045 0.0045 0.3545 0.3645 0.0045; % F D=3
0.0015 0.0015 0.9865 0.0015 0.0015 0.0015 0.0015 0.0015 0.0015 0.0015; % M D=3
0.0015 0.9865 0.0015 0.0015 0.0015 0.0015 0.0015 0.0015 0.0015 0.0015; % R D=3
0.0015 0.0015 0.0015 0.0015 0.9865 0.0015 0.0015 0.0015 0.0015 0.0015; % T D=3
0.2445 0.0045 0.0045 0.0045 0.0045 0.0045 0.0045 0.0045 0.3845 0.3395; % d D=3
0.0015 0.0015 0.0015 0.0015 0.0015 0.0015 0.9865 0.0015 0.0015 0.0015; % f D=3
0.0015 0.0015 0.0015 0.0015 0.0015 0.9865 0.0015 0.0015 0.0015 0.0015; % m D=3
0.0015 0.0015 0.0015 0.9865 0.0015 0.0015 0.0015 0.0015 0.0015 0.0015; % t D=3
0.008 0.008 0.008 0.008 0.008 0.008 0.008 0.308 0.288 0.348; % $ D=4
0.221 0.006 0.006 0.006 0.006 0.006 0.006 0.376 0.006 0.361; % B D=4
0.246 0.006 0.006 0.006 0.006 0.006 0.006 0.351 0.361 0.006; % F D=4
0.002 0.002 0.982 0.002 0.002 0.002 0.002 0.002 0.002 0.002; % M D=4
0.002 0.982 0.002 0.002 0.002 0.002 0.002 0.002 0.002 0.002; % R D=4
0.002 0.002 0.002 0.002 0.982 0.002 0.002 0.002 0.002 0.002; % T D=4
0.241 0.006 0.006 0.006 0.006 0.006 0.006 0.006 0.381 0.336; % d D=4
0.002 0.002 0.002 0.002 0.002 0.002 0.982 0.002 0.002 0.002; % f D=4
0.002 0.002 0.002 0.002 0.002 0.982 0.002 0.002 0.002 0.002; % m D=4
0.002 0.002 0.002 0.982 0.002 0.002 0.002 0.002 0.002 0.002; % t D=4
0.01 0.01 0.01 0.01 0.01 0.01 0.01 0.303333333333333 0.283333333333333 0.343333333333333; % $ D=5
0.2175 0.0075 0.0075 0.0075 0.0075 0.0075 0.0075 0.3725 0.0075 0.3575; % B D=5
0.2425 0.0075 0.0075 0.0075 0.0075 0.0075 0.0075 0.3475 0.3575 0.0075; % F D=5
0.0025 0.0025 0.9775 0.0025 0.0025 0.0025 0.0025 0.0025 0.0025 0.0025; % M D=5
0.0025 0.9775 0.0025 0.0025 0.0025 0.0025 0.0025 0.0025 0.0025 0.0025; % R D=5
0.0025 0.0025 0.0025 0.0025 0.9775 0.0025 0.0025 0.0025 0.0025 0.0025; % T D=5
0.2375 0.0075 0.0075 0.0075 0.0075 0.0075 0.0075 0.0075 0.3775 0.3325; % d D=5
0.0025 0.0025 0.0025 0.0025 0.0025 0.0025 0.9775 0.0025 0.0025 0.0025; % f D=5
0.0025 0.0025 0.0025 0.0025 0.0025 0.9775 0.0025 0.0025 0.0025 0.0025; % m D=5
0.0025 0.0025 0.0025 0.9775 0.0025 0.0025 0.0025 0.0025 0.0025 0.0025; % t D=5
0.012 0.012 0.012 0.012 0.012 0.012 0.012 0.298666666666667 0.278666666666667 0.338666666666667; % $ D=6
0.214 0.009 0.009 0.009 0.009 0.009 0.009 0.369 0.009 0.354; % B D=6
0.239 0.009 0.009 0.009 0.009 0.009 0.009 0.344 0.354 0.009; % F D=6
0.003 0.003 0.973 0.003 0.003 0.003 0.003 0.003 0.003 0.003; % M D=6
0.003 0.973 0.003 0.003 0.003 0.003 0.003 0.003 0.003 0.003; % R D=6
0.003 0.003 0.003 0.003 0.973 0.003 0.003 0.003 0.003 0.003; % T D=6
0.234 0.009 0.009 0.009 0.009 0.009 0.009 0.009 0.374 0.329; % d D=6
0.003 0.003 0.003 0.003 0.003 0.003 0.973 0.003 0.003 0.003; % f D=6
0.003 0.003 0.003 0.003 0.003 0.973 0.003 0.003 0.003 0.003; % m D=6
0.003 0.003 0.003 0.973 0.003 0.003 0.003 0.003 0.003 0.003; % t D=6
0.016 0.016 0.016 0.016 0.016 0.016 0.016 0.289333333333333 0.269333333333333 0.329333333333333; % $ D=8
0.207 0.012 0.012 0.012 0.012 0.012 0.012 0.362 0.012 0.347; % B D=8
0.232 0.012 0.012 0.012 0.012 0.012 0.012 0.337 0.347 0.012; % F D=8
0.004 0.004 0.964 0.004 0.004 0.004 0.004 0.004 0.004 0.004; % M D=8
0.004 0.964 0.004 0.004 0.004 0.004 0.004 0.004 0.004 0.004; % R D=8
0.004 0.004 0.004 0.004 0.964 0.004 0.004 0.004 0.004 0.004; % T D=8
0.227 0.012 0.012 0.012 0.012 0.012 0.012 0.012 0.367 0.322; % d D=8
0.004 0.004 0.004 0.004 0.004 0.004 0.964 0.004 0.004 0.004; % f D=8
0.004 0.004 0.004 0.004 0.004 0.964 0.004 0.004 0.004 0.004; % m D=8
0.004 0.004 0.004 0.964 0.004 0.004 0.004 0.004 0.004 0.004; % t D=8
0.02 0.02 0.02 0.02 0.02 0.02 0.02 0.28 0.26 0.32; % $ D=10
0.2 0.015 0.015 0.015 0.015 0.015 0.015 0.355 0.015 0.34; % B D=10
0.225 0.015 0.015 0.015 0.015 0.015 0.015 0.33 0.34 0.015; % F D=10
0.005 0.005 0.955 0.005 0.005 0.005 0.005 0.005 0.005 0.005; % M D=10
0.005 0.955 0.005 0.005 0.005 0.005 0.005 0.005 0.005 0.005; % R D=10
0.005 0.005 0.005 0.005 0.955 0.005 0.005 0.005 0.005 0.005; % T D=10
0.22 0.015 0.015 0.015 0.015 0.015 0.015 0.015 0.36 0.315; % d D=10
0.005 0.005 0.005 0.005 0.005 0.005 0.955 0.005 0.005 0.005; % f D=10
0.005 0.005 0.005 0.005 0.005 0.955 0.005 0.005 0.005 0.005; % m D=10
0.005 0.005 0.005 0.955 0.005 0.005 0.005 0.005 0.005 0.005; % t D=10
0.03 0.03 0.03 0.03 0.03 0.03 0.03 0.256666666666667 0.236666666666667 0.296666666666667; % $ D=15
0.1825 0.0225 0.0225 0.0225 0.0225 0.0225 0.0225 0.3375 0.0225 0.3225; % B D=15
0.2075 0.0225 0.0225 0.0225 0.0225 0.0225 0.0225 0.3125 0.3225 0.0225; % F D=15
0.0075 0.0075 0.9325 0.0075 0.0075 0.0075 0.0075 0.0075 0.0075 0.0075; % M D=15
0.0075 0.9325 0.0075 0.0075 0.0075 0.0075 0.0075 0.0075 0.0075 0.0075; % R D=15
0.0075 0.0075 0.0075 0.0075 0.9325 0.0075 0.0075 0.0075 0.0075 0.0075; % T D=15
0.2025 0.0225 0.0225 0.0225 0.0225 0.0225 0.0225 0.0225 0.3425 0.2975; % d D=15
0.0075 0.0075 0.0075 0.0075 0.0075 0.0075 0.9325 0.0075 0.0075 0.0075; % f D=15
0.0075 0.0075 0.0075 0.0075 0.0075 0.9325 0.0075 0.0075 0.0075 0.0075; % m D=15
0.0075 0.0075 0.0075 0.9325 0.0075 0.0075 0.0075 0.0075 0.0075 0.0075; % t D=15
0.04 0.04 0.04 0.04 0.04 0.04 0.04 0.233333333333333 0.213333333333333 0.273333333333333; % $ D=20
0.165 0.03 0.03 0.03 0.03 0.03 0.03 0.32 0.03 0.305; % B D=20
0.19 0.03 0.03 0.03 0.03 0.03 0.03 0.295 0.305 0.03; % F D=20
0.01 0.01 0.91 0.01 0.01 0.01 0.01 0.01 0.01 0.01; % M D=20
0.01 0.91 0.01 0.01 0.01 0.01 0.01 0.01 0.01 0.01; % R D=20
0.01 0.01 0.01 0.01 0.91 0.01 0.01 0.01 0.01 0.01; % T D=20
0.185 0.03 0.03 0.03 0.03 0.03 0.03 0.03 0.325 0.28; % d D=20
0.01 0.01 0.01 0.01 0.01 0.01 0.91 0.01 0.01 0.01; % f D=20
0.01 0.01 0.01 0.01 0.01 0.91 0.01 0.01 0.01 0.01; % m D=20
0.01 0.01 0.01 0.91 0.01 0.01 0.01 0.01 0.01 0.01; % t D=20
0.06 0.06 0.06 0.06 0.06 0.06 0.06 0.186666666666667 0.166666666666667 0.226666666666667; % $ D=30
0.13 0.045 0.045 0.045 0.045 0.045 0.045 0.285 0.045 0.27; % B D=30
0.155 0.045 0.045 0.045 0.045 0.045 0.045 0.26 0.27 0.045; % F D=30
0.015 0.015 0.865 0.015 0.015 0.015 0.015 0.015 0.015 0.015; % M D=30
0.015 0.865 0.015 0.015 0.015 0.015 0.015 0.015 0.015 0.015; % R D=30
0.015 0.015 0.015 0.015 0.865 0.015 0.015 0.015 0.015 0.015; % T D=30
0.15 0.045 0.045 0.045 0.045 0.045 0.045 0.045 0.29 0.245; % d D=30
0.015 0.015 0.015 0.015 0.015 0.015 0.865 0.015 0.015 0.015; % f D=30
0.015 0.015 0.015 0.015 0.015 0.865 0.015 0.015 0.015 0.015; % m D=30
0.015 0.015 0.015 0.865 0.015 0.015 0.015 0.015 0.015 0.015; % t D=30
0.1 0.1 0.1 0.1 0.1 0.1 0.1 0.1 0.1 0.133333333333333; % $ D=50
0.075 0.075 0.075 0.075 0.075 0.075 0.075 0.215 0.075 0.2; % B D=50
0.085 0.075 0.075 0.075 0.075 0.075 0.075 0.19 0.2 0.075; % F D=50
0.025 0.025 0.775 0.025 0.025 0.025 0.025 0.025 0.025 0.025; % M D=50
0.025 0.775 0.025 0.025 0.025 0.025 0.025 0.025 0.025 0.025; % R D=50
0.025 0.025 0.025 0.025 0.775 0.025 0.025 0.025 0.025 0.025; % T D=50
0.08 0.075 0.075 0.075 0.075 0.075 0.075 0.075 0.22 0.175; % d D=50
0.025 0.025 0.025 0.025 0.025 0.025 0.775 0.025 0.025 0.025; % f D=50
0.025 0.025 0.025 0.025 0.025 0.775 0.025 0.025 0.025 0.025; % m D=50
0.025 0.025 0.025 0.775 0.025 0.025 0.025 0.025 0.025 0.025]; % t D=50
