syllables = '$DGVflnrtv';
discounts = [0.01 0.02 0.05 0.1 0.2 0.5 1 2 3 4 5 6 8 10 15 20 30 50];
kn_probs = [2e-05 0.299953333333333 2e-05 2e-05 2e-05 2e-05 2e-05 0.299953333333333 2e-05 0.399953333333333; % $ D=0.01
5e-06 5e-06 5e-06 5e-06 0.999955 5e-06 5e-06 5e-06 5e-06 5e-06; % D D=0.01
0.25497 0.19497 2e-05 2e-05 2e-05 2e-05 2e-05 0.25997 2e-05 0.28997; % G D=0.01
5e-06 5e-06 5e-06 5e-06 5e-06 5e-06 0.999955 5e-06 5e-06 5e-06; % V D=0.01
5e-06 5e-06 5e-06 5e-06 5e-06 0.999955 5e-06 5e-06 5e-06 5e-06; % f D=0.01
5e-06 5e-06 0.999955 5e-06 5e-06 5e-06 5e-06 5e-06 5e-06 5e-06; % l D=0.01
0.27497 0.28497 2e-05 2e-05 2e-05 2e-05 2e-05 0.22997 2e-05 0.20997; % n D=0.01
5e-06 5e-06 5e-06 0.999955 5e-06 5e-06 5e-06 5e-06 5e-06 5e-06; % r D=0.01
0.21997 0.29497 2e-05 2e-05 2e-05 2e-05 2e-05 0.28497 2e-05 0.19997; % t D=0.01
5e-06 5e-06 5e-06 5e-06 5e-06 5e-06 5e-06 5e-06 0.999955 5e-06; % v D=0.01
4e-05 0.299906666666667 4e-05 4e-05 4e-05 4e-05 4e-05 0.299906666666667 4e-05 0.399906666666667; % $ D=0.02
1e-05 1e-05 1e-05 1e-05 0.99991 1e-05 1e-05 1e-05 1e-05 1e-05; % D D=0.02
0.25494 0.19494 4e-05 4e-05 4e-05 4e-05 4e-05 0.25994 4e-05 0.28994; % G D=0.02
1e-05 1e-05 1e-05 1e-05 1e-05 1e-05 0.99991 1e-05 1e-05 1e-05; % V D=0.02
1e-05 1e-05 1e-05 1e-05 1e-05 0.99991 1e-05 1e-05 1e-05 1e-05; % f D=0.02
1e-05 1e-05 0.99991 1e-05 1e-05 1e-05 1e-05 1e-05 1e-05 1e-05; % l D=0.02
0.27494 0.28494 4e-05 4e-05 4e-05 4e-05 4e-05 0.22994 4e-05 0.20994; % n D=0.02
1e-05 1e-05 1e-05 0.99991 1e-05 1e-05 1e-05 1e-05 1e-05 1e-05; % r D=0.02
0.21994 0.29494 4e-05 4e-05 4e-05 4e-05 4e-05 0.28494 4e-05 0.19994; % t D=0.02
1e-05 1e-05 1e-05 1e-05 1e-05 1e-05 1e-05 1e-05 0.99991 1e-05; % v D=0.02
0.0001 0.299766666666667 0.0001 0.0001 0.0001 0.0001 0.0001 0.299766666666667 0.0001 0.399766666666667; % $ D=0.05
2.5e-05 2.5e-05 2.5e-05 2.5e-05 0.999775 2.5e-05 2.5e-05 2.5e-05 2.5e-05 2.5e-05; % D D=0.05
0.25485 0.19485 0.0001 0.0001 0.0001 0.0001 0.0001 0.25985 0.0001 0.28985; % G D=0.05
2.5e-05 2.5e-05 2.5e-05 2.5e-05 2.5e-05 2.5e-05 0.999775 2.5e-05 2.5e-05 2.5e-05; % V D=0.05
2.5e-05 2.5e-05 2.5e-05 2.5e-05 2.5e-05 0.999775 2.5e-05 2.5e-05 2.5e-05 2.5e-05; % f D=0.05
2.5e-05 2.5e-05 0.999775 2.5e-05 2.5e-05 2.5e-05 2.5e-05 2.5e-05 2.5e-05 2.5e-05; % l D=0.05
0.27485 0.28485 0.0001 0.0001 0.0001 0.0001 0.0001 0.22985 0.0001 0.20985; % n D=0.05
2.5e-05 2.5e-05 2.5e-05 0.999775 2.5e-05 2.5e-05 2.5e-05 2.5e-05 2.5e-05 2.5e-05; % r D=0.05
0.21985 0.29485 0.0001 0.0001 0.0001 0.0001 0.0001 0.28485 0.0001 0.19985; % t D=0.05
2.5e-05 2.5e-05 2.5e-05 2.5e-05 2.5e-05 2.5e-05 2.5e-05 2.5e-05 0.999775 2.5e-05; % v D=0.05
0.0002 0.299533333333333 0.0002 0.0002 0.0002 0.0002 0.0002 0.299533333333333 0.0002 0.399533333333333; % $ D=0.1
5e-05 5e-05 5e-05 5e-05 0.99955 5e-05 5e-05 5e-05 5e-05 5e-05; % D D=0.1
0.2547 0.1947 0.0002 0.0002 0.0002 0.0002 0.0002 0.2597 0.0002 0.2897; % G D=0.1
5e-05 5e-05 5e-05 5e-05 5e-05 5e-05 0.99955 5e-05 5e-05 5e-05; % V D=0.1
5e-05 5e-05 5e-05 5e-05 5e-05 0.99955 5e-05 5e-05 5e-05 5e-05; % f D=0.1
5e-05 5e-05 0.99955 5e-05 5e-05 5e-05 5e-05 5e-05 5e-05 5e-05; % l D=0.1
0.2747 0.2847 0.0002 0.0002 0.0002 0.0002 0.0002 0.2297 0.0002 0.2097; % n D=0.1
5e-05 5e-05 5e-05 0.99955 5e-05 5e-05 5e-05 5e-05 5e-05 5e-05; % r D=0.1
0.2197 0.2947 0.0002 0.0002 0.0002 0.0002 0.0002 0.2847 0.0002 0.1997; % t D=0.1
5e-05 5e-05 5e-05 5e-05 5e-05 5e-05 5e-05 5e-05 0.99955 5e-05; % v D=0.1
0.0004 0.299066666666667 0.0004 0.0004 0.0004 0.0004 0.0004 0.299066666666667 0.0004 0.399066666666667; % $ D=0.2
0.0001 0.0001 0.0001 0.0001 0.9991 0.0001 0.0001 0.0001 0.0001 0.0001; % D D=0.2
0.2544 0.1944 0.0004 0.0004 0.0004 0.0004 0.0004 0.2594 0.0004 0.2894; % G D=0.2
0.0001 0.0001 0.0001 0.0001 0.0001 0.0001 0.9991 0.0001 0.0001 0.0001; % V D=0.2
0.0001 0.0001 0.0001 0.0001 0.0001 0.9991 0.0001 0.0001 0.0001 0.0001; % f D=0.2
0.0001 0.0001 0.9991 0.0001 0.0001 0.0001 0.0001 0.0001 0.0001 0.0001; % l D=0.2
0.2744 0.2844 0.0004 0.0004 0.0004 0.0004 0.0004 0.2294 0.0004 0.2094; % n D=0.2
0.0001 0.0001 0.0001 0.9991 0.0001 0.0001 0.0001 0.0001 0.0001 0.0001; % r D=0.2
0.2194 0.2944 0.0004 0.0004 0.0004 0.0004 0.0004 0.2844 0.0004 0.1994; % t D=0.2
0.0001 0.0001 0.0001 0.0001 0.0001 0.0001 0.0001 0.0001 0.9991 0.0001; % v D=0.2
0.001 0.297666666666667 0.001 0.001 0.001 0.001 0.001 0.297666666666667 0.001 0.397666666666667; % $ D=0.5
0.00025 0.00025 0.00025 0.00025 0.99775 0.00025 0.00025 0.00025 0.00025 0.00025; % D D=0.5
0.2535 0.1935 0.001 0.001 0.001 0.001 0.001 0.2585 0.001 0.2885; % G D=0.5
0.00025 0.00025 0.00025 0.00025 0.00025 0.00025 0.99775 0.00025 0.00025 0.00025; % V D=0.5
0.00025 0.00025 0.00025 0.00025 0.00025 0.99775 0.00025 0.00025 0.00025 0.00025; % f D=0.5
0.00025 0.00025 0.99775 0.00025 0.00025 0.00025 0.00025 0.00025 0.00025 0.00025; % l D=0.5
0.2735 0.2835 0.001 0.001 0.001 0.001 0.001 0.2285 0.001 0.2085; % n D=0.5
0.00025 0.00025 0.00025 0.99775 0.00025 0.00025 0.00025 0.00025 0.00025 0.00025; % r D=0.5
0.2185 0.2935 0.001 0.001 0.001 0.001 0.001 0.2835 0.001 0.1985; % t D=0.5
0.00025 0.00025 0.00025 0.00025 0.00025 0.00025 0.00025 0.00025 0.99775 0.00025; % v D=0.5
0.002 0.295333333333333 0.002 0.002 0.002 0.002 0.002 0.295333333333333 0.002 0.395333333333333; % $ D=1
0.0005 0.0005 0.0005 0.0005 0.9955 0.0005 0.0005 0.0005 0.0005 0.0005; % D D=1
0.252 0.192 0.002 0.002 0.002 0.002 0.002 0.257 0.002 0.287; % G D=1
0.0005 0.0005 0.0005 0.0005 0.0005 0.0005 0.9955 0.0005 0.0005 0.0005; % V D=1
0.0005 0.0005 0.0005 0.0005 0.0005 0.9955 0.0005 0.0005 0.0005 0.0005; % f D=1
0.0005 0.0005 0.9955 0.0005 0.0005 0.0005 0.0005 0.0005 0.0005 0.0005; % l D=1
0.272 0.282 0.002 0.002 0.002 0.002 0.002 0.227 0.002 0.207; % n D=1
0.0005 0.0005 0.0005 0.9955 0.0005 0.0005 0.0005 0.0005 0.0005 0.0005; % r D=1
0.217 0.292 0.002 0.002 0.002 0.002 0.002 0.282 0.002 0.197; % t D=1
0.0005 0.0005 0.0005 0.0005 0.0005 0.0005 0.0005 0.0005 0.9955 0.0005; % v D=1
0.004 0.290666666666667 0.004 0.004 0.004 0.004 0.004 0.290666666666667 0.004 0.390666666666667; % $ D=2
0.001 0.001 0.001 0.001 0.991 0.001 0.001 0.001 0.001 0.001; % D D=2
0.249 0.189 0.004 0.004 0.004 0.004 0.004 0.254 0.004 0.284; % G D=2
0.001 0.001 0.001 0.001 0.001 0.001 0.991 0.001 0.001 0.001; % V D=2
0.001 0.001 0.001 0.001 0.001 0.991 0.001 0.001 0.001 0.001; % f D=2
0.001 0.001 0.991 0.001 0.001 0.001 0.001 0.001 0.001 0.001; % l D=2
0.269 0.279 0.004 0.004 0.004 0.004 0.004 0.224 0.004 0.204; % n D=2
0.001 0.001 0.001 0.991 0.001 0.001 0.001 0.001 0.001 0.001; % r D=2
0.214 0.289 0.004 0.004 0.004 0.004 0.004 0.279 0.004 0.194; % t D=2
0.001 0.001 0.001 0.001 0.001 0.001 0.001 0.001 0.991 0.001; % v D=2
0.006 0.286 0.006 0.006 0.006 0.006 0.006 0.286 0.006 0.386; % $ D=3
0.0015 0.0015 0.0015 0.0015 0.9865 0.0015 0.0015 0.0015 0.0015 0.0015; % D D=3
0.246 0.186 0.006 0.006 0.006 0.006 0.006 0.251 0.006 0.281; % G D=3
0.0015 0.0015 0.0015 0.0015 0.0015 0.0015 0.9865 0.0015 0.0015 0.0015; % V D=3
0.0015 0.0015 0.0015 0.0015 0.0015 0.9865 0.0015 0.0015 0.0015 0.0015; % f D=3
0.0015 0.0015 0.9865 0.0015 0.0015 0.0015 0.0015 0.0015 0.0015 0.0015; % l D=3
0.266 0.276 0.006 0.006 0.006 0.006 0.006 0.221 0.006 0.201; % n D=3
0.0015 0.0015 0.0015 0.9865 0.0015 0.0015 0.0015 0.0015 0.0015 0.0015; % r D=3
0.211 0.286 0.006 0.006 0.006 0.006 0.006 0.276 0.006 0.191; % t D=3
0.0015 0.0015 0.0015 0.0015 0.0015 0.0015 0.0015 0.0015 0.9865 0.0015; % v D=3
0.008 0.281333333333333 0.008 0.008 0.008 0.008 0.008 0.281333333333333 0.008 0.381333333333333; % $ D=4
0.002 0.002 0.002 0.002 0.982 0.002 0.002 0.002 0.002 0.002; % D D=4
0.243 0.183 0.008 0.008 0.008 0.008 0.008 0.248 0.008 0.278; % G D=4
0.002 0.002 0.002 0.002 0.002 0.002 0.982 0.002 0.002 0.002; % V D=4
0.002 0.002 0.002 0.002 0.002 0.982 0.002 0.002 0.002 0.002; % f D=4
0.002 0.002 0.982 0.002 0.002 0.002 0.002 0.002 0.002 0.002; % l D=4
0.263 0.273 0.008 0.008 0.008 0.008 0.008 0.218 0.008 0.198; % n D=4
0.002 0.002 0.002 0.982 0.002 0.002 0.002 0.002 0.002 0.002; % r D=4
0.208 0.283 0.008 0.008 0.008 0.008 0.008 0.273 0.008 0.188; % t D=4
0.002 0.002 0.002 0.002 0.002 0.002 0.002 0.002 0.982 0.002; % v D=4
0.01 0.276666666666667 0.01 0.01 0.01 0.01 0.01 0.276666666666667 0.01 0.376666666666667; % $ D=5
0.0025 0.0025 0.0025 0.0025 0.9775 0.0025 0.0025 0.0025 0.0025 0.0025; % D D=5
0.24 0.18 0.01 0.01 0.01 0.01 0.01 0.245 0.01 0.275; % G D=5
0.0025 0.0025 0.0025 0.0025 0.0025 0.0025 0.9775 0.0025 0.0025 0.0025; % V D=5
0.0025 0.0025 0.0025 0.0025 0.0025 0.9775 0.0025 0.0025 0.0025 0.0025; % f D=5
0.0025 0.0025 0.9775 0.0025 0.0025 0.0025 0.0025 0.0025 0.0025 0.0025; % l D=5
0.26 0.27 0.01 0.01 0.01 0.01 0.01 0.215 0.01 0.195; % n D=5
0.0025 0.0025 0.0025 0.9775 0.0025 0.0025 0.0025 0.0025 0.0025 0.0025; % r D=5
0.205 0.28 0.01 0.01 0.01 0.01 0.01 0.27 0.01 0.185; % t D=5
0.0025 0.0025 0.0025 0.0025 0.0025 0.0025 0.0025 0.0025 0.9775 0.0025; % v D=5
0.012 0.272 0.012 0.012 0.012 0.012 0.012 0.272 0.012 0.372; % $ D=6
0.003 0.003 0.003 0.003 0.973 0.003 0.003 0.003 0.003 0.003; % D D=6
0.237 0.177 0.012 0.012 0.012 0.012 0.012 0.242 0.012 0.272; % G D=6
0.003 0.003 0.003 0.003 0.003 0.003 0.973 0.003 0.003 0.003; % V D=6
0.003 0.003 0.003 0.003 0.003 0.973 0.003 0.003 0.003 0.003; % f D=6
0.003 0.003 0.973 0.003 0.003 0.003 0.003 0.003 0.003 0.003; % l D=6
0.257 0.267 0.012 0.012 0.012 0.012 0.012 0.212 0.012 0.192; % n D=6
0.003 0.003 0.003 0.973 0.003 0.003 0.003 0.003 0.003 0.003; % r D=6
0.202 0.277 0.012 0.012 0.012 0.012 0.012 0.267 0.012 0.182; % t D=6
0.003 0.003 0.003 0.003 0.003 0.003 0.003 0.003 0.973 0.003; % v D=6
0.016 0.262666666666667 0.016 0.016 0.016 0.016 0.016 0.262666666666667 0.016 0.362666666666667; % $ D=8
0.004 0.004 0.004 0.004 0.964 0.004 0.004 0.004 0.004 0.004; % D D=8
0.231 0.171 0.016 0.016 0.016 0.016 0.016 0.236 0.016 0.266; % G D=8
0.004 0.004 0.004 0.004 0.004 0.004 0.964 0.004 0.004 0.004; % V D=8
0.004 0.004 0.004 0.004 0.004 0.964 0.004 0.004 0.004 0.004; % f D=8
0.004 0.004 0.964 0.004 0.004 0.004 0.004 0.004 0.004 0.004; % l D=8
0.251 0.261 0.016 0.016 0.016 0.016 0.016 0.206 0.016 0.186; % n D=8
0.004 0.004 0.004 0.964 0.004 0.004 0.004 0.004 0.004 0.004; % r D=8
0.196 0.271 0.016 0.016 0.016 0.016 0.016 0.261 0.016 0.176; % t D=8
0.004 0.004 0.004 0.004 0.004 0.004 0.004 0.004 0.964 0.004; % v D=8
0.02 0.253333333333333 0.02 0.02 0.02 0.02 0.02 0.253333333333333 0.02 0.353333333333333; % $ D=10
0.005 0.005 0.005 0.005 0.955 0.005 0.005 0.005 0.005 0.005; % D D=10
0.225 0.165 0.02 0.02 0.02 0.02 0.02 0.23 0.02 0.26; % G D=10
0.005 0.005 0.005 0.005 0.005 0.005 0.955 0.005 0.005 0.005; % V D=10
0.005 0.005 0.005 0.005 0.005 0.955 0.005 0.005 0.005 0.005; % f D=10
0.005 0.005 0.955 0.005 0.005 0.005 0.005 0.005 0.005 0.005; % l D=10
0.245 0.255 0.02 0.02 0.02 0.02 0.02 0.2 0.02 0.18; % n D=10
0.005 0.005 0.005 0.955 0.005 0.005 0.005 0.005 0.005 0.005; % r D=10
0.19 0.265 0.02 0.02 0.02 0.02 0.02 0.255 0.02 0.17; % t D=10
0.005 0.005 0.005 0.005 0.005 0.005 0.005 0.005 0.955 0.005; % v D=10
0.03 0.23 0.03 0.03 0.03 0.03 0.03 0.23 0.03 0.33; % $ D=15
0.0075 0.0075 0.0075 0.0075 0.9325 0.0075 0.0075 0.0075 0.0075 0.0075; % D D=15
0.21 0.15 0.03 0.03 0.03 0.03 0.03 0.215 0.03 0.245; % G D=15
0.0075 0.0075 0.0075 0.0075 0.0075 0.0075 0.9325 0.0075 0.0075 0.0075; % V D=15
0.0075 0.0075 0.0075 0.0075 0.0075 0.9325 0.0075 0.0075 0.0075 0.0075; % f D=15
0.0075 0.0075 0.9325 0.0075 0.0075 0.0075 0.0075 0.0075 0.0075 0.0075; % l D=15
0.23 0.24 0.03 0.03 0.03 0.03 0.03 0.185 0.03 0.165; % n D=15
0.0075 0.0075 0.0075 0.9325 0.0075 0.0075 0.0075 0.0075 0.0075 0.0075; % r D=15
0.175 0.25 0.03 0.03 0.03 0.03 0.03 0.24 0.03 0.155; % t D=15
0.0075 0.0075 0.0075 0.0075 0.0075 0.0075 0.0075 0.0075 0.9325 0.0075; % v D=15
0.04 0.206666666666667 0.04 0.04 0.04 0.04 0.04 0.206666666666667 0.04 0.306666666666667; % $ D=20
0.01 0.01 0.01 0.01 0.91 0.01 0.01 0.01 0.01 0.01; % D D=20
0.195 0.135 0.04 0.04 0.04 0.04 0.04 0.2 0.04 0.23; % G D=20
0.01 0.01 0.01 0.01 0.01 0.01 0.91 0.01 0.01 0.01; % V D=20
0.01 0.01 0.01 0.01 0.01 0.91 0.01 0.01 0.01 0.01; % f D=20
0.01 0.01 0.91 0.01 0.01 0.01 0.01 0.01 0.01 0.01; % l D=20
0.215 0.225 0.04 0.04 0.04 0.04 0.04 0.17 0.04 0.15; % n D=20
0.01 0.01 0.01 0.91 0.01 0.01 0.01 0.01 0.01 0.01; % r D=20
0.16 0.235 0.04 0.04 0.04 0.04 0.04 0.225 0.04 0.14; % t D=20
0.01 0.01 0.01 0.01 0.01 0.01 0.01 0.01 0.91 0.01; % v D=20
0.06 0.16 0.06 0.06 0.06 0.06 0.06 0.16 0.06 0.26; % $ D=30
0.015 0.015 0.015 0.015 0.865 0.015 0.015 0.015 0.015 0.015; % D D=30
0.165 0.105 0.06 0.06 0.06 0.06 0.06 0.17 0.06 0.2; % G D=30
0.015 0.015 0.015 0.015 0.015 0.015 0.865 0.015 0.015 0.015; % V D=30
0.015 0.015 0.015 0.015 0.015 0.865 0.015 0.015 0.015 0.015; % f D=30
0.015 0.015 0.865 0.015 0.015 0.015 0.015 0.015 0.015 0.015; % l D=30
0.185 0.195 0.06 0.06 0.06 0.06 0.06 0.14 0.06 0.12; % n D=30
0.015 0.015 0.015 0.865 0.015 0.015 0.015 0.015 0.015 0.015; % r D=30
0.13 0.205 0.06 0.06 0.06 0.06 0.06 0.195 0.06 0.11; % t D=30
0.015 0.015 0.015 0.015 0.015 0.015 0.015 0.015 0.865 0.015; % v D=30
0.1 0.1 0.1 0.1 0.1 0.1 0.1 0.1 0.1 0.166666666666667; % $ D=50
0.025 0.025 0.025 0.025 0.775 0.025 0.025 0.025 0.025 0.025; % D D=50
0.105 0.1 0.1 0.1 0.1 0.1 0.1 0.11 0.1 0.14; % G D=50
0.025 0.025 0.025 0.025 0.025 0.025 0.775 0.025 0.025 0.025; % V D=50
0.025 0.025 0.025 0.025 0.025 0.775 0.025 0.025 0.025 0.025; % f D=50
0.025 0.025 0.775 0.025 0.025 0.025 0.025 0.025 0.025 0.025; % l D=50
0.125 0.135 0.1 0.1 0.1 0.1 0.1 0.1 0.1 0.1; % n D=50
0.025 0.025 0.025 0.775 0.025 0.025 0.025 0.025 0.025 0.025; % r D=50
0.1 0.145 0.1 0.1 0.1 0.1 0.1 0.135 0.1 0.1; % t D=50
0.025 0.025 0.025 0.025 0.025 0.025 0.025 0.025 0.775 0.025]; % v D=50
