syllables = '$DGKPdfkpz';
discounts = [0.01 0.02 0.05 0.1 0.2 0.5 1 2 3 4 5 6 8 10 15 20 30 50];
kn_probs = [2e-05 2e-05 2e-05 2e-05 2e-05 0.313286666666667 2e-05 2e-05 0.313286666666667 0.373286666666667; % $ D=0.01
5e-06 5e-06 0.999955 5e-06 5e-06 5e-06 5e-06 5e-06 5e-06 5e-06; % D D=0.01
0.25997 2e-05 2e-05 2e-05 2e-05 0.20497 2e-05 2e-05 0.18997 0.34497; % G D=0.01
0.22997 2e-05 2e-05 2e-05 2e-05 0.23997 2e-05 2e-05 0.36997 0.15997; % K D=0.01
5e-06 5e-06 5e-06 0.999955 5e-06 5e-06 5e-06 5e-06 5e-06 5e-06; % P D=0.01
5e-06 0.999955 5e-06 5e-06 5e-06 5e-06 5e-06 5e-06 5e-06 5e-06; % d D=0.01
5e-06 5e-06 5e-06 5e-06 0.999955 5e-06 5e-06 5e-06 5e-06 5e-06; % f D=0.01
0.25997 2e-05 2e-05 2e-05 2e-05 0.31997 2e-05 2e-05 0.20497 0.21497; % k D=0.01
5e-06 5e-06 5e-06 5e-06 5e-06 5e-06 5e-06 0.999955 5e-06 5e-06; % p D=0.01
5e-06 5e-06 5e-06 5e-06 5e-06 5e-06 0.999955 5e-06 5e-06 5e-06; % z D=0.01
4e-05 4e-05 4e-05 4e-05 4e-05 0.31324 4e-05 4e-05 0.31324 0.37324; % $ D=0.02
1e-05 1e-05 0.99991 1e-05 1e-05 1e-05 1e-05 1e-05 1e-05 1e-05; % D D=0.02
0.25994 4e-05 4e-05 4e-05 4e-05 0.20494 4e-05 4e-05 0.18994 0.34494; % G D=0.02
0.22994 4e-05 4e-05 4e-05 4e-05 0.23994 4e-05 4e-05 0.36994 0.15994; % K D=0.02
1e-05 1e-05 1e-05 0.99991 1e-05 1e-05 1e-05 1e-05 1e-05 1e-05; % P D=0.02
1e-05 0.99991 1e-05 1e-05 1e-05 1e-05 1e-05 1e-05 1e-05 1e-05; % d D=0.02
1e-05 1e-05 1e-05 1e-05 0.99991 1e-05 1e-05 1e-05 1e-05 1e-05; % f D=0.02
0.25994 4e-05 4e-05 4e-05 4e-05 0.31994 4e-05 4e-05 0.20494 0.21494; % k D=0.02
1e-05 1e-05 1e-05 1e-05 1e-05 1e-05 1e-05 0.99991 1e-05 1e-05; % p D=0.02
1e-05 1e-05 1e-05 1e-05 1e-05 1e-05 0.99991 1e-05 1e-05 1e-05; % z D=0.02
0.0001 0.0001 0.0001 0.0001 0.0001 0.3131 0.0001 0.0001 0.3131 0.3731; % $ D=0.05
2.5e-05 2.5e-05 0.999775 2.5e-05 2.5e-05 2.5e-05 2.5e-05 2.5e-05 2.5e-05 2.5e-05; % D D=0.05
0.25985 0.0001 0.0001 0.0001 0.0001 0.20485 0.0001 0.0001 0.18985 0.34485; % G D=0.05
0.22985 0.0001 0.0001 0.0001 0.0001 0.23985 0.0001 0.0001 0.36985 0.15985; % K D=0.05
2.5e-05 2.5e-05 2.5e-05 0.999775 2.5e-05 2.5e-05 2.5e-05 2.5e-05 2.5e-05 2.5e-05; % P D=0.05
2.5e-05 0.999775 2.5e-05 2.5e-05 2.5e-05 2.5e-05 2.5e-05 2.5e-05 2.5e-05 2.5e-05; % d D=0.05
2.5e-05 2.5e-05 2.5e-05 2.5e-05 0.999775 2.5e-05 2.5e-05 2.5e-05 2.5e-05 2.5e-05; % f D=0.05
0.25985 0.0001 0.0001 0.0001 0.0001 0.31985 0.0001 0.0001 0.20485 0.21485; % k D=0.05
2.5e-05 2.5e-05 2.5e-05 2.5e-05 2.5e-05 2.5e-05 2.5e-05 0.999775 2.5e-05 2.5e-05; % p D=0.05
2.5e-05 2.5e-05 2.5e-05 2.5e-05 2.5e-05 2.5e-05 0.999775 2.5e-05 2.5e-05 2.5e-05; % z D=0.05
0.0002 0.0002 0.0002 0.0002 0.0002 0.312866666666667 0.0002 0.0002 0.312866666666667 0.372866666666667; % $ D=0.1
5e-05 5e-05 0.99955 5e-05 5e-05 5e-05 5e-05 5e-05 5e-05 5e-05; % D D=0.1
0.2597 0.0002 0.0002 0.0002 0.0002 0.2047 0.0002 0.0002 0.1897 0.3447; % G D=0.1
0.2297 0.0002 0.0002 0.0002 0.0002 0.2397 0.0002 0.0002 0.3697 0.1597; % K D=0.1
5e-05 5e-05 5e-05 0.99955 5e-05 5e-05 5e-05 5e-05 5e-05 5e-05; % P D=0.1
5e-05 0.99955 5e-05 5e-05 5e-05 5e-05 5e-05 5e-05 5e-05 5e-05; % d D=0.1
5e-05 5e-05 5e-05 5e-05 0.99955 5e-05 5e-05 5e-05 5e-05 5e-05; % f D=0.1
0.2597 0.0002 0.0002 0.0002 0.0002 0.3197 0.0002 0.0002 0.2047 0.2147; % k D=0.1
5e-05 5e-05 5e-05 5e-05 5e-05 5e-05 5e-05 0.99955 5e-05 5e-05; % p D=0.1
5e-05 5e-05 5e-05 5e-05 5e-05 5e-05 0.99955 5e-05 5e-05 5e-05; % z D=0.1
0.0004 0.0004 0.0004 0.0004 0.0004 0.3124 0.0004 0.0004 0.3124 0.3724; % $ D=0.2
0.0001 0.0001 0.9991 0.0001 0.0001 0.0001 0.0001 0.0001 0.0001 0.0001; % D D=0.2
0.2594 0.0004 0.0004 0.0004 0.0004 0.2044 0.0004 0.0004 0.1894 0.3444; % G D=0.2
0.2294 0.0004 0.0004 0.0004 0.0004 0.2394 0.0004 0.0004 0.3694 0.1594; % K D=0.2
0.0001 0.0001 0.0001 0.9991 0.0001 0.0001 0.0001 0.0001 0.0001 0.0001; % P D=0.2
0.0001 0.9991 0.0001 0.0001 0.0001 0.0001 0.0001 0.0001 0.0001 0.0001; % d D=0.2
0.0001 0.0001 0.0001 0.0001 0.9991 0.0001 0.0001 0.0001 0.0001 0.0001; % f D=0.2
0.2594 0.0004 0.0004 0.0004 0.0004 0.3194 0.0004 0.0004 0.2044 0.2144; % k D=0.2
0.0001 0.0001 0.0001 0.0001 0.0001 0.0001 0.0001 0.9991 0.0001 0.0001; % p D=0.2
0.0001 0.0001 0.0001 0.0001 0.0001 0.0001 0.9991 0.0001 0.0001 0.0001; % z D=0.2
0.001 0.001 0.001 0.001 0.001 0.311 0.001 0.001 0.311 0.371; % $ D=0.5
0.00025 0.00025 0.99775 0.00025 0.00025 0.00025 0.00025 0.00025 0.00025 0.00025; % D D=0.5
0.2585 0.001 0.001 0.001 0.001 0.2035 0.001 0.001 0.1885 0.3435; % G D=0.5
0.2285 0.001 0.001 0.001 0.001 0.2385 0.001 0.001 0.3685 0.1585; % K D=0.5
0.00025 0.00025 0.00025 0.99775 0.00025 0.00025 0.00025 0.00025 0.00025 0.00025; % P D=0.5
0.00025 0.99775 0.00025 0.00025 0.00025 0.00025 0.00025 0.00025 0.00025 0.00025; % d D=0.5
0.00025 0.00025 0.00025 0.00025 0.99775 0.00025 0.00025 0.00025 0.00025 0.00025; % f D=0.5
0.2585 0.001 0.001 0.001 0.001 0.3185 0.001 0.001 0.2035 0.2135; % k D=0.5
0.00025 0.00025 0.00025 0.00025 0.00025 0.00025 0.00025 0.99775 0.00025 0.00025; % p D=0.5
0.00025 0.00025 0.00025 0.00025 0.00025 0.00025 0.99775 0.00025 0.00025 0.00025; % z D=0.5
0.002 0.002 0.002 0.002 0.002 0.308666666666667 0.002 0.002 0.308666666666667 0.368666666666667; % $ D=1
0.0005 0.0005 0.9955 0.0005 0.0005 0.0005 0.0005 0.0005 0.0005 0.0005; % D D=1
0.257 0.002 0.002 0.002 0.002 0.202 0.002 0.002 0.187 0.342; % G D=1
0.227 0.002 0.002 0.002 0.002 0.237 0.002 0.002 0.367 0.157; % K D=1
0.0005 0.0005 0.0005 0.9955 0.0005 0.0005 0.0005 0.0005 0.0005 0.0005; % P D=1
0.0005 0.9955 0.0005 0.0005 0.0005 0.0005 0.0005 0.0005 0.0005 0.0005; % d D=1
0.0005 0.0005 0.0005 0.0005 0.9955 0.0005 0.0005 0.0005 0.0005 0.0005; % f D=1
0.257 0.002 0.002 0.002 0.002 0.317 0.002 0.002 0.202 0.212; % k D=1
0.0005 0.0005 0.0005 0.0005 0.0005 0.0005 0.0005 0.9955 0.0005 0.0005; % p D=1
0.0005 0.0005 0.0005 0.0005 0.0005 0.0005 0.9955 0.0005 0.0005 0.0005; % z D=1
0.004 0.004 0.004 0.004 0.004 0.304 0.004 0.004 0.304 0.364; % $ D=2
0.001 0.001 0.991 0.001 0.001 0.001 0.001 0.001 0.001 0.001; % D D=2
0.254 0.004 0.004 0.004 0.004 0.199 0.004 0.004 0.184 0.339; % G D=2
0.224 0.004 0.004 0.004 0.004 0.234 0.004 0.004 0.364 0.154; % K D=2
0.001 0.001 0.001 0.991 0.001 0.001 0.001 0.001 0.001 0.001; % P D=2
0.001 0.991 0.001 0.001 0.001 0.001 0.001 0.001 0.001 0.001; % d D=2
0.001 0.001 0.001 0.001 0.991 0.001 0.001 0.001 0.001 0.001; % f D=2
0.254 0.004 0.004 0.004 0.004 0.314 0.004 0.004 0.199 0.209; % k D=2
0.001 0.001 0.001 0.001 0.001 0.001 0.001 0.991 0.001 0.001; % p D=2
0.001 0.001 0.001 0.001 0.001 0.001 0.991 0.001 0.001 0.001; % z D=2
0.006 0.006 0.006 0.006 0.006 0.299333333333333 0.006 0.006 0.299333333333333 0.359333333333333; % $ D=3
0.0015 0.0015 0.9865 0.0015 0.0015 0.0015 0.0015 0.0015 0.0015 0.0015; % D D=3
0.251 0.006 0.006 0.006 0.006 0.196 0.006 0.006 0.181 0.336; % G D=3
0.221 0.006 0.006 0.006 0.006 0.231 0.006 0.006 0.361 0.151; % K D=3
0.0015 0.0015 0.0015 0.9865 0.0015 0.0015 0.0015 0.0015 0.0015 0.0015; % P D=3
0.0015 0.9865 0.0015 0.0015 0.0015 0.0015 0.0015 0.0015 0.0015 0.0015; % d D=3
0.0015 0.0015 0.0015 0.0015 0.9865 0.0015 0.0015 0.0015 0.0015 0.0015; % f D=3
0.251 0.006 0.006 0.006 0.006 0.311 0.006 0.006 0.196 0.206; % k D=3
0.0015 0.0015 0.0015 0.0015 0.0015 0.0015 0.0015 0.9865 0.0015 0.0015; % p D=3
0.0015 0.0015 0.0015 0.0015 0.0015 0.0015 0.9865 0.0015 0.0015 0.0015; % z D=3
0.008 0.008 0.008 0.008 0.008 0.294666666666667 0.008 0.008 0.294666666666667 0.354666666666667; % $ D=4
0.002 0.002 0.982 0.002 0.002 0.002 0.002 0.002 0.002 0.002; % D D=4
0.248 0.008 0.008 0.008 0.008 0.193 0.008 0.008 0.178 0.333; % G D=4
0.218 0.008 0.008 0.008 0.008 0.228 0.008 0.008 0.358 0.148; % K D=4
0.002 0.002 0.002 0.982 0.002 0.002 0.002 0.002 0.002 0.002; % P D=4
0.002 0.982 0.002 0.002 0.002 0.002 0.002 0.002 0.002 0.002; % d D=4
0.002 0.002 0.002 0.002 0.982 0.002 0.002 0.002 0.002 0.002; % f D=4
0.248 0.008 0.008 0.008 0.008 0.308 0.008 0.008 0.193 0.203; % k D=4
0.002 0.002 0.002 0.002 0.002 0.002 0.002 0.982 0.002 0.002; % p D=4
0.002 0.002 0.002 0.002 0.002 0.002 0.982 0.002 0.002 0.002; % z D=4
0.01 0.01 0.01 0.01 0.01 0.29 0.01 0.01 0.29 0.35; % $ D=5
0.0025 0.0025 0.9775 0.0025 0.0025 0.0025 0.0025 0.0025 0.0025 0.0025; % D D=5
0.245 0.01 0.01 0.01 0.01 0.19 0.01 0.01 0.175 0.33; % G D=5
0.215 0.01 0.01 0.01 0.01 0.225 0.01 0.01 0.355 0.145; % K D=5
0.0025 0.0025 0.0025 0.9775 0.0025 0.0025 0.0025 0.0025 0.0025 0.0025; % P D=5
0.0025 0.9775 0.0025 0.0025 0.0025 0.0025 0.0025 0.0025 0.0025 0.0025; % d D=5
0.0025 0.0025 0.0025 0.0025 0.9775 0.0025 0.0025 0.0025 0.0025 0.0025; % f D=5
0.245 0.01 0.01 0.01 0.01 0.305 0.01 0.01 0.19 0.2; % k D=5
0.0025 0.0025 0.0025 0.0025 0.0025 0.0025 0.0025 0.9775 0.0025 0.0025; % p D=5
0.0025 0.0025 0.0025 0.0025 0.0025 0.0025 0.9775 0.0025 0.0025 0.0025; % z D=5
0.012 0.012 0.012 0.012 0.012 0.285333333333333 0.012 0.012 0.285333333333333 0.345333333333333; % $ D=6
0.003 0.003 0.973 0.003 0.003 0.003 0.003 0.003 0.003 0.003; % D D=6
0.242 0.012 0.012 0.012 0.012 0.187 0.012 0.012 0.172 0.327; % G D=6
0.212 0.012 0.012 0.012 0.012 0.222 0.012 0.012 0.352 0.142; % K D=6
0.003 0.003 0.003 0.973 0.003 0.003 0.003 0.003 0.003 0.003; % P D=6
0.003 0.973 0.003 0.003 0.003 0.003 0.003 0.003 0.003 0.003; % d D=6
0.003 0.003 0.003 0.003 0.973 0.003 0.003 0.003 0.003 0.003; % f D=6
0.242 0.012 0.012 0.012 0.012 0.302 0.012 0.012 0.187 0.197; % k D=6
0.003 0.003 0.003 0.003 0.003 0.003 0.003 0.973 0.003 0.003; % p D=6
0.003 0.003 0.003 0.003 0.003 0.003 0.973 0.003 0.003 0.003; % z D=6
0.016 0.016 0.016 0.016 0.016 0.276 0.016 0.016 0.276 0.336; % $ D=8
0.004 0.004 0.964 0.004 0.004 0.004 0.004 0.004 0.004 0.004; % D D=8
0.236 0.016 0.016 0.016 0.016 0.181 0.016 0.016 0.166 0.321; % G D=8
0.206 0.016 0.016 0.016 0.016 0.216 0.016 0.016 0.346 0.136; % K D=8
0.004 0.004 0.004 0.964 0.004 0.004 0.004 0.004 0.004 0.004; % P D=8
0.004 0.964 0.004 0.004 0.004 0.004 0.004 0.004 0.004 0.004; % d D=8
0.004 0.004 0.004 0.004 0.964 0.004 0.004 0.004 0.004 0.004; % f D=8
0.236 0.016 0.016 0.016 0.016 0.296 0.016 0.016 0.181 0.191; % k D=8
0.004 0.004 0.004 0.004 0.004 0.004 0.004 0.964 0.004 0.004; % p D=8
0.004 0.004 0.004 0.004 0.004 0.004 0.964 0.004 0.004 0.004; % z D=8
0.02 0.02 0.02 0.02 0.02 0.266666666666667 0.02 0.02 0.266666666666667 0.326666666666667; % $ D=10
0.005 0.005 0.955 0.005 0.005 0.005 0.005 0.005 0.005 0.005; % D D=10
0.23 0.02 0.02 0.02 0.02 0.175 0.02 0.02 0.16 0.315; % G D=10
0.2 0.02 0.02 0.02 0.02 0.21 0.02 0.02 0.34 0.13; % K D=10
0.005 0.005 0.005 0.955 0.005 0.005 0.005 0.005 0.005 0.005; % P D=10
0.005 0.955 0.005 0.005 0.005 0.005 0.005 0.005 0.005 0.005; % d D=10
0.005 0.005 0.005 0.005 0.955 0.005 0.005 0.005 0.005 0.005; % f D=10
0.23 0.02 0.02 0.02 0.02 0.29 0.02 0.02 0.175 0.185; % k D=10
0.005 0.005 0.005 0.005 0.005 0.005 0.005 0.955 0.005 0.005; % p D=10
0.005 0.005 0.005 0.005 0.005 0.005 0.955 0.005 0.005 0.005; % z D=10
0.03 0.03 0.03 0.03 0.03 0.243333333333333 0.03 0.03 0.243333333333333 0.303333333333333; % $ D=15
0.0075 0.0075 0.9325 0.0075 0.0075 0.0075 0.0075 0.0075 0.0075 0.0075; % D D=15
0.215 0.03 0.03 0.03 0.03 0.16 0.03 0.03 0.145 0.3; % G D=15
0.185 0.03 0.03 0.03 0.03 0.195 0.03 0.03 0.325 0.115; % K D=15
0.0075 0.0075 0.0075 0.9325 0.0075 0.0075 0.0075 0.0075 0.0075 0.0075; % P D=15
0.0075 0.9325 0.0075 0.0075 0.0075 0.0075 0.0075 0.0075 0.0075 0.0075; % d D=15
0.0075 0.0075 0.0075 0.0075 0.9325 0.0075 0.0075 0.0075 0.0075 0.0075; % f D=15
0.215 0.03 0.03 0.03 0.03 0.275 0.03 0.03 0.16 0.17; % k D=15
0.0075 0.0075 0.0075 0.0075 0.0075 0.0075 0.0075 0.9325 0.0075 0.0075; % p D=15
0.0075 0.0075 0.0075 0.0075 0.0075 0.0075 0.9325 0.0075 0.0075 0.0075; % z D=15
0.04 0.04 0.04 0.04 0.04 0.22 0.04 0.04 0.22 0.28; % $ D=20
0.01 0.01 0.91 0.01 0.01 0.01 0.01 0.01 0.01 0.01; % D D=20
0.2 0.04 0.04 0.04 0.04 0.145 0.04 0.04 0.13 0.285; % G D=20
0.17 0.04 0.04 0.04 0.04 0.18 0.04 0.04 0.31 0.1; % K D=20
0.01 0.01 0.01 0.91 0.01 0.01 0.01 0.01 0.01 0.01; % P D=20
0.01 0.91 0.01 0.01 0.01 0.01 0.01 0.01 0.01 0.01; % d D=20
0.01 0.01 0.01 0.01 0.91 0.01 0.01 0.01 0.01 0.01; % f D=20
0.2 0.04 0.04 0.04 0.04 0.26 0.04 0.04 0.145 0.155; % k D=20
0.01 0.01 0.01 0.01 0.01 0.01 0.01 0.91 0.01 0.01; % p D=20
0.01 0.01 0.01 0.01 0.01 0.01 0.91 0.01 0.01 0.01; % z D=20
0.06 0.06 0.06 0.06 0.06 0.173333333333333 0.06 0.06 0.173333333333333 0.233333333333333; % $ D=30
0.015 0.015 0.865 0.015 0.015 0.015 0.015 0.015 0.015 0.015; % D D=30
0.17 0.06 0.06 0.06 0.06 0.115 0.06 0.06 0.1 0.255; % G D=30
0.14 0.06 0.06 0.06 0.06 0.15 0.06 0.06 0.28 0.07; % K D=30
0.015 0.015 0.015 0.865 0.015 0.015 0.015 0.015 0.015 0.015; % P D=30
0.015 0.865 0.015 0.015 0.015 0.015 0.015 0.015 0.015 0.015; % d D=30
0.015 0.015 0.015 0.015 0.865 0.015 0.015 0.015 0.015 0.015; % f D=30
0.17 0.06 0.06 0.06 0.06 0.23 0.06 0.06 0.115 0.125; % k D=30
0.015 0.015 0.015 0.015 0.015 0.015 0.015 0.865 0.015 0.015; % p D=30
0.015 0.015 0.015 0.015 0.015 0.015 0.865 0.015 0.015 0.015; % z D=30
0.1 0.1 0.1 0.1 0.1 0.1 0.1 0.1 0.1 0.14; % $ D=50
0.025 0.025 0.775 0.025 0.025 0.025 0.025 0.025 0.025 0.025; % D D=50
0.11 0.1 0.1 0.1 0.1 0.1 0.1 0.1 0.1 0.195; % G D=50
0.1 0.1 0.1 0.1 0.1 0.1 0.1 0.1 0.22 0.1; % K D=50
0.025 0.025 0.025 0.775 0.025 0.025 0.025 0.025 0.025 0.025; % P D=50
0.025 0.775 0.025 0.025 0.025 0.025 0.025 0.025 0.025 0.025; % d D=50
0.025 0.025 0.025 0.025 0.775 0.025 0.025 0.025 0.025 0.025; % f D=50
0.11 0.1 0.1 0.1 0.1 0.17 0.1 0.1 0.1 0.1; % k D=50
0.025 0.025 0.025 0.025 0.025 0.025 0.025 0.775 0.025 0.025; % p D=50
0.025 0.025 0.025 0.025 0.025 0.025 0.775 0.025 0.025 0.025]; % z D=50
