syllables = '$KLRVbklnv';
discounts = [0.01 0.02 0.05 0.1 0.2 0.5 1 2 3 4 5 6 8 10 15 20 30 50];
kn_probs = [2e-05 0.32662 2e-05 0.40662 2e-05 0.26662 2e-05 2e-05 2e-05 2e-05; % $ D=0.01
5e-06 5e-06 5e-06 5e-06 5e-06 5e-06 5e-06 5e-06 5e-06 0.999955; % K D=0.01
0.27497 0.19997 2e-05 0.21497 2e-05 0.30997 2e-05 2e-05 2e-05 2e-05; % L D=0.01
5e-06 5e-06 5e-06 5e-06 5e-06 5e-06 5e-06 5e-06 0.999955 5e-06; % R D=0.01
5e-06 5e-06 5e-06 5e-06 5e-06 5e-06 0.999955 5e-06 5e-06 5e-06; % V D=0.01
5e-06 5e-06 5e-06 5e-06 0.999955 5e-06 5e-06 5e-06 5e-06 5e-06; % b D=0.01
5e-06 5e-06 5e-06 5e-06 5e-06 5e-06 5e-06 0.999955 5e-06 5e-06; % k D=0.01
0.25997 0.29497 2e-05 0.27997 2e-05 0.16497 2e-05 2e-05 2e-05 2e-05; % l D=0.01
0.21497 0.25997 2e-05 0.19997 2e-05 0.32497 2e-05 2e-05 2e-05 2e-05; % n D=0.01
5e-06 5e-06 0.999955 5e-06 5e-06 5e-06 5e-06 5e-06 5e-06 5e-06; % v D=0.01
4e-05 0.326573333333333 4e-05 0.406573333333333 4e-05 0.266573333333333 4e-05 4e-05 4e-05 4e-05; % $ D=0.02
1e-05 1e-05 1e-05 1e-05 1e-05 1e-05 1e-05 1e-05 1e-05 0.99991; % K D=0.02
0.27494 0.19994 4e-05 0.21494 4e-05 0.30994 4e-05 4e-05 4e-05 4e-05; % L D=0.02
1e-05 1e-05 1e-05 1e-05 1e-05 1e-05 1e-05 1e-05 0.99991 1e-05; % R D=0.02
1e-05 1e-05 1e-05 1e-05 1e-05 1e-05 0.99991 1e-05 1e-05 1e-05; % V D=0.02
1e-05 1e-05 1e-05 1e-05 0.99991 1e-05 1e-05 1e-05 1e-05 1e-05; % b D=0.02
1e-05 1e-05 1e-05 1e-05 1e-05 1e-05 1e-05 0.99991 1e-05 1e-05; % k D=0.02
0.25994 0.29494 4e-05 0.27994 4e-05 0.16494 4e-05 4e-05 4e-05 4e-05; % l D=0.02
0.21494 0.25994 4e-05 0.19994 4e-05 0.32494 4e-05 4e-05 4e-05 4e-05; % n D=0.02
1e-05 1e-05 0.99991 1e-05 1e-05 1e-05 1e-05 1e-05 1e-05 1e-05; % v D=0.02
0.0001 0.326433333333333 0.0001 0.406433333333333 0.0001 0.266433333333333 0.0001 0.0001 0.0001 0.0001; % $ D=0.05
2.5e-05 2.5e-05 2.5e-05 2.5e-05 2.5e-05 2.5e-05 2.5e-05 2.5e-05 2.5e-05 0.999775; % K D=0.05
0.27485 0.19985 0.0001 0.21485 0.0001 0.30985 0.0001 0.0001 0.0001 0.0001; % L D=0.05
2.5e-05 2.5e-05 2.5e-05 2.5e-05 2.5e-05 2.5e-05 2.5e-05 2.5e-05 0.999775 2.5e-05; % R D=0.05
2.5e-05 2.5e-05 2.5e-05 2.5e-05 2.5e-05 2.5e-05 0.999775 2.5e-05 2.5e-05 2.5e-05; % V D=0.05
2.5e-05 2.5e-05 2.5e-05 2.5e-05 0.999775 2.5e-05 2.5e-05 2.5e-05 2.5e-05 2.5e-05; % b D=0.05
2.5e-05 2.5e-05 2.5e-05 2.5e-05 2.5e-05 2.5e-05 2.5e-05 0.999775 2.5e-05 2.5e-05; % k D=0.05
0.25985 0.29485 0.0001 0.27985 0.0001 0.16485 0.0001 0.0001 0.0001 0.0001; % l D=0.05
0.21485 0.25985 0.0001 0.19985 0.0001 0.32485 0.0001 0.0001 0.0001 0.0001; % n D=0.05
2.5e-05 2.5e-05 0.999775 2.5e-05 2.5e-05 2.5e-05 2.5e-05 2.5e-05 2.5e-05 2.5e-05; % v D=0.05
0.0002 0.3262 0.0002 0.4062 0.0002 0.2662 0.0002 0.0002 0.0002 0.0002; % $ D=0.1
5e-05 5e-05 5e-05 5e-05 5e-05 5e-05 5e-05 5e-05 5e-05 0.99955; % K D=0.1
0.2747 0.1997 0.0002 0.2147 0.0002 0.3097 0.0002 0.0002 0.0002 0.0002; % L D=0.1
5e-05 5e-05 5e-05 5e-05 5e-05 5e-05 5e-05 5e-05 0.99955 5e-05; % R D=0.1
5e-05 5e-05 5e-05 5e-05 5e-05 5e-05 0.99955 5e-05 5e-05 5e-05; % V D=0.1
5e-05 5e-05 5e-05 5e-05 0.99955 5e-05 5e-05 5e-05 5e-05 5e-05; % b D=0.1
5e-05 5e-05 5e-05 5e-05 5e-05 5e-05 5e-05 0.99955 5e-05 5e-05; % k D=0.1
0.2597 0.2947 0.0002 0.2797 0.0002 0.1647 0.0002 0.0002 0.0002 0.0002; % l D=0.1
0.2147 0.2597 0.0002 0.1997 0.0002 0.3247 0.0002 0.0002 0.0002 0.0002; % n D=0.1
5e-05 5e-05 0.99955 5e-05 5e-05 5e-05 5e-05 5e-05 5e-05 5e-05; % v D=0.1
0.0004 0.325733333333333 0.0004 0.405733333333333 0.0004 0.265733333333333 0.0004 0.0004 0.0004 0.0004; % $ D=0.2
0.0001 0.0001 0.0001 0.0001 0.0001 0.0001 0.0001 0.0001 0.0001 0.9991; % K D=0.2
0.2744 0.1994 0.0004 0.2144 0.0004 0.3094 0.0004 0.0004 0.0004 0.0004; % L D=0.2
0.0001 0.0001 0.0001 0.0001 0.0001 0.0001 0.0001 0.0001 0.9991 0.0001; % R D=0.2
0.0001 0.0001 0.0001 0.0001 0.0001 0.0001 0.9991 0.0001 0.0001 0.0001; % V D=0.2
0.0001 0.0001 0.0001 0.0001 0.9991 0.0001 0.0001 0.0001 0.0001 0.0001; % b D=0.2
0.0001 0.0001 0.0001 0.0001 0.0001 0.0001 0.0001 0.9991 0.0001 0.0001; % k D=0.2
0.2594 0.2944 0.0004 0.2794 0.0004 0.1644 0.0004 0.0004 0.0004 0.0004; % l D=0.2
0.2144 0.2594 0.0004 0.1994 0.0004 0.3244 0.0004 0.0004 0.0004 0.0004; % n D=0.2
0.0001 0.0001 0.9991 0.0001 0.0001 0.0001 0.0001 0.0001 0.0001 0.0001; % v D=0.2
0.001 0.324333333333333 0.001 0.404333333333333 0.001 0.264333333333333 0.001 0.001 0.001 0.001; % $ D=0.5
0.00025 0.00025 0.00025 0.00025 0.00025 0.00025 0.00025 0.00025 0.00025 0.99775; % K D=0.5
0.2735 0.1985 0.001 0.2135 0.001 0.3085 0.001 0.001 0.001 0.001; % L D=0.5
0.00025 0.00025 0.00025 0.00025 0.00025 0.00025 0.00025 0.00025 0.99775 0.00025; % R D=0.5
0.00025 0.00025 0.00025 0.00025 0.00025 0.00025 0.99775 0.00025 0.00025 0.00025; % V D=0.5
0.00025 0.00025 0.00025 0.00025 0.99775 0.00025 0.00025 0.00025 0.00025 0.00025; % b D=0.5
0.00025 0.00025 0.00025 0.00025 0.00025 0.00025 0.00025 0.99775 0.00025 0.00025; % k D=0.5
0.2585 0.2935 0.001 0.2785 0.001 0.1635 0.001 0.001 0.001 0.001; % l D=0.5
0.2135 0.2585 0.001 0.1985 0.001 0.3235 0.001 0.001 0.001 0.001; % n D=0.5
0.00025 0.00025 0.99775 0.00025 0.00025 0.00025 0.00025 0.00025 0.00025 0.00025; % v D=0.5
0.002 0.322 0.002 0.402 0.002 0.262 0.002 0.002 0.002 0.002; % $ D=1
0.0005 0.0005 0.0005 0.0005 0.0005 0.0005 0.0005 0.0005 0.0005 0.9955; % K D=1
0.272 0.197 0.002 0.212 0.002 0.307 0.002 0.002 0.002 0.002; % L D=1
0.0005 0.0005 0.0005 0.0005 0.0005 0.0005 0.0005 0.0005 0.9955 0.0005; % R D=1
0.0005 0.0005 0.0005 0.0005 0.0005 0.0005 0.9955 0.0005 0.0005 0.0005; % V D=1
0.0005 0.0005 0.0005 0.0005 0.9955 0.0005 0.0005 0.0005 0.0005 0.0005; % b D=1
0.0005 0.0005 0.0005 0.0005 0.0005 0.0005 0.0005 0.9955 0.0005 0.0005; % k D=1
0.257 0.292 0.002 0.277 0.002 0.162 0.002 0.002 0.002 0.002; % l D=1
0.212 0.257 0.002 0.197 0.002 0.322 0.002 0.002 0.002 0.002; % n D=1
0.0005 0.0005 0.9955 0.0005 0.0005 0.0005 0.0005 0.0005 0.0005 0.0005; % v D=1
0.004 0.317333333333333 0.004 0.397333333333333 0.004 0.257333333333333 0.004 0.004 0.004 0.004; % $ D=2
0.001 0.001 0.001 0.001 0.001 0.001 0.001 0.001 0.001 0.991; % K D=2
0.269 0.194 0.004 0.209 0.004 0.304 0.004 0.004 0.004 0.004; % L D=2
0.001 0.001 0.001 0.001 0.001 0.001 0.001 0.001 0.991 0.001; % R D=2
0.001 0.001 0.001 0.001 0.001 0.001 0.991 0.001 0.001 0.001; % V D=2
0.001 0.001 0.001 0.001 0.991 0.001 0.001 0.001 0.001 0.001; % b D=2
0.001 0.001 0.001 0.001 0.001 0.001 0.001 0.991 0.001 0.001; % k D=2
0.254 0.289 0.004 0.274 0.004 0.159 0.004 0.004 0.004 0.004; % l D=2
0.209 0.254 0.004 0.194 0.004 0.319 0.004 0.004 0.004 0.004; % n D=2
0.001 0.001 0.991 0.001 0.001 0.001 0.001 0.001 0.001 0.001; % v D=2
0.006 0.312666666666667 0.006 0.392666666666667 0.006 0.252666666666667 0.006 0.006 0.006 0.006; % $ D=3
0.0015 0.0015 0.0015 0.0015 0.0015 0.0015 0.0015 0.0015 0.0015 0.9865; % K D=3
0.266 0.191 0.006 0.206 0.006 0.301 0.006 0.006 0.006 0.006; % L D=3
0.0015 0.0015 0.0015 0.0015 0.0015 0.0015 0.0015 0.0015 0.9865 0.0015; % R D=3
0.0015 0.0015 0.0015 0.0015 0.0015 0.0015 0.9865 0.0015 0.0015 0.0015; % V D=3
0.0015 0.0015 0.0015 0.0015 0.9865 0.0015 0.0015 0.0015 0.0015 0.0015; % b D=3
0.0015 0.0015 0.0015 0.0015 0.0015 0.0015 0.0015 0.9865 0.0015 0.0015; % k D=3
0.251 0.286 0.006 0.271 0.006 0.156 0.006 0.006 0.006 0.006; % l D=3
0.206 0.251 0.006 0.191 0.006 0.316 0.006 0.006 0.006 0.006; % n D=3
0.0015 0.0015 0.9865 0.0015 0.0015 0.0015 0.0015 0.0015 0.0015 0.0015; % v D=3
0.008 0.308 0.008 0.388 0.008 0.248 0.008 0.008 0.008 0.008; % $ D=4
0.002 0.002 0.002 0.002 0.002 0.002 0.002 0.002 0.002 0.982; % K D=4
0.263 0.188 0.008 0.203 0.008 0.298 0.008 0.008 0.008 0.008; % L D=4
0.002 0.002 0.002 0.002 0.002 0.002 0.002 0.002 0.982 0.002; % R D=4
0.002 0.002 0.002 0.002 0.002 0.002 0.982 0.002 0.002 0.002; % V D=4
0.002 0.002 0.002 0.002 0.982 0.002 0.002 0.002 0.002 0.002; % b D=4
0.002 0.002 0.002 0.002 0.002 0.002 0.002 0.982 0.002 0.002; % k D=4
0.248 0.283 0.008 0.268 0.008 0.153 0.008 0.008 0.008 0.008; % l D=4
0.203 0.248 0.008 0.188 0.008 0.313 0.008 0.008 0.008 0.008; % n D=4
