syllables = '$DFLMZkpvz';
discounts = [0.01 0.02 0.05 0.1 0.2 0.5 1 2 3 4 5 6 8 10 15 20 30 50];
kn_probs = [2e-05 0.34662 2e-05 2e-05 2e-05 0.333286666666667 2e-05 0.319953333333333 2e-05 2e-05; % $ D=0.01
5e-06 5e-06 5e-06 0.999955 5e-06 5e-06 5e-06 5e-06 5e-06 5e-06; % D D=0.01
0.244965 0.369965 1.5e-05 1.5e-05 1.5e-05 1.5e-05 1.5e-05 0.384965 1.5e-05 1.5e-05; % F D=0.01
5e-06 5e-06 5e-06 5e-06 5e-06 5e-06 5e-06 5e-06 5e-06 0.999955; % L D=0.01
0.254965 0.369965 1.5e-05 1.5e-05 1.5e-05 0.374965 1.5e-05 1.5e-05 1.5e-05 1.5e-05; % M D=0.01
5e-06 5e-06 5e-06 5e-06 5e-06 5e-06 5e-06 5e-06 0.999955 5e-06; % Z D=0.01
5e-06 5e-06 0.999955 5e-06 5e-06 5e-06 5e-06 5e-06 5e-06 5e-06; % k D=0.01
5e-06 5e-06 5e-06 5e-06 0.999955 5e-06 5e-06 5e-06 5e-06 5e-06; % p D=0.01
5e-06 5e-06 5e-06 5e-06 5e-06 5e-06 0.999955 5e-06 5e-06 5e-06; % v D=0.01
0.249965 1.5e-05 1.5e-05 1.5e-05 1.5e-05 0.374965 1.5e-05 0.374965 1.5e-05 1.5e-05; % z D=0.01
4e-05 0.346573333333333 4e-05 4e-05 4e-05 0.33324 4e-05 0.319906666666667 4e-05 4e-05; % $ D=0.02
1e-05 1e-05 1e-05 0.99991 1e-05 1e-05 1e-05 1e-05 1e-05 1e-05; % D D=0.02
0.24493 0.36993 3e-05 3e-05 3e-05 3e-05 3e-05 0.38493 3e-05 3e-05; % F D=0.02
1e-05 1e-05 1e-05 1e-05 1e-05 1e-05 1e-05 1e-05 1e-05 0.99991; % L D=0.02
0.25493 0.36993 3e-05 3e-05 3e-05 0.37493 3e-05 3e-05 3e-05 3e-05; % M D=0.02
1e-05 1e-05 1e-05 1e-05 1e-05 1e-05 1e-05 1e-05 0.99991 1e-05; % Z D=0.02
1e-05 1e-05 0.99991 1e-05 1e-05 1e-05 1e-05 1e-05 1e-05 1e-05; % k D=0.02
1e-05 1e-05 1e-05 1e-05 0.99991 1e-05 1e-05 1e-05 1e-05 1e-05; % p D=0.02
1e-05 1e-05 1e-05 1e-05 1e-05 1e-05 0.99991 1e-05 1e-05 1e-05; % v D=0.02
0.24993 3e-05 3e-05 3e-05 3e-05 0.37493 3e-05 0.37493 3e-05 3e-05; % z D=0.02
0.0001 0.346433333333333 0.0001 0.0001 0.0001 0.3331 0.0001 0.319766666666667 0.0001 0.0001; % $ D=0.05
2.5e-05 2.5e-05 2.5e-05 0.999775 2.5e-05 2.5e-05 2.5e-05 2.5e-05 2.5e-05 2.5e-05; % D D=0.05
0.244825 0.369825 7.5e-05 7.5e-05 7.5e-05 7.5e-05 7.5e-05 0.384825 7.5e-05 7.5e-05; % F D=0.05
2.5e-05 2.5e-05 2.5e-05 2.5e-05 2.5e-05 2.5e-05 2.5e-05 2.5e-05 2.5e-05 0.999775; % L D=0.05
0.254825 0.369825 7.5e-05 7.5e-05 7.5e-05 0.374825 7.5e-05 7.5e-05 7.5e-05 7.5e-05; % M D=0.05
2.5e-05 2.5e-05 2.5e-05 2.5e-05 2.5e-05 2.5e-05 2.5e-05 2.5e-05 0.999775 2.5e-05; % Z D=0.05
2.5e-05 2.5e-05 0.999775 2.5e-05 2.5e-05 2.5e-05 2.5e-05 2.5e-05 2.5e-05 2.5e-05; % k D=0.05
2.5e-05 2.5e-05 2.5e-05 2.5e-05 0.999775 2.5e-05 2.5e-05 2.5e-05 2.5e-05 2.5e-05; % p D=0.05
2.5e-05 2.5e-05 2.5e-05 2.5e-05 2.5e-05 2.5e-05 0.999775 2.5e-05 2.5e-05 2.5e-05; % v D=0.05
0.249825 7.5e-05 7.5e-05 7.5e-05 7.5e-05 0.374825 7.5e-05 0.374825 7.5e-05 7.5e-05; % z D=0.05
0.0002 0.3462 0.0002 0.0002 0.0002 0.332866666666667 0.0002 0.319533333333333 0.0002 0.0002; % $ D=0.1
5e-05 5e-05 5e-05 0.99955 5e-05 5e-05 5e-05 5e-05 5e-05 5e-05; % D D=0.1
0.24465 0.36965 0.00015 0.00015 0.00015 0.00015 0.00015 0.38465 0.00015 0.00015; % F D=0.1
5e-05 5e-05 5e-05 5e-05 5e-05 5e-05 5e-05 5e-05 5e-05 0.99955; % L D=0.1
0.25465 0.36965 0.00015 0.00015 0.00015 0.37465 0.00015 0.00015 0.00015 0.00015; % M D=0.1
5e-05 5e-05 5e-05 5e-05 5e-05 5e-05 5e-05 5e-05 0.99955 5e-05; % Z D=0.1
5e-05 5e-05 0.99955 5e-05 5e-05 5e-05 5e-05 5e-05 5e-05 5e-05; % k D=0.1
5e-05 5e-05 5e-05 5e-05 0.99955 5e-05 5e-05 5e-05 5e-05 5e-05; % p D=0.1
5e-05 5e-05 5e-05 5e-05 5e-05 5e-05 0.99955 5e-05 5e-05 5e-05; % v D=0.1
0.24965 0.00015 0.00015 0.00015 0.00015 0.37465 0.00015 0.37465 0.00015 0.00015; % z D=0.1
0.0004 0.345733333333333 0.0004 0.0004 0.0004 0.3324 0.0004 0.319066666666667 0.0004 0.0004; % $ D=0.2
0.0001 0.0001 0.0001 0.9991 0.0001 0.0001 0.0001 0.0001 0.0001 0.0001; % D D=0.2
0.2443 0.3693 0.0003 0.0003 0.0003 0.0003 0.0003 0.3843 0.0003 0.0003; % F D=0.2
0.0001 0.0001 0.0001 0.0001 0.0001 0.0001 0.0001 0.0001 0.0001 0.9991; % L D=0.2
0.2543 0.3693 0.0003 0.0003 0.0003 0.3743 0.0003 0.0003 0.0003 0.0003; % M D=0.2
0.0001 0.0001 0.0001 0.0001 0.0001 0.0001 0.0001 0.0001 0.9991 0.0001; % Z D=0.2
0.0001 0.0001 0.9991 0.0001 0.0001 0.0001 0.0001 0.0001 0.0001 0.0001; % k D=0.2
0.0001 0.0001 0.0001 0.0001 0.9991 0.0001 0.0001 0.0001 0.0001 0.0001; % p D=0.2
0.0001 0.0001 0.0001 0.0001 0.0001 0.0001 0.9991 0.0001 0.0001 0.0001; % v D=0.2
0.2493 0.0003 0.0003 0.0003 0.0003 0.3743 0.0003 0.3743 0.0003 0.0003; % z D=0.2
0.001 0.344333333333333 0.001 0.001 0.001 0.331 0.001 0.317666666666667 0.001 0.001; % $ D=0.5
0.00025 0.00025 0.00025 0.99775 0.00025 0.00025 0.00025 0.00025 0.00025 0.00025; % D D=0.5
0.24325 0.36825 0.00075 0.00075 0.00075 0.00075 0.00075 0.38325 0.00075 0.00075; % F D=0.5
0.00025 0.00025 0.00025 0.00025 0.00025 0.00025 0.00025 0.00025 0.00025 0.99775; % L D=0.5
0.25325 0.36825 0.00075 0.00075 0.00075 0.37325 0.00075 0.00075 0.00075 0.00075; % M D=0.5
0.00025 0.00025 0.00025 0.00025 0.00025 0.00025 0.00025 0.00025 0.99775 0.00025; % Z D=0.5
0.00025 0.00025 0.99775 0.00025 0.00025 0.00025 0.00025 0.00025 0.00025 0.00025; % k D=0.5
0.00025 0.00025 0.00025 0.00025 0.99775 0.00025 0.00025 0.00025 0.00025 0.00025; % p D=0.5
0.00025 0.00025 0.00025 0.00025 0.00025 0.00025 0.99775 0.00025 0.00025 0.00025; % v D=0.5
0.24825 0.00075 0.00075 0.00075 0.00075 0.37325 0.00075 0.37325 0.00075 0.00075; % z D=0.5
0.002 0.342 0.002 0.002 0.002 0.328666666666667 0.002 0.315333333333333 0.002 0.002; % $ D=1
0.0005 0.0005 0.0005 0.9955 0.0005 0.0005 0.0005 0.0005 0.0005 0.0005; % D D=1
0.2415 0.3665 0.0015 0.0015 0.0015 0.0015 0.0015 0.3815 0.0015 0.0015; % F D=1
0.0005 0.0005 0.0005 0.0005 0.0005 0.0005 0.0005 0.0005 0.0005 0.9955; % L D=1
0.2515 0.3665 0.0015 0.0015 0.0015 0.3715 0.0015 0.0015 0.0015 0.0015; % M D=1
0.0005 0.0005 0.0005 0.0005 0.0005 0.0005 0.0005 0.0005 0.9955 0.0005; % Z D=1
0.0005 0.0005 0.9955 0.0005 0.0005 0.0005 0.0005 0.0005 0.0005 0.0005; % k D=1
0.0005 0.0005 0.0005 0.0005 0.9955 0.0005 0.0005 0.0005 0.0005 0.0005; % p D=1
0.0005 0.0005 0.0005 0.0005 0.0005 0.0005 0.9955 0.0005 0.0005 0.0005; % v D=1
0.2465 0.0015 0.0015 0.0015 0.0015 0.3715 0.0015 0.3715 0.0015 0.0015; % z D=1
0.004 0.337333333333333 0.004 0.004 0.004 0.324 0.004 0.310666666666667 0.004 0.004; % $ D=2
0.001 0.001 0.001 0.991 0.001 0.001 0.001 0.001 0.001 0.001; % D D=2
0.238 0.363 0.003 0.003 0.003 0.003 0.003 0.378 0.003 0.003; % F D=2
0.001 0.001 0.001 0.001 0.001 0.001 0.001 0.001 0.001 0.991; % L D=2
0.248 0.363 0.003 0.003 0.003 0.368 0.003 0.003 0.003 0.003; % M D=2
0.001 0.001 0.001 0.001 0.001 0.001 0.001 0.001 0.991 0.001; % Z D=2
0.001 0.001 0.991 0.001 0.001 0.001 0.001 0.001 0.001 0.001; % k D=2
0.001 0.001 0.001 0.001 0.991 0.001 0.001 0.001 0.001 0.001; % p D=2
0.001 0.001 0.001 0.001 0.001 0.001 0.991 0.001 0.001 0.001; % v D=2
0.243 0.003 0.003 0.003 0.003 0.368 0.003 0.368 0.003 0.003; % z D=2
0.006 0.332666666666667 0.006 0.006 0.006 0.319333333333333 0.006 0.306 0.006 0.006; % $ D=3
0.0015 0.0015 0.0015 0.9865 0.0015 0.0015 0.0015 0.0015 0.0015 0.0015; % D D=3
0.2345 0.3595 0.0045 0.0045 0.0045 0.0045 0.0045 0.3745 0.0045 0.0045; % F D=3
0.0015 0.0015 0.0015 0.0015 0.0015 0.0015 0.0015 0.0015 0.0015 0.9865; % L D=3
0.2445 0.3595 0.0045 0.0045 0.0045 0.3645 0.0045 0.0045 0.0045 0.0045; % M D=3
0.0015 0.0015 0.0015 0.0015 0.0015 0.0015 0.0015 0.0015 0.9865 0.0015; % Z D=3
0.0015 0.0015 0.9865 0.0015 0.0015 0.0015 0.0015 0.0015 0.0015 0.0015; % k D=3
0.0015 0.0015 0.0015 0.0015 0.9865 0.0015 0.0015 0.0015 0.0015 0.0015; % p D=3
0.0015 0.0015 0.0015 0.0015 0.0015 0.0015 0.9865 0.0015 0.0015 0.0015; % v D=3
0.2395 0.0045 0.0045 0.0045 0.0045 0.3645 0.0045 0.3645 0.0045 0.0045; % z D=3
0.008 0.328 0.008 0.008 0.008 0.314666666666667 0.008 0.301333333333333 0.008 0.008; % $ D=4
0.002 0.002 0.002 0.982 0.002 0.002 0.002 0.002 0.002 0.002; % D D=4
0.231 0.356 0.006 0.006 0.006 0.006 0.006 0.371 0.006 0.006; % F D=4
0.002 0.002 0.002 0.002 0.002 0.002 0.002 0.002 0.002 0.982; % L D=4
0.241 0.356 0.006 0.006 0.006 0.361 0.006 0.006 0.006 0.006; % M D=4
0.002 0.002 0.002 0.002 0.002 0.002 0.002 0.002 0.982 0.002; % Z D=4
0.002 0.002 0.982 0.002 0.002 0.002 0.002 0.002 0.002 0.002; % k D=4
0.002 0.002 0.002 0.002 0.982 0.002 0.002 0.002 0.002 0.002; % p D=4
0.002 0.002 0.002 0.002 0.002 0.002 0.982 0.002 0.002 0.002; % v D=4
0.236 0.006 0.006 0.006 0.006 0.361 0.006 0.361 0.006 0.006; % z D=4
0.01 0.323333333333333 0.01 0.01 0.01 0.31 0.01 0.296666666666667 0.01 0.01; % $ D=5
0.0025 0.0025 0.0025 0.9775 0.0025 0.0025 0.0025 0.0025 0.0025 0.0025; % D D=5
0.2275 0.3525 0.0075 0.0075 0.0075 0.0075 0.0075 0.3675 0.0075 0.0075; % F D=5
0.0025 0.0025 0.0025 0.0025 0.0025 0.0025 0.0025 0.0025 0.0025 0.9775; % L D=5
0.2375 0.3525 0.0075 0.0075 0.0075 0.3575 0.0075 0.0075 0.0075 0.0075; % M D=5
0.0025 0.0025 0.0025 0.0025 0.0025 0.0025 0.0025 0.0025 0.9775 0.0025; % Z D=5
0.0025 0.0025 0.9775 0.0025 0.0025 0.0025 0.0025 0.0025 0.0025 0.0025; % k D=5
0.0025 0.0025 0.0025 0.0025 0.9775 0.0025 0.0025 0.0025 0.0025 0.0025; % p D=5
0.0025 0.0025 0.0025 0.0025 0.0025 0.0025 0.9775 0.0025 0.0025 0.0025; % v D=5
0.2325 0.0075 0.0075 0.0075 0.0075 0.3575 0.0075 0.3575 0.0075 0.0075; % z D=5
0.012 0.318666666666667 0.012 0.012 0.012 0.305333333333333 0.012 0.292 0.012 0.012; % $ D=6
0.003 0.003 0.003 0.973 0.003 0.003 0.003 0.003 0.003 0.003; % D D=6
0.224 0.349 0.009 0.009 0.009 0.009 0.009 0.364 0.009 0.009; % F D=6
0.003 0.003 0.003 0.003 0.003 0.003 0.003 0.003 0.003 0.973; % L D=6
0.234 0.349 0.009 0.009 0.009 0.354 0.009 0.009 0.009 0.009; % M D=6
0.003 0.003 0.003 0.003 0.003 0.003 0.003 0.003 0.973 0.003; % Z D=6
0.003 0.003 0.973 0.003 0.003 0.003 0.003 0.003 0.003 0.003; % k D=6
0.003 0.003 0.003 0.003 0.973 0.003 0.003 0.003 0.003 0.003; % p D=6
0.003 0.003 0.003 0.003 0.003 0.003 0.973 0.003 0.003 0.003; % v D=6
0.229 0.009 0.009 0.009 0.009 0.354 0.009 0.354 0.009 0.009; % z D=6
0.016 0.309333333333333 0.016 0.016 0.016 0.296 0.016 0.282666666666667 0.016 0.016; % $ D=8
0.004 0.004 0.004 0.964 0.004 0.004 0.004 0.004 0.004 0.004; % D D=8
0.217 0.342 0.012 0.012 0.012 0.012 0.012 0.357 0.012 0.012; % F D=8
0.004 0.004 0.004 0.004 0.004 0.004 0.004 0.004 0.004 0.964; % L D=8
0.227 0.342 0.012 0.012 0.012 0.347 0.012 0.012 0.012 0.012; % M D=8
0.004 0.004 0.004 0.004 0.004 0.004 0.004 0.004 0.964 0.004; % Z D=8
0.004 0.004 0.964 0.004 0.004 0.004 0.004 0.004 0.004 0.004; % k D=8
0.004 0.004 0.004 0.004 0.964 0.004 0.004 0.004 0.004 0.004; % p D=8
0.004 0.004 0.004 0.004 0.004 0.004 0.964 0.004 0.004 0.004; % v D=8
0.222 0.012 0.012 0.012 0.012 0.347 0.012 0.347 0.012 0.012; % z D=8
0.02 0.3 0.02 0.02 0.02 0.286666666666667 0.02 0.273333333333333 0.02 0.02; % $ D=10
0.005 0.005 0.005 0.955 0.005 0.005 0.005 0.005 0.005 0.005; % D D=10
0.21 0.335 0.015 0.015 0.015 0.015 0.015 0.35 0.015 0.015; % F D=10
0.005 0.005 0.005 0.005 0.005 0.005 0.005 0.005 0.005 0.955; % L D=10
0.22 0.335 0.015 0.015 0.015 0.34 0.015 0.015 0.015 0.015; % M D=10
0.005 0.005 0.005 0.005 0.005 0.005 0.005 0.005 0.955 0.005; % Z D=10
0.005 0.005 0.955 0.005 0.005 0.005 0.005 0.005 0.005 0.005; % k D=10
0.005 0.005 0.005 0.005 0.955 0.005 0.005 0.005 0.005 0.005; % p D=10
0.005 0.005 0.005 0.005 0.005 0.005 0.955 0.005 0.005 0.005; % v D=10
0.215 0.015 0.015 0.015 0.015 0.34 0.015 0.34 0.015 0.015; % z D=10
0.03 0.276666666666667 0.03 0.03 0.03 0.263333333333333 0.03 0.25 0.03 0.03; % $ D=15
0.0075 0.0075 0.0075 0.9325 0.0075 0.0075 0.0075 0.0075 0.0075 0.0075; % D D=15
0.1925 0.3175 0.0225 0.0225 0.0225 0.0225 0.0225 0.3325 0.0225 0.0225; % F D=15
0.0075 0.0075 0.0075 0.0075 0.0075 0.0075 0.0075 0.0075 0.0075 0.9325; % L D=15
0.2025 0.3175 0.0225 0.0225 0.0225 0.3225 0.0225 0.0225 0.0225 0.0225; % M D=15
0.0075 0.0075 0.0075 0.0075 0.0075 0.0075 0.0075 0.0075 0.9325 0.0075; % Z D=15
0.0075 0.0075 0.9325 0.0075 0.0075 0.0075 0.0075 0.0075 0.0075 0.0075; % k D=15
0.0075 0.0075 0.0075 0.0075 0.9325 0.0075 0.0075 0.0075 0.0075 0.0075; % p D=15
0.0075 0.0075 0.0075 0.0075 0.0075 0.0075 0.9325 0.0075 0.0075 0.0075; % v D=15
0.1975 0.0225 0.0225 0.0225 0.0225 0.3225 0.0225 0.3225 0.0225 0.0225; % z D=15
0.04 0.253333333333333 0.04 0.04 0.04 0.24 0.04 0.226666666666667 0.04 0.04; % $ D=20
0.01 0.01 0.01 0.91 0.01 0.01 0.01 0.01 0.01 0.01; % D D=20
0.175 0.3 0.03 0.03 0.03 0.03 0.03 0.315 0.03 0.03; % F D=20
0.01 0.01 0.01 0.01 0.01 0.01 0.01 0.01 0.01 0.91; % L D=20
0.185 0.3 0.03 0.03 0.03 0.305 0.03 0.03 0.03 0.03; % M D=20
0.01 0.01 0.01 0.01 0.01 0.01 0.01 0.01 0.91 0.01; % Z D=20
0.01 0.01 0.91 0.01 0.01 0.01 0.01 0.01 0.01 0.01; % k D=20
0.01 0.01 0.01 0.01 0.91 0.01 0.01 0.01 0.01 0.01; % p D=20
0.01 0.01 0.01 0.01 0.01 0.01 0.91 0.01 0.01 0.01; % v D=20
0.18 0.03 0.03 0.03 0.03 0.305 0.03 0.305 0.03 0.03; % z D=20
0.06 0.206666666666667 0.06 0.06 0.06 0.193333333333333 0.06 0.18 0.06 0.06; % $ D=30
0.015 0.015 0.015 0.865 0.015 0.015 0.015 0.015 0.015 0.015; % D D=30
0.14 0.265 0.045 0.045 0.045 0.045 0.045 0.28 0.045 0.045; % F D=30
0.015 0.015 0.015 0.015 0.015 0.015 0.015 0.015 0.015 0.865; % L D=30
0.15 0.265 0.045 0.045 0.045 0.27 0.045 0.045 0.045 0.045; % M D=30
0.015 0.015 0.015 0.015 0.015 0.015 0.015 0.015 0.865 0.015; % Z D=30
0.015 0.015 0.865 0.015 0.015 0.015 0.015 0.015 0.015 0.015; % k D=30
0.015 0.015 0.015 0.015 0.865 0.015 0.015 0.015 0.015 0.015; % p D=30
0.015 0.015 0.015 0.015 0.015 0.015 0.865 0.015 0.015 0.015; % v D=30
0.145 0.045 0.045 0.045 0.045 0.27 0.045 0.27 0.045 0.045; % z D=30
0.1 0.113333333333333 0.1 0.1 0.1 0.1 0.1 0.1 0.1 0.1; % $ D=50
0.025 0.025 0.025 0.775 0.025 0.025 0.025 0.025 0.025 0.025; % D D=50
0.075 0.195 0.075 0.075 0.075 0.075 0.075 0.21 0.075 0.075; % F D=50
0.025 0.025 0.025 0.025 0.025 0.025 0.025 0.025 0.025 0.775; % L D=50
0.08 0.195 0.075 0.075 0.075 0.2 0.075 0.075 0.075 0.075; % M D=50
0.025 0.025 0.025 0.025 0.025 0.025 0.025 0.025 0.775 0.025; % Z D=50
0.025 0.025 0.775 0.025 0.025 0.025 0.025 0.025 0.025 0.025; % k D=50
0.025 0.025 0.025 0.025 0.775 0.025 0.025 0.025 0.025 0.025; % p D=50
0.025 0.025 0.025 0.025 0.025 0.025 0.775 0.025 0.025 0.025; % v D=50
0.075 0.075 0.075 0.075 0.075 0.2 0.075 0.2 0.075 0.075]; % z D=50
