syllables = '$FJKMNPVZfglprz';
discounts = [0.01 0.02 0.05 0.1 0.2 0.5 1 2 3 4 5 6 8 10 15 20 30 50];
kn_probs = [2.22222222222222e-05 2.22222222222222e-05 2.22222222222222e-05 0.193288888888889 2.22222222222222e-05 0.213288888888889 2.22222222222222e-05 2.22222222222222e-05 0.226622222222222 2.22222222222222e-05 0.193288888888889 2.22222222222222e-05 0.173288888888889 2.22222222222222e-05 2.22222222222222e-05; % $ D=0.01
0.258283333333333 3.33333333333333e-05 3.33333333333333e-05 0.17495 3.33333333333333e-05 0.00828333333333333 3.33333333333333e-05 3.33333333333333e-05 0.191616666666667 3.33333333333333e-05 0.14995 3.33333333333333e-05 0.216616666666667 3.33333333333333e-05 3.33333333333333e-05; % F D=0.01
0.241611111111111 2.77777777777778e-05 2.77777777777778e-05 0.216611111111111 2.77777777777778e-05 0.174944444444444 2.77777777777778e-05 2.77777777777778e-05 0.149944444444444 2.77777777777778e-05 2.77777777777778e-05 2.77777777777778e-05 0.216611111111111 2.77777777777778e-05 2.77777777777778e-05; % J D=0.01
5.55555555555556e-06 5.55555555555556e-06 5.55555555555556e-06 5.55555555555556e-06 5.55555555555556e-06 5.55555555555556e-06 5.55555555555556e-06 0.999922222222222 5.55555555555556e-06 5.55555555555556e-06 5.55555555555556e-06 5.55555555555556e-06 5.55555555555556e-06 5.55555555555556e-06 5.55555555555556e-06; % K D=0.01
0.258277777777778 2.77777777777778e-05 2.77777777777778e-05 2.77777777777778e-05 2.77777777777778e-05 0.199944444444444 2.77777777777778e-05 2.77777777777778e-05 0.183277777777778 2.77777777777778e-05 0.191611111111111 2.77777777777778e-05 0.166611111111111 2.77777777777778e-05 2.77777777777778e-05; % M D=0.01
5.55555555555556e-06 5.55555555555556e-06 5.55555555555556e-06 5.55555555555556e-06 5.55555555555556e-06 5.55555555555556e-06 5.55555555555556e-06 5.55555555555556e-06 5.55555555555556e-06 5.55555555555556e-06 5.55555555555556e-06 5.55555555555556e-06 5.55555555555556e-06 0.999922222222222 5.55555555555556e-06; % N D=0.01
0.224944444444444 2.77777777777778e-05 2.77777777777778e-05 0.199944444444444 2.77777777777778e-05 0.183277777777778 2.77777777777778e-05 2.77777777777778e-05 2.77777777777778e-05 2.77777777777778e-05 0.208277777777778 2.77777777777778e-05 0.183277777777778 2.77777777777778e-05 2.77777777777778e-05; % P D=0.01
5.55555555555556e-06 5.55555555555556e-06 5.55555555555556e-06 5.55555555555556e-06 0.999922222222222 5.55555555555556e-06 5.55555555555556e-06 5.55555555555556e-06 5.55555555555556e-06 5.55555555555556e-06 5.55555555555556e-06 5.55555555555556e-06 5.55555555555556e-06 5.55555555555556e-06 5.55555555555556e-06; % V D=0.01
5.55555555555556e-06 5.55555555555556e-06 5.55555555555556e-06 5.55555555555556e-06 5.55555555555556e-06 5.55555555555556e-06 0.999922222222222 5.55555555555556e-06 5.55555555555556e-06 5.55555555555556e-06 5.55555555555556e-06 5.55555555555556e-06 5.55555555555556e-06 5.55555555555556e-06 5.55555555555556e-06; % Z D=0.01
5.55555555555556e-06 0.999922222222222 5.55555555555556e-06 5.55555555555556e-06 5.55555555555556e-06 5.55555555555556e-06 5.55555555555556e-06 5.55555555555556e-06 5.55555555555556e-06 5.55555555555556e-06 5.55555555555556e-06 5.55555555555556e-06 5.55555555555556e-06 5.55555555555556e-06 5.55555555555556e-06; % f D=0.01
5.55555555555556e-06 5.55555555555556e-06 0.999922222222222 5.55555555555556e-06 5.55555555555556e-06 5.55555555555556e-06 5.55555555555556e-06 5.55555555555556e-06 5.55555555555556e-06 5.55555555555556e-06 5.55555555555556e-06 5.55555555555556e-06 5.55555555555556e-06 5.55555555555556e-06 5.55555555555556e-06; % g D=0.01
5.55555555555556e-06 5.55555555555556e-06 5.55555555555556e-06 5.55555555555556e-06 5.55555555555556e-06 5.55555555555556e-06 5.55555555555556e-06 5.55555555555556e-06 5.55555555555556e-06 5.55555555555556e-06 5.55555555555556e-06 5.55555555555556e-06 5.55555555555556e-06 5.55555555555556e-06 0.999922222222222; % l D=0.01
5.55555555555556e-06 5.55555555555556e-06 5.55555555555556e-06 5.55555555555556e-06 5.55555555555556e-06 5.55555555555556e-06 5.55555555555556e-06 5.55555555555556e-06 5.55555555555556e-06 5.55555555555556e-06 5.55555555555556e-06 0.999922222222222 5.55555555555556e-06 5.55555555555556e-06 5.55555555555556e-06; % p D=0.01
5.55555555555556e-06 5.55555555555556e-06 5.55555555555556e-06 5.55555555555556e-06 5.55555555555556e-06 5.55555555555556e-06 5.55555555555556e-06 5.55555555555556e-06 5.55555555555556e-06 0.999922222222222 5.55555555555556e-06 5.55555555555556e-06 5.55555555555556e-06 5.55555555555556e-06 5.55555555555556e-06; % r D=0.01
0.266611111111111 2.77777777777778e-05 2.77777777777778e-05 0.166611111111111 2.77777777777778e-05 0.166611111111111 2.77777777777778e-05 2.77777777777778e-05 0.191611111111111 2.77777777777778e-05 0.208277777777778 2.77777777777778e-05 2.77777777777778e-05 2.77777777777778e-05 2.77777777777778e-05; % z D=0.01
4.44444444444444e-05 4.44444444444444e-05 4.44444444444444e-05 0.193244444444444 4.44444444444444e-05 0.213244444444444 4.44444444444444e-05 4.44444444444444e-05 0.226577777777778 4.44444444444444e-05 0.193244444444444 4.44444444444444e-05 0.173244444444444 4.44444444444444e-05 4.44444444444444e-05; % $ D=0.02
0.258233333333333 6.66666666666667e-05 6.66666666666667e-05 0.1749 6.66666666666667e-05 0.00823333333333333 6.66666666666667e-05 6.66666666666667e-05 0.191566666666667 6.66666666666667e-05 0.1499 6.66666666666667e-05 0.216566666666667 6.66666666666667e-05 6.66666666666667e-05; % F D=0.02
0.241555555555556 5.55555555555556e-05 5.55555555555556e-05 0.216555555555556 5.55555555555556e-05 0.174888888888889 5.55555555555556e-05 5.55555555555556e-05 0.149888888888889 5.55555555555556e-05 5.55555555555556e-05 5.55555555555556e-05 0.216555555555556 5.55555555555556e-05 5.55555555555556e-05; % J D=0.02
1.11111111111111e-05 1.11111111111111e-05 1.11111111111111e-05 1.11111111111111e-05 1.11111111111111e-05 1.11111111111111e-05 1.11111111111111e-05 0.999844444444444 1.11111111111111e-05 1.11111111111111e-05 1.11111111111111e-05 1.11111111111111e-05 1.11111111111111e-05 1.11111111111111e-05 1.11111111111111e-05; % K D=0.02
0.258222222222222 5.55555555555556e-05 5.55555555555556e-05 5.55555555555556e-05 5.55555555555556e-05 0.199888888888889 5.55555555555556e-05 5.55555555555556e-05 0.183222222222222 5.55555555555556e-05 0.191555555555556 5.55555555555556e-05 0.166555555555556 5.55555555555556e-05 5.55555555555556e-05; % M D=0.02
1.11111111111111e-05 1.11111111111111e-05 1.11111111111111e-05 1.11111111111111e-05 1.11111111111111e-05 1.11111111111111e-05 1.11111111111111e-05 1.11111111111111e-05 1.11111111111111e-05 1.11111111111111e-05 1.11111111111111e-05 1.11111111111111e-05 1.11111111111111e-05 0.999844444444444 1.11111111111111e-05; % N D=0.02
0.224888888888889 5.55555555555556e-05 5.55555555555556e-05 0.199888888888889 5.55555555555556e-05 0.183222222222222 5.55555555555556e-05 5.55555555555556e-05 5.55555555555556e-05 5.55555555555556e-05 0.208222222222222 5.55555555555556e-05 0.183222222222222 5.55555555555556e-05 5.55555555555556e-05; % P D=0.02
1.11111111111111e-05 1.11111111111111e-05 1.11111111111111e-05 1.11111111111111e-05 0.999844444444444 1.11111111111111e-05 1.11111111111111e-05 1.11111111111111e-05 1.11111111111111e-05 1.11111111111111e-05 1.11111111111111e-05 1.11111111111111e-05 1.11111111111111e-05 1.11111111111111e-05 1.11111111111111e-05; % V D=0.02
1.11111111111111e-05 1.11111111111111e-05 1.11111111111111e-05 1.11111111111111e-05 1.11111111111111e-05 1.11111111111111e-05 0.999844444444444 1.11111111111111e-05 1.11111111111111e-05 1.11111111111111e-05 1.11111111111111e-05 1.11111111111111e-05 1.11111111111111e-05 1.11111111111111e-05 1.11111111111111e-05; % Z D=0.02
