syllables = '$BDKLMPbfglz';
discounts = [0.01 0.02 0.05 0.1 0.2 0.5 1 2 3 4 5 6 8 10 15 20 30 50];
kn_probs = [2.22222222222222e-05 0.246622222222222 2.22222222222222e-05 2.22222222222222e-05 2.22222222222222e-05 2.22222222222222e-05 0.266622222222222 0.246622222222222 2.22222222222222e-05 0.239955555555556 2.22222222222222e-05 2.22222222222222e-05; % $ D=0.01
5.55555555555556e-06 5.55555555555556e-06 5.55555555555556e-06 5.55555555555556e-06 0.999938888888889 5.55555555555556e-06 5.55555555555556e-06 5.55555555555556e-06 5.55555555555556e-06 5.55555555555556e-06 5.55555555555556e-06 5.55555555555556e-06; % B D=0.01
5.55555555555556e-06 5.55555555555556e-06 5.55555555555556e-06 5.55555555555556e-06 5.55555555555556e-06 5.55555555555556e-06 5.55555555555556e-06 5.55555555555556e-06 5.55555555555556e-06 5.55555555555556e-06 5.55555555555556e-06 0.999938888888889; % D D=0.01
0.139955555555556 0.266622222222222 2.22222222222222e-05 2.22222222222222e-05 2.22222222222222e-05 2.22222222222222e-05 0.333288888888889 0.259955555555556 2.22222222222222e-05 2.22222222222222e-05 2.22222222222222e-05 2.22222222222222e-05; % K D=0.01
0.366622222222222 2.22222222222222e-05 2.22222222222222e-05 2.22222222222222e-05 2.22222222222222e-05 2.22222222222222e-05 0.199955555555556 0.193288888888889 2.22222222222222e-05 0.239955555555556 2.22222222222222e-05 2.22222222222222e-05; % L D=0.01
5.55555555555556e-06 5.55555555555556e-06 5.55555555555556e-06 0.999938888888889 5.55555555555556e-06 5.55555555555556e-06 5.55555555555556e-06 5.55555555555556e-06 5.55555555555556e-06 5.55555555555556e-06 5.55555555555556e-06 5.55555555555556e-06; % M D=0.01
5.55555555555556e-06 5.55555555555556e-06 5.55555555555556e-06 5.55555555555556e-06 5.55555555555556e-06 5.55555555555556e-06 5.55555555555556e-06 5.55555555555556e-06 5.55555555555556e-06 5.55555555555556e-06 0.999938888888889 5.55555555555556e-06; % P D=0.01
5.55555555555556e-06 5.55555555555556e-06 5.55555555555556e-06 5.55555555555556e-06 5.55555555555556e-06 5.55555555555556e-06 5.55555555555556e-06 5.55555555555556e-06 0.999938888888889 5.55555555555556e-06 5.55555555555556e-06 5.55555555555556e-06; % b D=0.01
5.55555555555556e-06 5.55555555555556e-06 0.999938888888889 5.55555555555556e-06 5.55555555555556e-06 5.55555555555556e-06 5.55555555555556e-06 5.55555555555556e-06 5.55555555555556e-06 5.55555555555556e-06 5.55555555555556e-06 5.55555555555556e-06; % f D=0.01
5.55555555555556e-06 5.55555555555556e-06 5.55555555555556e-06 5.55555555555556e-06 5.55555555555556e-06 0.999938888888889 5.55555555555556e-06 5.55555555555556e-06 5.55555555555556e-06 5.55555555555556e-06 5.55555555555556e-06 5.55555555555556e-06; % g D=0.01
0.253288888888889 0.213288888888889 2.22222222222222e-05 2.22222222222222e-05 2.22222222222222e-05 2.22222222222222e-05 2.22222222222222e-05 0.299955555555556 2.22222222222222e-05 0.233288888888889 2.22222222222222e-05 2.22222222222222e-05; % l D=0.01
0.239955555555556 0.273288888888889 2.22222222222222e-05 2.22222222222222e-05 2.22222222222222e-05 2.22222222222222e-05 0.199955555555556 2.22222222222222e-05 2.22222222222222e-05 0.286622222222222 2.22222222222222e-05 2.22222222222222e-05; % z D=0.01
4.44444444444444e-05 0.246577777777778 4.44444444444444e-05 4.44444444444444e-05 4.44444444444444e-05 4.44444444444444e-05 0.266577777777778 0.246577777777778 4.44444444444444e-05 0.239911111111111 4.44444444444444e-05 4.44444444444444e-05; % $ D=0.02
1.11111111111111e-05 1.11111111111111e-05 1.11111111111111e-05 1.11111111111111e-05 0.999877777777778 1.11111111111111e-05 1.11111111111111e-05 1.11111111111111e-05 1.11111111111111e-05 1.11111111111111e-05 1.11111111111111e-05 1.11111111111111e-05; % B D=0.02
1.11111111111111e-05 1.11111111111111e-05 1.11111111111111e-05 1.11111111111111e-05 1.11111111111111e-05 1.11111111111111e-05 1.11111111111111e-05 1.11111111111111e-05 1.11111111111111e-05 1.11111111111111e-05 1.11111111111111e-05 0.999877777777778; % D D=0.02
0.139911111111111 0.266577777777778 4.44444444444444e-05 4.44444444444444e-05 4.44444444444444e-05 4.44444444444444e-05 0.333244444444444 0.259911111111111 4.44444444444444e-05 4.44444444444444e-05 4.44444444444444e-05 4.44444444444444e-05; % K D=0.02
0.366577777777778 4.44444444444444e-05 4.44444444444444e-05 4.44444444444444e-05 4.44444444444444e-05 4.44444444444444e-05 0.199911111111111 0.193244444444444 4.44444444444444e-05 0.239911111111111 4.44444444444444e-05 4.44444444444444e-05; % L D=0.02
1.11111111111111e-05 1.11111111111111e-05 1.11111111111111e-05 0.999877777777778 1.11111111111111e-05 1.11111111111111e-05 1.11111111111111e-05 1.11111111111111e-05 1.11111111111111e-05 1.11111111111111e-05 1.11111111111111e-05 1.11111111111111e-05; % M D=0.02
1.11111111111111e-05 1.11111111111111e-05 1.11111111111111e-05 1.11111111111111e-05 1.11111111111111e-05 1.11111111111111e-05 1.11111111111111e-05 1.11111111111111e-05 1.11111111111111e-05 1.11111111111111e-05 0.999877777777778 1.11111111111111e-05; % P D=0.02
1.11111111111111e-05 1.11111111111111e-05 1.11111111111111e-05 1.11111111111111e-05 1.11111111111111e-05 1.11111111111111e-05 1.11111111111111e-05 1.11111111111111e-05 0.999877777777778 1.11111111111111e-05 1.11111111111111e-05 1.11111111111111e-05; % b D=0.02
1.11111111111111e-05 1.11111111111111e-05 0.999877777777778 1.11111111111111e-05 1.11111111111111e-05 1.11111111111111e-05 1.11111111111111e-05 1.11111111111111e-05 1.11111111111111e-05 1.11111111111111e-05 1.11111111111111e-05 1.11111111111111e-05; % f D=0.02
1.11111111111111e-05 1.11111111111111e-05 1.11111111111111e-05 1.11111111111111e-05 1.11111111111111e-05 0.999877777777778 1.11111111111111e-05 1.11111111111111e-05 1.11111111111111e-05 1.11111111111111e-05 1.11111111111111e-05 1.11111111111111e-05; % g D=0.02
0.253244444444444 0.213244444444444 4.44444444444444e-05 4.44444444444444e-05 4.44444444444444e-05 4.44444444444444e-05 4.44444444444444e-05 0.299911111111111 4.44444444444444e-05 0.233244444444444 4.44444444444444e-05 4.44444444444444e-05; % l D=0.02
0.239911111111111 0.273244444444444 4.44444444444444e-05 4.44444444444444e-05 4.44444444444444e-05 4.44444444444444e-05 0.199911111111111 4.44444444444444e-05 4.44444444444444e-05 0.286577777777778 4.44444444444444e-05 4.44444444444444e-05; % z D=0.02
0.000111111111111111 0.246444444444444 0.000111111111111111 0.000111111111111111 0.000111111111111111 0.000111111111111111 0.266444444444444 0.246444444444444 0.000111111111111111 0.239777777777778 0.000111111111111111 0.000111111111111111; % $ D=0.05
2.77777777777778e-05 2.77777777777778e-05 2.77777777777778e-05 2.77777777777778e-05 0.999694444444444 2.77777777777778e-05 2.77777777777778e-05 2.77777777777778e-05 2.77777777777778e-05 2.77777777777778e-05 2.77777777777778e-05 2.77777777777778e-05; % B D=0.05
2.77777777777778e-05 2.77777777777778e-05 2.77777777777778e-05 2.77777777777778e-05 2.77777777777778e-05 2.77777777777778e-05 2.77777777777778e-05 2.77777777777778e-05 2.77777777777778e-05 2.77777777777778e-05 2.77777777777778e-05 0.999694444444444; % D D=0.05
0.139777777777778 0.266444444444444 0.000111111111111111 0.000111111111111111 0.000111111111111111 0.000111111111111111 0.333111111111111 0.259777777777778 0.000111111111111111 0.000111111111111111 0.000111111111111111 0.000111111111111111; % K D=0.05
0.366444444444444 0.000111111111111111 0.000111111111111111 0.000111111111111111 0.000111111111111111 0.000111111111111111 0.199777777777778 0.193111111111111 0.000111111111111111 0.239777777777778 0.000111111111111111 0.000111111111111111; % L D=0.05
2.77777777777778e-05 2.77777777777778e-05 2.77777777777778e-05 0.999694444444444 2.77777777777778e-05 2.77777777777778e-05 2.77777777777778e-05 2.77777777777778e-05 2.77777777777778e-05 2.77777777777778e-05 2.77777777777778e-05 2.77777777777778e-05; % M D=0.05
2.77777777777778e-05 2.77777777777778e-05 2.77777777777778e-05 2.77777777777778e-05 2.77777777777778e-05 2.77777777777778e-05 2.77777777777778e-05 2.77777777777778e-05 2.77777777777778e-05 2.77777777777778e-05 0.999694444444444 2.77777777777778e-05; % P D=0.05
2.77777777777778e-05 2.77777777777778e-05 2.77777777777778e-05 2.77777777777778e-05 2.77777777777778e-05 2.77777777777778e-05 2.77777777777778e-05 2.77777777777778e-05 0.999694444444444 2.77777777777778e-05 2.77777777777778e-05 2.77777777777778e-05; % b D=0.05
2.77777777777778e-05 2.77777777777778e-05 0.999694444444444 2.77777777777778e-05 2.77777777777778e-05 2.77777777777778e-05 2.77777777777778e-05 2.77777777777778e-05 2.77777777777778e-05 2.77777777777778e-05 2.77777777777778e-05 2.77777777777778e-05; % f D=0.05
2.77777777777778e-05 2.77777777777778e-05 2.77777777777778e-05 2.77777777777778e-05 2.77777777777778e-05 0.999694444444444 2.77777777777778e-05 2.77777777777778e-05 2.77777777777778e-05 2.77777777777778e-05 2.77777777777778e-05 2.77777777777778e-05; % g D=0.05
0.253111111111111 0.213111111111111 0.000111111111111111 0.000111111111111111 0.000111111111111111 0.000111111111111111 0.000111111111111111 0.299777777777778 0.000111111111111111 0.233111111111111 0.000111111111111111 0.000111111111111111; % l D=0.05
0.239777777777778 0.273111111111111 0.000111111111111111 0.000111111111111111 0.000111111111111111 0.000111111111111111 0.199777777777778 0.000111111111111111 0.000111111111111111 0.286444444444444 0.000111111111111111 0.000111111111111111; % z D=0.05
0.000222222222222222 0.246222222222222 0.000222222222222222 0.000222222222222222 0.000222222222222222 0.000222222222222222 0.266222222222222 0.246222222222222 0.000222222222222222 0.239555555555556 0.000222222222222222 0.000222222222222222; % $ D=0.1
5.55555555555556e-05 5.55555555555556e-05 5.55555555555556e-05 5.55555555555556e-05 0.999388888888889 5.55555555555556e-05 5.55555555555556e-05 5.55555555555556e-05 5.55555555555556e-05 5.55555555555556e-05 5.55555555555556e-05 5.55555555555556e-05; % B D=0.1
5.55555555555556e-05 5.55555555555556e-05 5.55555555555556e-05 5.55555555555556e-05 5.55555555555556e-05 5.55555555555556e-05 5.55555555555556e-05 5.55555555555556e-05 5.55555555555556e-05 5.55555555555556e-05 5.55555555555556e-05 0.999388888888889; % D D=0.1
0.139555555555556 0.266222222222222 0.000222222222222222 0.000222222222222222 0.000222222222222222 0.000222222222222222 0.332888888888889 0.259555555555556 0.000222222222222222 0.000222222222222222 0.000222222222222222 0.000222222222222222; % K D=0.1
0.366222222222222 0.000222222222222222 0.000222222222222222 0.000222222222222222 0.000222222222222222 0.000222222222222222 0.199555555555556 0.192888888888889 0.000222222222222222 0.239555555555556 0.000222222222222222 0.000222222222222222; % L D=0.1
5.55555555555556e-05 5.55555555555556e-05 5.55555555555556e-05 0.999388888888889 5.55555555555556e-05 5.55555555555556e-05 5.55555555555556e-05 5.55555555555556e-05 5.55555555555556e-05 5.55555555555556e-05 5.55555555555556e-05 5.55555555555556e-05; % M D=0.1
5.55555555555556e-05 5.55555555555556e-05 5.55555555555556e-05 5.55555555555556e-05 5.55555555555556e-05 5.55555555555556e-05 5.55555555555556e-05 5.55555555555556e-05 5.55555555555556e-05 5.55555555555556e-05 0.999388888888889 5.55555555555556e-05; % P D=0.1
5.55555555555556e-05 5.55555555555556e-05 5.55555555555556e-05 5.55555555555556e-05 5.55555555555556e-05 5.55555555555556e-05 5.55555555555556e-05 5.55555555555556e-05 0.999388888888889 5.55555555555556e-05 5.55555555555556e-05 5.55555555555556e-05; % b D=0.1
5.55555555555556e-05 5.55555555555556e-05 0.999388888888889 5.55555555555556e-05 5.55555555555556e-05 5.55555555555556e-05 5.55555555555556e-05 5.55555555555556e-05 5.55555555555556e-05 5.55555555555556e-05 5.55555555555556e-05 5.55555555555556e-05; % f D=0.1
5.55555555555556e-05 5.55555555555556e-05 5.55555555555556e-05 5.55555555555556e-05 5.55555555555556e-05 0.999388888888889 5.55555555555556e-05 5.55555555555556e-05 5.55555555555556e-05 5.55555555555556e-05 5.55555555555556e-05 5.55555555555556e-05; % g D=0.1
0.252888888888889 0.212888888888889 0.000222222222222222 0.000222222222222222 0.000222222222222222 0.000222222222222222 0.000222222222222222 0.299555555555556 0.000222222222222222 0.232888888888889 0.000222222222222222 0.000222222222222222; % l D=0.1
0.239555555555556 0.272888888888889 0.000222222222222222 0.000222222222222222 0.000222222222222222 0.000222222222222222 0.199555555555556 0.000222222222222222 0.000222222222222222 0.286222222222222 0.000222222222222222 0.000222222222222222; % z D=0.1
0.000444444444444444 0.245777777777778 0.000444444444444444 0.000444444444444444 0.000444444444444444 0.000444444444444444 0.265777777777778 0.245777777777778 0.000444444444444444 0.239111111111111 0.000444444444444444 0.000444444444444444; % $ D=0.2
0.000111111111111111 0.000111111111111111 0.000111111111111111 0.000111111111111111 0.998777777777778 0.000111111111111111 0.000111111111111111 0.000111111111111111 0.000111111111111111 0.000111111111111111 0.000111111111111111 0.000111111111111111; % B D=0.2
0.000111111111111111 0.000111111111111111 0.000111111111111111 0.000111111111111111 0.000111111111111111 0.000111111111111111 0.000111111111111111 0.000111111111111111 0.000111111111111111 0.000111111111111111 0.000111111111111111 0.998777777777778; % D D=0.2
0.139111111111111 0.265777777777778 0.000444444444444444 0.000444444444444444 0.000444444444444444 0.000444444444444444 0.332444444444444 0.259111111111111 0.000444444444444444 0.000444444444444444 0.000444444444444444 0.000444444444444444; % K D=0.2
0.365777777777778 0.000444444444444444 0.000444444444444444 0.000444444444444444 0.000444444444444444 0.000444444444444444 0.199111111111111 0.192444444444444 0.000444444444444444 0.239111111111111 0.000444444444444444 0.000444444444444444; % L D=0.2
0.000111111111111111 0.000111111111111111 0.000111111111111111 0.998777777777778 0.000111111111111111 0.000111111111111111 0.000111111111111111 0.000111111111111111 0.000111111111111111 0.000111111111111111 0.000111111111111111 0.000111111111111111; % M D=0.2
0.000111111111111111 0.000111111111111111 0.000111111111111111 0.000111111111111111 0.000111111111111111 0.000111111111111111 0.000111111111111111 0.000111111111111111 0.000111111111111111 0.000111111111111111 0.998777777777778 0.000111111111111111; % P D=0.2
0.000111111111111111 0.000111111111111111 0.000111111111111111 0.000111111111111111 0.000111111111111111 0.000111111111111111 0.000111111111111111 0.000111111111111111 0.998777777777778 0.000111111111111111 0.000111111111111111 0.000111111111111111; % b D=0.2
0.000111111111111111 0.000111111111111111 0.998777777777778 0.000111111111111111 0.000111111111111111 0.000111111111111111 0.000111111111111111 0.000111111111111111 0.000111111111111111 0.000111111111111111 0.000111111111111111 0.000111111111111111; % f D=0.2
0.000111111111111111 0.000111111111111111 0.000111111111111111 0.000111111111111111 0.000111111111111111 0.998777777777778 0.000111111111111111 0.000111111111111111 0.000111111111111111 0.000111111111111111 0.000111111111111111 0.000111111111111111; % g D=0.2
0.252444444444444 0.212444444444444 0.000444444444444444 0.000444444444444444 0.000444444444444444 0.000444444444444444 0.000444444444444444 0.299111111111111 0.000444444444444444 0.232444444444444 0.000444444444444444 0.000444444444444444; % l D=0.2
0.239111111111111 0.272444444444444 0.000444444444444444 0.000444444444444444 0.000444444444444444 0.000444444444444444 0.199111111111111 0.000444444444444444 0.000444444444444444 0.285777777777778 0.000444444444444444 0.000444444444444444; % z D=0.2
0.00111111111111111 0.244444444444444 0.00111111111111111 0.00111111111111111 0.00111111111111111 0.00111111111111111 0.264444444444444 0.244444444444444 0.00111111111111111 0.237777777777778 0.00111111111111111 0.00111111111111111; % $ D=0.5
0.000277777777777778 0.000277777777777778 0.000277777777777778 0.000277777777777778 0.996944444444445 0.000277777777777778 0.000277777777777778 0.000277777777777778 0.000277777777777778 0.000277777777777778 0.000277777777777778 0.000277777777777778; % B D=0.5
0.000277777777777778 0.000277777777777778 0.000277777777777778 0.000277777777777778 0.000277777777777778 0.000277777777777778 0.000277777777777778 0.000277777777777778 0.000277777777777778 0.000277777777777778 0.000277777777777778 0.996944444444445; % D D=0.5
0.137777777777778 0.264444444444444 0.00111111111111111 0.00111111111111111 0.00111111111111111 0.00111111111111111 0.331111111111111 0.257777777777778 0.00111111111111111 0.00111111111111111 0.00111111111111111 0.00111111111111111; % K D=0.5
0.364444444444444 0.00111111111111111 0.00111111111111111 0.00111111111111111 0.00111111111111111 0.00111111111111111 0.197777777777778 0.191111111111111 0.00111111111111111 0.237777777777778 0.00111111111111111 0.00111111111111111; % L D=0.5
0.000277777777777778 0.000277777777777778 0.000277777777777778 0.996944444444445 0.000277777777777778 0.000277777777777778 0.000277777777777778 0.000277777777777778 0.000277777777777778 0.000277777777777778 0.000277777777777778 0.000277777777777778; % M D=0.5
0.000277777777777778 0.000277777777777778 0.000277777777777778 0.000277777777777778 0.000277777777777778 0.000277777777777778 0.000277777777777778 0.000277777777777778 0.000277777777777778 0.000277777777777778 0.996944444444445 0.000277777777777778; % P D=0.5
0.000277777777777778 0.000277777777777778 0.000277777777777778 0.000277777777777778 0.000277777777777778 0.000277777777777778 0.000277777777777778 0.000277777777777778 0.996944444444445 0.000277777777777778 0.000277777777777778 0.000277777777777778; % b D=0.5
0.000277777777777778 0.000277777777777778 0.996944444444445 0.000277777777777778 0.000277777777777778 0.000277777777777778 0.000277777777777778 0.000277777777777778 0.000277777777777778 0.000277777777777778 0.000277777777777778 0.000277777777777778; % f D=0.5
0.000277777777777778 0.000277777777777778 0.000277777777777778 0.000277777777777778 0.000277777777777778 0.996944444444445 0.000277777777777778 0.000277777777777778 0.000277777777777778 0.000277777777777778 0.000277777777777778 0.000277777777777778; % g D=0.5
0.251111111111111 0.211111111111111 0.00111111111111111 0.00111111111111111 0.00111111111111111 0.00111111111111111 0.00111111111111111 0.297777777777778 0.00111111111111111 0.231111111111111 0.00111111111111111 0.00111111111111111; % l D=0.5
0.237777777777778 0.271111111111111 0.00111111111111111 0.00111111111111111 0.00111111111111111 0.00111111111111111 0.197777777777778 0.00111111111111111 0.00111111111111111 0.284444444444444 0.00111111111111111 0.00111111111111111; % z D=0.5
0.00222222222222222 0.242222222222222 0.00222222222222222 0.00222222222222222 0.00222222222222222 0.00222222222222222 0.262222222222222 0.242222222222222 0.00222222222222222 0.235555555555556 0.00222222222222222 0.00222222222222222; % $ D=1
0.000555555555555556 0.000555555555555556 0.000555555555555556 0.000555555555555556 0.993888888888889 0.000555555555555556 0.000555555555555556 0.000555555555555556 0.000555555555555556 0.000555555555555556 0.000555555555555556 0.000555555555555556; % B D=1
0.000555555555555556 0.000555555555555556 0.000555555555555556 0.000555555555555556 0.000555555555555556 0.000555555555555556 0.000555555555555556 0.000555555555555556 0.000555555555555556 0.000555555555555556 0.000555555555555556 0.993888888888889; % D D=1
0.135555555555556 0.262222222222222 0.00222222222222222 0.00222222222222222 0.00222222222222222 0.00222222222222222 0.328888888888889 0.255555555555556 0.00222222222222222 0.00222222222222222 0.00222222222222222 0.00222222222222222; % K D=1
0.362222222222222 0.00222222222222222 0.00222222222222222 0.00222222222222222 0.00222222222222222 0.00222222222222222 0.195555555555556 0.188888888888889 0.00222222222222222 0.235555555555556 0.00222222222222222 0.00222222222222222; % L D=1
0.000555555555555556 0.000555555555555556 0.000555555555555556 0.993888888888889 0.000555555555555556 0.000555555555555556 0.000555555555555556 0.000555555555555556 0.000555555555555556 0.000555555555555556 0.000555555555555556 0.000555555555555556; % M D=1
0.000555555555555556 0.000555555555555556 0.000555555555555556 0.000555555555555556 0.000555555555555556 0.000555555555555556 0.000555555555555556 0.000555555555555556 0.000555555555555556 0.000555555555555556 0.993888888888889 0.000555555555555556; % P D=1
0.000555555555555556 0.000555555555555556 0.000555555555555556 0.000555555555555556 0.000555555555555556 0.000555555555555556 0.000555555555555556 0.000555555555555556 0.993888888888889 0.000555555555555556 0.000555555555555556 0.000555555555555556; % b D=1
0.000555555555555556 0.000555555555555556 0.993888888888889 0.000555555555555556 0.000555555555555556 0.000555555555555556 0.000555555555555556 0.000555555555555556 0.000555555555555556 0.000555555555555556 0.000555555555555556 0.000555555555555556; % f D=1
0.000555555555555556 0.000555555555555556 0.000555555555555556 0.000555555555555556 0.000555555555555556 0.993888888888889 0.000555555555555556 0.000555555555555556 0.000555555555555556 0.000555555555555556 0.000555555555555556 0.000555555555555556; % g D=1
0.248888888888889 0.208888888888889 0.00222222222222222 0.00222222222222222 0.00222222222222222 0.00222222222222222 0.00222222222222222 0.295555555555556 0.00222222222222222 0.228888888888889 0.00222222222222222 0.00222222222222222; % l D=1
0.235555555555556 0.268888888888889 0.00222222222222222 0.00222222222222222 0.00222222222222222 0.00222222222222222 0.195555555555556 0.00222222222222222 0.00222222222222222 0.282222222222222 0.00222222222222222 0.00222222222222222; % z D=1
0.00444444444444444 0.237777777777778 0.00444444444444444 0.00444444444444444 0.00444444444444444 0.00444444444444444 0.257777777777778 0.237777777777778 0.00444444444444444 0.231111111111111 0.00444444444444444 0.00444444444444444; % $ D=2
0.00111111111111111 0.00111111111111111 0.00111111111111111 0.00111111111111111 0.987777777777778 0.00111111111111111 0.00111111111111111 0.00111111111111111 0.00111111111111111 0.00111111111111111 0.00111111111111111 0.00111111111111111; % B D=2
0.00111111111111111 0.00111111111111111 0.00111111111111111 0.00111111111111111 0.00111111111111111 0.00111111111111111 0.00111111111111111 0.00111111111111111 0.00111111111111111 0.00111111111111111 0.00111111111111111 0.987777777777778; % D D=2
0.131111111111111 0.257777777777778 0.00444444444444444 0.00444444444444444 0.00444444444444444 0.00444444444444444 0.324444444444444 0.251111111111111 0.00444444444444444 0.00444444444444444 0.00444444444444444 0.00444444444444444; % K D=2
0.357777777777778 0.00444444444444444 0.00444444444444444 0.00444444444444444 0.00444444444444444 0.00444444444444444 0.191111111111111 0.184444444444444 0.00444444444444444 0.231111111111111 0.00444444444444444 0.00444444444444444; % L D=2
0.00111111111111111 0.00111111111111111 0.00111111111111111 0.987777777777778 0.00111111111111111 0.00111111111111111 0.00111111111111111 0.00111111111111111 0.00111111111111111 0.00111111111111111 0.00111111111111111 0.00111111111111111; % M D=2
0.00111111111111111 0.00111111111111111 0.00111111111111111 0.00111111111111111 0.00111111111111111 0.00111111111111111 0.00111111111111111 0.00111111111111111 0.00111111111111111 0.00111111111111111 0.987777777777778 0.00111111111111111; % P D=2
0.00111111111111111 0.00111111111111111 0.00111111111111111 0.00111111111111111 0.00111111111111111 0.00111111111111111 0.00111111111111111 0.00111111111111111 0.987777777777778 0.00111111111111111 0.00111111111111111 0.00111111111111111; % b D=2
0.00111111111111111 0.00111111111111111 0.987777777777778 0.00111111111111111 0.00111111111111111 0.00111111111111111 0.00111111111111111 0.00111111111111111 0.00111111111111111 0.00111111111111111 0.00111111111111111 0.00111111111111111; % f D=2
0.00111111111111111 0.00111111111111111 0.00111111111111111 0.00111111111111111 0.00111111111111111 0.987777777777778 0.00111111111111111 0.00111111111111111 0.00111111111111111 0.00111111111111111 0.00111111111111111 0.00111111111111111; % g D=2
0.244444444444444 0.204444444444444 0.00444444444444444 0.00444444444444444 0.00444444444444444 0.00444444444444444 0.00444444444444444 0.291111111111111 0.00444444444444444 0.224444444444444 0.00444444444444444 0.00444444444444444; % l D=2
0.231111111111111 0.264444444444444 0.00444444444444444 0.00444444444444444 0.00444444444444444 0.00444444444444444 0.191111111111111 0.00444444444444444 0.00444444444444444 0.277777777777778 0.00444444444444444 0.00444444444444444; % z D=2
0.00666666666666667 0.233333333333333 0.00666666666666667 0.00666666666666667 0.00666666666666667 0.00666666666666667 0.253333333333333 0.233333333333333 0.00666666666666667 0.226666666666667 0.00666666666666667 0.00666666666666667; % $ D=3
0.00166666666666667 0.00166666666666667 0.00166666666666667 0.00166666666666667 0.981666666666667 0.00166666666666667 0.00166666666666667 0.00166666666666667 0.00166666666666667 0.00166666666666667 0.00166666666666667 0.00166666666666667; % B D=3
0.00166666666666667 0.00166666666666667 0.00166666666666667 0.00166666666666667 0.00166666666666667 0.00166666666666667 0.00166666666666667 0.00166666666666667 0.00166666666666667 0.00166666666666667 0.00166666666666667 0.981666666666667; % D D=3
0.126666666666667 0.253333333333333 0.00666666666666667 0.00666666666666667 0.00666666666666667 0.00666666666666667 0.32 0.246666666666667 0.00666666666666667 0.00666666666666667 0.00666666666666667 0.00666666666666667; % K D=3
0.353333333333333 0.00666666666666667 0.00666666666666667 0.00666666666666667 0.00666666666666667 0.00666666666666667 0.186666666666667 0.18 0.00666666666666667 0.226666666666667 0.00666666666666667 0.00666666666666667; % L D=3
0.00166666666666667 0.00166666666666667 0.00166666666666667 0.981666666666667 0.00166666666666667 0.00166666666666667 0.00166666666666667 0.00166666666666667 0.00166666666666667 0.00166666666666667 0.00166666666666667 0.00166666666666667; % M D=3
0.00166666666666667 0.00166666666666667 0.00166666666666667 0.00166666666666667 0.00166666666666667 0.00166666666666667 0.00166666666666667 0.00166666666666667 0.00166666666666667 0.00166666666666667 0.981666666666667 0.00166666666666667; % P D=3
0.00166666666666667 0.00166666666666667 0.00166666666666667 0.00166666666666667 0.00166666666666667 0.00166666666666667 0.00166666666666667 0.00166666666666667 0.981666666666667 0.00166666666666667 0.00166666666666667 0.00166666666666667; % b D=3
0.00166666666666667 0.00166666666666667 0.981666666666667 0.00166666666666667 0.00166666666666667 0.00166666666666667 0.00166666666666667 0.00166666666666667 0.00166666666666667 0.00166666666666667 0.00166666666666667 0.00166666666666667; % f D=3
0.00166666666666667 0.00166666666666667 0.00166666666666667 0.00166666666666667 0.00166666666666667 0.981666666666667 0.00166666666666667 0.00166666666666667 0.00166666666666667 0.00166666666666667 0.00166666666666667 0.00166666666666667; % g D=3
0.24 0.2 0.00666666666666667 0.00666666666666667 0.00666666666666667 0.00666666666666667 0.00666666666666667 0.286666666666667 0.00666666666666667 0.22 0.00666666666666667 0.00666666666666667; % l D=3
0.226666666666667 0.26 0.00666666666666667 0.00666666666666667 0.00666666666666667 0.00666666666666667 0.186666666666667 0.00666666666666667 0.00666666666666667 0.273333333333333 0.00666666666666667 0.00666666666666667; % z D=3
0.00888888888888889 0.228888888888889 0.00888888888888889 0.00888888888888889 0.00888888888888889 0.00888888888888889 0.248888888888889 0.228888888888889 0.00888888888888889 0.222222222222222 0.00888888888888889 0.00888888888888889; % $ D=4
0.00222222222222222 0.00222222222222222 0.00222222222222222 0.00222222222222222 0.975555555555556 0.00222222222222222 0.00222222222222222 0.00222222222222222 0.00222222222222222 0.00222222222222222 0.00222222222222222 0.00222222222222222; % B D=4
0.00222222222222222 0.00222222222222222 0.00222222222222222 0.00222222222222222 0.00222222222222222 0.00222222222222222 0.00222222222222222 0.00222222222222222 0.00222222222222222 0.00222222222222222 0.00222222222222222 0.975555555555556; % D D=4
0.122222222222222 0.248888888888889 0.00888888888888889 0.00888888888888889 0.00888888888888889 0.00888888888888889 0.315555555555556 0.242222222222222 0.00888888888888889 0.00888888888888889 0.00888888888888889 0.00888888888888889; % K D=4
0.348888888888889 0.00888888888888889 0.00888888888888889 0.00888888888888889 0.00888888888888889 0.00888888888888889 0.182222222222222 0.175555555555556 0.00888888888888889 0.222222222222222 0.00888888888888889 0.00888888888888889; % L D=4
0.00222222222222222 0.00222222222222222 0.00222222222222222 0.975555555555556 0.00222222222222222 0.00222222222222222 0.00222222222222222 0.00222222222222222 0.00222222222222222 0.00222222222222222 0.00222222222222222 0.00222222222222222; % M D=4
0.00222222222222222 0.00222222222222222 0.00222222222222222 0.00222222222222222 0.00222222222222222 0.00222222222222222 0.00222222222222222 0.00222222222222222 0.00222222222222222 0.00222222222222222 0.975555555555556 0.00222222222222222; % P D=4
0.00222222222222222 0.00222222222222222 0.00222222222222222 0.00222222222222222 0.00222222222222222 0.00222222222222222 0.00222222222222222 0.00222222222222222 0.975555555555556 0.00222222222222222 0.00222222222222222 0.00222222222222222; % b D=4
0.00222222222222222 0.00222222222222222 0.975555555555556 0.00222222222222222 0.00222222222222222 0.00222222222222222 0.00222222222222222 0.00222222222222222 0.00222222222222222 0.00222222222222222 0.00222222222222222 0.00222222222222222; % f D=4
0.00222222222222222 0.00222222222222222 0.00222222222222222 0.00222222222222222 0.00222222222222222 0.975555555555556 0.00222222222222222 0.00222222222222222 0.00222222222222222 0.00222222222222222 0.00222222222222222 0.00222222222222222; % g D=4
0.235555555555556 0.195555555555556 0.00888888888888889 0.00888888888888889 0.00888888888888889 0.00888888888888889 0.00888888888888889 0.282222222222222 0.00888888888888889 0.215555555555556 0.00888888888888889 0.00888888888888889; % l D=4
0.222222222222222 0.255555555555556 0.00888888888888889 0.00888888888888889 0.00888888888888889 0.00888888888888889 0.182222222222222 0.00888888888888889 0.00888888888888889 0.268888888888889 0.00888888888888889 0.00888888888888889; % z D=4
0.0111111111111111 0.224444444444444 0.0111111111111111 0.0111111111111111 0.0111111111111111 0.0111111111111111 0.244444444444444 0.224444444444444 0.0111111111111111 0.217777777777778 0.0111111111111111 0.0111111111111111; % $ D=5
0.00277777777777778 0.00277777777777778 0.00277777777777778 0.00277777777777778 0.969444444444444 0.00277777777777778 0.00277777777777778 0.00277777777777778 0.00277777777777778 0.00277777777777778 0.00277777777777778 0.00277777777777778; % B D=5
0.00277777777777778 0.00277777777777778 0.00277777777777778 0.00277777777777778 0.00277777777777778 0.00277777777777778 0.00277777777777778 0.00277777777777778 0.00277777777777778 0.00277777777777778 0.00277777777777778 0.969444444444444; % D D=5
0.117777777777778 0.244444444444444 0.0111111111111111 0.0111111111111111 0.0111111111111111 0.0111111111111111 0.311111111111111 0.237777777777778 0.0111111111111111 0.0111111111111111 0.0111111111111111 0.0111111111111111; % K D=5
0.344444444444444 0.0111111111111111 0.0111111111111111 0.0111111111111111 0.0111111111111111 0.0111111111111111 0.177777777777778 0.171111111111111 0.0111111111111111 0.217777777777778 0.0111111111111111 0.0111111111111111; % L D=5
0.00277777777777778 0.00277777777777778 0.00277777777777778 0.969444444444444 0.00277777777777778 0.00277777777777778 0.00277777777777778 0.00277777777777778 0.00277777777777778 0.00277777777777778 0.00277777777777778 0.00277777777777778; % M D=5
0.00277777777777778 0.00277777777777778 0.00277777777777778 0.00277777777777778 0.00277777777777778 0.00277777777777778 0.00277777777777778 0.00277777777777778 0.00277777777777778 0.00277777777777778 0.969444444444444 0.00277777777777778; % P D=5
0.00277777777777778 0.00277777777777778 0.00277777777777778 0.00277777777777778 0.00277777777777778 0.00277777777777778 0.00277777777777778 0.00277777777777778 0.969444444444444 0.00277777777777778 0.00277777777777778 0.00277777777777778; % b D=5
0.00277777777777778 0.00277777777777778 0.969444444444444 0.00277777777777778 0.00277777777777778 0.00277777777777778 0.00277777777777778 0.00277777777777778 0.00277777777777778 0.00277777777777778 0.00277777777777778 0.00277777777777778; % f D=5
0.00277777777777778 0.00277777777777778 0.00277777777777778 0.00277777777777778 0.00277777777777778 0.969444444444444 0.00277777777777778 0.00277777777777778 0.00277777777777778 0.00277777777777778 0.00277777777777778 0.00277777777777778; % g D=5
0.231111111111111 0.191111111111111 0.0111111111111111 0.0111111111111111 0.0111111111111111 0.0111111111111111 0.0111111111111111 0.277777777777778 0.0111111111111111 0.211111111111111 0.0111111111111111 0.0111111111111111; % l D=5
0.217777777777778 0.251111111111111 0.0111111111111111 0.0111111111111111 0.0111111111111111 0.0111111111111111 0.177777777777778 0.0111111111111111 0.0111111111111111 0.264444444444444 0.0111111111111111 0.0111111111111111; % z D=5
0.0133333333333333 0.22 0.0133333333333333 0.0133333333333333 0.0133333333333333 0.0133333333333333 0.24 0.22 0.0133333333333333 0.213333333333333 0.0133333333333333 0.0133333333333333; % $ D=6
0.00333333333333333 0.00333333333333333 0.00333333333333333 0.00333333333333333 0.963333333333333 0.00333333333333333 0.00333333333333333 0.00333333333333333 0.00333333333333333 0.00333333333333333 0.00333333333333333 0.00333333333333333; % B D=6
0.00333333333333333 0.00333333333333333 0.00333333333333333 0.00333333333333333 0.00333333333333333 0.00333333333333333 0.00333333333333333 0.00333333333333333 0.00333333333333333 0.00333333333333333 0.00333333333333333 0.963333333333333; % D D=6
0.113333333333333 0.24 0.0133333333333333 0.0133333333333333 0.0133333333333333 0.0133333333333333 0.306666666666667 0.233333333333333 0.0133333333333333 0.0133333333333333 0.0133333333333333 0.0133333333333333; % K D=6
0.34 0.0133333333333333 0.0133333333333333 0.0133333333333333 0.0133333333333333 0.0133333333333333 0.173333333333333 0.166666666666667 0.0133333333333333 0.213333333333333 0.0133333333333333 0.0133333333333333; % L D=6
0.00333333333333333 0.00333333333333333 0.00333333333333333 0.963333333333333 0.00333333333333333 0.00333333333333333 0.00333333333333333 0.00333333333333333 0.00333333333333333 0.00333333333333333 0.00333333333333333 0.00333333333333333; % M D=6
0.00333333333333333 0.00333333333333333 0.00333333333333333 0.00333333333333333 0.00333333333333333 0.00333333333333333 0.00333333333333333 0.00333333333333333 0.00333333333333333 0.00333333333333333 0.963333333333333 0.00333333333333333; % P D=6
0.00333333333333333 0.00333333333333333 0.00333333333333333 0.00333333333333333 0.00333333333333333 0.00333333333333333 0.00333333333333333 0.00333333333333333 0.963333333333333 0.00333333333333333 0.00333333333333333 0.00333333333333333; % b D=6
0.00333333333333333 0.00333333333333333 0.963333333333333 0.00333333333333333 0.00333333333333333 0.00333333333333333 0.00333333333333333 0.00333333333333333 0.00333333333333333 0.00333333333333333 0.00333333333333333 0.00333333333333333; % f D=6
0.00333333333333333 0.00333333333333333 0.00333333333333333 0.00333333333333333 0.00333333333333333 0.963333333333333 0.00333333333333333 0.00333333333333333 0.00333333333333333 0.00333333333333333 0.00333333333333333 0.00333333333333333; % g D=6
0.226666666666667 0.186666666666667 0.0133333333333333 0.0133333333333333 0.0133333333333333 0.0133333333333333 0.0133333333333333 0.273333333333333 0.0133333333333333 0.206666666666667 0.0133333333333333 0.0133333333333333; % l D=6
0.213333333333333 0.246666666666667 0.0133333333333333 0.0133333333333333 0.0133333333333333 0.0133333333333333 0.173333333333333 0.0133333333333333 0.0133333333333333 0.26 0.0133333333333333 0.0133333333333333; % z D=6
0.0177777777777778 0.211111111111111 0.0177777777777778 0.0177777777777778 0.0177777777777778 0.0177777777777778 0.231111111111111 0.211111111111111 0.0177777777777778 0.204444444444444 0.0177777777777778 0.0177777777777778; % $ D=8
0.00444444444444444 0.00444444444444444 0.00444444444444444 0.00444444444444444 0.951111111111111 0.00444444444444444 0.00444444444444444 0.00444444444444444 0.00444444444444444 0.00444444444444444 0.00444444444444444 0.00444444444444444; % B D=8
0.00444444444444444 0.00444444444444444 0.00444444444444444 0.00444444444444444 0.00444444444444444 0.00444444444444444 0.00444444444444444 0.00444444444444444 0.00444444444444444 0.00444444444444444 0.00444444444444444 0.951111111111111; % D D=8
0.104444444444444 0.231111111111111 0.0177777777777778 0.0177777777777778 0.0177777777777778 0.0177777777777778 0.297777777777778 0.224444444444444 0.0177777777777778 0.0177777777777778 0.0177777777777778 0.0177777777777778; % K D=8
0.331111111111111 0.0177777777777778 0.0177777777777778 0.0177777777777778 0.0177777777777778 0.0177777777777778 0.164444444444444 0.157777777777778 0.0177777777777778 0.204444444444444 0.0177777777777778 0.0177777777777778; % L D=8
0.00444444444444444 0.00444444444444444 0.00444444444444444 0.951111111111111 0.00444444444444444 0.00444444444444444 0.00444444444444444 0.00444444444444444 0.00444444444444444 0.00444444444444444 0.00444444444444444 0.00444444444444444; % M D=8
0.00444444444444444 0.00444444444444444 0.00444444444444444 0.00444444444444444 0.00444444444444444 0.00444444444444444 0.00444444444444444 0.00444444444444444 0.00444444444444444 0.00444444444444444 0.951111111111111 0.00444444444444444; % P D=8
0.00444444444444444 0.00444444444444444 0.00444444444444444 0.00444444444444444 0.00444444444444444 0.00444444444444444 0.00444444444444444 0.00444444444444444 0.951111111111111 0.00444444444444444 0.00444444444444444 0.00444444444444444; % b D=8
0.00444444444444444 0.00444444444444444 0.951111111111111 0.00444444444444444 0.00444444444444444 0.00444444444444444 0.00444444444444444 0.00444444444444444 0.00444444444444444 0.00444444444444444 0.00444444444444444 0.00444444444444444; % f D=8
0.00444444444444444 0.00444444444444444 0.00444444444444444 0.00444444444444444 0.00444444444444444 0.951111111111111 0.00444444444444444 0.00444444444444444 0.00444444444444444 0.00444444444444444 0.00444444444444444 0.00444444444444444; % g D=8
0.217777777777778 0.177777777777778 0.0177777777777778 0.0177777777777778 0.0177777777777778 0.0177777777777778 0.0177777777777778 0.264444444444444 0.0177777777777778 0.197777777777778 0.0177777777777778 0.0177777777777778; % l D=8
0.204444444444444 0.237777777777778 0.0177777777777778 0.0177777777777778 0.0177777777777778 0.0177777777777778 0.164444444444444 0.0177777777777778 0.0177777777777778 0.251111111111111 0.0177777777777778 0.0177777777777778; % z D=8
0.0222222222222222 0.202222222222222 0.0222222222222222 0.0222222222222222 0.0222222222222222 0.0222222222222222 0.222222222222222 0.202222222222222 0.0222222222222222 0.195555555555556 0.0222222222222222 0.0222222222222222; % $ D=10
0.00555555555555556 0.00555555555555556 0.00555555555555556 0.00555555555555556 0.938888888888889 0.00555555555555556 0.00555555555555556 0.00555555555555556 0.00555555555555556 0.00555555555555556 0.00555555555555556 0.00555555555555556; % B D=10
0.00555555555555556 0.00555555555555556 0.00555555555555556 0.00555555555555556 0.00555555555555556 0.00555555555555556 0.00555555555555556 0.00555555555555556 0.00555555555555556 0.00555555555555556 0.00555555555555556 0.938888888888889; % D D=10
0.0955555555555556 0.222222222222222 0.0222222222222222 0.0222222222222222 0.0222222222222222 0.0222222222222222 0.288888888888889 0.215555555555556 0.0222222222222222 0.0222222222222222 0.0222222222222222 0.0222222222222222; % K D=10
