syllables = '$JKLdflnrv';
discounts = [0.01 0.02 0.05 0.1 0.2 0.5 1 2 3 4 5 6 8 10 15 20 30 50];
kn_probs = [2e-05 2e-05 0.333286666666667 2e-05 0.339953333333333 2e-05 0.32662 2e-05 2e-05 2e-05; % $ D=0.01
5e-06 5e-06 5e-06 5e-06 5e-06 0.999955 5e-06 5e-06 5e-06 5e-06; % J D=0.01
5e-06 5e-06 5e-06 5e-06 5e-06 5e-06 5e-06 0.999955 5e-06 5e-06; % K D=0.01
5e-06 0.999955 5e-06 5e-06 5e-06 5e-06 5e-06 5e-06 5e-06 5e-06; % L D=0.01
5e-06 5e-06 5e-06 5e-06 5e-06 5e-06 5e-06 5e-06 5e-06 0.999955; % d D=0.01
0.24497 2e-05 0.30497 2e-05 0.22997 2e-05 0.21997 2e-05 2e-05 2e-05; % f D=0.01
5e-06 5e-06 5e-06 0.999955 5e-06 5e-06 5e-06 5e-06 5e-06 5e-06; % l D=0.01
0.26497 2e-05 0.19497 2e-05 0.29997 2e-05 0.23997 2e-05 2e-05 2e-05; % n D=0.01
0.23997 2e-05 0.24997 2e-05 0.21497 2e-05 0.29497 2e-05 2e-05 2e-05; % r D=0.01
5e-06 5e-06 5e-06 5e-06 5e-06 5e-06 5e-06 5e-06 0.999955 5e-06; % v D=0.01
4e-05 4e-05 0.33324 4e-05 0.339906666666667 4e-05 0.326573333333333 4e-05 4e-05 4e-05; % $ D=0.02
1e-05 1e-05 1e-05 1e-05 1e-05 0.99991 1e-05 1e-05 1e-05 1e-05; % J D=0.02
1e-05 1e-05 1e-05 1e-05 1e-05 1e-05 1e-05 0.99991 1e-05 1e-05; % K D=0.02
1e-05 0.99991 1e-05 1e-05 1e-05 1e-05 1e-05 1e-05 1e-05 1e-05; % L D=0.02
1e-05 1e-05 1e-05 1e-05 1e-05 1e-05 1e-05 1e-05 1e-05 0.99991; % d D=0.02
0.24494 4e-05 0.30494 4e-05 0.22994 4e-05 0.21994 4e-05 4e-05 4e-05; % f D=0.02
1e-05 1e-05 1e-05 0.99991 1e-05 1e-05 1e-05 1e-05 1e-05 1e-05; % l D=0.02
0.26494 4e-05 0.19494 4e-05 0.29994 4e-05 0.23994 4e-05 4e-05 4e-05; % n D=0.02
0.23994 4e-05 0.24994 4e-05 0.21494 4e-05 0.29494 4e-05 4e-05 4e-05; % r D=0.02
1e-05 1e-05 1e-05 1e-05 1e-05 1e-05 1e-05 1e-05 0.99991 1e-05; % v D=0.02
0.0001 0.0001 0.3331 0.0001 0.339766666666667 0.0001 0.326433333333333 0.0001 0.0001 0.0001; % $ D=0.05
2.5e-05 2.5e-05 2.5e-05 2.5e-05 2.5e-05 0.999775 2.5e-05 2.5e-05 2.5e-05 2.5e-05; % J D=0.05
2.5e-05 2.5e-05 2.5e-05 2.5e-05 2.5e-05 2.5e-05 2.5e-05 0.999775 2.5e-05 2.5e-05; % K D=0.05
2.5e-05 0.999775 2.5e-05 2.5e-05 2.5e-05 2.5e-05 2.5e-05 2.5e-05 2.5e-05 2.5e-05; % L D=0.05
2.5e-05 2.5e-05 2.5e-05 2.5e-05 2.5e-05 2.5e-05 2.5e-05 2.5e-05 2.5e-05 0.999775; % d D=0.05
0.24485 0.0001 0.30485 0.0001 0.22985 0.0001 0.21985 0.0001 0.0001 0.0001; % f D=0.05
2.5e-05 2.5e-05 2.5e-05 0.999775 2.5e-05 2.5e-05 2.5e-05 2.5e-05 2.5e-05 2.5e-05; % l D=0.05
0.26485 0.0001 0.19485 0.0001 0.29985 0.0001 0.23985 0.0001 0.0001 0.0001; % n D=0.05
0.23985 0.0001 0.24985 0.0001 0.21485 0.0001 0.29485 0.0001 0.0001 0.0001; % r D=0.05
2.5e-05 2.5e-05 2.5e-05 2.5e-05 2.5e-05 2.5e-05 2.5e-05 2.5e-05 0.999775 2.5e-05; % v D=0.05
0.0002 0.0002 0.332866666666667 0.0002 0.339533333333333 0.0002 0.3262 0.0002 0.0002 0.0002; % $ D=0.1
5e-05 5e-05 5e-05 5e-05 5e-05 0.99955 5e-05 5e-05 5e-05 5e-05; % J D=0.1
5e-05 5e-05 5e-05 5e-05 5e-05 5e-05 5e-05 0.99955 5e-05 5e-05; % K D=0.1
5e-05 0.99955 5e-05 5e-05 5e-05 5e-05 5e-05 5e-05 5e-05 5e-05; % L D=0.1
5e-05 5e-05 5e-05 5e-05 5e-05 5e-05 5e-05 5e-05 5e-05 0.99955; % d D=0.1
0.2447 0.0002 0.3047 0.0002 0.2297 0.0002 0.2197 0.0002 0.0002 0.0002; % f D=0.1
5e-05 5e-05 5e-05 0.99955 5e-05 5e-05 5e-05 5e-05 5e-05 5e-05; % l D=0.1
0.2647 0.0002 0.1947 0.0002 0.2997 0.0002 0.2397 0.0002 0.0002 0.0002; % n D=0.1
0.2397 0.0002 0.2497 0.0002 0.2147 0.0002 0.2947 0.0002 0.0002 0.0002; % r D=0.1
5e-05 5e-05 5e-05 5e-05 5e-05 5e-05 5e-05 5e-05 0.99955 5e-05; % v D=0.1
0.0004 0.0004 0.3324 0.0004 0.339066666666667 0.0004 0.325733333333333 0.0004 0.0004 0.0004; % $ D=0.2
0.0001 0.0001 0.0001 0.0001 0.0001 0.9991 0.0001 0.0001 0.0001 0.0001; % J D=0.2
0.0001 0.0001 0.0001 0.0001 0.0001 0.0001 0.0001 0.9991 0.0001 0.0001; % K D=0.2
0.0001 0.9991 0.0001 0.0001 0.0001 0.0001 0.0001 0.0001 0.0001 0.0001; % L D=0.2
0.0001 0.0001 0.0001 0.0001 0.0001 0.0001 0.0001 0.0001 0.0001 0.9991; % d D=0.2
0.2444 0.0004 0.3044 0.0004 0.2294 0.0004 0.2194 0.0004 0.0004 0.0004; % f D=0.2
0.0001 0.0001 0.0001 0.9991 0.0001 0.0001 0.0001 0.0001 0.0001 0.0001; % l D=0.2
0.2644 0.0004 0.1944 0.0004 0.2994 0.0004 0.2394 0.0004 0.0004 0.0004; % n D=0.2
0.2394 0.0004 0.2494 0.0004 0.2144 0.0004 0.2944 0.0004 0.0004 0.0004; % r D=0.2
0.0001 0.0001 0.0001 0.0001 0.0001 0.0001 0.0001 0.0001 0.9991 0.0001; % v D=0.2
0.001 0.001 0.331 0.001 0.337666666666667 0.001 0.324333333333333 0.001 0.001 0.001; % $ D=0.5
0.00025 0.00025 0.00025 0.00025 0.00025 0.99775 0.00025 0.00025 0.00025 0.00025; % J D=0.5
0.00025 0.00025 0.00025 0.00025 0.00025 0.00025 0.00025 0.99775 0.00025 0.00025; % K D=0.5
0.00025 0.99775 0.00025 0.00025 0.00025 0.00025 0.00025 0.00025 0.00025 0.00025; % L D=0.5
0.00025 0.00025 0.00025 0.00025 0.00025 0.00025 0.00025 0.00025 0.00025 0.99775; % d D=0.5
0.2435 0.001 0.3035 0.001 0.2285 0.001 0.2185 0.001 0.001 0.001; % f D=0.5
0.00025 0.00025 0.00025 0.99775 0.00025 0.00025 0.00025 0.00025 0.00025 0.00025; % l D=0.5
0.2635 0.001 0.1935 0.001 0.2985 0.001 0.2385 0.001 0.001 0.001; % n D=0.5
0.2385 0.001 0.2485 0.001 0.2135 0.001 0.2935 0.001 0.001 0.001; % r D=0.5
0.00025 0.00025 0.00025 0.00025 0.00025 0.00025 0.00025 0.00025 0.99775 0.00025; % v D=0.5
0.002 0.002 0.328666666666667 0.002 0.335333333333333 0.002 0.322 0.002 0.002 0.002; % $ D=1
0.0005 0.0005 0.0005 0.0005 0.0005 0.9955 0.0005 0.0005 0.0005 0.0005; % J D=1
0.0005 0.0005 0.0005 0.0005 0.0005 0.0005 0.0005 0.9955 0.0005 0.0005; % K D=1
0.0005 0.9955 0.0005 0.0005 0.0005 0.0005 0.0005 0.0005 0.0005 0.0005; % L D=1
0.0005 0.0005 0.0005 0.0005 0.0005 0.0005 0.0005 0.0005 0.0005 0.9955; % d D=1
0.242 0.002 0.302 0.002 0.227 0.002 0.217 0.002 0.002 0.002; % f D=1
0.0005 0.0005 0.0005 0.9955 0.0005 0.0005 0.0005 0.0005 0.0005 0.0005; % l D=1
0.262 0.002 0.192 0.002 0.297 0.002 0.237 0.002 0.002 0.002; % n D=1
0.237 0.002 0.247 0.002 0.212 0.002 0.292 0.002 0.002 0.002; % r D=1
0.0005 0.0005 0.0005 0.0005 0.0005 0.0005 0.0005 0.0005 0.9955 0.0005; % v D=1
0.004 0.004 0.324 0.004 0.330666666666667 0.004 0.317333333333333 0.004 0.004 0.004; % $ D=2
0.001 0.001 0.001 0.001 0.001 0.991 0.001 0.001 0.001 0.001; % J D=2
0.001 0.001 0.001 0.001 0.001 0.001 0.001 0.991 0.001 0.001; % K D=2
0.001 0.991 0.001 0.001 0.001 0.001 0.001 0.001 0.001 0.001; % L D=2
0.001 0.001 0.001 0.001 0.001 0.001 0.001 0.001 0.001 0.991; % d D=2
0.239 0.004 0.299 0.004 0.224 0.004 0.214 0.004 0.004 0.004; % f D=2
0.001 0.001 0.001 0.991 0.001 0.001 0.001 0.001 0.001 0.001; % l D=2
0.259 0.004 0.189 0.004 0.294 0.004 0.234 0.004 0.004 0.004; % n D=2
0.234 0.004 0.244 0.004 0.209 0.004 0.289 0.004 0.004 0.004; % r D=2
0.001 0.001 0.001 0.001 0.001 0.001 0.001 0.001 0.991 0.001; % v D=2
0.006 0.006 0.319333333333333 0.006 0.326 0.006 0.312666666666667 0.006 0.006 0.006; % $ D=3
0.0015 0.0015 0.0015 0.0015 0.0015 0.9865 0.0015 0.0015 0.0015 0.0015; % J D=3
0.0015 0.0015 0.0015 0.0015 0.0015 0.0015 0.0015 0.9865 0.0015 0.0015; % K D=3
0.0015 0.9865 0.0015 0.0015 0.0015 0.0015 0.0015 0.0015 0.0015 0.0015; % L D=3
0.0015 0.0015 0.0015 0.0015 0.0015 0.0015 0.0015 0.0015 0.0015 0.9865; % d D=3
0.236 0.006 0.296 0.006 0.221 0.006 0.211 0.006 0.006 0.006; % f D=3
0.0015 0.0015 0.0015 0.9865 0.0015 0.0015 0.0015 0.0015 0.0015 0.0015; % l D=3
0.256 0.006 0.186 0.006 0.291 0.006 0.231 0.006 0.006 0.006; % n D=3
0.231 0.006 0.241 0.006 0.206 0.006 0.286 0.006 0.006 0.006; % r D=3
0.0015 0.0015 0.0015 0.0015 0.0015 0.0015 0.0015 0.0015 0.9865 0.0015; % v D=3
0.008 0.008 0.314666666666667 0.008 0.321333333333333 0.008 0.308 0.008 0.008 0.008; % $ D=4
0.002 0.002 0.002 0.002 0.002 0.982 0.002 0.002 0.002 0.002; % J D=4
0.002 0.002 0.002 0.002 0.002 0.002 0.002 0.982 0.002 0.002; % K D=4
0.002 0.982 0.002 0.002 0.002 0.002 0.002 0.002 0.002 0.002; % L D=4
0.002 0.002 0.002 0.002 0.002 0.002 0.002 0.002 0.002 0.982; % d D=4
0.233 0.008 0.293 0.008 0.218 0.008 0.208 0.008 0.008 0.008; % f D=4
0.002 0.002 0.002 0.982 0.002 0.002 0.002 0.002 0.002 0.002; % l D=4
0.253 0.008 0.183 0.008 0.288 0.008 0.228 0.008 0.008 0.008; % n D=4
0.228 0.008 0.238 0.008 0.203 0.008 0.283 0.008 0.008 0.008; % r D=4
