syllables = '$DKLMRbgmv';
discounts = [0.01 0.02 0.05 0.1 0.2 0.5 1 2 3 4 5 6 8 10 15 20 30 50];
kn_probs = [2e-05 0.333286666666667 0.34662 2e-05 0.319953333333333 2e-05 2e-05 2e-05 2e-05 2e-05; % $ D=0.01
5e-06 5e-06 5e-06 5e-06 5e-06 5e-06 0.999955 5e-06 5e-06 5e-06; % D D=0.01
5e-06 5e-06 5e-06 0.999955 5e-06 5e-06 5e-06 5e-06 5e-06 5e-06; % K D=0.01
5e-06 5e-06 5e-06 5e-06 5e-06 5e-06 5e-06 0.999955 5e-06 5e-06; % L D=0.01
5e-06 5e-06 5e-06 5e-06 5e-06 5e-06 5e-06 5e-06 0.999955 5e-06; % M D=0.01
0.229965 1.5e-05 0.394965 1.5e-05 0.374965 1.5e-05 1.5e-05 1.5e-05 1.5e-05 1.5e-05; % R D=0.01
5e-06 5e-06 5e-06 5e-06 5e-06 5e-06 5e-06 5e-06 5e-06 0.999955; % b D=0.01
0.234965 0.389965 1.5e-05 1.5e-05 0.374965 1.5e-05 1.5e-05 1.5e-05 1.5e-05 1.5e-05; % g D=0.01
0.28497 0.35997 0.34497 2e-05 0.00997 2e-05 2e-05 2e-05 2e-05 2e-05; % m D=0.01
5e-06 5e-06 5e-06 5e-06 5e-06 0.999955 5e-06 5e-06 5e-06 5e-06; % v D=0.01
4e-05 0.33324 0.346573333333333 4e-05 0.319906666666667 4e-05 4e-05 4e-05 4e-05 4e-05; % $ D=0.02
1e-05 1e-05 1e-05 1e-05 1e-05 1e-05 0.99991 1e-05 1e-05 1e-05; % D D=0.02
1e-05 1e-05 1e-05 0.99991 1e-05 1e-05 1e-05 1e-05 1e-05 1e-05; % K D=0.02
1e-05 1e-05 1e-05 1e-05 1e-05 1e-05 1e-05 0.99991 1e-05 1e-05; % L D=0.02
1e-05 1e-05 1e-05 1e-05 1e-05 1e-05 1e-05 1e-05 0.99991 1e-05; % M D=0.02
0.22993 3e-05 0.39493 3e-05 0.37493 3e-05 3e-05 3e-05 3e-05 3e-05; % R D=0.02
1e-05 1e-05 1e-05 1e-05 1e-05 1e-05 1e-05 1e-05 1e-05 0.99991; % b D=0.02
0.23493 0.38993 3e-05 3e-05 0.37493 3e-05 3e-05 3e-05 3e-05 3e-05; % g D=0.02
0.28494 0.35994 0.34494 4e-05 0.00994 4e-05 4e-05 4e-05 4e-05 4e-05; % m D=0.02
1e-05 1e-05 1e-05 1e-05 1e-05 0.99991 1e-05 1e-05 1e-05 1e-05; % v D=0.02
0.0001 0.3331 0.346433333333333 0.0001 0.319766666666667 0.0001 0.0001 0.0001 0.0001 0.0001; % $ D=0.05
2.5e-05 2.5e-05 2.5e-05 2.5e-05 2.5e-05 2.5e-05 0.999775 2.5e-05 2.5e-05 2.5e-05; % D D=0.05
2.5e-05 2.5e-05 2.5e-05 0.999775 2.5e-05 2.5e-05 2.5e-05 2.5e-05 2.5e-05 2.5e-05; % K D=0.05
2.5e-05 2.5e-05 2.5e-05 2.5e-05 2.5e-05 2.5e-05 2.5e-05 0.999775 2.5e-05 2.5e-05; % L D=0.05
2.5e-05 2.5e-05 2.5e-05 2.5e-05 2.5e-05 2.5e-05 2.5e-05 2.5e-05 0.999775 2.5e-05; % M D=0.05
0.229825 7.5e-05 0.394825 7.5e-05 0.374825 7.5e-05 7.5e-05 7.5e-05 7.5e-05 7.5e-05; % R D=0.05
2.5e-05 2.5e-05 2.5e-05 2.5e-05 2.5e-05 2.5e-05 2.5e-05 2.5e-05 2.5e-05 0.999775; % b D=0.05
0.234825 0.389825 7.5e-05 7.5e-05 0.374825 7.5e-05 7.5e-05 7.5e-05 7.5e-05 7.5e-05; % g D=0.05
0.28485 0.35985 0.34485 0.0001 0.00985 0.0001 0.0001 0.0001 0.0001 0.0001; % m D=0.05
2.5e-05 2.5e-05 2.5e-05 2.5e-05 2.5e-05 0.999775 2.5e-05 2.5e-05 2.5e-05 2.5e-05; % v D=0.05
0.0002 0.332866666666667 0.3462 0.0002 0.319533333333333 0.0002 0.0002 0.0002 0.0002 0.0002; % $ D=0.1
5e-05 5e-05 5e-05 5e-05 5e-05 5e-05 0.99955 5e-05 5e-05 5e-05; % D D=0.1
5e-05 5e-05 5e-05 0.99955 5e-05 5e-05 5e-05 5e-05 5e-05 5e-05; % K D=0.1
5e-05 5e-05 5e-05 5e-05 5e-05 5e-05 5e-05 0.99955 5e-05 5e-05; % L D=0.1
5e-05 5e-05 5e-05 5e-05 5e-05 5e-05 5e-05 5e-05 0.99955 5e-05; % M D=0.1
0.22965 0.00015 0.39465 0.00015 0.37465 0.00015 0.00015 0.00015 0.00015 0.00015; % R D=0.1
5e-05 5e-05 5e-05 5e-05 5e-05 5e-05 5e-05 5e-05 5e-05 0.99955; % b D=0.1
0.23465 0.38965 0.00015 0.00015 0.37465 0.00015 0.00015 0.00015 0.00015 0.00015; % g D=0.1
0.2847 0.3597 0.3447 0.0002 0.0097 0.0002 0.0002 0.0002 0.0002 0.0002; % m D=0.1
5e-05 5e-05 5e-05 5e-05 5e-05 0.99955 5e-05 5e-05 5e-05 5e-05; % v D=0.1
0.0004 0.3324 0.345733333333333 0.0004 0.319066666666667 0.0004 0.0004 0.0004 0.0004 0.0004; % $ D=0.2
0.0001 0.0001 0.0001 0.0001 0.0001 0.0001 0.9991 0.0001 0.0001 0.0001; % D D=0.2
0.0001 0.0001 0.0001 0.9991 0.0001 0.0001 0.0001 0.0001 0.0001 0.0001; % K D=0.2
0.0001 0.0001 0.0001 0.0001 0.0001 0.0001 0.0001 0.9991 0.0001 0.0001; % L D=0.2
0.0001 0.0001 0.0001 0.0001 0.0001 0.0001 0.0001 0.0001 0.9991 0.0001; % M D=0.2
0.2293 0.0003 0.3943 0.0003 0.3743 0.0003 0.0003 0.0003 0.0003 0.0003; % R D=0.2
0.0001 0.0001 0.0001 0.0001 0.0001 0.0001 0.0001 0.0001 0.0001 0.9991; % b D=0.2
0.2343 0.3893 0.0003 0.0003 0.3743 0.0003 0.0003 0.0003 0.0003 0.0003; % g D=0.2
0.2844 0.3594 0.3444 0.0004 0.0094 0.0004 0.0004 0.0004 0.0004 0.0004; % m D=0.2
0.0001 0.0001 0.0001 0.0001 0.0001 0.9991 0.0001 0.0001 0.0001 0.0001; % v D=0.2
0.001 0.331 0.344333333333333 0.001 0.317666666666667 0.001 0.001 0.001 0.001 0.001; % $ D=0.5
0.00025 0.00025 0.00025 0.00025 0.00025 0.00025 0.99775 0.00025 0.00025 0.00025; % D D=0.5
0.00025 0.00025 0.00025 0.99775 0.00025 0.00025 0.00025 0.00025 0.00025 0.00025; % K D=0.5
0.00025 0.00025 0.00025 0.00025 0.00025 0.00025 0.00025 0.99775 0.00025 0.00025; % L D=0.5
0.00025 0.00025 0.00025 0.00025 0.00025 0.00025 0.00025 0.00025 0.99775 0.00025; % M D=0.5
0.22825 0.00075 0.39325 0.00075 0.37325 0.00075 0.00075 0.00075 0.00075 0.00075; % R D=0.5
0.00025 0.00025 0.00025 0.00025 0.00025 0.00025 0.00025 0.00025 0.00025 0.99775; % b D=0.5
0.23325 0.38825 0.00075 0.00075 0.37325 0.00075 0.00075 0.00075 0.00075 0.00075; % g D=0.5
0.2835 0.3585 0.3435 0.001 0.0085 0.001 0.001 0.001 0.001 0.001; % m D=0.5
0.00025 0.00025 0.00025 0.00025 0.00025 0.99775 0.00025 0.00025 0.00025 0.00025; % v D=0.5
0.002 0.328666666666667 0.342 0.002 0.315333333333333 0.002 0.002 0.002 0.002 0.002; % $ D=1
0.0005 0.0005 0.0005 0.0005 0.0005 0.0005 0.9955 0.0005 0.0005 0.0005; % D D=1
0.0005 0.0005 0.0005 0.9955 0.0005 0.0005 0.0005 0.0005 0.0005 0.0005; % K D=1
0.0005 0.0005 0.0005 0.0005 0.0005 0.0005 0.0005 0.9955 0.0005 0.0005; % L D=1
0.0005 0.0005 0.0005 0.0005 0.0005 0.0005 0.0005 0.0005 0.9955 0.0005; % M D=1
0.2265 0.0015 0.3915 0.0015 0.3715 0.0015 0.0015 0.0015 0.0015 0.0015; % R D=1
0.0005 0.0005 0.0005 0.0005 0.0005 0.0005 0.0005 0.0005 0.0005 0.9955; % b D=1
0.2315 0.3865 0.0015 0.0015 0.3715 0.0015 0.0015 0.0015 0.0015 0.0015; % g D=1
0.282 0.357 0.342 0.002 0.007 0.002 0.002 0.002 0.002 0.002; % m D=1
0.0005 0.0005 0.0005 0.0005 0.0005 0.9955 0.0005 0.0005 0.0005 0.0005; % v D=1
0.004 0.324 0.337333333333333 0.004 0.310666666666667 0.004 0.004 0.004 0.004 0.004; % $ D=2
0.001 0.001 0.001 0.001 0.001 0.001 0.991 0.001 0.001 0.001; % D D=2
0.001 0.001 0.001 0.991 0.001 0.001 0.001 0.001 0.001 0.001; % K D=2
0.001 0.001 0.001 0.001 0.001 0.001 0.001 0.991 0.001 0.001; % L D=2
0.001 0.001 0.001 0.001 0.001 0.001 0.001 0.001 0.991 0.001; % M D=2
0.223 0.003 0.388 0.003 0.368 0.003 0.003 0.003 0.003 0.003; % R D=2
0.001 0.001 0.001 0.001 0.001 0.001 0.001 0.001 0.001 0.991; % b D=2
0.228 0.383 0.003 0.003 0.368 0.003 0.003 0.003 0.003 0.003; % g D=2
0.279 0.354 0.339 0.004 0.004 0.004 0.004 0.004 0.004 0.004; % m D=2
0.001 0.001 0.001 0.001 0.001 0.991 0.001 0.001 0.001 0.001; % v D=2
0.006 0.319333333333333 0.332666666666667 0.006 0.306 0.006 0.006 0.006 0.006 0.006; % $ D=3
0.0015 0.0015 0.0015 0.0015 0.0015 0.0015 0.9865 0.0015 0.0015 0.0015; % D D=3
0.0015 0.0015 0.0015 0.9865 0.0015 0.0015 0.0015 0.0015 0.0015 0.0015; % K D=3
0.0015 0.0015 0.0015 0.0015 0.0015 0.0015 0.0015 0.9865 0.0015 0.0015; % L D=3
0.0015 0.0015 0.0015 0.0015 0.0015 0.0015 0.0015 0.0015 0.9865 0.0015; % M D=3
0.2195 0.0045 0.3845 0.0045 0.3645 0.0045 0.0045 0.0045 0.0045 0.0045; % R D=3
0.0015 0.0015 0.0015 0.0015 0.0015 0.0015 0.0015 0.0015 0.0015 0.9865; % b D=3
0.2245 0.3795 0.0045 0.0045 0.3645 0.0045 0.0045 0.0045 0.0045 0.0045; % g D=3
0.276 0.351 0.336 0.006 0.006 0.006 0.006 0.006 0.006 0.006; % m D=3
0.0015 0.0015 0.0015 0.0015 0.0015 0.9865 0.0015 0.0015 0.0015 0.0015; % v D=3
0.008 0.314666666666667 0.328 0.008 0.301333333333333 0.008 0.008 0.008 0.008 0.008; % $ D=4
0.002 0.002 0.002 0.002 0.002 0.002 0.982 0.002 0.002 0.002; % D D=4
0.002 0.002 0.002 0.982 0.002 0.002 0.002 0.002 0.002 0.002; % K D=4
0.002 0.002 0.002 0.002 0.002 0.002 0.002 0.982 0.002 0.002; % L D=4
0.002 0.002 0.002 0.002 0.002 0.002 0.002 0.002 0.982 0.002; % M D=4
0.216 0.006 0.381 0.006 0.361 0.006 0.006 0.006 0.006 0.006; % R D=4
0.002 0.002 0.002 0.002 0.002 0.002 0.002 0.002 0.002 0.982; % b D=4
