syllables = '$GKLPRVZdkpv';
discounts = [0.01 0.02 0.05 0.1 0.2 0.5 1 2 3 4 5 6 8 10 15 20 30 50];
kn_probs = [2.22222222222222e-05 0.226622222222222 0.206622222222222 2.22222222222222e-05 2.22222222222222e-05 2.22222222222222e-05 0.293288888888889 0.273288888888889 2.22222222222222e-05 2.22222222222222e-05 2.22222222222222e-05 2.22222222222222e-05; % $ D=0.01
5.55555555555556e-06 5.55555555555556e-06 5.55555555555556e-06 0.999938888888889 5.55555555555556e-06 5.55555555555556e-06 5.55555555555556e-06 5.55555555555556e-06 5.55555555555556e-06 5.55555555555556e-06 5.55555555555556e-06 5.55555555555556e-06; % G D=0.01
5.55555555555556e-06 5.55555555555556e-06 5.55555555555556e-06 5.55555555555556e-06 5.55555555555556e-06 5.55555555555556e-06 5.55555555555556e-06 5.55555555555556e-06 5.55555555555556e-06 0.999938888888889 5.55555555555556e-06 5.55555555555556e-06; % K D=0.01
5.55555555555556e-06 5.55555555555556e-06 5.55555555555556e-06 5.55555555555556e-06 0.999938888888889 5.55555555555556e-06 5.55555555555556e-06 5.55555555555556e-06 5.55555555555556e-06 5.55555555555556e-06 5.55555555555556e-06 5.55555555555556e-06; % L D=0.01
0.273288888888889 2.22222222222222e-05 0.219955555555556 2.22222222222222e-05 2.22222222222222e-05 2.22222222222222e-05 0.233288888888889 0.273288888888889 2.22222222222222e-05 2.22222222222222e-05 2.22222222222222e-05 2.22222222222222e-05; % P D=0.01
0.273288888888889 0.239955555555556 0.259955555555556 2.22222222222222e-05 2.22222222222222e-05 2.22222222222222e-05 2.22222222222222e-05 0.226622222222222 2.22222222222222e-05 2.22222222222222e-05 2.22222222222222e-05 2.22222222222222e-05; % R D=0.01
5.55555555555556e-06 5.55555555555556e-06 5.55555555555556e-06 5.55555555555556e-06 5.55555555555556e-06 5.55555555555556e-06 5.55555555555556e-06 5.55555555555556e-06 0.999938888888889 5.55555555555556e-06 5.55555555555556e-06 5.55555555555556e-06; % V D=0.01
5.55555555555556e-06 5.55555555555556e-06 5.55555555555556e-06 5.55555555555556e-06 5.55555555555556e-06 5.55555555555556e-06 5.55555555555556e-06 5.55555555555556e-06 5.55555555555556e-06 5.55555555555556e-06 0.999938888888889 5.55555555555556e-06; % Z D=0.01
5.55555555555556e-06 5.55555555555556e-06 5.55555555555556e-06 5.55555555555556e-06 5.55555555555556e-06 5.55555555555556e-06 5.55555555555556e-06 5.55555555555556e-06 5.55555555555556e-06 5.55555555555556e-06 5.55555555555556e-06 0.999938888888889; % d D=0.01
0.279955555555556 0.266622222222222 2.22222222222222e-05 2.22222222222222e-05 2.22222222222222e-05 2.22222222222222e-05 0.226622222222222 0.226622222222222 2.22222222222222e-05 2.22222222222222e-05 2.22222222222222e-05 2.22222222222222e-05; % k D=0.01
0.173288888888889 0.266622222222222 0.313288888888889 2.22222222222222e-05 2.22222222222222e-05 2.22222222222222e-05 0.246622222222222 2.22222222222222e-05 2.22222222222222e-05 2.22222222222222e-05 2.22222222222222e-05 2.22222222222222e-05; % p D=0.01
5.55555555555556e-06 5.55555555555556e-06 5.55555555555556e-06 5.55555555555556e-06 5.55555555555556e-06 0.999938888888889 5.55555555555556e-06 5.55555555555556e-06 5.55555555555556e-06 5.55555555555556e-06 5.55555555555556e-06 5.55555555555556e-06; % v D=0.01
4.44444444444444e-05 0.226577777777778 0.206577777777778 4.44444444444444e-05 4.44444444444444e-05 4.44444444444444e-05 0.293244444444444 0.273244444444444 4.44444444444444e-05 4.44444444444444e-05 4.44444444444444e-05 4.44444444444444e-05; % $ D=0.02
1.11111111111111e-05 1.11111111111111e-05 1.11111111111111e-05 0.999877777777778 1.11111111111111e-05 1.11111111111111e-05 1.11111111111111e-05 1.11111111111111e-05 1.11111111111111e-05 1.11111111111111e-05 1.11111111111111e-05 1.11111111111111e-05; % G D=0.02
1.11111111111111e-05 1.11111111111111e-05 1.11111111111111e-05 1.11111111111111e-05 1.11111111111111e-05 1.11111111111111e-05 1.11111111111111e-05 1.11111111111111e-05 1.11111111111111e-05 0.999877777777778 1.11111111111111e-05 1.11111111111111e-05; % K D=0.02
1.11111111111111e-05 1.11111111111111e-05 1.11111111111111e-05 1.11111111111111e-05 0.999877777777778 1.11111111111111e-05 1.11111111111111e-05 1.11111111111111e-05 1.11111111111111e-05 1.11111111111111e-05 1.11111111111111e-05 1.11111111111111e-05; % L D=0.02
0.273244444444444 4.44444444444444e-05 0.219911111111111 4.44444444444444e-05 4.44444444444444e-05 4.44444444444444e-05 0.233244444444444 0.273244444444444 4.44444444444444e-05 4.44444444444444e-05 4.44444444444444e-05 4.44444444444444e-05; % P D=0.02
0.273244444444444 0.239911111111111 0.259911111111111 4.44444444444444e-05 4.44444444444444e-05 4.44444444444444e-05 4.44444444444444e-05 0.226577777777778 4.44444444444444e-05 4.44444444444444e-05 4.44444444444444e-05 4.44444444444444e-05; % R D=0.02
1.11111111111111e-05 1.11111111111111e-05 1.11111111111111e-05 1.11111111111111e-05 1.11111111111111e-05 1.11111111111111e-05 1.11111111111111e-05 1.11111111111111e-05 0.999877777777778 1.11111111111111e-05 1.11111111111111e-05 1.11111111111111e-05; % V D=0.02
1.11111111111111e-05 1.11111111111111e-05 1.11111111111111e-05 1.11111111111111e-05 1.11111111111111e-05 1.11111111111111e-05 1.11111111111111e-05 1.11111111111111e-05 1.11111111111111e-05 1.11111111111111e-05 0.999877777777778 1.11111111111111e-05; % Z D=0.02
1.11111111111111e-05 1.11111111111111e-05 1.11111111111111e-05 1.11111111111111e-05 1.11111111111111e-05 1.11111111111111e-05 1.11111111111111e-05 1.11111111111111e-05 1.11111111111111e-05 1.11111111111111e-05 1.11111111111111e-05 0.999877777777778; % d D=0.02
0.279911111111111 0.266577777777778 4.44444444444444e-05 4.44444444444444e-05 4.44444444444444e-05 4.44444444444444e-05 0.226577777777778 0.226577777777778 4.44444444444444e-05 4.44444444444444e-05 4.44444444444444e-05 4.44444444444444e-05; % k D=0.02
0.173244444444444 0.266577777777778 0.313244444444444 4.44444444444444e-05 4.44444444444444e-05 4.44444444444444e-05 0.246577777777778 4.44444444444444e-05 4.44444444444444e-05 4.44444444444444e-05 4.44444444444444e-05 4.44444444444444e-05; % p D=0.02
1.11111111111111e-05 1.11111111111111e-05 1.11111111111111e-05 1.11111111111111e-05 1.11111111111111e-05 0.999877777777778 1.11111111111111e-05 1.11111111111111e-05 1.11111111111111e-05 1.11111111111111e-05 1.11111111111111e-05 1.11111111111111e-05; % v D=0.02
0.000111111111111111 0.226444444444444 0.206444444444444 0.000111111111111111 0.000111111111111111 0.000111111111111111 0.293111111111111 0.273111111111111 0.000111111111111111 0.000111111111111111 0.000111111111111111 0.000111111111111111; % $ D=0.05
2.77777777777778e-05 2.77777777777778e-05 2.77777777777778e-05 0.999694444444444 2.77777777777778e-05 2.77777777777778e-05 2.77777777777778e-05 2.77777777777778e-05 2.77777777777778e-05 2.77777777777778e-05 2.77777777777778e-05 2.77777777777778e-05; % G D=0.05
2.77777777777778e-05 2.77777777777778e-05 2.77777777777778e-05 2.77777777777778e-05 2.77777777777778e-05 2.77777777777778e-05 2.77777777777778e-05 2.77777777777778e-05 2.77777777777778e-05 0.999694444444444 2.77777777777778e-05 2.77777777777778e-05; % K D=0.05
2.77777777777778e-05 2.77777777777778e-05 2.77777777777778e-05 2.77777777777778e-05 0.999694444444444 2.77777777777778e-05 2.77777777777778e-05 2.77777777777778e-05 2.77777777777778e-05 2.77777777777778e-05 2.77777777777778e-05 2.77777777777778e-05; % L D=0.05
0.273111111111111 0.000111111111111111 0.219777777777778 0.000111111111111111 0.000111111111111111 0.000111111111111111 0.233111111111111 0.273111111111111 0.000111111111111111 0.000111111111111111 0.000111111111111111 0.000111111111111111; % P D=0.05
0.273111111111111 0.239777777777778 0.259777777777778 0.000111111111111111 0.000111111111111111 0.000111111111111111 0.000111111111111111 0.226444444444444 0.000111111111111111 0.000111111111111111 0.000111111111111111 0.000111111111111111; % R D=0.05
2.77777777777778e-05 2.77777777777778e-05 2.77777777777778e-05 2.77777777777778e-05 2.77777777777778e-05 2.77777777777778e-05 2.77777777777778e-05 2.77777777777778e-05 0.999694444444444 2.77777777777778e-05 2.77777777777778e-05 2.77777777777778e-05; % V D=0.05
2.77777777777778e-05 2.77777777777778e-05 2.77777777777778e-05 2.77777777777778e-05 2.77777777777778e-05 2.77777777777778e-05 2.77777777777778e-05 2.77777777777778e-05 2.77777777777778e-05 2.77777777777778e-05 0.999694444444444 2.77777777777778e-05; % Z D=0.05
2.77777777777778e-05 2.77777777777778e-05 2.77777777777778e-05 2.77777777777778e-05 2.77777777777778e-05 2.77777777777778e-05 2.77777777777778e-05 2.77777777777778e-05 2.77777777777778e-05 2.77777777777778e-05 2.77777777777778e-05 0.999694444444444; % d D=0.05
0.279777777777778 0.266444444444444 0.000111111111111111 0.000111111111111111 0.000111111111111111 0.000111111111111111 0.226444444444444 0.226444444444444 0.000111111111111111 0.000111111111111111 0.000111111111111111 0.000111111111111111; % k D=0.05
0.173111111111111 0.266444444444444 0.313111111111111 0.000111111111111111 0.000111111111111111 0.000111111111111111 0.246444444444444 0.000111111111111111 0.000111111111111111 0.000111111111111111 0.000111111111111111 0.000111111111111111; % p D=0.05
2.77777777777778e-05 2.77777777777778e-05 2.77777777777778e-05 2.77777777777778e-05 2.77777777777778e-05 0.999694444444444 2.77777777777778e-05 2.77777777777778e-05 2.77777777777778e-05 2.77777777777778e-05 2.77777777777778e-05 2.77777777777778e-05; % v D=0.05
0.000222222222222222 0.226222222222222 0.206222222222222 0.000222222222222222 0.000222222222222222 0.000222222222222222 0.292888888888889 0.272888888888889 0.000222222222222222 0.000222222222222222 0.000222222222222222 0.000222222222222222; % $ D=0.1
5.55555555555556e-05 5.55555555555556e-05 5.55555555555556e-05 0.999388888888889 5.55555555555556e-05 5.55555555555556e-05 5.55555555555556e-05 5.55555555555556e-05 5.55555555555556e-05 5.55555555555556e-05 5.55555555555556e-05 5.55555555555556e-05; % G D=0.1
5.55555555555556e-05 5.55555555555556e-05 5.55555555555556e-05 5.55555555555556e-05 5.55555555555556e-05 5.55555555555556e-05 5.55555555555556e-05 5.55555555555556e-05 5.55555555555556e-05 0.999388888888889 5.55555555555556e-05 5.55555555555556e-05; % K D=0.1
5.55555555555556e-05 5.55555555555556e-05 5.55555555555556e-05 5.55555555555556e-05 0.999388888888889 5.55555555555556e-05 5.55555555555556e-05 5.55555555555556e-05 5.55555555555556e-05 5.55555555555556e-05 5.55555555555556e-05 5.55555555555556e-05; % L D=0.1
0.272888888888889 0.000222222222222222 0.219555555555556 0.000222222222222222 0.000222222222222222 0.000222222222222222 0.232888888888889 0.272888888888889 0.000222222222222222 0.000222222222222222 0.000222222222222222 0.000222222222222222; % P D=0.1
0.272888888888889 0.239555555555556 0.259555555555556 0.000222222222222222 0.000222222222222222 0.000222222222222222 0.000222222222222222 0.226222222222222 0.000222222222222222 0.000222222222222222 0.000222222222222222 0.000222222222222222; % R D=0.1
5.55555555555556e-05 5.55555555555556e-05 5.55555555555556e-05 5.55555555555556e-05 5.55555555555556e-05 5.55555555555556e-05 5.55555555555556e-05 5.55555555555556e-05 0.999388888888889 5.55555555555556e-05 5.55555555555556e-05 5.55555555555556e-05; % V D=0.1
5.55555555555556e-05 5.55555555555556e-05 5.55555555555556e-05 5.55555555555556e-05 5.55555555555556e-05 5.55555555555556e-05 5.55555555555556e-05 5.55555555555556e-05 5.55555555555556e-05 5.55555555555556e-05 0.999388888888889 5.55555555555556e-05; % Z D=0.1
5.55555555555556e-05 5.55555555555556e-05 5.55555555555556e-05 5.55555555555556e-05 5.55555555555556e-05 5.55555555555556e-05 5.55555555555556e-05 5.55555555555556e-05 5.55555555555556e-05 5.55555555555556e-05 5.55555555555556e-05 0.999388888888889; % d D=0.1
0.279555555555556 0.266222222222222 0.000222222222222222 0.000222222222222222 0.000222222222222222 0.000222222222222222 0.226222222222222 0.226222222222222 0.000222222222222222 0.000222222222222222 0.000222222222222222 0.000222222222222222; % k D=0.1
0.172888888888889 0.266222222222222 0.312888888888889 0.000222222222222222 0.000222222222222222 0.000222222222222222 0.246222222222222 0.000222222222222222 0.000222222222222222 0.000222222222222222 0.000222222222222222 0.000222222222222222; % p D=0.1
5.55555555555556e-05 5.55555555555556e-05 5.55555555555556e-05 5.55555555555556e-05 5.55555555555556e-05 0.999388888888889 5.55555555555556e-05 5.55555555555556e-05 5.55555555555556e-05 5.55555555555556e-05 5.55555555555556e-05 5.55555555555556e-05; % v D=0.1
0.000444444444444444 0.225777777777778 0.205777777777778 0.000444444444444444 0.000444444444444444 0.000444444444444444 0.292444444444444 0.272444444444444 0.000444444444444444 0.000444444444444444 0.000444444444444444 0.000444444444444444; % $ D=0.2
0.000111111111111111 0.000111111111111111 0.000111111111111111 0.998777777777778 0.000111111111111111 0.000111111111111111 0.000111111111111111 0.000111111111111111 0.000111111111111111 0.000111111111111111 0.000111111111111111 0.000111111111111111; % G D=0.2
0.000111111111111111 0.000111111111111111 0.000111111111111111 0.000111111111111111 0.000111111111111111 0.000111111111111111 0.000111111111111111 0.000111111111111111 0.000111111111111111 0.998777777777778 0.000111111111111111 0.000111111111111111; % K D=0.2
0.000111111111111111 0.000111111111111111 0.000111111111111111 0.000111111111111111 0.998777777777778 0.000111111111111111 0.000111111111111111 0.000111111111111111 0.000111111111111111 0.000111111111111111 0.000111111111111111 0.000111111111111111; % L D=0.2
0.272444444444444 0.000444444444444444 0.219111111111111 0.000444444444444444 0.000444444444444444 0.000444444444444444 0.232444444444444 0.272444444444444 0.000444444444444444 0.000444444444444444 0.000444444444444444 0.000444444444444444; % P D=0.2
0.272444444444444 0.239111111111111 0.259111111111111 0.000444444444444444 0.000444444444444444 0.000444444444444444 0.000444444444444444 0.225777777777778 0.000444444444444444 0.000444444444444444 0.000444444444444444 0.000444444444444444; % R D=0.2
0.000111111111111111 0.000111111111111111 0.000111111111111111 0.000111111111111111 0.000111111111111111 0.000111111111111111 0.000111111111111111 0.000111111111111111 0.998777777777778 0.000111111111111111 0.000111111111111111 0.000111111111111111; % V D=0.2
0.000111111111111111 0.000111111111111111 0.000111111111111111 0.000111111111111111 0.000111111111111111 0.000111111111111111 0.000111111111111111 0.000111111111111111 0.000111111111111111 0.000111111111111111 0.998777777777778 0.000111111111111111; % Z D=0.2
0.000111111111111111 0.000111111111111111 0.000111111111111111 0.000111111111111111 0.000111111111111111 0.000111111111111111 0.000111111111111111 0.000111111111111111 0.000111111111111111 0.000111111111111111 0.000111111111111111 0.998777777777778; % d D=0.2
0.279111111111111 0.265777777777778 0.000444444444444444 0.000444444444444444 0.000444444444444444 0.000444444444444444 0.225777777777778 0.225777777777778 0.000444444444444444 0.000444444444444444 0.000444444444444444 0.000444444444444444; % k D=0.2
0.172444444444444 0.265777777777778 0.312444444444444 0.000444444444444444 0.000444444444444444 0.000444444444444444 0.245777777777778 0.000444444444444444 0.000444444444444444 0.000444444444444444 0.000444444444444444 0.000444444444444444; % p D=0.2
0.000111111111111111 0.000111111111111111 0.000111111111111111 0.000111111111111111 0.000111111111111111 0.998777777777778 0.000111111111111111 0.000111111111111111 0.000111111111111111 0.000111111111111111 0.000111111111111111 0.000111111111111111; % v D=0.2
0.00111111111111111 0.224444444444444 0.204444444444444 0.00111111111111111 0.00111111111111111 0.00111111111111111 0.291111111111111 0.271111111111111 0.00111111111111111 0.00111111111111111 0.00111111111111111 0.00111111111111111; % $ D=0.5
0.000277777777777778 0.000277777777777778 0.000277777777777778 0.996944444444445 0.000277777777777778 0.000277777777777778 0.000277777777777778 0.000277777777777778 0.000277777777777778 0.000277777777777778 0.000277777777777778 0.000277777777777778; % G D=0.5
0.000277777777777778 0.000277777777777778 0.000277777777777778 0.000277777777777778 0.000277777777777778 0.000277777777777778 0.000277777777777778 0.000277777777777778 0.000277777777777778 0.996944444444445 0.000277777777777778 0.000277777777777778; % K D=0.5
0.000277777777777778 0.000277777777777778 0.000277777777777778 0.000277777777777778 0.996944444444445 0.000277777777777778 0.000277777777777778 0.000277777777777778 0.000277777777777778 0.000277777777777778 0.000277777777777778 0.000277777777777778; % L D=0.5
0.271111111111111 0.00111111111111111 0.217777777777778 0.00111111111111111 0.00111111111111111 0.00111111111111111 0.231111111111111 0.271111111111111 0.00111111111111111 0.00111111111111111 0.00111111111111111 0.00111111111111111; % P D=0.5
0.271111111111111 0.237777777777778 0.257777777777778 0.00111111111111111 0.00111111111111111 0.00111111111111111 0.00111111111111111 0.224444444444444 0.00111111111111111 0.00111111111111111 0.00111111111111111 0.00111111111111111; % R D=0.5
0.000277777777777778 0.000277777777777778 0.000277777777777778 0.000277777777777778 0.000277777777777778 0.000277777777777778 0.000277777777777778 0.000277777777777778 0.996944444444445 0.000277777777777778 0.000277777777777778 0.000277777777777778; % V D=0.5
0.000277777777777778 0.000277777777777778 0.000277777777777778 0.000277777777777778 0.000277777777777778 0.000277777777777778 0.000277777777777778 0.000277777777777778 0.000277777777777778 0.000277777777777778 0.996944444444445 0.000277777777777778; % Z D=0.5
0.000277777777777778 0.000277777777777778 0.000277777777777778 0.000277777777777778 0.000277777777777778 0.000277777777777778 0.000277777777777778 0.000277777777777778 0.000277777777777778 0.000277777777777778 0.000277777777777778 0.996944444444445; % d D=0.5
0.277777777777778 0.264444444444444 0.00111111111111111 0.00111111111111111 0.00111111111111111 0.00111111111111111 0.224444444444444 0.224444444444444 0.00111111111111111 0.00111111111111111 0.00111111111111111 0.00111111111111111; % k D=0.5
0.171111111111111 0.264444444444444 0.311111111111111 0.00111111111111111 0.00111111111111111 0.00111111111111111 0.244444444444444 0.00111111111111111 0.00111111111111111 0.00111111111111111 0.00111111111111111 0.00111111111111111; % p D=0.5
0.000277777777777778 0.000277777777777778 0.000277777777777778 0.000277777777777778 0.000277777777777778 0.996944444444445 0.000277777777777778 0.000277777777777778 0.000277777777777778 0.000277777777777778 0.000277777777777778 0.000277777777777778; % v D=0.5
0.00222222222222222 0.222222222222222 0.202222222222222 0.00222222222222222 0.00222222222222222 0.00222222222222222 0.288888888888889 0.268888888888889 0.00222222222222222 0.00222222222222222 0.00222222222222222 0.00222222222222222; % $ D=1
0.000555555555555556 0.000555555555555556 0.000555555555555556 0.993888888888889 0.000555555555555556 0.000555555555555556 0.000555555555555556 0.000555555555555556 0.000555555555555556 0.000555555555555556 0.000555555555555556 0.000555555555555556; % G D=1
0.000555555555555556 0.000555555555555556 0.000555555555555556 0.000555555555555556 0.000555555555555556 0.000555555555555556 0.000555555555555556 0.000555555555555556 0.000555555555555556 0.993888888888889 0.000555555555555556 0.000555555555555556; % K D=1
0.000555555555555556 0.000555555555555556 0.000555555555555556 0.000555555555555556 0.993888888888889 0.000555555555555556 0.000555555555555556 0.000555555555555556 0.000555555555555556 0.000555555555555556 0.000555555555555556 0.000555555555555556; % L D=1
0.268888888888889 0.00222222222222222 0.215555555555556 0.00222222222222222 0.00222222222222222 0.00222222222222222 0.228888888888889 0.268888888888889 0.00222222222222222 0.00222222222222222 0.00222222222222222 0.00222222222222222; % P D=1
0.268888888888889 0.235555555555556 0.255555555555556 0.00222222222222222 0.00222222222222222 0.00222222222222222 0.00222222222222222 0.222222222222222 0.00222222222222222 0.00222222222222222 0.00222222222222222 0.00222222222222222; % R D=1
0.000555555555555556 0.000555555555555556 0.000555555555555556 0.000555555555555556 0.000555555555555556 0.000555555555555556 0.000555555555555556 0.000555555555555556 0.993888888888889 0.000555555555555556 0.000555555555555556 0.000555555555555556; % V D=1
0.000555555555555556 0.000555555555555556 0.000555555555555556 0.000555555555555556 0.000555555555555556 0.000555555555555556 0.000555555555555556 0.000555555555555556 0.000555555555555556 0.000555555555555556 0.993888888888889 0.000555555555555556; % Z D=1
0.000555555555555556 0.000555555555555556 0.000555555555555556 0.000555555555555556 0.000555555555555556 0.000555555555555556 0.000555555555555556 0.000555555555555556 0.000555555555555556 0.000555555555555556 0.000555555555555556 0.993888888888889; % d D=1
0.275555555555556 0.262222222222222 0.00222222222222222 0.00222222222222222 0.00222222222222222 0.00222222222222222 0.222222222222222 0.222222222222222 0.00222222222222222 0.00222222222222222 0.00222222222222222 0.00222222222222222; % k D=1
0.168888888888889 0.262222222222222 0.308888888888889 0.00222222222222222 0.00222222222222222 0.00222222222222222 0.242222222222222 0.00222222222222222 0.00222222222222222 0.00222222222222222 0.00222222222222222 0.00222222222222222; % p D=1
0.000555555555555556 0.000555555555555556 0.000555555555555556 0.000555555555555556 0.000555555555555556 0.993888888888889 0.000555555555555556 0.000555555555555556 0.000555555555555556 0.000555555555555556 0.000555555555555556 0.000555555555555556; % v D=1
0.00444444444444444 0.217777777777778 0.197777777777778 0.00444444444444444 0.00444444444444444 0.00444444444444444 0.284444444444444 0.264444444444444 0.00444444444444444 0.00444444444444444 0.00444444444444444 0.00444444444444444; % $ D=2
0.00111111111111111 0.00111111111111111 0.00111111111111111 0.987777777777778 0.00111111111111111 0.00111111111111111 0.00111111111111111 0.00111111111111111 0.00111111111111111 0.00111111111111111 0.00111111111111111 0.00111111111111111; % G D=2
0.00111111111111111 0.00111111111111111 0.00111111111111111 0.00111111111111111 0.00111111111111111 0.00111111111111111 0.00111111111111111 0.00111111111111111 0.00111111111111111 0.987777777777778 0.00111111111111111 0.00111111111111111; % K D=2
0.00111111111111111 0.00111111111111111 0.00111111111111111 0.00111111111111111 0.987777777777778 0.00111111111111111 0.00111111111111111 0.00111111111111111 0.00111111111111111 0.00111111111111111 0.00111111111111111 0.00111111111111111; % L D=2
0.264444444444444 0.00444444444444444 0.211111111111111 0.00444444444444444 0.00444444444444444 0.00444444444444444 0.224444444444444 0.264444444444444 0.00444444444444444 0.00444444444444444 0.00444444444444444 0.00444444444444444; % P D=2
0.264444444444444 0.231111111111111 0.251111111111111 0.00444444444444444 0.00444444444444444 0.00444444444444444 0.00444444444444444 0.217777777777778 0.00444444444444444 0.00444444444444444 0.00444444444444444 0.00444444444444444; % R D=2
0.00111111111111111 0.00111111111111111 0.00111111111111111 0.00111111111111111 0.00111111111111111 0.00111111111111111 0.00111111111111111 0.00111111111111111 0.987777777777778 0.00111111111111111 0.00111111111111111 0.00111111111111111; % V D=2
0.00111111111111111 0.00111111111111111 0.00111111111111111 0.00111111111111111 0.00111111111111111 0.00111111111111111 0.00111111111111111 0.00111111111111111 0.00111111111111111 0.00111111111111111 0.987777777777778 0.00111111111111111; % Z D=2
0.00111111111111111 0.00111111111111111 0.00111111111111111 0.00111111111111111 0.00111111111111111 0.00111111111111111 0.00111111111111111 0.00111111111111111 0.00111111111111111 0.00111111111111111 0.00111111111111111 0.987777777777778; % d D=2
0.271111111111111 0.257777777777778 0.00444444444444444 0.00444444444444444 0.00444444444444444 0.00444444444444444 0.217777777777778 0.217777777777778 0.00444444444444444 0.00444444444444444 0.00444444444444444 0.00444444444444444; % k D=2
0.164444444444444 0.257777777777778 0.304444444444444 0.00444444444444444 0.00444444444444444 0.00444444444444444 0.237777777777778 0.00444444444444444 0.00444444444444444 0.00444444444444444 0.00444444444444444 0.00444444444444444; % p D=2
0.00111111111111111 0.00111111111111111 0.00111111111111111 0.00111111111111111 0.00111111111111111 0.987777777777778 0.00111111111111111 0.00111111111111111 0.00111111111111111 0.00111111111111111 0.00111111111111111 0.00111111111111111; % v D=2
0.00666666666666667 0.213333333333333 0.193333333333333 0.00666666666666667 0.00666666666666667 0.00666666666666667 0.28 0.26 0.00666666666666667 0.00666666666666667 0.00666666666666667 0.00666666666666667; % $ D=3
0.00166666666666667 0.00166666666666667 0.00166666666666667 0.981666666666667 0.00166666666666667 0.00166666666666667 0.00166666666666667 0.00166666666666667 0.00166666666666667 0.00166666666666667 0.00166666666666667 0.00166666666666667; % G D=3
0.00166666666666667 0.00166666666666667 0.00166666666666667 0.00166666666666667 0.00166666666666667 0.00166666666666667 0.00166666666666667 0.00166666666666667 0.00166666666666667 0.981666666666667 0.00166666666666667 0.00166666666666667; % K D=3
0.00166666666666667 0.00166666666666667 0.00166666666666667 0.00166666666666667 0.981666666666667 0.00166666666666667 0.00166666666666667 0.00166666666666667 0.00166666666666667 0.00166666666666667 0.00166666666666667 0.00166666666666667; % L D=3
0.26 0.00666666666666667 0.206666666666667 0.00666666666666667 0.00666666666666667 0.00666666666666667 0.22 0.26 0.00666666666666667 0.00666666666666667 0.00666666666666667 0.00666666666666667; % P D=3
0.26 0.226666666666667 0.246666666666667 0.00666666666666667 0.00666666666666667 0.00666666666666667 0.00666666666666667 0.213333333333333 0.00666666666666667 0.00666666666666667 0.00666666666666667 0.00666666666666667; % R D=3
0.00166666666666667 0.00166666666666667 0.00166666666666667 0.00166666666666667 0.00166666666666667 0.00166666666666667 0.00166666666666667 0.00166666666666667 0.981666666666667 0.00166666666666667 0.00166666666666667 0.00166666666666667; % V D=3
0.00166666666666667 0.00166666666666667 0.00166666666666667 0.00166666666666667 0.00166666666666667 0.00166666666666667 0.00166666666666667 0.00166666666666667 0.00166666666666667 0.00166666666666667 0.981666666666667 0.00166666666666667; % Z D=3
0.00166666666666667 0.00166666666666667 0.00166666666666667 0.00166666666666667 0.00166666666666667 0.00166666666666667 0.00166666666666667 0.00166666666666667 0.00166666666666667 0.00166666666666667 0.00166666666666667 0.981666666666667; % d D=3
0.266666666666667 0.253333333333333 0.00666666666666667 0.00666666666666667 0.00666666666666667 0.00666666666666667 0.213333333333333 0.213333333333333 0.00666666666666667 0.00666666666666667 0.00666666666666667 0.00666666666666667; % k D=3
0.16 0.253333333333333 0.3 0.00666666666666667 0.00666666666666667 0.00666666666666667 0.233333333333333 0.00666666666666667 0.00666666666666667 0.00666666666666667 0.00666666666666667 0.00666666666666667; % p D=3
0.00166666666666667 0.00166666666666667 0.00166666666666667 0.00166666666666667 0.00166666666666667 0.981666666666667 0.00166666666666667 0.00166666666666667 0.00166666666666667 0.00166666666666667 0.00166666666666667 0.00166666666666667; % v D=3
0.00888888888888889 0.208888888888889 0.188888888888889 0.00888888888888889 0.00888888888888889 0.00888888888888889 0.275555555555556 0.255555555555556 0.00888888888888889 0.00888888888888889 0.00888888888888889 0.00888888888888889; % $ D=4
0.00222222222222222 0.00222222222222222 0.00222222222222222 0.975555555555556 0.00222222222222222 0.00222222222222222 0.00222222222222222 0.00222222222222222 0.00222222222222222 0.00222222222222222 0.00222222222222222 0.00222222222222222; % G D=4
0.00222222222222222 0.00222222222222222 0.00222222222222222 0.00222222222222222 0.00222222222222222 0.00222222222222222 0.00222222222222222 0.00222222222222222 0.00222222222222222 0.975555555555556 0.00222222222222222 0.00222222222222222; % K D=4
0.00222222222222222 0.00222222222222222 0.00222222222222222 0.00222222222222222 0.975555555555556 0.00222222222222222 0.00222222222222222 0.00222222222222222 0.00222222222222222 0.00222222222222222 0.00222222222222222 0.00222222222222222; % L D=4
0.255555555555556 0.00888888888888889 0.202222222222222 0.00888888888888889 0.00888888888888889 0.00888888888888889 0.215555555555556 0.255555555555556 0.00888888888888889 0.00888888888888889 0.00888888888888889 0.00888888888888889; % P D=4
0.255555555555556 0.222222222222222 0.242222222222222 0.00888888888888889 0.00888888888888889 0.00888888888888889 0.00888888888888889 0.208888888888889 0.00888888888888889 0.00888888888888889 0.00888888888888889 0.00888888888888889; % R D=4
0.00222222222222222 0.00222222222222222 0.00222222222222222 0.00222222222222222 0.00222222222222222 0.00222222222222222 0.00222222222222222 0.00222222222222222 0.975555555555556 0.00222222222222222 0.00222222222222222 0.00222222222222222; % V D=4
0.00222222222222222 0.00222222222222222 0.00222222222222222 0.00222222222222222 0.00222222222222222 0.00222222222222222 0.00222222222222222 0.00222222222222222 0.00222222222222222 0.00222222222222222 0.975555555555556 0.00222222222222222; % Z D=4
0.00222222222222222 0.00222222222222222 0.00222222222222222 0.00222222222222222 0.00222222222222222 0.00222222222222222 0.00222222222222222 0.00222222222222222 0.00222222222222222 0.00222222222222222 0.00222222222222222 0.975555555555556; % d D=4
0.262222222222222 0.248888888888889 0.00888888888888889 0.00888888888888889 0.00888888888888889 0.00888888888888889 0.208888888888889 0.208888888888889 0.00888888888888889 0.00888888888888889 0.00888888888888889 0.00888888888888889; % k D=4
0.155555555555556 0.248888888888889 0.295555555555556 0.00888888888888889 0.00888888888888889 0.00888888888888889 0.228888888888889 0.00888888888888889 0.00888888888888889 0.00888888888888889 0.00888888888888889 0.00888888888888889; % p D=4
0.00222222222222222 0.00222222222222222 0.00222222222222222 0.00222222222222222 0.00222222222222222 0.975555555555556 0.00222222222222222 0.00222222222222222 0.00222222222222222 0.00222222222222222 0.00222222222222222 0.00222222222222222; % v D=4
0.0111111111111111 0.204444444444444 0.184444444444444 0.0111111111111111 0.0111111111111111 0.0111111111111111 0.271111111111111 0.251111111111111 0.0111111111111111 0.0111111111111111 0.0111111111111111 0.0111111111111111; % $ D=5
0.00277777777777778 0.00277777777777778 0.00277777777777778 0.969444444444444 0.00277777777777778 0.00277777777777778 0.00277777777777778 0.00277777777777778 0.00277777777777778 0.00277777777777778 0.00277777777777778 0.00277777777777778; % G D=5
0.00277777777777778 0.00277777777777778 0.00277777777777778 0.00277777777777778 0.00277777777777778 0.00277777777777778 0.00277777777777778 0.00277777777777778 0.00277777777777778 0.969444444444444 0.00277777777777778 0.00277777777777778; % K D=5
0.00277777777777778 0.00277777777777778 0.00277777777777778 0.00277777777777778 0.969444444444444 0.00277777777777778 0.00277777777777778 0.00277777777777778 0.00277777777777778 0.00277777777777778 0.00277777777777778 0.00277777777777778; % L D=5
0.251111111111111 0.0111111111111111 0.197777777777778 0.0111111111111111 0.0111111111111111 0.0111111111111111 0.211111111111111 0.251111111111111 0.0111111111111111 0.0111111111111111 0.0111111111111111 0.0111111111111111; % P D=5
0.251111111111111 0.217777777777778 0.237777777777778 0.0111111111111111 0.0111111111111111 0.0111111111111111 0.0111111111111111 0.204444444444444 0.0111111111111111 0.0111111111111111 0.0111111111111111 0.0111111111111111; % R D=5
0.00277777777777778 0.00277777777777778 0.00277777777777778 0.00277777777777778 0.00277777777777778 0.00277777777777778 0.00277777777777778 0.00277777777777778 0.969444444444444 0.00277777777777778 0.00277777777777778 0.00277777777777778; % V D=5
0.00277777777777778 0.00277777777777778 0.00277777777777778 0.00277777777777778 0.00277777777777778 0.00277777777777778 0.00277777777777778 0.00277777777777778 0.00277777777777778 0.00277777777777778 0.969444444444444 0.00277777777777778; % Z D=5
0.00277777777777778 0.00277777777777778 0.00277777777777778 0.00277777777777778 0.00277777777777778 0.00277777777777778 0.00277777777777778 0.00277777777777778 0.00277777777777778 0.00277777777777778 0.00277777777777778 0.969444444444444; % d D=5
0.257777777777778 0.244444444444444 0.0111111111111111 0.0111111111111111 0.0111111111111111 0.0111111111111111 0.204444444444444 0.204444444444444 0.0111111111111111 0.0111111111111111 0.0111111111111111 0.0111111111111111; % k D=5
0.151111111111111 0.244444444444444 0.291111111111111 0.0111111111111111 0.0111111111111111 0.0111111111111111 0.224444444444444 0.0111111111111111 0.0111111111111111 0.0111111111111111 0.0111111111111111 0.0111111111111111; % p D=5
0.00277777777777778 0.00277777777777778 0.00277777777777778 0.00277777777777778 0.00277777777777778 0.969444444444444 0.00277777777777778 0.00277777777777778 0.00277777777777778 0.00277777777777778 0.00277777777777778 0.00277777777777778; % v D=5
0.0133333333333333 0.2 0.18 0.0133333333333333 0.0133333333333333 0.0133333333333333 0.266666666666667 0.246666666666667 0.0133333333333333 0.0133333333333333 0.0133333333333333 0.0133333333333333; % $ D=6
0.00333333333333333 0.00333333333333333 0.00333333333333333 0.963333333333333 0.00333333333333333 0.00333333333333333 0.00333333333333333 0.00333333333333333 0.00333333333333333 0.00333333333333333 0.00333333333333333 0.00333333333333333; % G D=6
0.00333333333333333 0.00333333333333333 0.00333333333333333 0.00333333333333333 0.00333333333333333 0.00333333333333333 0.00333333333333333 0.00333333333333333 0.00333333333333333 0.963333333333333 0.00333333333333333 0.00333333333333333; % K D=6
0.00333333333333333 0.00333333333333333 0.00333333333333333 0.00333333333333333 0.963333333333333 0.00333333333333333 0.00333333333333333 0.00333333333333333 0.00333333333333333 0.00333333333333333 0.00333333333333333 0.00333333333333333; % L D=6
0.246666666666667 0.0133333333333333 0.193333333333333 0.0133333333333333 0.0133333333333333 0.0133333333333333 0.206666666666667 0.246666666666667 0.0133333333333333 0.0133333333333333 0.0133333333333333 0.0133333333333333; % P D=6
0.246666666666667 0.213333333333333 0.233333333333333 0.0133333333333333 0.0133333333333333 0.0133333333333333 0.0133333333333333 0.2 0.0133333333333333 0.0133333333333333 0.0133333333333333 0.0133333333333333; % R D=6
0.00333333333333333 0.00333333333333333 0.00333333333333333 0.00333333333333333 0.00333333333333333 0.00333333333333333 0.00333333333333333 0.00333333333333333 0.963333333333333 0.00333333333333333 0.00333333333333333 0.00333333333333333; % V D=6
0.00333333333333333 0.00333333333333333 0.00333333333333333 0.00333333333333333 0.00333333333333333 0.00333333333333333 0.00333333333333333 0.00333333333333333 0.00333333333333333 0.00333333333333333 0.963333333333333 0.00333333333333333; % Z D=6
0.00333333333333333 0.00333333333333333 0.00333333333333333 0.00333333333333333 0.00333333333333333 0.00333333333333333 0.00333333333333333 0.00333333333333333 0.00333333333333333 0.00333333333333333 0.00333333333333333 0.963333333333333; % d D=6
0.253333333333333 0.24 0.0133333333333333 0.0133333333333333 0.0133333333333333 0.0133333333333333 0.2 0.2 0.0133333333333333 0.0133333333333333 0.0133333333333333 0.0133333333333333; % k D=6
0.146666666666667 0.24 0.286666666666667 0.0133333333333333 0.0133333333333333 0.0133333333333333 0.22 0.0133333333333333 0.0133333333333333 0.0133333333333333 0.0133333333333333 0.0133333333333333; % p D=6
0.00333333333333333 0.00333333333333333 0.00333333333333333 0.00333333333333333 0.00333333333333333 0.963333333333333 0.00333333333333333 0.00333333333333333 0.00333333333333333 0.00333333333333333 0.00333333333333333 0.00333333333333333; % v D=6
0.0177777777777778 0.191111111111111 0.171111111111111 0.0177777777777778 0.0177777777777778 0.0177777777777778 0.257777777777778 0.237777777777778 0.0177777777777778 0.0177777777777778 0.0177777777777778 0.0177777777777778; % $ D=8
0.00444444444444444 0.00444444444444444 0.00444444444444444 0.951111111111111 0.00444444444444444 0.00444444444444444 0.00444444444444444 0.00444444444444444 0.00444444444444444 0.00444444444444444 0.00444444444444444 0.00444444444444444; % G D=8
0.00444444444444444 0.00444444444444444 0.00444444444444444 0.00444444444444444 0.00444444444444444 0.00444444444444444 0.00444444444444444 0.00444444444444444 0.00444444444444444 0.951111111111111 0.00444444444444444 0.00444444444444444; % K D=8
0.00444444444444444 0.00444444444444444 0.00444444444444444 0.00444444444444444 0.951111111111111 0.00444444444444444 0.00444444444444444 0.00444444444444444 0.00444444444444444 0.00444444444444444 0.00444444444444444 0.00444444444444444; % L D=8
0.237777777777778 0.0177777777777778 0.184444444444444 0.0177777777777778 0.0177777777777778 0.0177777777777778 0.197777777777778 0.237777777777778 0.0177777777777778 0.0177777777777778 0.0177777777777778 0.0177777777777778; % P D=8
0.237777777777778 0.204444444444444 0.224444444444444 0.0177777777777778 0.0177777777777778 0.0177777777777778 0.0177777777777778 0.191111111111111 0.0177777777777778 0.0177777777777778 0.0177777777777778 0.0177777777777778; % R D=8
0.00444444444444444 0.00444444444444444 0.00444444444444444 0.00444444444444444 0.00444444444444444 0.00444444444444444 0.00444444444444444 0.00444444444444444 0.951111111111111 0.00444444444444444 0.00444444444444444 0.00444444444444444; % V D=8
0.00444444444444444 0.00444444444444444 0.00444444444444444 0.00444444444444444 0.00444444444444444 0.00444444444444444 0.00444444444444444 0.00444444444444444 0.00444444444444444 0.00444444444444444 0.951111111111111 0.00444444444444444; % Z D=8
0.00444444444444444 0.00444444444444444 0.00444444444444444 0.00444444444444444 0.00444444444444444 0.00444444444444444 0.00444444444444444 0.00444444444444444 0.00444444444444444 0.00444444444444444 0.00444444444444444 0.951111111111111; % d D=8
0.244444444444444 0.231111111111111 0.0177777777777778 0.0177777777777778 0.0177777777777778 0.0177777777777778 0.191111111111111 0.191111111111111 0.0177777777777778 0.0177777777777778 0.0177777777777778 0.0177777777777778; % k D=8
0.137777777777778 0.231111111111111 0.277777777777778 0.0177777777777778 0.0177777777777778 0.0177777777777778 0.211111111111111 0.0177777777777778 0.0177777777777778 0.0177777777777778 0.0177777777777778 0.0177777777777778; % p D=8
0.00444444444444444 0.00444444444444444 0.00444444444444444 0.00444444444444444 0.00444444444444444 0.951111111111111 0.00444444444444444 0.00444444444444444 0.00444444444444444 0.00444444444444444 0.00444444444444444 0.00444444444444444; % v D=8
0.0222222222222222 0.182222222222222 0.162222222222222 0.0222222222222222 0.0222222222222222 0.0222222222222222 0.248888888888889 0.228888888888889 0.0222222222222222 0.0222222222222222 0.0222222222222222 0.0222222222222222; % $ D=10
0.00555555555555556 0.00555555555555556 0.00555555555555556 0.938888888888889 0.00555555555555556 0.00555555555555556 0.00555555555555556 0.00555555555555556 0.00555555555555556 0.00555555555555556 0.00555555555555556 0.00555555555555556; % G D=10
0.00555555555555556 0.00555555555555556 0.00555555555555556 0.00555555555555556 0.00555555555555556 0.00555555555555556 0.00555555555555556 0.00555555555555556 0.00555555555555556 0.938888888888889 0.00555555555555556 0.00555555555555556; % K D=10
0.00555555555555556 0.00555555555555556 0.00555555555555556 0.00555555555555556 0.938888888888889 0.00555555555555556 0.00555555555555556 0.00555555555555556 0.00555555555555556 0.00555555555555556 0.00555555555555556 0.00555555555555556; % L D=10
