syllables = '$BJLfglnrt';
discounts = [0.01 0.02 0.05 0.1 0.2 0.5 1 2 3 4 5 6 8 10 15 20 30 50];
kn_probs = [2e-05 2e-05 0.339953333333333 2e-05 2e-05 2e-05 0.339953333333333 2e-05 0.319953333333333 2e-05; % $ D=0.01
0.249965 1.5e-05 0.389965 1.5e-05 1.5e-05 1.5e-05 1.5e-05 1.5e-05 0.359965 1.5e-05; % B D=0.01
5e-06 5e-06 5e-06 0.999955 5e-06 5e-06 5e-06 5e-06 5e-06 5e-06; % J D=0.01
5e-06 5e-06 5e-06 5e-06 5e-06 5e-06 5e-06 0.999955 5e-06 5e-06; % L D=0.01
0.264965 1.5e-05 0.354965 1.5e-05 1.5e-05 1.5e-05 0.379965 1.5e-05 1.5e-05 1.5e-05; % f D=0.01
5e-06 0.999955 5e-06 5e-06 5e-06 5e-06 5e-06 5e-06 5e-06 5e-06; % g D=0.01
5e-06 5e-06 5e-06 5e-06 5e-06 5e-06 5e-06 5e-06 5e-06 0.999955; % l D=0.01
0.234965 1.5e-05 1.5e-05 1.5e-05 1.5e-05 1.5e-05 0.364965 1.5e-05 0.399965 1.5e-05; % n D=0.01
5e-06 5e-06 5e-06 5e-06 0.999955 5e-06 5e-06 5e-06 5e-06 5e-06; % r D=0.01
5e-06 5e-06 5e-06 5e-06 5e-06 0.999955 5e-06 5e-06 5e-06 5e-06; % t D=0.01
4e-05 4e-05 0.339906666666667 4e-05 4e-05 4e-05 0.339906666666667 4e-05 0.319906666666667 4e-05; % $ D=0.02
0.24993 3e-05 0.38993 3e-05 3e-05 3e-05 3e-05 3e-05 0.35993 3e-05; % B D=0.02
1e-05 1e-05 1e-05 0.99991 1e-05 1e-05 1e-05 1e-05 1e-05 1e-05; % J D=0.02
1e-05 1e-05 1e-05 1e-05 1e-05 1e-05 1e-05 0.99991 1e-05 1e-05; % L D=0.02
0.26493 3e-05 0.35493 3e-05 3e-05 3e-05 0.37993 3e-05 3e-05 3e-05; % f D=0.02
1e-05 0.99991 1e-05 1e-05 1e-05 1e-05 1e-05 1e-05 1e-05 1e-05; % g D=0.02
1e-05 1e-05 1e-05 1e-05 1e-05 1e-05 1e-05 1e-05 1e-05 0.99991; % l D=0.02
0.23493 3e-05 3e-05 3e-05 3e-05 3e-05 0.36493 3e-05 0.39993 3e-05; % n D=0.02
1e-05 1e-05 1e-05 1e-05 0.99991 1e-05 1e-05 1e-05 1e-05 1e-05; % r D=0.02
1e-05 1e-05 1e-05 1e-05 1e-05 0.99991 1e-05 1e-05 1e-05 1e-05; % t D=0.02
0.0001 0.0001 0.339766666666667 0.0001 0.0001 0.0001 0.339766666666667 0.0001 0.319766666666667 0.0001; % $ D=0.05
0.249825 7.5e-05 0.389825 7.5e-05 7.5e-05 7.5e-05 7.5e-05 7.5e-05 0.359825 7.5e-05; % B D=0.05
2.5e-05 2.5e-05 2.5e-05 0.999775 2.5e-05 2.5e-05 2.5e-05 2.5e-05 2.5e-05 2.5e-05; % J D=0.05
2.5e-05 2.5e-05 2.5e-05 2.5e-05 2.5e-05 2.5e-05 2.5e-05 0.999775 2.5e-05 2.5e-05; % L D=0.05
0.264825 7.5e-05 0.354825 7.5e-05 7.5e-05 7.5e-05 0.379825 7.5e-05 7.5e-05 7.5e-05; % f D=0.05
2.5e-05 0.999775 2.5e-05 2.5e-05 2.5e-05 2.5e-05 2.5e-05 2.5e-05 2.5e-05 2.5e-05; % g D=0.05
2.5e-05 2.5e-05 2.5e-05 2.5e-05 2.5e-05 2.5e-05 2.5e-05 2.5e-05 2.5e-05 0.999775; % l D=0.05
0.234825 7.5e-05 7.5e-05 7.5e-05 7.5e-05 7.5e-05 0.364825 7.5e-05 0.399825 7.5e-05; % n D=0.05
2.5e-05 2.5e-05 2.5e-05 2.5e-05 0.999775 2.5e-05 2.5e-05 2.5e-05 2.5e-05 2.5e-05; % r D=0.05
2.5e-05 2.5e-05 2.5e-05 2.5e-05 2.5e-05 0.999775 2.5e-05 2.5e-05 2.5e-05 2.5e-05; % t D=0.05
0.0002 0.0002 0.339533333333333 0.0002 0.0002 0.0002 0.339533333333333 0.0002 0.319533333333333 0.0002; % $ D=0.1
0.24965 0.00015 0.38965 0.00015 0.00015 0.00015 0.00015 0.00015 0.35965 0.00015; % B D=0.1
5e-05 5e-05 5e-05 0.99955 5e-05 5e-05 5e-05 5e-05 5e-05 5e-05; % J D=0.1
5e-05 5e-05 5e-05 5e-05 5e-05 5e-05 5e-05 0.99955 5e-05 5e-05; % L D=0.1
0.26465 0.00015 0.35465 0.00015 0.00015 0.00015 0.37965 0.00015 0.00015 0.00015; % f D=0.1
5e-05 0.99955 5e-05 5e-05 5e-05 5e-05 5e-05 5e-05 5e-05 5e-05; % g D=0.1
5e-05 5e-05 5e-05 5e-05 5e-05 5e-05 5e-05 5e-05 5e-05 0.99955; % l D=0.1
0.23465 0.00015 0.00015 0.00015 0.00015 0.00015 0.36465 0.00015 0.39965 0.00015; % n D=0.1
5e-05 5e-05 5e-05 5e-05 0.99955 5e-05 5e-05 5e-05 5e-05 5e-05; % r D=0.1
5e-05 5e-05 5e-05 5e-05 5e-05 0.99955 5e-05 5e-05 5e-05 5e-05; % t D=0.1
0.0004 0.0004 0.339066666666667 0.0004 0.0004 0.0004 0.339066666666667 0.0004 0.319066666666667 0.0004; % $ D=0.2
0.2493 0.0003 0.3893 0.0003 0.0003 0.0003 0.0003 0.0003 0.3593 0.0003; % B D=0.2
0.0001 0.0001 0.0001 0.9991 0.0001 0.0001 0.0001 0.0001 0.0001 0.0001; % J D=0.2
0.0001 0.0001 0.0001 0.0001 0.0001 0.0001 0.0001 0.9991 0.0001 0.0001; % L D=0.2
0.2643 0.0003 0.3543 0.0003 0.0003 0.0003 0.3793 0.0003 0.0003 0.0003; % f D=0.2
0.0001 0.9991 0.0001 0.0001 0.0001 0.0001 0.0001 0.0001 0.0001 0.0001; % g D=0.2
0.0001 0.0001 0.0001 0.0001 0.0001 0.0001 0.0001 0.0001 0.0001 0.9991; % l D=0.2
0.2343 0.0003 0.0003 0.0003 0.0003 0.0003 0.3643 0.0003 0.3993 0.0003; % n D=0.2
0.0001 0.0001 0.0001 0.0001 0.9991 0.0001 0.0001 0.0001 0.0001 0.0001; % r D=0.2
0.0001 0.0001 0.0001 0.0001 0.0001 0.9991 0.0001 0.0001 0.0001 0.0001; % t D=0.2
0.001 0.001 0.337666666666667 0.001 0.001 0.001 0.337666666666667 0.001 0.317666666666667 0.001; % $ D=0.5
0.24825 0.00075 0.38825 0.00075 0.00075 0.00075 0.00075 0.00075 0.35825 0.00075; % B D=0.5
0.00025 0.00025 0.00025 0.99775 0.00025 0.00025 0.00025 0.00025 0.00025 0.00025; % J D=0.5
0.00025 0.00025 0.00025 0.00025 0.00025 0.00025 0.00025 0.99775 0.00025 0.00025; % L D=0.5
0.26325 0.00075 0.35325 0.00075 0.00075 0.00075 0.37825 0.00075 0.00075 0.00075; % f D=0.5
0.00025 0.99775 0.00025 0.00025 0.00025 0.00025 0.00025 0.00025 0.00025 0.00025; % g D=0.5
0.00025 0.00025 0.00025 0.00025 0.00025 0.00025 0.00025 0.00025 0.00025 0.99775; % l D=0.5
0.23325 0.00075 0.00075 0.00075 0.00075 0.00075 0.36325 0.00075 0.39825 0.00075; % n D=0.5
0.00025 0.00025 0.00025 0.00025 0.99775 0.00025 0.00025 0.00025 0.00025 0.00025; % r D=0.5
0.00025 0.00025 0.00025 0.00025 0.00025 0.99775 0.00025 0.00025 0.00025 0.00025; % t D=0.5
0.002 0.002 0.335333333333333 0.002 0.002 0.002 0.335333333333333 0.002 0.315333333333333 0.002; % $ D=1
0.2465 0.0015 0.3865 0.0015 0.0015 0.0015 0.0015 0.0015 0.3565 0.0015; % B D=1
0.0005 0.0005 0.0005 0.9955 0.0005 0.0005 0.0005 0.0005 0.0005 0.0005; % J D=1
0.0005 0.0005 0.0005 0.0005 0.0005 0.0005 0.0005 0.9955 0.0005 0.0005; % L D=1
0.2615 0.0015 0.3515 0.0015 0.0015 0.0015 0.3765 0.0015 0.0015 0.0015; % f D=1
0.0005 0.9955 0.0005 0.0005 0.0005 0.0005 0.0005 0.0005 0.0005 0.0005; % g D=1
0.0005 0.0005 0.0005 0.0005 0.0005 0.0005 0.0005 0.0005 0.0005 0.9955; % l D=1
0.2315 0.0015 0.0015 0.0015 0.0015 0.0015 0.3615 0.0015 0.3965 0.0015; % n D=1
0.0005 0.0005 0.0005 0.0005 0.9955 0.0005 0.0005 0.0005 0.0005 0.0005; % r D=1
0.0005 0.0005 0.0005 0.0005 0.0005 0.9955 0.0005 0.0005 0.0005 0.0005; % t D=1
0.004 0.004 0.330666666666667 0.004 0.004 0.004 0.330666666666667 0.004 0.310666666666667 0.004; % $ D=2
0.243 0.003 0.383 0.003 0.003 0.003 0.003 0.003 0.353 0.003; % B D=2
0.001 0.001 0.001 0.991 0.001 0.001 0.001 0.001 0.001 0.001; % J D=2
0.001 0.001 0.001 0.001 0.001 0.001 0.001 0.991 0.001 0.001; % L D=2
0.258 0.003 0.348 0.003 0.003 0.003 0.373 0.003 0.003 0.003; % f D=2
0.001 0.991 0.001 0.001 0.001 0.001 0.001 0.001 0.001 0.001; % g D=2
0.001 0.001 0.001 0.001 0.001 0.001 0.001 0.001 0.001 0.991; % l D=2
0.228 0.003 0.003 0.003 0.003 0.003 0.358 0.003 0.393 0.003; % n D=2
0.001 0.001 0.001 0.001 0.991 0.001 0.001 0.001 0.001 0.001; % r D=2
0.001 0.001 0.001 0.001 0.001 0.991 0.001 0.001 0.001 0.001; % t D=2
0.006 0.006 0.326 0.006 0.006 0.006 0.326 0.006 0.306 0.006; % $ D=3
0.2395 0.0045 0.3795 0.0045 0.0045 0.0045 0.0045 0.0045 0.3495 0.0045; % B D=3
0.0015 0.0015 0.0015 0.9865 0.0015 0.0015 0.0015 0.0015 0.0015 0.0015; % J D=3
0.0015 0.0015 0.0015 0.0015 0.0015 0.0015 0.0015 0.9865 0.0015 0.0015; % L D=3
0.2545 0.0045 0.3445 0.0045 0.0045 0.0045 0.3695 0.0045 0.0045 0.0045; % f D=3
0.0015 0.9865 0.0015 0.0015 0.0015 0.0015 0.0015 0.0015 0.0015 0.0015; % g D=3
0.0015 0.0015 0.0015 0.0015 0.0015 0.0015 0.0015 0.0015 0.0015 0.9865; % l D=3
0.2245 0.0045 0.0045 0.0045 0.0045 0.0045 0.3545 0.0045 0.3895 0.0045; % n D=3
0.0015 0.0015 0.0015 0.0015 0.9865 0.0015 0.0015 0.0015 0.0015 0.0015; % r D=3
0.0015 0.0015 0.0015 0.0015 0.0015 0.9865 0.0015 0.0015 0.0015 0.0015; % t D=3
0.008 0.008 0.321333333333333 0.008 0.008 0.008 0.321333333333333 0.008 0.301333333333333 0.008; % $ D=4
0.236 0.006 0.376 0.006 0.006 0.006 0.006 0.006 0.346 0.006; % B D=4
0.002 0.002 0.002 0.982 0.002 0.002 0.002 0.002 0.002 0.002; % J D=4
0.002 0.002 0.002 0.002 0.002 0.002 0.002 0.982 0.002 0.002; % L D=4
0.251 0.006 0.341 0.006 0.006 0.006 0.366 0.006 0.006 0.006; % f D=4
0.002 0.982 0.002 0.002 0.002 0.002 0.002 0.002 0.002 0.002; % g D=4
0.002 0.002 0.002 0.002 0.002 0.002 0.002 0.002 0.002 0.982; % l D=4
0.221 0.006 0.006 0.006 0.006 0.006 0.351 0.006 0.386 0.006; % n D=4
0.002 0.002 0.002 0.002 0.982 0.002 0.002 0.002 0.002 0.002; % r D=4
0.002 0.002 0.002 0.002 0.002 0.982 0.002 0.002 0.002 0.002; % t D=4
0.01 0.01 0.316666666666667 0.01 0.01 0.01 0.316666666666667 0.01 0.296666666666667 0.01; % $ D=5
0.2325 0.0075 0.3725 0.0075 0.0075 0.0075 0.0075 0.0075 0.3425 0.0075; % B D=5
0.0025 0.0025 0.0025 0.9775 0.0025 0.0025 0.0025 0.0025 0.0025 0.0025; % J D=5
0.0025 0.0025 0.0025 0.0025 0.0025 0.0025 0.0025 0.9775 0.0025 0.0025; % L D=5
0.2475 0.0075 0.3375 0.0075 0.0075 0.0075 0.3625 0.0075 0.0075 0.0075; % f D=5
0.0025 0.9775 0.0025 0.0025 0.0025 0.0025 0.0025 0.0025 0.0025 0.0025; % g D=5
0.0025 0.0025 0.0025 0.0025 0.0025 0.0025 0.0025 0.0025 0.0025 0.9775; % l D=5
0.2175 0.0075 0.0075 0.0075 0.0075 0.0075 0.3475 0.0075 0.3825 0.0075; % n D=5
0.0025 0.0025 0.0025 0.0025 0.9775 0.0025 0.0025 0.0025 0.0025 0.0025; % r D=5
0.0025 0.0025 0.0025 0.0025 0.0025 0.9775 0.0025 0.0025 0.0025 0.0025; % t D=5
0.012 0.012 0.312 0.012 0.012 0.012 0.312 0.012 0.292 0.012; % $ D=6
0.229 0.009 0.369 0.009 0.009 0.009 0.009 0.009 0.339 0.009; % B D=6
0.003 0.003 0.003 0.973 0.003 0.003 0.003 0.003 0.003 0.003; % J D=6
0.003 0.003 0.003 0.003 0.003 0.003 0.003 0.973 0.003 0.003; % L D=6
0.244 0.009 0.334 0.009 0.009 0.009 0.359 0.009 0.009 0.009; % f D=6
0.003 0.973 0.003 0.003 0.003 0.003 0.003 0.003 0.003 0.003; % g D=6
0.003 0.003 0.003 0.003 0.003 0.003 0.003 0.003 0.003 0.973; % l D=6
0.214 0.009 0.009 0.009 0.009 0.009 0.344 0.009 0.379 0.009; % n D=6
0.003 0.003 0.003 0.003 0.973 0.003 0.003 0.003 0.003 0.003; % r D=6
0.003 0.003 0.003 0.003 0.003 0.973 0.003 0.003 0.003 0.003; % t D=6
0.016 0.016 0.302666666666667 0.016 0.016 0.016 0.302666666666667 0.016 0.282666666666667 0.016; % $ D=8
0.222 0.012 0.362 0.012 0.012 0.012 0.012 0.012 0.332 0.012; % B D=8
0.004 0.004 0.004 0.964 0.004 0.004 0.004 0.004 0.004 0.004; % J D=8
0.004 0.004 0.004 0.004 0.004 0.004 0.004 0.964 0.004 0.004; % L D=8
0.237 0.012 0.327 0.012 0.012 0.012 0.352 0.012 0.012 0.012; % f D=8
0.004 0.964 0.004 0.004 0.004 0.004 0.004 0.004 0.004 0.004; % g D=8
0.004 0.004 0.004 0.004 0.004 0.004 0.004 0.004 0.004 0.964; % l D=8
0.207 0.012 0.012 0.012 0.012 0.012 0.337 0.012 0.372 0.012; % n D=8
0.004 0.004 0.004 0.004 0.964 0.004 0.004 0.004 0.004 0.004; % r D=8
0.004 0.004 0.004 0.004 0.004 0.964 0.004 0.004 0.004 0.004; % t D=8
0.02 0.02 0.293333333333333 0.02 0.02 0.02 0.293333333333333 0.02 0.273333333333333 0.02; % $ D=10
0.215 0.015 0.355 0.015 0.015 0.015 0.015 0.015 0.325 0.015; % B D=10
0.005 0.005 0.005 0.955 0.005 0.005 0.005 0.005 0.005 0.005; % J D=10
0.005 0.005 0.005 0.005 0.005 0.005 0.005 0.955 0.005 0.005; % L D=10
0.23 0.015 0.32 0.015 0.015 0.015 0.345 0.015 0.015 0.015; % f D=10
0.005 0.955 0.005 0.005 0.005 0.005 0.005 0.005 0.005 0.005; % g D=10
0.005 0.005 0.005 0.005 0.005 0.005 0.005 0.005 0.005 0.955; % l D=10
0.2 0.015 0.015 0.015 0.015 0.015 0.33 0.015 0.365 0.015; % n D=10
0.005 0.005 0.005 0.005 0.955 0.005 0.005 0.005 0.005 0.005; % r D=10
0.005 0.005 0.005 0.005 0.005 0.955 0.005 0.005 0.005 0.005; % t D=10
0.03 0.03 0.27 0.03 0.03 0.03 0.27 0.03 0.25 0.03; % $ D=15
0.1975 0.0225 0.3375 0.0225 0.0225 0.0225 0.0225 0.0225 0.3075 0.0225; % B D=15
0.0075 0.0075 0.0075 0.9325 0.0075 0.0075 0.0075 0.0075 0.0075 0.0075; % J D=15
0.0075 0.0075 0.0075 0.0075 0.0075 0.0075 0.0075 0.9325 0.0075 0.0075; % L D=15
0.2125 0.0225 0.3025 0.0225 0.0225 0.0225 0.3275 0.0225 0.0225 0.0225; % f D=15
0.0075 0.9325 0.0075 0.0075 0.0075 0.0075 0.0075 0.0075 0.0075 0.0075; % g D=15
0.0075 0.0075 0.0075 0.0075 0.0075 0.0075 0.0075 0.0075 0.0075 0.9325; % l D=15
0.1825 0.0225 0.0225 0.0225 0.0225 0.0225 0.3125 0.0225 0.3475 0.0225; % n D=15
0.0075 0.0075 0.0075 0.0075 0.9325 0.0075 0.0075 0.0075 0.0075 0.0075; % r D=15
0.0075 0.0075 0.0075 0.0075 0.0075 0.9325 0.0075 0.0075 0.0075 0.0075; % t D=15
0.04 0.04 0.246666666666667 0.04 0.04 0.04 0.246666666666667 0.04 0.226666666666667 0.04; % $ D=20
0.18 0.03 0.32 0.03 0.03 0.03 0.03 0.03 0.29 0.03; % B D=20
0.01 0.01 0.01 0.91 0.01 0.01 0.01 0.01 0.01 0.01; % J D=20
0.01 0.01 0.01 0.01 0.01 0.01 0.01 0.91 0.01 0.01; % L D=20
0.195 0.03 0.285 0.03 0.03 0.03 0.31 0.03 0.03 0.03; % f D=20
0.01 0.91 0.01 0.01 0.01 0.01 0.01 0.01 0.01 0.01; % g D=20
0.01 0.01 0.01 0.01 0.01 0.01 0.01 0.01 0.01 0.91; % l D=20
0.165 0.03 0.03 0.03 0.03 0.03 0.295 0.03 0.33 0.03; % n D=20
0.01 0.01 0.01 0.01 0.91 0.01 0.01 0.01 0.01 0.01; % r D=20
0.01 0.01 0.01 0.01 0.01 0.91 0.01 0.01 0.01 0.01; % t D=20
0.06 0.06 0.2 0.06 0.06 0.06 0.2 0.06 0.18 0.06; % $ D=30
0.145 0.045 0.285 0.045 0.045 0.045 0.045 0.045 0.255 0.045; % B D=30
0.015 0.015 0.015 0.865 0.015 0.015 0.015 0.015 0.015 0.015; % J D=30
0.015 0.015 0.015 0.015 0.015 0.015 0.015 0.865 0.015 0.015; % L D=30
0.16 0.045 0.25 0.045 0.045 0.045 0.275 0.045 0.045 0.045; % f D=30
0.015 0.865 0.015 0.015 0.015 0.015 0.015 0.015 0.015 0.015; % g D=30
0.015 0.015 0.015 0.015 0.015 0.015 0.015 0.015 0.015 0.865; % l D=30
0.13 0.045 0.045 0.045 0.045 0.045 0.26 0.045 0.295 0.045; % n D=30
0.015 0.015 0.015 0.015 0.865 0.015 0.015 0.015 0.015 0.015; % r D=30
0.015 0.015 0.015 0.015 0.015 0.865 0.015 0.015 0.015 0.015; % t D=30
0.1 0.1 0.106666666666667 0.1 0.1 0.1 0.106666666666667 0.1 0.1 0.1; % $ D=50
0.075 0.075 0.215 0.075 0.075 0.075 0.075 0.075 0.185 0.075; % B D=50
0.025 0.025 0.025 0.775 0.025 0.025 0.025 0.025 0.025 0.025; % J D=50
0.025 0.025 0.025 0.025 0.025 0.025 0.025 0.775 0.025 0.025; % L D=50
0.09 0.075 0.18 0.075 0.075 0.075 0.205 0.075 0.075 0.075; % f D=50
0.025 0.775 0.025 0.025 0.025 0.025 0.025 0.025 0.025 0.025; % g D=50
0.025 0.025 0.025 0.025 0.025 0.025 0.025 0.025 0.025 0.775; % l D=50
0.075 0.075 0.075 0.075 0.075 0.075 0.19 0.075 0.225 0.075; % n D=50
0.025 0.025 0.025 0.025 0.775 0.025 0.025 0.025 0.025 0.025; % r D=50
0.025 0.025 0.025 0.025 0.025 0.775 0.025 0.025 0.025 0.025]; % t D=50
