syllables = '$LNdgknptv';
discounts = [0.01 0.02 0.05 0.1 0.2 0.5 1 2 3 4 5 6 8 10 15 20 30 50];
kn_probs = [2e-05 2e-05 2e-05 0.293286666666667 2e-05 2e-05 2e-05 0.373286666666667 0.333286666666667 2e-05; % $ D=0.01
5e-06 5e-06 5e-06 5e-06 0.999955 5e-06 5e-06 5e-06 5e-06 5e-06; % L D=0.01
5e-06 0.999955 5e-06 5e-06 5e-06 5e-06 5e-06 5e-06 5e-06 5e-06; % N D=0.01
5e-06 5e-06 5e-06 5e-06 5e-06 5e-06 0.999955 5e-06 5e-06 5e-06; % d D=0.01
0.244965 1.5e-05 1.5e-05 0.394965 1.5e-05 1.5e-05 1.5e-05 1.5e-05 0.359965 1.5e-05; % g D=0.01
0.254965 1.5e-05 1.5e-05 0.384965 1.5e-05 1.5e-05 1.5e-05 0.359965 1.5e-05 1.5e-05; % k D=0.01
5e-06 5e-06 5e-06 5e-06 5e-06 5e-06 5e-06 5e-06 5e-06 0.999955; % n D=0.01
5e-06 5e-06 0.999955 5e-06 5e-06 5e-06 5e-06 5e-06 5e-06 5e-06; % p D=0.01
5e-06 5e-06 5e-06 5e-06 5e-06 0.999955 5e-06 5e-06 5e-06 5e-06; % t D=0.01
0.249965 1.5e-05 1.5e-05 1.5e-05 1.5e-05 1.5e-05 1.5e-05 0.359965 0.389965 1.5e-05; % v D=0.01
4e-05 4e-05 4e-05 0.29324 4e-05 4e-05 4e-05 0.37324 0.33324 4e-05; % $ D=0.02
1e-05 1e-05 1e-05 1e-05 0.99991 1e-05 1e-05 1e-05 1e-05 1e-05; % L D=0.02
1e-05 0.99991 1e-05 1e-05 1e-05 1e-05 1e-05 1e-05 1e-05 1e-05; % N D=0.02
1e-05 1e-05 1e-05 1e-05 1e-05 1e-05 0.99991 1e-05 1e-05 1e-05; % d D=0.02
0.24493 3e-05 3e-05 0.39493 3e-05 3e-05 3e-05 3e-05 0.35993 3e-05; % g D=0.02
0.25493 3e-05 3e-05 0.38493 3e-05 3e-05 3e-05 0.35993 3e-05 3e-05; % k D=0.02
1e-05 1e-05 1e-05 1e-05 1e-05 1e-05 1e-05 1e-05 1e-05 0.99991; % n D=0.02
1e-05 1e-05 0.99991 1e-05 1e-05 1e-05 1e-05 1e-05 1e-05 1e-05; % p D=0.02
1e-05 1e-05 1e-05 1e-05 1e-05 0.99991 1e-05 1e-05 1e-05 1e-05; % t D=0.02
0.24993 3e-05 3e-05 3e-05 3e-05 3e-05 3e-05 0.35993 0.38993 3e-05; % v D=0.02
0.0001 0.0001 0.0001 0.2931 0.0001 0.0001 0.0001 0.3731 0.3331 0.0001; % $ D=0.05
2.5e-05 2.5e-05 2.5e-05 2.5e-05 0.999775 2.5e-05 2.5e-05 2.5e-05 2.5e-05 2.5e-05; % L D=0.05
2.5e-05 0.999775 2.5e-05 2.5e-05 2.5e-05 2.5e-05 2.5e-05 2.5e-05 2.5e-05 2.5e-05; % N D=0.05
2.5e-05 2.5e-05 2.5e-05 2.5e-05 2.5e-05 2.5e-05 0.999775 2.5e-05 2.5e-05 2.5e-05; % d D=0.05
0.244825 7.5e-05 7.5e-05 0.394825 7.5e-05 7.5e-05 7.5e-05 7.5e-05 0.359825 7.5e-05; % g D=0.05
0.254825 7.5e-05 7.5e-05 0.384825 7.5e-05 7.5e-05 7.5e-05 0.359825 7.5e-05 7.5e-05; % k D=0.05
2.5e-05 2.5e-05 2.5e-05 2.5e-05 2.5e-05 2.5e-05 2.5e-05 2.5e-05 2.5e-05 0.999775; % n D=0.05
2.5e-05 2.5e-05 0.999775 2.5e-05 2.5e-05 2.5e-05 2.5e-05 2.5e-05 2.5e-05 2.5e-05; % p D=0.05
2.5e-05 2.5e-05 2.5e-05 2.5e-05 2.5e-05 0.999775 2.5e-05 2.5e-05 2.5e-05 2.5e-05; % t D=0.05
0.249825 7.5e-05 7.5e-05 7.5e-05 7.5e-05 7.5e-05 7.5e-05 0.359825 0.389825 7.5e-05; % v D=0.05
0.0002 0.0002 0.0002 0.292866666666667 0.0002 0.0002 0.0002 0.372866666666667 0.332866666666667 0.0002; % $ D=0.1
5e-05 5e-05 5e-05 5e-05 0.99955 5e-05 5e-05 5e-05 5e-05 5e-05; % L D=0.1
5e-05 0.99955 5e-05 5e-05 5e-05 5e-05 5e-05 5e-05 5e-05 5e-05; % N D=0.1
5e-05 5e-05 5e-05 5e-05 5e-05 5e-05 0.99955 5e-05 5e-05 5e-05; % d D=0.1
0.24465 0.00015 0.00015 0.39465 0.00015 0.00015 0.00015 0.00015 0.35965 0.00015; % g D=0.1
0.25465 0.00015 0.00015 0.38465 0.00015 0.00015 0.00015 0.35965 0.00015 0.00015; % k D=0.1
5e-05 5e-05 5e-05 5e-05 5e-05 5e-05 5e-05 5e-05 5e-05 0.99955; % n D=0.1
5e-05 5e-05 0.99955 5e-05 5e-05 5e-05 5e-05 5e-05 5e-05 5e-05; % p D=0.1
5e-05 5e-05 5e-05 5e-05 5e-05 0.99955 5e-05 5e-05 5e-05 5e-05; % t D=0.1
0.24965 0.00015 0.00015 0.00015 0.00015 0.00015 0.00015 0.35965 0.38965 0.00015; % v D=0.1
0.0004 0.0004 0.0004 0.2924 0.0004 0.0004 0.0004 0.3724 0.3324 0.0004; % $ D=0.2
0.0001 0.0001 0.0001 0.0001 0.9991 0.0001 0.0001 0.0001 0.0001 0.0001; % L D=0.2
0.0001 0.9991 0.0001 0.0001 0.0001 0.0001 0.0001 0.0001 0.0001 0.0001; % N D=0.2
0.0001 0.0001 0.0001 0.0001 0.0001 0.0001 0.9991 0.0001 0.0001 0.0001; % d D=0.2
0.2443 0.0003 0.0003 0.3943 0.0003 0.0003 0.0003 0.0003 0.3593 0.0003; % g D=0.2
0.2543 0.0003 0.0003 0.3843 0.0003 0.0003 0.0003 0.3593 0.0003 0.0003; % k D=0.2
0.0001 0.0001 0.0001 0.0001 0.0001 0.0001 0.0001 0.0001 0.0001 0.9991; % n D=0.2
0.0001 0.0001 0.9991 0.0001 0.0001 0.0001 0.0001 0.0001 0.0001 0.0001; % p D=0.2
0.0001 0.0001 0.0001 0.0001 0.0001 0.9991 0.0001 0.0001 0.0001 0.0001; % t D=0.2
0.2493 0.0003 0.0003 0.0003 0.0003 0.0003 0.0003 0.3593 0.3893 0.0003; % v D=0.2
0.001 0.001 0.001 0.291 0.001 0.001 0.001 0.371 0.331 0.001; % $ D=0.5
0.00025 0.00025 0.00025 0.00025 0.99775 0.00025 0.00025 0.00025 0.00025 0.00025; % L D=0.5
0.00025 0.99775 0.00025 0.00025 0.00025 0.00025 0.00025 0.00025 0.00025 0.00025; % N D=0.5
0.00025 0.00025 0.00025 0.00025 0.00025 0.00025 0.99775 0.00025 0.00025 0.00025; % d D=0.5
0.24325 0.00075 0.00075 0.39325 0.00075 0.00075 0.00075 0.00075 0.35825 0.00075; % g D=0.5
0.25325 0.00075 0.00075 0.38325 0.00075 0.00075 0.00075 0.35825 0.00075 0.00075; % k D=0.5
0.00025 0.00025 0.00025 0.00025 0.00025 0.00025 0.00025 0.00025 0.00025 0.99775; % n D=0.5
0.00025 0.00025 0.99775 0.00025 0.00025 0.00025 0.00025 0.00025 0.00025 0.00025; % p D=0.5
0.00025 0.00025 0.00025 0.00025 0.00025 0.99775 0.00025 0.00025 0.00025 0.00025; % t D=0.5
0.24825 0.00075 0.00075 0.00075 0.00075 0.00075 0.00075 0.35825 0.38825 0.00075; % v D=0.5
0.002 0.002 0.002 0.288666666666667 0.002 0.002 0.002 0.368666666666667 0.328666666666667 0.002; % $ D=1
0.0005 0.0005 0.0005 0.0005 0.9955 0.0005 0.0005 0.0005 0.0005 0.0005; % L D=1
0.0005 0.9955 0.0005 0.0005 0.0005 0.0005 0.0005 0.0005 0.0005 0.0005; % N D=1
0.0005 0.0005 0.0005 0.0005 0.0005 0.0005 0.9955 0.0005 0.0005 0.0005; % d D=1
0.2415 0.0015 0.0015 0.3915 0.0015 0.0015 0.0015 0.0015 0.3565 0.0015; % g D=1
0.2515 0.0015 0.0015 0.3815 0.0015 0.0015 0.0015 0.3565 0.0015 0.0015; % k D=1
0.0005 0.0005 0.0005 0.0005 0.0005 0.0005 0.0005 0.0005 0.0005 0.9955; % n D=1
0.0005 0.0005 0.9955 0.0005 0.0005 0.0005 0.0005 0.0005 0.0005 0.0005; % p D=1
0.0005 0.0005 0.0005 0.0005 0.0005 0.9955 0.0005 0.0005 0.0005 0.0005; % t D=1
0.2465 0.0015 0.0015 0.0015 0.0015 0.0015 0.0015 0.3565 0.3865 0.0015; % v D=1
0.004 0.004 0.004 0.284 0.004 0.004 0.004 0.364 0.324 0.004; % $ D=2
0.001 0.001 0.001 0.001 0.991 0.001 0.001 0.001 0.001 0.001; % L D=2
0.001 0.991 0.001 0.001 0.001 0.001 0.001 0.001 0.001 0.001; % N D=2
0.001 0.001 0.001 0.001 0.001 0.001 0.991 0.001 0.001 0.001; % d D=2
0.238 0.003 0.003 0.388 0.003 0.003 0.003 0.003 0.353 0.003; % g D=2
0.248 0.003 0.003 0.378 0.003 0.003 0.003 0.353 0.003 0.003; % k D=2
0.001 0.001 0.001 0.001 0.001 0.001 0.001 0.001 0.001 0.991; % n D=2
0.001 0.001 0.991 0.001 0.001 0.001 0.001 0.001 0.001 0.001; % p D=2
0.001 0.001 0.001 0.001 0.001 0.991 0.001 0.001 0.001 0.001; % t D=2
0.243 0.003 0.003 0.003 0.003 0.003 0.003 0.353 0.383 0.003; % v D=2
0.006 0.006 0.006 0.279333333333333 0.006 0.006 0.006 0.359333333333333 0.319333333333333 0.006; % $ D=3
0.0015 0.0015 0.0015 0.0015 0.9865 0.0015 0.0015 0.0015 0.0015 0.0015; % L D=3
0.0015 0.9865 0.0015 0.0015 0.0015 0.0015 0.0015 0.0015 0.0015 0.0015; % N D=3
0.0015 0.0015 0.0015 0.0015 0.0015 0.0015 0.9865 0.0015 0.0015 0.0015; % d D=3
0.2345 0.0045 0.0045 0.3845 0.0045 0.0045 0.0045 0.0045 0.3495 0.0045; % g D=3
0.2445 0.0045 0.0045 0.3745 0.0045 0.0045 0.0045 0.3495 0.0045 0.0045; % k D=3
0.0015 0.0015 0.0015 0.0015 0.0015 0.0015 0.0015 0.0015 0.0015 0.9865; % n D=3
0.0015 0.0015 0.9865 0.0015 0.0015 0.0015 0.0015 0.0015 0.0015 0.0015; % p D=3
0.0015 0.0015 0.0015 0.0015 0.0015 0.9865 0.0015 0.0015 0.0015 0.0015; % t D=3
0.2395 0.0045 0.0045 0.0045 0.0045 0.0045 0.0045 0.3495 0.3795 0.0045; % v D=3
0.008 0.008 0.008 0.274666666666667 0.008 0.008 0.008 0.354666666666667 0.314666666666667 0.008; % $ D=4
0.002 0.002 0.002 0.002 0.982 0.002 0.002 0.002 0.002 0.002; % L D=4
0.002 0.982 0.002 0.002 0.002 0.002 0.002 0.002 0.002 0.002; % N D=4
0.002 0.002 0.002 0.002 0.002 0.002 0.982 0.002 0.002 0.002; % d D=4
0.231 0.006 0.006 0.381 0.006 0.006 0.006 0.006 0.346 0.006; % g D=4
0.241 0.006 0.006 0.371 0.006 0.006 0.006 0.346 0.006 0.006; % k D=4
0.002 0.002 0.002 0.002 0.002 0.002 0.002 0.002 0.002 0.982; % n D=4
0.002 0.002 0.982 0.002 0.002 0.002 0.002 0.002 0.002 0.002; % p D=4
0.002 0.002 0.002 0.002 0.002 0.982 0.002 0.002 0.002 0.002; % t D=4
0.236 0.006 0.006 0.006 0.006 0.006 0.006 0.346 0.376 0.006; % v D=4
0.01 0.01 0.01 0.27 0.01 0.01 0.01 0.35 0.31 0.01; % $ D=5
0.0025 0.0025 0.0025 0.0025 0.9775 0.0025 0.0025 0.0025 0.0025 0.0025; % L D=5
0.0025 0.9775 0.0025 0.0025 0.0025 0.0025 0.0025 0.0025 0.0025 0.0025; % N D=5
0.0025 0.0025 0.0025 0.0025 0.0025 0.0025 0.9775 0.0025 0.0025 0.0025; % d D=5
0.2275 0.0075 0.0075 0.3775 0.0075 0.0075 0.0075 0.0075 0.3425 0.0075; % g D=5
0.2375 0.0075 0.0075 0.3675 0.0075 0.0075 0.0075 0.3425 0.0075 0.0075; % k D=5
0.0025 0.0025 0.0025 0.0025 0.0025 0.0025 0.0025 0.0025 0.0025 0.9775; % n D=5
0.0025 0.0025 0.9775 0.0025 0.0025 0.0025 0.0025 0.0025 0.0025 0.0025; % p D=5
0.0025 0.0025 0.0025 0.0025 0.0025 0.9775 0.0025 0.0025 0.0025 0.0025; % t D=5
0.2325 0.0075 0.0075 0.0075 0.0075 0.0075 0.0075 0.3425 0.3725 0.0075; % v D=5
0.012 0.012 0.012 0.265333333333333 0.012 0.012 0.012 0.345333333333333 0.305333333333333 0.012; % $ D=6
0.003 0.003 0.003 0.003 0.973 0.003 0.003 0.003 0.003 0.003; % L D=6
0.003 0.973 0.003 0.003 0.003 0.003 0.003 0.003 0.003 0.003; % N D=6
0.003 0.003 0.003 0.003 0.003 0.003 0.973 0.003 0.003 0.003; % d D=6
0.224 0.009 0.009 0.374 0.009 0.009 0.009 0.009 0.339 0.009; % g D=6
0.234 0.009 0.009 0.364 0.009 0.009 0.009 0.339 0.009 0.009; % k D=6
0.003 0.003 0.003 0.003 0.003 0.003 0.003 0.003 0.003 0.973; % n D=6
0.003 0.003 0.973 0.003 0.003 0.003 0.003 0.003 0.003 0.003; % p D=6
0.003 0.003 0.003 0.003 0.003 0.973 0.003 0.003 0.003 0.003; % t D=6
0.229 0.009 0.009 0.009 0.009 0.009 0.009 0.339 0.369 0.009; % v D=6
0.016 0.016 0.016 0.256 0.016 0.016 0.016 0.336 0.296 0.016; % $ D=8
0.004 0.004 0.004 0.004 0.964 0.004 0.004 0.004 0.004 0.004; % L D=8
0.004 0.964 0.004 0.004 0.004 0.004 0.004 0.004 0.004 0.004; % N D=8
0.004 0.004 0.004 0.004 0.004 0.004 0.964 0.004 0.004 0.004; % d D=8
0.217 0.012 0.012 0.367 0.012 0.012 0.012 0.012 0.332 0.012; % g D=8
0.227 0.012 0.012 0.357 0.012 0.012 0.012 0.332 0.012 0.012; % k D=8
0.004 0.004 0.004 0.004 0.004 0.004 0.004 0.004 0.004 0.964; % n D=8
0.004 0.004 0.964 0.004 0.004 0.004 0.004 0.004 0.004 0.004; % p D=8
0.004 0.004 0.004 0.004 0.004 0.964 0.004 0.004 0.004 0.004; % t D=8
0.222 0.012 0.012 0.012 0.012 0.012 0.012 0.332 0.362 0.012; % v D=8
0.02 0.02 0.02 0.246666666666667 0.02 0.02 0.02 0.326666666666667 0.286666666666667 0.02; % $ D=10
0.005 0.005 0.005 0.005 0.955 0.005 0.005 0.005 0.005 0.005; % L D=10
0.005 0.955 0.005 0.005 0.005 0.005 0.005 0.005 0.005 0.005; % N D=10
0.005 0.005 0.005 0.005 0.005 0.005 0.955 0.005 0.005 0.005; % d D=10
0.21 0.015 0.015 0.36 0.015 0.015 0.015 0.015 0.325 0.015; % g D=10
0.22 0.015 0.015 0.35 0.015 0.015 0.015 0.325 0.015 0.015; % k D=10
0.005 0.005 0.005 0.005 0.005 0.005 0.005 0.005 0.005 0.955; % n D=10
0.005 0.005 0.955 0.005 0.005 0.005 0.005 0.005 0.005 0.005; % p D=10
0.005 0.005 0.005 0.005 0.005 0.955 0.005 0.005 0.005 0.005; % t D=10
0.215 0.015 0.015 0.015 0.015 0.015 0.015 0.325 0.355 0.015; % v D=10
0.03 0.03 0.03 0.223333333333333 0.03 0.03 0.03 0.303333333333333 0.263333333333333 0.03; % $ D=15
0.0075 0.0075 0.0075 0.0075 0.9325 0.0075 0.0075 0.0075 0.0075 0.0075; % L D=15
0.0075 0.9325 0.0075 0.0075 0.0075 0.0075 0.0075 0.0075 0.0075 0.0075; % N D=15
0.0075 0.0075 0.0075 0.0075 0.0075 0.0075 0.9325 0.0075 0.0075 0.0075; % d D=15
0.1925 0.0225 0.0225 0.3425 0.0225 0.0225 0.0225 0.0225 0.3075 0.0225; % g D=15
0.2025 0.0225 0.0225 0.3325 0.0225 0.0225 0.0225 0.3075 0.0225 0.0225; % k D=15
0.0075 0.0075 0.0075 0.0075 0.0075 0.0075 0.0075 0.0075 0.0075 0.9325; % n D=15
0.0075 0.0075 0.9325 0.0075 0.0075 0.0075 0.0075 0.0075 0.0075 0.0075; % p D=15
0.0075 0.0075 0.0075 0.0075 0.0075 0.9325 0.0075 0.0075 0.0075 0.0075; % t D=15
0.1975 0.0225 0.0225 0.0225 0.0225 0.0225 0.0225 0.3075 0.3375 0.0225; % v D=15
0.04 0.04 0.04 0.2 0.04 0.04 0.04 0.28 0.24 0.04; % $ D=20
0.01 0.01 0.01 0.01 0.91 0.01 0.01 0.01 0.01 0.01; % L D=20
0.01 0.91 0.01 0.01 0.01 0.01 0.01 0.01 0.01 0.01; % N D=20
0.01 0.01 0.01 0.01 0.01 0.01 0.91 0.01 0.01 0.01; % d D=20
0.175 0.03 0.03 0.325 0.03 0.03 0.03 0.03 0.29 0.03; % g D=20
0.185 0.03 0.03 0.315 0.03 0.03 0.03 0.29 0.03 0.03; % k D=20
0.01 0.01 0.01 0.01 0.01 0.01 0.01 0.01 0.01 0.91; % n D=20
0.01 0.01 0.91 0.01 0.01 0.01 0.01 0.01 0.01 0.01; % p D=20
0.01 0.01 0.01 0.01 0.01 0.91 0.01 0.01 0.01 0.01; % t D=20
0.18 0.03 0.03 0.03 0.03 0.03 0.03 0.29 0.32 0.03; % v D=20
0.06 0.06 0.06 0.153333333333333 0.06 0.06 0.06 0.233333333333333 0.193333333333333 0.06; % $ D=30
0.015 0.015 0.015 0.015 0.865 0.015 0.015 0.015 0.015 0.015; % L D=30
0.015 0.865 0.015 0.015 0.015 0.015 0.015 0.015 0.015 0.015; % N D=30
0.015 0.015 0.015 0.015 0.015 0.015 0.865 0.015 0.015 0.015; % d D=30
0.14 0.045 0.045 0.29 0.045 0.045 0.045 0.045 0.255 0.045; % g D=30
0.15 0.045 0.045 0.28 0.045 0.045 0.045 0.255 0.045 0.045; % k D=30
0.015 0.015 0.015 0.015 0.015 0.015 0.015 0.015 0.015 0.865; % n D=30
0.015 0.015 0.865 0.015 0.015 0.015 0.015 0.015 0.015 0.015; % p D=30
0.015 0.015 0.015 0.015 0.015 0.865 0.015 0.015 0.015 0.015; % t D=30
0.145 0.045 0.045 0.045 0.045 0.045 0.045 0.255 0.285 0.045; % v D=30
0.1 0.1 0.1 0.1 0.1 0.1 0.1 0.14 0.1 0.1; % $ D=50
0.025 0.025 0.025 0.025 0.775 0.025 0.025 0.025 0.025 0.025; % L D=50
0.025 0.775 0.025 0.025 0.025 0.025 0.025 0.025 0.025 0.025; % N D=50
0.025 0.025 0.025 0.025 0.025 0.025 0.775 0.025 0.025 0.025; % d D=50
0.075 0.075 0.075 0.22 0.075 0.075 0.075 0.075 0.185 0.075; % g D=50
0.08 0.075 0.075 0.21 0.075 0.075 0.075 0.185 0.075 0.075; % k D=50
0.025 0.025 0.025 0.025 0.025 0.025 0.025 0.025 0.025 0.775; % n D=50
0.025 0.025 0.775 0.025 0.025 0.025 0.025 0.025 0.025 0.025; % p D=50
0.025 0.025 0.025 0.025 0.025 0.775 0.025 0.025 0.025 0.025; % t D=50
0.075 0.075 0.075 0.075 0.075 0.075 0.075 0.185 0.215 0.075]; % v D=50
