syllables = '$BDFLVdgmtvz';
discounts = [0.01 0.02 0.05 0.1 0.2 0.5 1 2 3 4 5 6 8 10 15 20 30 50];
kn_probs = [2.22222222222222e-05 2.22222222222222e-05 2.22222222222222e-05 0.253288888888889 0.213288888888889 0.306622222222222 2.22222222222222e-05 2.22222222222222e-05 2.22222222222222e-05 0.226622222222222 2.22222222222222e-05 2.22222222222222e-05; % $ D=0.01
0.239955555555556 2.22222222222222e-05 2.22222222222222e-05 0.213288888888889 2.22222222222222e-05 0.273288888888889 2.22222222222222e-05 2.22222222222222e-05 2.22222222222222e-05 0.273288888888889 2.22222222222222e-05 2.22222222222222e-05; % B D=0.01
5.55555555555556e-06 5.55555555555556e-06 5.55555555555556e-06 5.55555555555556e-06 5.55555555555556e-06 5.55555555555556e-06 5.55555555555556e-06 5.55555555555556e-06 5.55555555555556e-06 5.55555555555556e-06 0.999938888888889 5.55555555555556e-06; % D D=0.01
5.55555555555556e-06 5.55555555555556e-06 5.55555555555556e-06 5.55555555555556e-06 5.55555555555556e-06 5.55555555555556e-06 5.55555555555556e-06 5.55555555555556e-06 5.55555555555556e-06 5.55555555555556e-06 5.55555555555556e-06 0.999938888888889; % F D=0.01
5.55555555555556e-06 5.55555555555556e-06 5.55555555555556e-06 5.55555555555556e-06 5.55555555555556e-06 5.55555555555556e-06 5.55555555555556e-06 0.999938888888889 5.55555555555556e-06 5.55555555555556e-06 5.55555555555556e-06 5.55555555555556e-06; % L D=0.01
5.55555555555556e-06 5.55555555555556e-06 5.55555555555556e-06 5.55555555555556e-06 5.55555555555556e-06 5.55555555555556e-06 0.999938888888889 5.55555555555556e-06 5.55555555555556e-06 5.55555555555556e-06 5.55555555555556e-06 5.55555555555556e-06; % V D=0.01
5.55555555555556e-06 5.55555555555556e-06 0.999938888888889 5.55555555555556e-06 5.55555555555556e-06 5.55555555555556e-06 5.55555555555556e-06 5.55555555555556e-06 5.55555555555556e-06 5.55555555555556e-06 5.55555555555556e-06 5.55555555555556e-06; % d D=0.01
5.55555555555556e-06 0.999938888888889 5.55555555555556e-06 5.55555555555556e-06 5.55555555555556e-06 5.55555555555556e-06 5.55555555555556e-06 5.55555555555556e-06 5.55555555555556e-06 5.55555555555556e-06 5.55555555555556e-06 5.55555555555556e-06; % g D=0.01
0.239955555555556 2.22222222222222e-05 2.22222222222222e-05 0.273288888888889 0.253288888888889 0.233288888888889 2.22222222222222e-05 2.22222222222222e-05 2.22222222222222e-05 2.22222222222222e-05 2.22222222222222e-05 2.22222222222222e-05; % m D=0.01
5.55555555555556e-06 5.55555555555556e-06 5.55555555555556e-06 5.55555555555556e-06 5.55555555555556e-06 5.55555555555556e-06 5.55555555555556e-06 5.55555555555556e-06 0.999938888888889 5.55555555555556e-06 5.55555555555556e-06 5.55555555555556e-06; % t D=0.01
0.266622222222222 2.22222222222222e-05 2.22222222222222e-05 0.259955555555556 0.233288888888889 2.22222222222222e-05 2.22222222222222e-05 2.22222222222222e-05 2.22222222222222e-05 0.239955555555556 2.22222222222222e-05 2.22222222222222e-05; % v D=0.01
0.253288888888889 2.22222222222222e-05 2.22222222222222e-05 2.22222222222222e-05 0.299955555555556 0.186622222222222 2.22222222222222e-05 2.22222222222222e-05 2.22222222222222e-05 0.259955555555556 2.22222222222222e-05 2.22222222222222e-05; % z D=0.01
4.44444444444444e-05 4.44444444444444e-05 4.44444444444444e-05 0.253244444444444 0.213244444444444 0.306577777777778 4.44444444444444e-05 4.44444444444444e-05 4.44444444444444e-05 0.226577777777778 4.44444444444444e-05 4.44444444444444e-05; % $ D=0.02
0.239911111111111 4.44444444444444e-05 4.44444444444444e-05 0.213244444444444 4.44444444444444e-05 0.273244444444444 4.44444444444444e-05 4.44444444444444e-05 4.44444444444444e-05 0.273244444444444 4.44444444444444e-05 4.44444444444444e-05; % B D=0.02
1.11111111111111e-05 1.11111111111111e-05 1.11111111111111e-05 1.11111111111111e-05 1.11111111111111e-05 1.11111111111111e-05 1.11111111111111e-05 1.11111111111111e-05 1.11111111111111e-05 1.11111111111111e-05 0.999877777777778 1.11111111111111e-05; % D D=0.02
1.11111111111111e-05 1.11111111111111e-05 1.11111111111111e-05 1.11111111111111e-05 1.11111111111111e-05 1.11111111111111e-05 1.11111111111111e-05 1.11111111111111e-05 1.11111111111111e-05 1.11111111111111e-05 1.11111111111111e-05 0.999877777777778; % F D=0.02
1.11111111111111e-05 1.11111111111111e-05 1.11111111111111e-05 1.11111111111111e-05 1.11111111111111e-05 1.11111111111111e-05 1.11111111111111e-05 0.999877777777778 1.11111111111111e-05 1.11111111111111e-05 1.11111111111111e-05 1.11111111111111e-05; % L D=0.02
1.11111111111111e-05 1.11111111111111e-05 1.11111111111111e-05 1.11111111111111e-05 1.11111111111111e-05 1.11111111111111e-05 0.999877777777778 1.11111111111111e-05 1.11111111111111e-05 1.11111111111111e-05 1.11111111111111e-05 1.11111111111111e-05; % V D=0.02
1.11111111111111e-05 1.11111111111111e-05 0.999877777777778 1.11111111111111e-05 1.11111111111111e-05 1.11111111111111e-05 1.11111111111111e-05 1.11111111111111e-05 1.11111111111111e-05 1.11111111111111e-05 1.11111111111111e-05 1.11111111111111e-05; % d D=0.02
1.11111111111111e-05 0.999877777777778 1.11111111111111e-05 1.11111111111111e-05 1.11111111111111e-05 1.11111111111111e-05 1.11111111111111e-05 1.11111111111111e-05 1.11111111111111e-05 1.11111111111111e-05 1.11111111111111e-05 1.11111111111111e-05; % g D=0.02
0.239911111111111 4.44444444444444e-05 4.44444444444444e-05 0.273244444444444 0.253244444444444 0.233244444444444 4.44444444444444e-05 4.44444444444444e-05 4.44444444444444e-05 4.44444444444444e-05 4.44444444444444e-05 4.44444444444444e-05; % m D=0.02
1.11111111111111e-05 1.11111111111111e-05 1.11111111111111e-05 1.11111111111111e-05 1.11111111111111e-05 1.11111111111111e-05 1.11111111111111e-05 1.11111111111111e-05 0.999877777777778 1.11111111111111e-05 1.11111111111111e-05 1.11111111111111e-05; % t D=0.02
0.266577777777778 4.44444444444444e-05 4.44444444444444e-05 0.259911111111111 0.233244444444444 4.44444444444444e-05 4.44444444444444e-05 4.44444444444444e-05 4.44444444444444e-05 0.239911111111111 4.44444444444444e-05 4.44444444444444e-05; % v D=0.02
0.253244444444444 4.44444444444444e-05 4.44444444444444e-05 4.44444444444444e-05 0.299911111111111 0.186577777777778 4.44444444444444e-05 4.44444444444444e-05 4.44444444444444e-05 0.259911111111111 4.44444444444444e-05 4.44444444444444e-05; % z D=0.02
0.000111111111111111 0.000111111111111111 0.000111111111111111 0.253111111111111 0.213111111111111 0.306444444444444 0.000111111111111111 0.000111111111111111 0.000111111111111111 0.226444444444444 0.000111111111111111 0.000111111111111111; % $ D=0.05
0.239777777777778 0.000111111111111111 0.000111111111111111 0.213111111111111 0.000111111111111111 0.273111111111111 0.000111111111111111 0.000111111111111111 0.000111111111111111 0.273111111111111 0.000111111111111111 0.000111111111111111; % B D=0.05
2.77777777777778e-05 2.77777777777778e-05 2.77777777777778e-05 2.77777777777778e-05 2.77777777777778e-05 2.77777777777778e-05 2.77777777777778e-05 2.77777777777778e-05 2.77777777777778e-05 2.77777777777778e-05 0.999694444444444 2.77777777777778e-05; % D D=0.05
2.77777777777778e-05 2.77777777777778e-05 2.77777777777778e-05 2.77777777777778e-05 2.77777777777778e-05 2.77777777777778e-05 2.77777777777778e-05 2.77777777777778e-05 2.77777777777778e-05 2.77777777777778e-05 2.77777777777778e-05 0.999694444444444; % F D=0.05
2.77777777777778e-05 2.77777777777778e-05 2.77777777777778e-05 2.77777777777778e-05 2.77777777777778e-05 2.77777777777778e-05 2.77777777777778e-05 0.999694444444444 2.77777777777778e-05 2.77777777777778e-05 2.77777777777778e-05 2.77777777777778e-05; % L D=0.05
2.77777777777778e-05 2.77777777777778e-05 2.77777777777778e-05 2.77777777777778e-05 2.77777777777778e-05 2.77777777777778e-05 0.999694444444444 2.77777777777778e-05 2.77777777777778e-05 2.77777777777778e-05 2.77777777777778e-05 2.77777777777778e-05; % V D=0.05
