syllables = '$DGVflnrtv';
discounts = [0.01 0.02 0.05 0.1 0.2 0.5 1 2 3 4 5 6 8 10 15 20 30 50];
kn_probs = [2e-05 0.299953333333333 2e-05 2e-05 2e-05 2e-05 2e-05 0.299953333333333 2e-05 0.399953333333333; % $ D=0.01
5e-06 5e-06 5e-06 5e-06 0.999955 5e-06 5e-06 5e-06 5e-06 5e-06; % D D=0.01
0.25497 0.19497 2e-05 2e-05 2e-05 2e-05 2e-05 0.25997 2e-05 0.28997; % G D=0.01
5e-06 5e-06 5e-06 5e-06 5e-06 5e-06 0.999955 5e-06 5e-06 5e-06; % V D=0.01
5e-06 5e-06 5e-06 5e-06 5e-06 0.999955 5e-06 5e-06 5e-06 5e-06; % f D=0.01
5e-06 5e-06 0.999955 5e-06 5e-06 5e-06 5e-06 5e-06 5e-06 5e-06; % l D=0.01
0.27497 0.28497 2e-05 2e-05 2e-05 2e-05 2e-05 0.22997 2e-05 0.20997; % n D=0.01
5e-06 5e-06 5e-06 0.999955 5e-06 5e-06 5e-06 5e-06 5e-06 5e-06; % r D=0.01
0.21997 0.29497 2e-05 2e-05 2e-05 2e-05 2e-05 0.28497 2e-05 0.19997; % t D=0.01
5e-06 5e-06 5e-06 5e-06 5e-06 5e-06 5e-06 5e-06 0.999955 5e-06; % v D=0.01
4e-05 0.299906666666667 4e-05 4e-05 4e-05 4e-05 4e-05 0.299906666666667 4e-05 0.399906666666667; % $ D=0.02
1e-05 1e-05 1e-05 1e-05 0.99991 1e-05 1e-05 1e-05 1e-05 1e-05; % D D=0.02
0.25494 0.19494 4e-05 4e-05 4e-05 4e-05 4e-05 0.25994 4e-05 0.28994; % G D=0.02
1e-05 1e-05 1e-05 1e-05 1e-05 1e-05 0.99991 1e-05 1e-05 1e-05; % V D=0.02
1e-05 1e-05 1e-05 1e-05 1e-05 0.99991 1e-05 1e-05 1e-05 1e-05; % f D=0.02
1e-05 1e-05 0.99991 1e-05 1e-05 1e-05 1e-05 1e-05 1e-05 1e-05; % l D=0.02
0.27494 0.28494 4e-05 4e-05 4e-05 4e-05 4e-05 0.22994 4e-05 0.20994; % n D=0.02
1e-05 1e-05 1e-05 0.99991 1e-05 1e-05 1e-05 1e-05 1e-05 1e-05; % r D=0.02
0.21994 0.29494 4e-05 4e-05 4e-05 4e-05 4e-05 0.28494 4e-05 0.19994; % t D=0.02
1e-05 1e-05 1e-05 1e-05 1e-05 1e-05 1e-05 1e-05 0.99991 1e-05; % v D=0.02
0.0001 0.299766666666667 0.0001 0.0001 0.0001 0.0001 0.0001 0.299766666666667 0.0001 0.399766666666667; % $ D=0.05
2.5e-05 2.5e-05 2.5e-05 2.5e-05 0.999775 2.5e-05 2.5e-05 2.5e-05 2.5e-05 2.5e-05; % D D=0.05
0.25485 0.19485 0.0001 0.0001 0.0001 0.0001 0.0001 0.25985 0.0001 0.28985; % G D=0.05
2.5e-05 2.5e-05 2.5e-05 2.5e-05 2.5e-05 2.5e-05 0.999775 2.5e-05 2.5e-05 2.5e-05; % V D=0.05
2.5e-05 2.5e-05 2.5e-05 2.5e-05 2.5e-05 0.999775 2.5e-05 2.5e-05 2.5e-05 2.5e-05; % f D=0.05
2.5e-05 2.5e-05 0.999775 2.5e-05 2.5e-05 2.5e-05 2.5e-05 2.5e-05 2.5e-05 2.5e-05; % l D=0.05
0.27485 0.28485 0.0001 0.0001 0.0001 0.0001 0.0001 0.22985 0.0001 0.20985; % n D=0.05
2.5e-05 2.5e-05 2.5e-05 0.999775 2.5e-05 2.5e-05 2.5e-05 2.5e-05 2.5e-05 2.5e-05; % r D=0.05
0.21985 0.29485 0.0001 0.0001 0.0001 0.0001 0.0001 0.28485 0.0001 0.19985; % t D=0.05
2.5e-05 2.5e-05 2.5e-05 2.5e-05 2.5e-05 2.5e-05 2.5e-05 2.5e-05 0.999775 2.5e-05; % v D=0.05
0.0002 0.299533333333333 0.0002 0.0002 0.0002 0.0002 0.0002 0.299533333333333 0.0002 0.399533333333333; % $ D=0.1
5e-05 5e-05 5e-05 5e-05 0.99955 5e-05 5e-05 5e-05 5e-05 5e-05; % D D=0.1
0.2547 0.1947 0.0002 0.0002 0.0002 0.0002 0.0002 0.2597 0.0002 0.2897; % G D=0.1
5e-05 5e-05 5e-05 5e-05 5e-05 5e-05 0.99955 5e-05 5e-05 5e-05; % V D=0.1
5e-05 5e-05 5e-05 5e-05 5e-05 0.99955 5e-05 5e-05 5e-05 5e-05; % f D=0.1
5e-05 5e-05 0.99955 5e-05 5e-05 5e-05 5e-05 5e-05 5e-05 5e-05; % l D=0.1
0.2747 0.2847 0.0002 0.0002 0.0002 0.0002 0.0002 0.2297 0.0002 0.2097; % n D=0.1
5e-05 5e-05 5e-05 0.99955 5e-05 5e-05 5e-05 5e-05 5e-05 5e-05; % r D=0.1
0.2197 0.2947 0.0002 0.0002 0.0002 0.0002 0.0002 0.2847 0.0002 0.1997; % t D=0.1
5e-05 5e-05 5e-05 5e-05 5e-05 5e-05 5e-05 5e-05 0.99955 5e-05; % v D=0.1
0.0004 0.299066666666667 0.0004 0.0004 0.0004 0.0004 0.0004 0.299066666666667 0.0004 0.399066666666667; % $ D=0.2
0.0001 0.0001 0.0001 0.0001 0.9991 0.0001 0.0001 0.0001 0.0001 0.0001; % D D=0.2
0.2544 0.1944 0.0004 0.0004 0.0004 0.0004 0.0004 0.2594 0.0004 0.2894; % G D=0.2
0.0001 0.0001 0.0001 0.0001 0.0001 0.0001 0.9991 0.0001 0.0001 0.0001; % V D=0.2
0.0001 0.0001 0.0001 0.0001 0.0001 0.9991 0.0001 0.0001 0.0001 0.0001; % f D=0.2
0.0001 0.0001 0.9991 0.0001 0.0001 0.0001 0.0001 0.0001 0.0001 0.0001; % l D=0.2
0.2744 0.2844 0.0004 0.0004 0.0004 0.0004 0.0004 0.2294 0.0004 0.2094; % n D=0.2
0.0001 0.0001 0.0001 0.9991 0.0001 0.0001 0.0001 0.0001 0.0001 0.0001; % r D=0.2
0.2194 0.2944 0.0004 0.0004 0.0004 0.0004 0.0004 0.2844 0.0004 0.1994; % t D=0.2
0.0001 0.0001 0.0001 0.0001 0.0001 0.0001 0.0001 0.0001 0.9991 0.0001; % v D=0.2
0.001 0.297666666666667 0.001 0.001 0.001 0.001 0.001 0.297666666666667 0.001 0.397666666666667; % $ D=0.5
0.00025 0.00025 0.00025 0.00025 0.99775 0.00025 0.00025 0.00025 0.00025 0.00025; % D D=0.5
0.2535 0.1935 0.001 0.001 0.001 0.001 0.001 0.2585 0.001 0.2885; % G D=0.5
0.00025 0.00025 0.00025 0.00025 0.00025 0.00025 0.99775 0.00025 0.00025 0.00025; % V D=0.5
0.00025 0.00025 0.00025 0.00025 0.00025 0.99775 0.00025 0.00025 0.00025 0.00025; % f D=0.5
0.00025 0.00025 0.99775 0.00025 0.00025 0.00025 0.00025 0.00025 0.00025 0.00025; % l D=0.5
0.2735 0.2835 0.001 0.001 0.001 0.001 0.001 0.2285 0.001 0.2085; % n D=0.5
0.00025 0.00025 0.00025 0.99775 0.00025 0.00025 0.00025 0.00025 0.00025 0.00025; % r D=0.5
0.2185 0.2935 0.001 0.001 0.001 0.001 0.001 0.2835 0.001 0.1985; % t D=0.5
0.00025 0.00025 0.00025 0.00025 0.00025 0.00025 0.00025 0.00025 0.99775 0.00025; % v D=0.5
0.002 0.295333333333333 0.002 0.002 0.002 0.002 0.002 0.295333333333333 0.002 0.395333333333333; % $ D=1
0.0005 0.0005 0.0005 0.0005 0.9955 0.0005 0.0005 0.0005 0.0005 0.0005; % D D=1
0.252 0.192 0.002 0.002 0.002 0.002 0.002 0.257 0.002 0.287; % G D=1
0.0005 0.0005 0.0005 0.0005 0.0005 0.0005 0.9955 0.0005 0.0005 0.0005; % V D=1
0.0005 0.0005 0.0005 0.0005 0.0005 0.9955 0.0005 0.0005 0.0005 0.0005; % f D=1
0.0005 0.0005 0.9955 0.0005 0.0005 0.0005 0.0005 0.0005 0.0005 0.0005; % l D=1
0.272 0.282 0.002 0.002 0.002 0.002 0.002 0.227 0.002 0.207; % n D=1
0.0005 0.0005 0.0005 0.9955 0.0005 0.0005 0.0005 0.0005 0.0005 0.0005; % r D=1
0.217 0.292 0.002 0.002 0.002 0.002 0.002 0.282 0.002 0.197; % t D=1
0.0005 0.0005 0.0005 0.0005 0.0005 0.0005 0.0005 0.0005 0.9955 0.0005; % v D=1
0.004 0.290666666666667 0.004 0.004 0.004 0.004 0.004 0.290666666666667 0.004 0.390666666666667; % $ D=2
0.001 0.001 0.001 0.001 0.991 0.001 0.001 0.001 0.001 0.001; % D D=2
0.249 0.189 0.004 0.004 0.004 0.004 0.004 0.254 0.004 0.284; % G D=2
0.001 0.001 0.001 0.001 0.001 0.001 0.991 0.001 0.001 0.001; % V D=2
0.001 0.001 0.001 0.001 0.001 0.991 0.001 0.001 0.001 0.001; % f D=2
0.001 0.001 0.991 0.001 0.001 0.001 0.001 0.001 0.001 0.001; % l D=2
0.269 0.279 0.004 0.004 0.004 0.004 0.004 0.224 0.004 0.204; % n D=2
0.001 0.001 0.001 0.991 0.001 0.001 0.001 0.001 0.001 0.001; % r D=2
0.214 0.289 0.004 0.004 0.004 0.004 0.004 0.279 0.004 0.194; % t D=2
0.001 0.001 0.001 0.001 0.001 0.001 0.001 0.001 0.991 0.001; % v D=2
0.006 0.286 0.006 0.006 0.006 0.006 0.006 0.286 0.006 0.386; % $ D=3
0.0015 0.0015 0.0015 0.0015 0.9865 0.0015 0.0015 0.0015 0.0015 0.0015; % D D=3
0.246 0.186 0.006 0.006 0.006 0.006 0.006 0.251 0.006 0.281; % G D=3
0.0015 0.0015 0.0015 0.0015 0.0015 0.0015 0.9865 0.0015 0.0015 0.0015; % V D=3
0.0015 0.0015 0.0015 0.0015 0.0015 0.9865 0.0015 0.0015 0.0015 0.0015; % f D=3
0.0015 0.0015 0.9865 0.0015 0.0015 0.0015 0.0015 0.0015 0.0015 0.0015; % l D=3
0.266 0.276 0.006 0.006 0.006 0.006 0.006 0.221 0.006 0.201; % n D=3
0.0015 0.0015 0.0015 0.9865 0.0015 0.0015 0.0015 0.0015 0.0015 0.0015; % r D=3
0.211 0.286 0.006 0.006 0.006 0.006 0.006 0.276 0.006 0.191; % t D=3
0.0015 0.0015 0.0015 0.0015 0.0015 0.0015 0.0015 0.0015 0.9865 0.0015; % v D=3
0.008 0.281333333333333 0.008 0.008 0.008 0.008 0.008 0.281333333333333 0.008 0.381333333333333; % $ D=4
0.002 0.002 0.002 0.002 0.982 0.002 0.002 0.002 0.002 0.002; % D D=4
0.243 0.183 0.008 0.008 0.008 0.008 0.008 0.248 0.008 0.278; % G D=4
0.002 0.002 0.002 0.002 0.002 0.002 0.982 0.002 0.002 0.002; % V D=4
0.002 0.002 0.002 0.002 0.002 0.982 0.002 0.002 0.002 0.002; % f D=4
0.002 0.002 0.982 0.002 0.002 0.002 0.002 0.002 0.002 0.002; % l D=4
0.263 0.273 0.008 0.008 0.008 0.008 0.008 0.218 0.008 0.198; % n D=4
0.002 0.002 0.002 0.982 0.002 0.002 0.002 0.002 0.002 0.002; % r D=4
