syllables = '$DJKLMRZbdlmptz';
discounts = [0.01 0.02 0.05 0.1 0.2 0.5 1 2 3 4 5 6 8 10 15 20 30 50];
kn_probs = [2.22222222222222e-05 0.173288888888889 2.22222222222222e-05 2.22222222222222e-05 2.22222222222222e-05 0.186622222222222 2.22222222222222e-05 2.22222222222222e-05 2.22222222222222e-05 0.159955555555556 0.233288888888889 0.246622222222222 2.22222222222222e-05 2.22222222222222e-05 2.22222222222222e-05; % $ D=0.01
5.55555555555556e-06 5.55555555555556e-06 5.55555555555556e-06 5.55555555555556e-06 5.55555555555556e-06 5.55555555555556e-06 0.999922222222222 5.55555555555556e-06 5.55555555555556e-06 5.55555555555556e-06 5.55555555555556e-06 5.55555555555556e-06 5.55555555555556e-06 5.55555555555556e-06 5.55555555555556e-06; % D D=0.01
0.183277777777778 0.166611111111111 2.77777777777778e-05 2.77777777777778e-05 2.77777777777778e-05 0.241611111111111 2.77777777777778e-05 2.77777777777778e-05 2.77777777777778e-05 2.77777777777778e-05 0.199944444444444 0.208277777777778 2.77777777777778e-05 2.77777777777778e-05 2.77777777777778e-05; % J D=0.01
0.224944444444444 0.224944444444444 2.77777777777778e-05 2.77777777777778e-05 2.77777777777778e-05 0.166611111111111 2.77777777777778e-05 2.77777777777778e-05 2.77777777777778e-05 0.233277777777778 0.149944444444444 2.77777777777778e-05 2.77777777777778e-05 2.77777777777778e-05 2.77777777777778e-05; % K D=0.01
5.55555555555556e-06 5.55555555555556e-06 5.55555555555556e-06 0.999922222222222 5.55555555555556e-06 5.55555555555556e-06 5.55555555555556e-06 5.55555555555556e-06 5.55555555555556e-06 5.55555555555556e-06 5.55555555555556e-06 5.55555555555556e-06 5.55555555555556e-06 5.55555555555556e-06 5.55555555555556e-06; % L D=0.01
5.55555555555556e-06 5.55555555555556e-06 5.55555555555556e-06 5.55555555555556e-06 5.55555555555556e-06 5.55555555555556e-06 5.55555555555556e-06 5.55555555555556e-06 5.55555555555556e-06 5.55555555555556e-06 5.55555555555556e-06 5.55555555555556e-06 0.999922222222222 5.55555555555556e-06 5.55555555555556e-06; % M D=0.01
0.308277777777778 2.77777777777778e-05 2.77777777777778e-05 2.77777777777778e-05 2.77777777777778e-05 0.166611111111111 2.77777777777778e-05 2.77777777777778e-05 2.77777777777778e-05 0.208277777777778 0.174944444444444 0.141611111111111 2.77777777777778e-05 2.77777777777778e-05 2.77777777777778e-05; % R D=0.01
5.55555555555556e-06 5.55555555555556e-06 5.55555555555556e-06 5.55555555555556e-06 5.55555555555556e-06 5.55555555555556e-06 5.55555555555556e-06 5.55555555555556e-06 0.999922222222222 5.55555555555556e-06 5.55555555555556e-06 5.55555555555556e-06 5.55555555555556e-06 5.55555555555556e-06 5.55555555555556e-06; % Z D=0.01
5.55555555555556e-06 5.55555555555556e-06 5.55555555555556e-06 5.55555555555556e-06 5.55555555555556e-06 5.55555555555556e-06 5.55555555555556e-06 5.55555555555556e-06 5.55555555555556e-06 5.55555555555556e-06 5.55555555555556e-06 5.55555555555556e-06 5.55555555555556e-06 5.55555555555556e-06 0.999922222222222; % b D=0.01
5.55555555555556e-06 5.55555555555556e-06 5.55555555555556e-06 5.55555555555556e-06 5.55555555555556e-06 5.55555555555556e-06 5.55555555555556e-06 5.55555555555556e-06 5.55555555555556e-06 5.55555555555556e-06 5.55555555555556e-06 5.55555555555556e-06 5.55555555555556e-06 0.999922222222222 5.55555555555556e-06; % d D=0.01
5.55555555555556e-06 5.55555555555556e-06 5.55555555555556e-06 5.55555555555556e-06 5.55555555555556e-06 5.55555555555556e-06 5.55555555555556e-06 0.999922222222222 5.55555555555556e-06 5.55555555555556e-06 5.55555555555556e-06 5.55555555555556e-06 5.55555555555556e-06 5.55555555555556e-06 5.55555555555556e-06; % l D=0.01
5.55555555555556e-06 5.55555555555556e-06 5.55555555555556e-06 5.55555555555556e-06 0.999922222222222 5.55555555555556e-06 5.55555555555556e-06 5.55555555555556e-06 5.55555555555556e-06 5.55555555555556e-06 5.55555555555556e-06 5.55555555555556e-06 5.55555555555556e-06 5.55555555555556e-06 5.55555555555556e-06; % m D=0.01
0.249944444444444 0.183277777777778 2.77777777777778e-05 2.77777777777778e-05 2.77777777777778e-05 2.77777777777778e-05 2.77777777777778e-05 2.77777777777778e-05 2.77777777777778e-05 0.199944444444444 0.183277777777778 0.183277777777778 2.77777777777778e-05 2.77777777777778e-05 2.77777777777778e-05; % p D=0.01
5.55555555555556e-06 5.55555555555556e-06 0.999922222222222 5.55555555555556e-06 5.55555555555556e-06 5.55555555555556e-06 5.55555555555556e-06 5.55555555555556e-06 5.55555555555556e-06 5.55555555555556e-06 5.55555555555556e-06 5.55555555555556e-06 5.55555555555556e-06 5.55555555555556e-06 5.55555555555556e-06; % t D=0.01
0.283277777777778 0.208277777777778 2.77777777777778e-05 2.77777777777778e-05 2.77777777777778e-05 0.191611111111111 2.77777777777778e-05 2.77777777777778e-05 2.77777777777778e-05 0.158277777777778 2.77777777777778e-05 0.158277777777778 2.77777777777778e-05 2.77777777777778e-05 2.77777777777778e-05; % z D=0.01
4.44444444444444e-05 0.173244444444444 4.44444444444444e-05 4.44444444444444e-05 4.44444444444444e-05 0.186577777777778 4.44444444444444e-05 4.44444444444444e-05 4.44444444444444e-05 0.159911111111111 0.233244444444444 0.246577777777778 4.44444444444444e-05 4.44444444444444e-05 4.44444444444444e-05; % $ D=0.02
1.11111111111111e-05 1.11111111111111e-05 1.11111111111111e-05 1.11111111111111e-05 1.11111111111111e-05 1.11111111111111e-05 0.999844444444444 1.11111111111111e-05 1.11111111111111e-05 1.11111111111111e-05 1.11111111111111e-05 1.11111111111111e-05 1.11111111111111e-05 1.11111111111111e-05 1.11111111111111e-05; % D D=0.02
0.183222222222222 0.166555555555556 5.55555555555556e-05 5.55555555555556e-05 5.55555555555556e-05 0.241555555555556 5.55555555555556e-05 5.55555555555556e-05 5.55555555555556e-05 5.55555555555556e-05 0.199888888888889 0.208222222222222 5.55555555555556e-05 5.55555555555556e-05 5.55555555555556e-05; % J D=0.02
0.224888888888889 0.224888888888889 5.55555555555556e-05 5.55555555555556e-05 5.55555555555556e-05 0.166555555555556 5.55555555555556e-05 5.55555555555556e-05 5.55555555555556e-05 0.233222222222222 0.149888888888889 5.55555555555556e-05 5.55555555555556e-05 5.55555555555556e-05 5.55555555555556e-05; % K D=0.02
1.11111111111111e-05 1.11111111111111e-05 1.11111111111111e-05 0.999844444444444 1.11111111111111e-05 1.11111111111111e-05 1.11111111111111e-05 1.11111111111111e-05 1.11111111111111e-05 1.11111111111111e-05 1.11111111111111e-05 1.11111111111111e-05 1.11111111111111e-05 1.11111111111111e-05 1.11111111111111e-05; % L D=0.02
1.11111111111111e-05 1.11111111111111e-05 1.11111111111111e-05 1.11111111111111e-05 1.11111111111111e-05 1.11111111111111e-05 1.11111111111111e-05 1.11111111111111e-05 1.11111111111111e-05 1.11111111111111e-05 1.11111111111111e-05 1.11111111111111e-05 0.999844444444444 1.11111111111111e-05 1.11111111111111e-05; % M D=0.02
0.308222222222222 5.55555555555556e-05 5.55555555555556e-05 5.55555555555556e-05 5.55555555555556e-05 0.166555555555556 5.55555555555556e-05 5.55555555555556e-05 5.55555555555556e-05 0.208222222222222 0.174888888888889 0.141555555555556 5.55555555555556e-05 5.55555555555556e-05 5.55555555555556e-05; % R D=0.02
1.11111111111111e-05 1.11111111111111e-05 1.11111111111111e-05 1.11111111111111e-05 1.11111111111111e-05 1.11111111111111e-05 1.11111111111111e-05 1.11111111111111e-05 0.999844444444444 1.11111111111111e-05 1.11111111111111e-05 1.11111111111111e-05 1.11111111111111e-05 1.11111111111111e-05 1.11111111111111e-05; % Z D=0.02
1.11111111111111e-05 1.11111111111111e-05 1.11111111111111e-05 1.11111111111111e-05 1.11111111111111e-05 1.11111111111111e-05 1.11111111111111e-05 1.11111111111111e-05 1.11111111111111e-05 1.11111111111111e-05 1.11111111111111e-05 1.11111111111111e-05 1.11111111111111e-05 1.11111111111111e-05 0.999844444444444; % b D=0.02
