syllables = '$DFGMNdlrz';
discounts = [0.01 0.02 0.05 0.1 0.2 0.5 1 2 3 4 5 6 8 10 15 20 30 50];
kn_probs = [2e-05 0.259953333333333 2e-05 2e-05 0.379953333333333 2e-05 0.359953333333333 2e-05 2e-05 2e-05; % $ D=0.01
5e-06 5e-06 5e-06 5e-06 5e-06 5e-06 5e-06 0.999955 5e-06 5e-06; % D D=0.01
0.22497 0.29997 2e-05 2e-05 0.19497 2e-05 0.27997 2e-05 2e-05 2e-05; % F D=0.01
5e-06 5e-06 0.999955 5e-06 5e-06 5e-06 5e-06 5e-06 5e-06 5e-06; % G D=0.01
5e-06 5e-06 5e-06 5e-06 5e-06 0.999955 5e-06 5e-06 5e-06 5e-06; % M D=0.01
5e-06 5e-06 5e-06 0.999955 5e-06 5e-06 5e-06 5e-06 5e-06 5e-06; % N D=0.01
5e-06 5e-06 5e-06 5e-06 5e-06 5e-06 5e-06 5e-06 0.999955 5e-06; % d D=0.01
5e-06 5e-06 5e-06 5e-06 5e-06 5e-06 5e-06 5e-06 5e-06 0.999955; % l D=0.01
0.22497 0.29497 2e-05 2e-05 0.25997 2e-05 0.21997 2e-05 2e-05 2e-05; % r D=0.01
0.29997 0.20997 2e-05 2e-05 0.25997 2e-05 0.22997 2e-05 2e-05 2e-05; % z D=0.01
4e-05 0.259906666666667 4e-05 4e-05 0.379906666666667 4e-05 0.359906666666667 4e-05 4e-05 4e-05; % $ D=0.02
1e-05 1e-05 1e-05 1e-05 1e-05 1e-05 1e-05 0.99991 1e-05 1e-05; % D D=0.02
0.22494 0.29994 4e-05 4e-05 0.19494 4e-05 0.27994 4e-05 4e-05 4e-05; % F D=0.02
1e-05 1e-05 0.99991 1e-05 1e-05 1e-05 1e-05 1e-05 1e-05 1e-05; % G D=0.02
1e-05 1e-05 1e-05 1e-05 1e-05 0.99991 1e-05 1e-05 1e-05 1e-05; % M D=0.02
1e-05 1e-05 1e-05 0.99991 1e-05 1e-05 1e-05 1e-05 1e-05 1e-05; % N D=0.02
1e-05 1e-05 1e-05 1e-05 1e-05 1e-05 1e-05 1e-05 0.99991 1e-05; % d D=0.02
1e-05 1e-05 1e-05 1e-05 1e-05 1e-05 1e-05 1e-05 1e-05 0.99991; % l D=0.02
0.22494 0.29494 4e-05 4e-05 0.25994 4e-05 0.21994 4e-05 4e-05 4e-05; % r D=0.02
0.29994 0.20994 4e-05 4e-05 0.25994 4e-05 0.22994 4e-05 4e-05 4e-05; % z D=0.02
0.0001 0.259766666666667 0.0001 0.0001 0.379766666666667 0.0001 0.359766666666667 0.0001 0.0001 0.0001; % $ D=0.05
2.5e-05 2.5e-05 2.5e-05 2.5e-05 2.5e-05 2.5e-05 2.5e-05 0.999775 2.5e-05 2.5e-05; % D D=0.05
0.22485 0.29985 0.0001 0.0001 0.19485 0.0001 0.27985 0.0001 0.0001 0.0001; % F D=0.05
2.5e-05 2.5e-05 0.999775 2.5e-05 2.5e-05 2.5e-05 2.5e-05 2.5e-05 2.5e-05 2.5e-05; % G D=0.05
2.5e-05 2.5e-05 2.5e-05 2.5e-05 2.5e-05 0.999775 2.5e-05 2.5e-05 2.5e-05 2.5e-05; % M D=0.05
2.5e-05 2.5e-05 2.5e-05 0.999775 2.5e-05 2.5e-05 2.5e-05 2.5e-05 2.5e-05 2.5e-05; % N D=0.05
2.5e-05 2.5e-05 2.5e-05 2.5e-05 2.5e-05 2.5e-05 2.5e-05 2.5e-05 0.999775 2.5e-05; % d D=0.05
2.5e-05 2.5e-05 2.5e-05 2.5e-05 2.5e-05 2.5e-05 2.5e-05 2.5e-05 2.5e-05 0.999775; % l D=0.05
0.22485 0.29485 0.0001 0.0001 0.25985 0.0001 0.21985 0.0001 0.0001 0.0001; % r D=0.05
0.29985 0.20985 0.0001 0.0001 0.25985 0.0001 0.22985 0.0001 0.0001 0.0001; % z D=0.05
0.0002 0.259533333333333 0.0002 0.0002 0.379533333333333 0.0002 0.359533333333333 0.0002 0.0002 0.0002; % $ D=0.1
5e-05 5e-05 5e-05 5e-05 5e-05 5e-05 5e-05 0.99955 5e-05 5e-05; % D D=0.1
0.2247 0.2997 0.0002 0.0002 0.1947 0.0002 0.2797 0.0002 0.0002 0.0002; % F D=0.1
5e-05 5e-05 0.99955 5e-05 5e-05 5e-05 5e-05 5e-05 5e-05 5e-05; % G D=0.1
5e-05 5e-05 5e-05 5e-05 5e-05 0.99955 5e-05 5e-05 5e-05 5e-05; % M D=0.1
5e-05 5e-05 5e-05 0.99955 5e-05 5e-05 5e-05 5e-05 5e-05 5e-05; % N D=0.1
5e-05 5e-05 5e-05 5e-05 5e-05 5e-05 5e-05 5e-05 0.99955 5e-05; % d D=0.1
5e-05 5e-05 5e-05 5e-05 5e-05 5e-05 5e-05 5e-05 5e-05 0.99955; % l D=0.1
0.2247 0.2947 0.0002 0.0002 0.2597 0.0002 0.2197 0.0002 0.0002 0.0002; % r D=0.1
0.2997 0.2097 0.0002 0.0002 0.2597 0.0002 0.2297 0.0002 0.0002 0.0002; % z D=0.1
0.0004 0.259066666666667 0.0004 0.0004 0.379066666666667 0.0004 0.359066666666667 0.0004 0.0004 0.0004; % $ D=0.2
0.0001 0.0001 0.0001 0.0001 0.0001 0.0001 0.0001 0.9991 0.0001 0.0001; % D D=0.2
0.2244 0.2994 0.0004 0.0004 0.1944 0.0004 0.2794 0.0004 0.0004 0.0004; % F D=0.2
0.0001 0.0001 0.9991 0.0001 0.0001 0.0001 0.0001 0.0001 0.0001 0.0001; % G D=0.2
0.0001 0.0001 0.0001 0.0001 0.0001 0.9991 0.0001 0.0001 0.0001 0.0001; % M D=0.2
0.0001 0.0001 0.0001 0.9991 0.0001 0.0001 0.0001 0.0001 0.0001 0.0001; % N D=0.2
0.0001 0.0001 0.0001 0.0001 0.0001 0.0001 0.0001 0.0001 0.9991 0.0001; % d D=0.2
0.0001 0.0001 0.0001 0.0001 0.0001 0.0001 0.0001 0.0001 0.0001 0.9991; % l D=0.2
0.2244 0.2944 0.0004 0.0004 0.2594 0.0004 0.2194 0.0004 0.0004 0.0004; % r D=0.2
0.2994 0.2094 0.0004 0.0004 0.2594 0.0004 0.2294 0.0004 0.0004 0.0004; % z D=0.2
0.001 0.257666666666667 0.001 0.001 0.377666666666667 0.001 0.357666666666667 0.001 0.001 0.001; % $ D=0.5
0.00025 0.00025 0.00025 0.00025 0.00025 0.00025 0.00025 0.99775 0.00025 0.00025; % D D=0.5
0.2235 0.2985 0.001 0.001 0.1935 0.001 0.2785 0.001 0.001 0.001; % F D=0.5
0.00025 0.00025 0.99775 0.00025 0.00025 0.00025 0.00025 0.00025 0.00025 0.00025; % G D=0.5
0.00025 0.00025 0.00025 0.00025 0.00025 0.99775 0.00025 0.00025 0.00025 0.00025; % M D=0.5
0.00025 0.00025 0.00025 0.99775 0.00025 0.00025 0.00025 0.00025 0.00025 0.00025; % N D=0.5
0.00025 0.00025 0.00025 0.00025 0.00025 0.00025 0.00025 0.00025 0.99775 0.00025; % d D=0.5
0.00025 0.00025 0.00025 0.00025 0.00025 0.00025 0.00025 0.00025 0.00025 0.99775; % l D=0.5
0.2235 0.2935 0.001 0.001 0.2585 0.001 0.2185 0.001 0.001 0.001; % r D=0.5
0.2985 0.2085 0.001 0.001 0.2585 0.001 0.2285 0.001 0.001 0.001; % z D=0.5
0.002 0.255333333333333 0.002 0.002 0.375333333333333 0.002 0.355333333333333 0.002 0.002 0.002; % $ D=1
0.0005 0.0005 0.0005 0.0005 0.0005 0.0005 0.0005 0.9955 0.0005 0.0005; % D D=1
0.222 0.297 0.002 0.002 0.192 0.002 0.277 0.002 0.002 0.002; % F D=1
0.0005 0.0005 0.9955 0.0005 0.0005 0.0005 0.0005 0.0005 0.0005 0.0005; % G D=1
0.0005 0.0005 0.0005 0.0005 0.0005 0.9955 0.0005 0.0005 0.0005 0.0005; % M D=1
0.0005 0.0005 0.0005 0.9955 0.0005 0.0005 0.0005 0.0005 0.0005 0.0005; % N D=1
0.0005 0.0005 0.0005 0.0005 0.0005 0.0005 0.0005 0.0005 0.9955 0.0005; % d D=1
0.0005 0.0005 0.0005 0.0005 0.0005 0.0005 0.0005 0.0005 0.0005 0.9955; % l D=1
0.222 0.292 0.002 0.002 0.257 0.002 0.217 0.002 0.002 0.002; % r D=1
0.297 0.207 0.002 0.002 0.257 0.002 0.227 0.002 0.002 0.002; % z D=1
0.004 0.250666666666667 0.004 0.004 0.370666666666667 0.004 0.350666666666667 0.004 0.004 0.004; % $ D=2
0.001 0.001 0.001 0.001 0.001 0.001 0.001 0.991 0.001 0.001; % D D=2
0.219 0.294 0.004 0.004 0.189 0.004 0.274 0.004 0.004 0.004; % F D=2
0.001 0.001 0.991 0.001 0.001 0.001 0.001 0.001 0.001 0.001; % G D=2
0.001 0.001 0.001 0.001 0.001 0.991 0.001 0.001 0.001 0.001; % M D=2
0.001 0.001 0.001 0.991 0.001 0.001 0.001 0.001 0.001 0.001; % N D=2
0.001 0.001 0.001 0.001 0.001 0.001 0.001 0.001 0.991 0.001; % d D=2
0.001 0.001 0.001 0.001 0.001 0.001 0.001 0.001 0.001 0.991; % l D=2
0.219 0.289 0.004 0.004 0.254 0.004 0.214 0.004 0.004 0.004; % r D=2
0.294 0.204 0.004 0.004 0.254 0.004 0.224 0.004 0.004 0.004; % z D=2
0.006 0.246 0.006 0.006 0.366 0.006 0.346 0.006 0.006 0.006; % $ D=3
0.0015 0.0015 0.0015 0.0015 0.0015 0.0015 0.0015 0.9865 0.0015 0.0015; % D D=3
0.216 0.291 0.006 0.006 0.186 0.006 0.271 0.006 0.006 0.006; % F D=3
0.0015 0.0015 0.9865 0.0015 0.0015 0.0015 0.0015 0.0015 0.0015 0.0015; % G D=3
0.0015 0.0015 0.0015 0.0015 0.0015 0.9865 0.0015 0.0015 0.0015 0.0015; % M D=3
0.0015 0.0015 0.0015 0.9865 0.0015 0.0015 0.0015 0.0015 0.0015 0.0015; % N D=3
0.0015 0.0015 0.0015 0.0015 0.0015 0.0015 0.0015 0.0015 0.9865 0.0015; % d D=3
0.0015 0.0015 0.0015 0.0015 0.0015 0.0015 0.0015 0.0015 0.0015 0.9865; % l D=3
0.216 0.286 0.006 0.006 0.251 0.006 0.211 0.006 0.006 0.006; % r D=3
0.291 0.201 0.006 0.006 0.251 0.006 0.221 0.006 0.006 0.006; % z D=3
0.008 0.241333333333333 0.008 0.008 0.361333333333333 0.008 0.341333333333333 0.008 0.008 0.008; % $ D=4
0.002 0.002 0.002 0.002 0.002 0.002 0.002 0.982 0.002 0.002; % D D=4
0.213 0.288 0.008 0.008 0.183 0.008 0.268 0.008 0.008 0.008; % F D=4
0.002 0.002 0.982 0.002 0.002 0.002 0.002 0.002 0.002 0.002; % G D=4
0.002 0.002 0.002 0.002 0.002 0.982 0.002 0.002 0.002 0.002; % M D=4
0.002 0.002 0.002 0.982 0.002 0.002 0.002 0.002 0.002 0.002; % N D=4
0.002 0.002 0.002 0.002 0.002 0.002 0.002 0.002 0.982 0.002; % d D=4
0.002 0.002 0.002 0.002 0.002 0.002 0.002 0.002 0.002 0.982; % l D=4
