syllables = '$LMNPRZfnv';
discounts = [0.01 0.02 0.05 0.1 0.2 0.5 1 2 3 4 5 6 8 10 15 20 30 50];
kn_probs = [2e-05 0.319953333333333 2e-05 2e-05 2e-05 2e-05 0.299953333333333 2e-05 0.379953333333333 2e-05; % $ D=0.01
5e-06 5e-06 0.999955 5e-06 5e-06 5e-06 5e-06 5e-06 5e-06 5e-06; % L D=0.01
5e-06 5e-06 5e-06 5e-06 5e-06 5e-06 5e-06 0.999955 5e-06 5e-06; % M D=0.01
0.23497 0.26497 2e-05 2e-05 2e-05 2e-05 0.20997 2e-05 0.28997 2e-05; % N D=0.01
0.29997 0.17497 2e-05 2e-05 2e-05 2e-05 0.27997 2e-05 0.24497 2e-05; % P D=0.01
5e-06 5e-06 5e-06 0.999955 5e-06 5e-06 5e-06 5e-06 5e-06 5e-06; % R D=0.01
5e-06 5e-06 5e-06 5e-06 5e-06 0.999955 5e-06 5e-06 5e-06 5e-06; % Z D=0.01
5e-06 5e-06 5e-06 5e-06 0.999955 5e-06 5e-06 5e-06 5e-06 5e-06; % f D=0.01
5e-06 5e-06 5e-06 5e-06 5e-06 5e-06 5e-06 5e-06 5e-06 0.999955; % n D=0.01
0.21497 0.31997 2e-05 2e-05 2e-05 2e-05 0.28497 2e-05 0.17997 2e-05; % v D=0.01
4e-05 0.319906666666667 4e-05 4e-05 4e-05 4e-05 0.299906666666667 4e-05 0.379906666666667 4e-05; % $ D=0.02
1e-05 1e-05 0.99991 1e-05 1e-05 1e-05 1e-05 1e-05 1e-05 1e-05; % L D=0.02
1e-05 1e-05 1e-05 1e-05 1e-05 1e-05 1e-05 0.99991 1e-05 1e-05; % M D=0.02
0.23494 0.26494 4e-05 4e-05 4e-05 4e-05 0.20994 4e-05 0.28994 4e-05; % N D=0.02
0.29994 0.17494 4e-05 4e-05 4e-05 4e-05 0.27994 4e-05 0.24494 4e-05; % P D=0.02
1e-05 1e-05 1e-05 0.99991 1e-05 1e-05 1e-05 1e-05 1e-05 1e-05; % R D=0.02
1e-05 1e-05 1e-05 1e-05 1e-05 0.99991 1e-05 1e-05 1e-05 1e-05; % Z D=0.02
1e-05 1e-05 1e-05 1e-05 0.99991 1e-05 1e-05 1e-05 1e-05 1e-05; % f D=0.02
1e-05 1e-05 1e-05 1e-05 1e-05 1e-05 1e-05 1e-05 1e-05 0.99991; % n D=0.02
0.21494 0.31994 4e-05 4e-05 4e-05 4e-05 0.28494 4e-05 0.17994 4e-05; % v D=0.02
0.0001 0.319766666666667 0.0001 0.0001 0.0001 0.0001 0.299766666666667 0.0001 0.379766666666667 0.0001; % $ D=0.05
2.5e-05 2.5e-05 0.999775 2.5e-05 2.5e-05 2.5e-05 2.5e-05 2.5e-05 2.5e-05 2.5e-05; % L D=0.05
2.5e-05 2.5e-05 2.5e-05 2.5e-05 2.5e-05 2.5e-05 2.5e-05 0.999775 2.5e-05 2.5e-05; % M D=0.05
0.23485 0.26485 0.0001 0.0001 0.0001 0.0001 0.20985 0.0001 0.28985 0.0001; % N D=0.05
0.29985 0.17485 0.0001 0.0001 0.0001 0.0001 0.27985 0.0001 0.24485 0.0001; % P D=0.05
2.5e-05 2.5e-05 2.5e-05 0.999775 2.5e-05 2.5e-05 2.5e-05 2.5e-05 2.5e-05 2.5e-05; % R D=0.05
2.5e-05 2.5e-05 2.5e-05 2.5e-05 2.5e-05 0.999775 2.5e-05 2.5e-05 2.5e-05 2.5e-05; % Z D=0.05
2.5e-05 2.5e-05 2.5e-05 2.5e-05 0.999775 2.5e-05 2.5e-05 2.5e-05 2.5e-05 2.5e-05; % f D=0.05
2.5e-05 2.5e-05 2.5e-05 2.5e-05 2.5e-05 2.5e-05 2.5e-05 2.5e-05 2.5e-05 0.999775; % n D=0.05
0.21485 0.31985 0.0001 0.0001 0.0001 0.0001 0.28485 0.0001 0.17985 0.0001; % v D=0.05
0.0002 0.319533333333333 0.0002 0.0002 0.0002 0.0002 0.299533333333333 0.0002 0.379533333333333 0.0002; % $ D=0.1
5e-05 5e-05 0.99955 5e-05 5e-05 5e-05 5e-05 5e-05 5e-05 5e-05; % L D=0.1
5e-05 5e-05 5e-05 5e-05 5e-05 5e-05 5e-05 0.99955 5e-05 5e-05; % M D=0.1
0.2347 0.2647 0.0002 0.0002 0.0002 0.0002 0.2097 0.0002 0.2897 0.0002; % N D=0.1
0.2997 0.1747 0.0002 0.0002 0.0002 0.0002 0.2797 0.0002 0.2447 0.0002; % P D=0.1
5e-05 5e-05 5e-05 0.99955 5e-05 5e-05 5e-05 5e-05 5e-05 5e-05; % R D=0.1
5e-05 5e-05 5e-05 5e-05 5e-05 0.99955 5e-05 5e-05 5e-05 5e-05; % Z D=0.1
5e-05 5e-05 5e-05 5e-05 0.99955 5e-05 5e-05 5e-05 5e-05 5e-05; % f D=0.1
5e-05 5e-05 5e-05 5e-05 5e-05 5e-05 5e-05 5e-05 5e-05 0.99955; % n D=0.1
0.2147 0.3197 0.0002 0.0002 0.0002 0.0002 0.2847 0.0002 0.1797 0.0002; % v D=0.1
0.0004 0.319066666666667 0.0004 0.0004 0.0004 0.0004 0.299066666666667 0.0004 0.379066666666667 0.0004; % $ D=0.2
0.0001 0.0001 0.9991 0.0001 0.0001 0.0001 0.0001 0.0001 0.0001 0.0001; % L D=0.2
0.0001 0.0001 0.0001 0.0001 0.0001 0.0001 0.0001 0.9991 0.0001 0.0001; % M D=0.2
0.2344 0.2644 0.0004 0.0004 0.0004 0.0004 0.2094 0.0004 0.2894 0.0004; % N D=0.2
0.2994 0.1744 0.0004 0.0004 0.0004 0.0004 0.2794 0.0004 0.2444 0.0004; % P D=0.2
0.0001 0.0001 0.0001 0.9991 0.0001 0.0001 0.0001 0.0001 0.0001 0.0001; % R D=0.2
0.0001 0.0001 0.0001 0.0001 0.0001 0.9991 0.0001 0.0001 0.0001 0.0001; % Z D=0.2
0.0001 0.0001 0.0001 0.0001 0.9991 0.0001 0.0001 0.0001 0.0001 0.0001; % f D=0.2
0.0001 0.0001 0.0001 0.0001 0.0001 0.0001 0.0001 0.0001 0.0001 0.9991; % n D=0.2
0.2144 0.3194 0.0004 0.0004 0.0004 0.0004 0.2844 0.0004 0.1794 0.0004; % v D=0.2
0.001 0.317666666666667 0.001 0.001 0.001 0.001 0.297666666666667 0.001 0.377666666666667 0.001; % $ D=0.5
0.00025 0.00025 0.99775 0.00025 0.00025 0.00025 0.00025 0.00025 0.00025 0.00025; % L D=0.5
0.00025 0.00025 0.00025 0.00025 0.00025 0.00025 0.00025 0.99775 0.00025 0.00025; % M D=0.5
0.2335 0.2635 0.001 0.001 0.001 0.001 0.2085 0.001 0.2885 0.001; % N D=0.5
0.2985 0.1735 0.001 0.001 0.001 0.001 0.2785 0.001 0.2435 0.001; % P D=0.5
0.00025 0.00025 0.00025 0.99775 0.00025 0.00025 0.00025 0.00025 0.00025 0.00025; % R D=0.5
0.00025 0.00025 0.00025 0.00025 0.00025 0.99775 0.00025 0.00025 0.00025 0.00025; % Z D=0.5
0.00025 0.00025 0.00025 0.00025 0.99775 0.00025 0.00025 0.00025 0.00025 0.00025; % f D=0.5
0.00025 0.00025 0.00025 0.00025 0.00025 0.00025 0.00025 0.00025 0.00025 0.99775; % n D=0.5
0.2135 0.3185 0.001 0.001 0.001 0.001 0.2835 0.001 0.1785 0.001; % v D=0.5
0.002 0.315333333333333 0.002 0.002 0.002 0.002 0.295333333333333 0.002 0.375333333333333 0.002; % $ D=1
0.0005 0.0005 0.9955 0.0005 0.0005 0.0005 0.0005 0.0005 0.0005 0.0005; % L D=1
0.0005 0.0005 0.0005 0.0005 0.0005 0.0005 0.0005 0.9955 0.0005 0.0005; % M D=1
0.232 0.262 0.002 0.002 0.002 0.002 0.207 0.002 0.287 0.002; % N D=1
0.297 0.172 0.002 0.002 0.002 0.002 0.277 0.002 0.242 0.002; % P D=1
0.0005 0.0005 0.0005 0.9955 0.0005 0.0005 0.0005 0.0005 0.0005 0.0005; % R D=1
0.0005 0.0005 0.0005 0.0005 0.0005 0.9955 0.0005 0.0005 0.0005 0.0005; % Z D=1
0.0005 0.0005 0.0005 0.0005 0.9955 0.0005 0.0005 0.0005 0.0005 0.0005; % f D=1
0.0005 0.0005 0.0005 0.0005 0.0005 0.0005 0.0005 0.0005 0.0005 0.9955; % n D=1
0.212 0.317 0.002 0.002 0.002 0.002 0.282 0.002 0.177 0.002; % v D=1
0.004 0.310666666666667 0.004 0.004 0.004 0.004 0.290666666666667 0.004 0.370666666666667 0.004; % $ D=2
0.001 0.001 0.991 0.001 0.001 0.001 0.001 0.001 0.001 0.001; % L D=2
0.001 0.001 0.001 0.001 0.001 0.001 0.001 0.991 0.001 0.001; % M D=2
0.229 0.259 0.004 0.004 0.004 0.004 0.204 0.004 0.284 0.004; % N D=2
0.294 0.169 0.004 0.004 0.004 0.004 0.274 0.004 0.239 0.004; % P D=2
0.001 0.001 0.001 0.991 0.001 0.001 0.001 0.001 0.001 0.001; % R D=2
0.001 0.001 0.001 0.001 0.001 0.991 0.001 0.001 0.001 0.001; % Z D=2
0.001 0.001 0.001 0.001 0.991 0.001 0.001 0.001 0.001 0.001; % f D=2
0.001 0.001 0.001 0.001 0.001 0.001 0.001 0.001 0.001 0.991; % n D=2
0.209 0.314 0.004 0.004 0.004 0.004 0.279 0.004 0.174 0.004; % v D=2
0.006 0.306 0.006 0.006 0.006 0.006 0.286 0.006 0.366 0.006; % $ D=3
0.0015 0.0015 0.9865 0.0015 0.0015 0.0015 0.0015 0.0015 0.0015 0.0015; % L D=3
0.0015 0.0015 0.0015 0.0015 0.0015 0.0015 0.0015 0.9865 0.0015 0.0015; % M D=3
0.226 0.256 0.006 0.006 0.006 0.006 0.201 0.006 0.281 0.006; % N D=3
0.291 0.166 0.006 0.006 0.006 0.006 0.271 0.006 0.236 0.006; % P D=3
0.0015 0.0015 0.0015 0.9865 0.0015 0.0015 0.0015 0.0015 0.0015 0.0015; % R D=3
0.0015 0.0015 0.0015 0.0015 0.0015 0.9865 0.0015 0.0015 0.0015 0.0015; % Z D=3
0.0015 0.0015 0.0015 0.0015 0.9865 0.0015 0.0015 0.0015 0.0015 0.0015; % f D=3
0.0015 0.0015 0.0015 0.0015 0.0015 0.0015 0.0015 0.0015 0.0015 0.9865; % n D=3
0.206 0.311 0.006 0.006 0.006 0.006 0.276 0.006 0.171 0.006; % v D=3
0.008 0.301333333333333 0.008 0.008 0.008 0.008 0.281333333333333 0.008 0.361333333333333 0.008; % $ D=4
0.002 0.002 0.982 0.002 0.002 0.002 0.002 0.002 0.002 0.002; % L D=4
0.002 0.002 0.002 0.002 0.002 0.002 0.002 0.982 0.002 0.002; % M D=4
0.223 0.253 0.008 0.008 0.008 0.008 0.198 0.008 0.278 0.008; % N D=4
0.288 0.163 0.008 0.008 0.008 0.008 0.268 0.008 0.233 0.008; % P D=4
0.002 0.002 0.002 0.982 0.002 0.002 0.002 0.002 0.002 0.002; % R D=4
0.002 0.002 0.002 0.002 0.002 0.982 0.002 0.002 0.002 0.002; % Z D=4
0.002 0.002 0.002 0.002 0.982 0.002 0.002 0.002 0.002 0.002; % f D=4
