syllables = '$JLNZblnrt';
discounts = [0.01 0.02 0.05 0.1 0.2 0.5 1 2 3 4 5 6 8 10 15 20 30 50];
kn_probs = [2e-05 0.339953333333333 0.32662 2e-05 0.333286666666667 2e-05 2e-05 2e-05 2e-05 2e-05; % $ D=0.01
5e-06 5e-06 5e-06 5e-06 5e-06 0.999955 5e-06 5e-06 5e-06 5e-06; % J D=0.01
5e-06 5e-06 5e-06 5e-06 5e-06 5e-06 5e-06 5e-06 0.999955 5e-06; % L D=0.01
0.22497 0.19497 0.30497 2e-05 0.27497 2e-05 2e-05 2e-05 2e-05 2e-05; % N D=0.01
5e-06 5e-06 5e-06 5e-06 5e-06 5e-06 5e-06 0.999955 5e-06 5e-06; % Z D=0.01
5e-06 5e-06 5e-06 0.999955 5e-06 5e-06 5e-06 5e-06 5e-06 5e-06; % b D=0.01
5e-06 5e-06 5e-06 5e-06 5e-06 5e-06 5e-06 5e-06 5e-06 0.999955; % l D=0.01
5e-06 5e-06 5e-06 5e-06 5e-06 5e-06 0.999955 5e-06 5e-06 5e-06; % n D=0.01
0.25997 0.30997 0.18497 2e-05 0.24497 2e-05 2e-05 2e-05 2e-05 2e-05; % r D=0.01
0.26497 0.23997 0.26497 2e-05 0.22997 2e-05 2e-05 2e-05 2e-05 2e-05; % t D=0.01
4e-05 0.339906666666667 0.326573333333333 4e-05 0.33324 4e-05 4e-05 4e-05 4e-05 4e-05; % $ D=0.02
1e-05 1e-05 1e-05 1e-05 1e-05 0.99991 1e-05 1e-05 1e-05 1e-05; % J D=0.02
1e-05 1e-05 1e-05 1e-05 1e-05 1e-05 1e-05 1e-05 0.99991 1e-05; % L D=0.02
0.22494 0.19494 0.30494 4e-05 0.27494 4e-05 4e-05 4e-05 4e-05 4e-05; % N D=0.02
1e-05 1e-05 1e-05 1e-05 1e-05 1e-05 1e-05 0.99991 1e-05 1e-05; % Z D=0.02
1e-05 1e-05 1e-05 0.99991 1e-05 1e-05 1e-05 1e-05 1e-05 1e-05; % b D=0.02
1e-05 1e-05 1e-05 1e-05 1e-05 1e-05 1e-05 1e-05 1e-05 0.99991; % l D=0.02
1e-05 1e-05 1e-05 1e-05 1e-05 1e-05 0.99991 1e-05 1e-05 1e-05; % n D=0.02
0.25994 0.30994 0.18494 4e-05 0.24494 4e-05 4e-05 4e-05 4e-05 4e-05; % r D=0.02
0.26494 0.23994 0.26494 4e-05 0.22994 4e-05 4e-05 4e-05 4e-05 4e-05; % t D=0.02
0.0001 0.339766666666667 0.326433333333333 0.0001 0.3331 0.0001 0.0001 0.0001 0.0001 0.0001; % $ D=0.05
2.5e-05 2.5e-05 2.5e-05 2.5e-05 2.5e-05 0.999775 2.5e-05 2.5e-05 2.5e-05 2.5e-05; % J D=0.05
2.5e-05 2.5e-05 2.5e-05 2.5e-05 2.5e-05 2.5e-05 2.5e-05 2.5e-05 0.999775 2.5e-05; % L D=0.05
0.22485 0.19485 0.30485 0.0001 0.27485 0.0001 0.0001 0.0001 0.0001 0.0001; % N D=0.05
2.5e-05 2.5e-05 2.5e-05 2.5e-05 2.5e-05 2.5e-05 2.5e-05 0.999775 2.5e-05 2.5e-05; % Z D=0.05
2.5e-05 2.5e-05 2.5e-05 0.999775 2.5e-05 2.5e-05 2.5e-05 2.5e-05 2.5e-05 2.5e-05; % b D=0.05
2.5e-05 2.5e-05 2.5e-05 2.5e-05 2.5e-05 2.5e-05 2.5e-05 2.5e-05 2.5e-05 0.999775; % l D=0.05
2.5e-05 2.5e-05 2.5e-05 2.5e-05 2.5e-05 2.5e-05 0.999775 2.5e-05 2.5e-05 2.5e-05; % n D=0.05
0.25985 0.30985 0.18485 0.0001 0.24485 0.0001 0.0001 0.0001 0.0001 0.0001; % r D=0.05
0.26485 0.23985 0.26485 0.0001 0.22985 0.0001 0.0001 0.0001 0.0001 0.0001; % t D=0.05
0.0002 0.339533333333333 0.3262 0.0002 0.332866666666667 0.0002 0.0002 0.0002 0.0002 0.0002; % $ D=0.1
5e-05 5e-05 5e-05 5e-05 5e-05 0.99955 5e-05 5e-05 5e-05 5e-05; % J D=0.1
5e-05 5e-05 5e-05 5e-05 5e-05 5e-05 5e-05 5e-05 0.99955 5e-05; % L D=0.1
0.2247 0.1947 0.3047 0.0002 0.2747 0.0002 0.0002 0.0002 0.0002 0.0002; % N D=0.1
5e-05 5e-05 5e-05 5e-05 5e-05 5e-05 5e-05 0.99955 5e-05 5e-05; % Z D=0.1
5e-05 5e-05 5e-05 0.99955 5e-05 5e-05 5e-05 5e-05 5e-05 5e-05; % b D=0.1
5e-05 5e-05 5e-05 5e-05 5e-05 5e-05 5e-05 5e-05 5e-05 0.99955; % l D=0.1
5e-05 5e-05 5e-05 5e-05 5e-05 5e-05 0.99955 5e-05 5e-05 5e-05; % n D=0.1
0.2597 0.3097 0.1847 0.0002 0.2447 0.0002 0.0002 0.0002 0.0002 0.0002; % r D=0.1
0.2647 0.2397 0.2647 0.0002 0.2297 0.0002 0.0002 0.0002 0.0002 0.0002; % t D=0.1
0.0004 0.339066666666667 0.325733333333333 0.0004 0.3324 0.0004 0.0004 0.0004 0.0004 0.0004; % $ D=0.2
0.0001 0.0001 0.0001 0.0001 0.0001 0.9991 0.0001 0.0001 0.0001 0.0001; % J D=0.2
0.0001 0.0001 0.0001 0.0001 0.0001 0.0001 0.0001 0.0001 0.9991 0.0001; % L D=0.2
0.2244 0.1944 0.3044 0.0004 0.2744 0.0004 0.0004 0.0004 0.0004 0.0004; % N D=0.2
0.0001 0.0001 0.0001 0.0001 0.0001 0.0001 0.0001 0.9991 0.0001 0.0001; % Z D=0.2
0.0001 0.0001 0.0001 0.9991 0.0001 0.0001 0.0001 0.0001 0.0001 0.0001; % b D=0.2
0.0001 0.0001 0.0001 0.0001 0.0001 0.0001 0.0001 0.0001 0.0001 0.9991; % l D=0.2
0.0001 0.0001 0.0001 0.0001 0.0001 0.0001 0.9991 0.0001 0.0001 0.0001; % n D=0.2
0.2594 0.3094 0.1844 0.0004 0.2444 0.0004 0.0004 0.0004 0.0004 0.0004; % r D=0.2
0.2644 0.2394 0.2644 0.0004 0.2294 0.0004 0.0004 0.0004 0.0004 0.0004; % t D=0.2
0.001 0.337666666666667 0.324333333333333 0.001 0.331 0.001 0.001 0.001 0.001 0.001; % $ D=0.5
0.00025 0.00025 0.00025 0.00025 0.00025 0.99775 0.00025 0.00025 0.00025 0.00025; % J D=0.5
0.00025 0.00025 0.00025 0.00025 0.00025 0.00025 0.00025 0.00025 0.99775 0.00025; % L D=0.5
0.2235 0.1935 0.3035 0.001 0.2735 0.001 0.001 0.001 0.001 0.001; % N D=0.5
0.00025 0.00025 0.00025 0.00025 0.00025 0.00025 0.00025 0.99775 0.00025 0.00025; % Z D=0.5
0.00025 0.00025 0.00025 0.99775 0.00025 0.00025 0.00025 0.00025 0.00025 0.00025; % b D=0.5
0.00025 0.00025 0.00025 0.00025 0.00025 0.00025 0.00025 0.00025 0.00025 0.99775; % l D=0.5
0.00025 0.00025 0.00025 0.00025 0.00025 0.00025 0.99775 0.00025 0.00025 0.00025; % n D=0.5
0.2585 0.3085 0.1835 0.001 0.2435 0.001 0.001 0.001 0.001 0.001; % r D=0.5
0.2635 0.2385 0.2635 0.001 0.2285 0.001 0.001 0.001 0.001 0.001; % t D=0.5
0.002 0.335333333333333 0.322 0.002 0.328666666666667 0.002 0.002 0.002 0.002 0.002; % $ D=1
0.0005 0.0005 0.0005 0.0005 0.0005 0.9955 0.0005 0.0005 0.0005 0.0005; % J D=1
0.0005 0.0005 0.0005 0.0005 0.0005 0.0005 0.0005 0.0005 0.9955 0.0005; % L D=1
0.222 0.192 0.302 0.002 0.272 0.002 0.002 0.002 0.002 0.002; % N D=1
0.0005 0.0005 0.0005 0.0005 0.0005 0.0005 0.0005 0.9955 0.0005 0.0005; % Z D=1
0.0005 0.0005 0.0005 0.9955 0.0005 0.0005 0.0005 0.0005 0.0005 0.0005; % b D=1
0.0005 0.0005 0.0005 0.0005 0.0005 0.0005 0.0005 0.0005 0.0005 0.9955; % l D=1
0.0005 0.0005 0.0005 0.0005 0.0005 0.0005 0.9955 0.0005 0.0005 0.0005; % n D=1
0.257 0.307 0.182 0.002 0.242 0.002 0.002 0.002 0.002 0.002; % r D=1
0.262 0.237 0.262 0.002 0.227 0.002 0.002 0.002 0.002 0.002; % t D=1
0.004 0.330666666666667 0.317333333333333 0.004 0.324 0.004 0.004 0.004 0.004 0.004; % $ D=2
0.001 0.001 0.001 0.001 0.001 0.991 0.001 0.001 0.001 0.001; % J D=2
0.001 0.001 0.001 0.001 0.001 0.001 0.001 0.001 0.991 0.001; % L D=2
0.219 0.189 0.299 0.004 0.269 0.004 0.004 0.004 0.004 0.004; % N D=2
0.001 0.001 0.001 0.001 0.001 0.001 0.001 0.991 0.001 0.001; % Z D=2
0.001 0.001 0.001 0.991 0.001 0.001 0.001 0.001 0.001 0.001; % b D=2
0.001 0.001 0.001 0.001 0.001 0.001 0.001 0.001 0.001 0.991; % l D=2
0.001 0.001 0.001 0.001 0.001 0.001 0.991 0.001 0.001 0.001; % n D=2
0.254 0.304 0.179 0.004 0.239 0.004 0.004 0.004 0.004 0.004; % r D=2
0.259 0.234 0.259 0.004 0.224 0.004 0.004 0.004 0.004 0.004; % t D=2
0.006 0.326 0.312666666666667 0.006 0.319333333333333 0.006 0.006 0.006 0.006 0.006; % $ D=3
0.0015 0.0015 0.0015 0.0015 0.0015 0.9865 0.0015 0.0015 0.0015 0.0015; % J D=3
0.0015 0.0015 0.0015 0.0015 0.0015 0.0015 0.0015 0.0015 0.9865 0.0015; % L D=3
0.216 0.186 0.296 0.006 0.266 0.006 0.006 0.006 0.006 0.006; % N D=3
0.0015 0.0015 0.0015 0.0015 0.0015 0.0015 0.0015 0.9865 0.0015 0.0015; % Z D=3
0.0015 0.0015 0.0015 0.9865 0.0015 0.0015 0.0015 0.0015 0.0015 0.0015; % b D=3
0.0015 0.0015 0.0015 0.0015 0.0015 0.0015 0.0015 0.0015 0.0015 0.9865; % l D=3
0.0015 0.0015 0.0015 0.0015 0.0015 0.0015 0.9865 0.0015 0.0015 0.0015; % n D=3
0.251 0.301 0.176 0.006 0.236 0.006 0.006 0.006 0.006 0.006; % r D=3
0.256 0.231 0.256 0.006 0.221 0.006 0.006 0.006 0.006 0.006; % t D=3
0.008 0.321333333333333 0.308 0.008 0.314666666666667 0.008 0.008 0.008 0.008 0.008; % $ D=4
0.002 0.002 0.002 0.002 0.002 0.982 0.002 0.002 0.002 0.002; % J D=4
0.002 0.002 0.002 0.002 0.002 0.002 0.002 0.002 0.982 0.002; % L D=4
0.213 0.183 0.293 0.008 0.263 0.008 0.008 0.008 0.008 0.008; % N D=4
0.002 0.002 0.002 0.002 0.002 0.002 0.002 0.982 0.002 0.002; % Z D=4
0.002 0.002 0.002 0.982 0.002 0.002 0.002 0.002 0.002 0.002; % b D=4
0.002 0.002 0.002 0.002 0.002 0.002 0.002 0.002 0.002 0.982; % l D=4
0.002 0.002 0.002 0.002 0.002 0.002 0.982 0.002 0.002 0.002; % n D=4
0.248 0.298 0.173 0.008 0.233 0.008 0.008 0.008 0.008 0.008; % r D=4
