syllables = '$DKNZdgklmnr';
discounts = [0.01 0.02 0.05 0.1 0.2 0.5 1 2 3 4 5 6 8 10 15 20 30 50];
kn_probs = [2.22222222222222e-05 0.206622222222222 2.22222222222222e-05 2.22222222222222e-05 0.279955555555556 2.22222222222222e-05 2.22222222222222e-05 2.22222222222222e-05 0.286622222222222 0.226622222222222 2.22222222222222e-05 2.22222222222222e-05; % $ D=0.01
5.55555555555556e-06 5.55555555555556e-06 5.55555555555556e-06 5.55555555555556e-06 5.55555555555556e-06 0.999938888888889 5.55555555555556e-06 5.55555555555556e-06 5.55555555555556e-06 5.55555555555556e-06 5.55555555555556e-06 5.55555555555556e-06; % D D=0.01
0.293288888888889 0.259955555555556 2.22222222222222e-05 2.22222222222222e-05 0.226622222222222 2.22222222222222e-05 2.22222222222222e-05 2.22222222222222e-05 0.219955555555556 2.22222222222222e-05 2.22222222222222e-05 2.22222222222222e-05; % K D=0.01
5.55555555555556e-06 5.55555555555556e-06 5.55555555555556e-06 5.55555555555556e-06 5.55555555555556e-06 5.55555555555556e-06 5.55555555555556e-06 5.55555555555556e-06 5.55555555555556e-06 5.55555555555556e-06 0.999938888888889 5.55555555555556e-06; % N D=0.01
5.55555555555556e-06 5.55555555555556e-06 5.55555555555556e-06 5.55555555555556e-06 5.55555555555556e-06 5.55555555555556e-06 0.999938888888889 5.55555555555556e-06 5.55555555555556e-06 5.55555555555556e-06 5.55555555555556e-06 5.55555555555556e-06; % Z D=0.01
5.55555555555556e-06 5.55555555555556e-06 5.55555555555556e-06 0.999938888888889 5.55555555555556e-06 5.55555555555556e-06 5.55555555555556e-06 5.55555555555556e-06 5.55555555555556e-06 5.55555555555556e-06 5.55555555555556e-06 5.55555555555556e-06; % d D=0.01
0.173288888888889 0.319955555555556 2.22222222222222e-05 2.22222222222222e-05 2.22222222222222e-05 2.22222222222222e-05 2.22222222222222e-05 2.22222222222222e-05 0.299955555555556 0.206622222222222 2.22222222222222e-05 2.22222222222222e-05; % g D=0.01
0.246622222222222 0.213288888888889 2.22222222222222e-05 2.22222222222222e-05 0.239955555555556 2.22222222222222e-05 2.22222222222222e-05 2.22222222222222e-05 2.22222222222222e-05 0.299955555555556 2.22222222222222e-05 2.22222222222222e-05; % k D=0.01
5.55555555555556e-06 5.55555555555556e-06 5.55555555555556e-06 5.55555555555556e-06 5.55555555555556e-06 5.55555555555556e-06 5.55555555555556e-06 5.55555555555556e-06 5.55555555555556e-06 5.55555555555556e-06 5.55555555555556e-06 0.999938888888889; % l D=0.01
5.55555555555556e-06 5.55555555555556e-06 0.999938888888889 5.55555555555556e-06 5.55555555555556e-06 5.55555555555556e-06 5.55555555555556e-06 5.55555555555556e-06 5.55555555555556e-06 5.55555555555556e-06 5.55555555555556e-06 5.55555555555556e-06; % m D=0.01
0.286622222222222 2.22222222222222e-05 2.22222222222222e-05 2.22222222222222e-05 0.253288888888889 2.22222222222222e-05 2.22222222222222e-05 2.22222222222222e-05 0.193288888888889 0.266622222222222 2.22222222222222e-05 2.22222222222222e-05; % n D=0.01
5.55555555555556e-06 5.55555555555556e-06 5.55555555555556e-06 5.55555555555556e-06 5.55555555555556e-06 5.55555555555556e-06 5.55555555555556e-06 0.999938888888889 5.55555555555556e-06 5.55555555555556e-06 5.55555555555556e-06 5.55555555555556e-06; % r D=0.01
4.44444444444444e-05 0.206577777777778 4.44444444444444e-05 4.44444444444444e-05 0.279911111111111 4.44444444444444e-05 4.44444444444444e-05 4.44444444444444e-05 0.286577777777778 0.226577777777778 4.44444444444444e-05 4.44444444444444e-05; % $ D=0.02
1.11111111111111e-05 1.11111111111111e-05 1.11111111111111e-05 1.11111111111111e-05 1.11111111111111e-05 0.999877777777778 1.11111111111111e-05 1.11111111111111e-05 1.11111111111111e-05 1.11111111111111e-05 1.11111111111111e-05 1.11111111111111e-05; % D D=0.02
0.293244444444444 0.259911111111111 4.44444444444444e-05 4.44444444444444e-05 0.226577777777778 4.44444444444444e-05 4.44444444444444e-05 4.44444444444444e-05 0.219911111111111 4.44444444444444e-05 4.44444444444444e-05 4.44444444444444e-05; % K D=0.02
1.11111111111111e-05 1.11111111111111e-05 1.11111111111111e-05 1.11111111111111e-05 1.11111111111111e-05 1.11111111111111e-05 1.11111111111111e-05 1.11111111111111e-05 1.11111111111111e-05 1.11111111111111e-05 0.999877777777778 1.11111111111111e-05; % N D=0.02
1.11111111111111e-05 1.11111111111111e-05 1.11111111111111e-05 1.11111111111111e-05 1.11111111111111e-05 1.11111111111111e-05 0.999877777777778 1.11111111111111e-05 1.11111111111111e-05 1.11111111111111e-05 1.11111111111111e-05 1.11111111111111e-05; % Z D=0.02
1.11111111111111e-05 1.11111111111111e-05 1.11111111111111e-05 0.999877777777778 1.11111111111111e-05 1.11111111111111e-05 1.11111111111111e-05 1.11111111111111e-05 1.11111111111111e-05 1.11111111111111e-05 1.11111111111111e-05 1.11111111111111e-05; % d D=0.02
0.173244444444444 0.319911111111111 4.44444444444444e-05 4.44444444444444e-05 4.44444444444444e-05 4.44444444444444e-05 4.44444444444444e-05 4.44444444444444e-05 0.299911111111111 0.206577777777778 4.44444444444444e-05 4.44444444444444e-05; % g D=0.02
0.246577777777778 0.213244444444444 4.44444444444444e-05 4.44444444444444e-05 0.239911111111111 4.44444444444444e-05 4.44444444444444e-05 4.44444444444444e-05 4.44444444444444e-05 0.299911111111111 4.44444444444444e-05 4.44444444444444e-05; % k D=0.02
1.11111111111111e-05 1.11111111111111e-05 1.11111111111111e-05 1.11111111111111e-05 1.11111111111111e-05 1.11111111111111e-05 1.11111111111111e-05 1.11111111111111e-05 1.11111111111111e-05 1.11111111111111e-05 1.11111111111111e-05 0.999877777777778; % l D=0.02
1.11111111111111e-05 1.11111111111111e-05 0.999877777777778 1.11111111111111e-05 1.11111111111111e-05 1.11111111111111e-05 1.11111111111111e-05 1.11111111111111e-05 1.11111111111111e-05 1.11111111111111e-05 1.11111111111111e-05 1.11111111111111e-05; % m D=0.02
0.286577777777778 4.44444444444444e-05 4.44444444444444e-05 4.44444444444444e-05 0.253244444444444 4.44444444444444e-05 4.44444444444444e-05 4.44444444444444e-05 0.193244444444444 0.266577777777778 4.44444444444444e-05 4.44444444444444e-05; % n D=0.02
1.11111111111111e-05 1.11111111111111e-05 1.11111111111111e-05 1.11111111111111e-05 1.11111111111111e-05 1.11111111111111e-05 1.11111111111111e-05 0.999877777777778 1.11111111111111e-05 1.11111111111111e-05 1.11111111111111e-05 1.11111111111111e-05; % r D=0.02
0.000111111111111111 0.206444444444444 0.000111111111111111 0.000111111111111111 0.279777777777778 0.000111111111111111 0.000111111111111111 0.000111111111111111 0.286444444444444 0.226444444444444 0.000111111111111111 0.000111111111111111; % $ D=0.05
2.77777777777778e-05 2.77777777777778e-05 2.77777777777778e-05 2.77777777777778e-05 2.77777777777778e-05 0.999694444444444 2.77777777777778e-05 2.77777777777778e-05 2.77777777777778e-05 2.77777777777778e-05 2.77777777777778e-05 2.77777777777778e-05; % D D=0.05
0.293111111111111 0.259777777777778 0.000111111111111111 0.000111111111111111 0.226444444444444 0.000111111111111111 0.000111111111111111 0.000111111111111111 0.219777777777778 0.000111111111111111 0.000111111111111111 0.000111111111111111; % K D=0.05
2.77777777777778e-05 2.77777777777778e-05 2.77777777777778e-05 2.77777777777778e-05 2.77777777777778e-05 2.77777777777778e-05 2.77777777777778e-05 2.77777777777778e-05 2.77777777777778e-05 2.77777777777778e-05 0.999694444444444 2.77777777777778e-05; % N D=0.05
2.77777777777778e-05 2.77777777777778e-05 2.77777777777778e-05 2.77777777777778e-05 2.77777777777778e-05 2.77777777777778e-05 0.999694444444444 2.77777777777778e-05 2.77777777777778e-05 2.77777777777778e-05 2.77777777777778e-05 2.77777777777778e-05; % Z D=0.05
2.77777777777778e-05 2.77777777777778e-05 2.77777777777778e-05 0.999694444444444 2.77777777777778e-05 2.77777777777778e-05 2.77777777777778e-05 2.77777777777778e-05 2.77777777777778e-05 2.77777777777778e-05 2.77777777777778e-05 2.77777777777778e-05; % d D=0.05
