syllables = '$JKNPRZdkt';
discounts = [0.01 0.02 0.05 0.1 0.2 0.5 1 2 3 4 5 6 8 10 15 20 30 50];
kn_probs = [2e-05 0.34662 0.319953333333333 0.333286666666667 2e-05 2e-05 2e-05 2e-05 2e-05 2e-05; % $ D=0.01
5e-06 5e-06 5e-06 5e-06 5e-06 5e-06 0.999955 5e-06 5e-06 5e-06; % J D=0.01
5e-06 5e-06 5e-06 5e-06 5e-06 5e-06 5e-06 5e-06 5e-06 0.999955; % K D=0.01
5e-06 5e-06 5e-06 5e-06 5e-06 5e-06 5e-06 5e-06 0.999955 5e-06; % N D=0.01
0.22997 0.00497 0.39997 0.36497 2e-05 2e-05 2e-05 2e-05 2e-05 2e-05; % P D=0.01
5e-06 5e-06 5e-06 5e-06 0.999955 5e-06 5e-06 5e-06 5e-06 5e-06; % R D=0.01
5e-06 5e-06 5e-06 5e-06 5e-06 0.999955 5e-06 5e-06 5e-06 5e-06; % Z D=0.01
0.259965 0.379965 0.359965 1.5e-05 1.5e-05 1.5e-05 1.5e-05 1.5e-05 1.5e-05 1.5e-05; % d D=0.01
5e-06 5e-06 5e-06 5e-06 5e-06 5e-06 5e-06 0.999955 5e-06 5e-06; % k D=0.01
0.259965 0.354965 1.5e-05 0.384965 1.5e-05 1.5e-05 1.5e-05 1.5e-05 1.5e-05 1.5e-05; % t D=0.01
4e-05 0.346573333333333 0.319906666666667 0.33324 4e-05 4e-05 4e-05 4e-05 4e-05 4e-05; % $ D=0.02
1e-05 1e-05 1e-05 1e-05 1e-05 1e-05 0.99991 1e-05 1e-05 1e-05; % J D=0.02
1e-05 1e-05 1e-05 1e-05 1e-05 1e-05 1e-05 1e-05 1e-05 0.99991; % K D=0.02
1e-05 1e-05 1e-05 1e-05 1e-05 1e-05 1e-05 1e-05 0.99991 1e-05; % N D=0.02
0.22994 0.00494 0.39994 0.36494 4e-05 4e-05 4e-05 4e-05 4e-05 4e-05; % P D=0.02
1e-05 1e-05 1e-05 1e-05 0.99991 1e-05 1e-05 1e-05 1e-05 1e-05; % R D=0.02
1e-05 1e-05 1e-05 1e-05 1e-05 0.99991 1e-05 1e-05 1e-05 1e-05; % Z D=0.02
0.25993 0.37993 0.35993 3e-05 3e-05 3e-05 3e-05 3e-05 3e-05 3e-05; % d D=0.02
1e-05 1e-05 1e-05 1e-05 1e-05 1e-05 1e-05 0.99991 1e-05 1e-05; % k D=0.02
0.25993 0.35493 3e-05 0.38493 3e-05 3e-05 3e-05 3e-05 3e-05 3e-05; % t D=0.02
0.0001 0.346433333333333 0.319766666666667 0.3331 0.0001 0.0001 0.0001 0.0001 0.0001 0.0001; % $ D=0.05
2.5e-05 2.5e-05 2.5e-05 2.5e-05 2.5e-05 2.5e-05 0.999775 2.5e-05 2.5e-05 2.5e-05; % J D=0.05
2.5e-05 2.5e-05 2.5e-05 2.5e-05 2.5e-05 2.5e-05 2.5e-05 2.5e-05 2.5e-05 0.999775; % K D=0.05
2.5e-05 2.5e-05 2.5e-05 2.5e-05 2.5e-05 2.5e-05 2.5e-05 2.5e-05 0.999775 2.5e-05; % N D=0.05
0.22985 0.00485 0.39985 0.36485 0.0001 0.0001 0.0001 0.0001 0.0001 0.0001; % P D=0.05
2.5e-05 2.5e-05 2.5e-05 2.5e-05 0.999775 2.5e-05 2.5e-05 2.5e-05 2.5e-05 2.5e-05; % R D=0.05
2.5e-05 2.5e-05 2.5e-05 2.5e-05 2.5e-05 0.999775 2.5e-05 2.5e-05 2.5e-05 2.5e-05; % Z D=0.05
0.259825 0.379825 0.359825 7.5e-05 7.5e-05 7.5e-05 7.5e-05 7.5e-05 7.5e-05 7.5e-05; % d D=0.05
2.5e-05 2.5e-05 2.5e-05 2.5e-05 2.5e-05 2.5e-05 2.5e-05 0.999775 2.5e-05 2.5e-05; % k D=0.05
0.259825 0.354825 7.5e-05 0.384825 7.5e-05 7.5e-05 7.5e-05 7.5e-05 7.5e-05 7.5e-05; % t D=0.05
0.0002 0.3462 0.319533333333333 0.332866666666667 0.0002 0.0002 0.0002 0.0002 0.0002 0.0002; % $ D=0.1
5e-05 5e-05 5e-05 5e-05 5e-05 5e-05 0.99955 5e-05 5e-05 5e-05; % J D=0.1
5e-05 5e-05 5e-05 5e-05 5e-05 5e-05 5e-05 5e-05 5e-05 0.99955; % K D=0.1
5e-05 5e-05 5e-05 5e-05 5e-05 5e-05 5e-05 5e-05 0.99955 5e-05; % N D=0.1
0.2297 0.0047 0.3997 0.3647 0.0002 0.0002 0.0002 0.0002 0.0002 0.0002; % P D=0.1
5e-05 5e-05 5e-05 5e-05 0.99955 5e-05 5e-05 5e-05 5e-05 5e-05; % R D=0.1
5e-05 5e-05 5e-05 5e-05 5e-05 0.99955 5e-05 5e-05 5e-05 5e-05; % Z D=0.1
0.25965 0.37965 0.35965 0.00015 0.00015 0.00015 0.00015 0.00015 0.00015 0.00015; % d D=0.1
5e-05 5e-05 5e-05 5e-05 5e-05 5e-05 5e-05 0.99955 5e-05 5e-05; % k D=0.1
0.25965 0.35465 0.00015 0.38465 0.00015 0.00015 0.00015 0.00015 0.00015 0.00015; % t D=0.1
0.0004 0.345733333333333 0.319066666666667 0.3324 0.0004 0.0004 0.0004 0.0004 0.0004 0.0004; % $ D=0.2
0.0001 0.0001 0.0001 0.0001 0.0001 0.0001 0.9991 0.0001 0.0001 0.0001; % J D=0.2
0.0001 0.0001 0.0001 0.0001 0.0001 0.0001 0.0001 0.0001 0.0001 0.9991; % K D=0.2
0.0001 0.0001 0.0001 0.0001 0.0001 0.0001 0.0001 0.0001 0.9991 0.0001; % N D=0.2
0.2294 0.0044 0.3994 0.3644 0.0004 0.0004 0.0004 0.0004 0.0004 0.0004; % P D=0.2
0.0001 0.0001 0.0001 0.0001 0.9991 0.0001 0.0001 0.0001 0.0001 0.0001; % R D=0.2
0.0001 0.0001 0.0001 0.0001 0.0001 0.9991 0.0001 0.0001 0.0001 0.0001; % Z D=0.2
0.2593 0.3793 0.3593 0.0003 0.0003 0.0003 0.0003 0.0003 0.0003 0.0003; % d D=0.2
0.0001 0.0001 0.0001 0.0001 0.0001 0.0001 0.0001 0.9991 0.0001 0.0001; % k D=0.2
0.2593 0.3543 0.0003 0.3843 0.0003 0.0003 0.0003 0.0003 0.0003 0.0003; % t D=0.2
0.001 0.344333333333333 0.317666666666667 0.331 0.001 0.001 0.001 0.001 0.001 0.001; % $ D=0.5
0.00025 0.00025 0.00025 0.00025 0.00025 0.00025 0.99775 0.00025 0.00025 0.00025; % J D=0.5
0.00025 0.00025 0.00025 0.00025 0.00025 0.00025 0.00025 0.00025 0.00025 0.99775; % K D=0.5
0.00025 0.00025 0.00025 0.00025 0.00025 0.00025 0.00025 0.00025 0.99775 0.00025; % N D=0.5
0.2285 0.0035 0.3985 0.3635 0.001 0.001 0.001 0.001 0.001 0.001; % P D=0.5
0.00025 0.00025 0.00025 0.00025 0.99775 0.00025 0.00025 0.00025 0.00025 0.00025; % R D=0.5
0.00025 0.00025 0.00025 0.00025 0.00025 0.99775 0.00025 0.00025 0.00025 0.00025; % Z D=0.5
0.25825 0.37825 0.35825 0.00075 0.00075 0.00075 0.00075 0.00075 0.00075 0.00075; % d D=0.5
0.00025 0.00025 0.00025 0.00025 0.00025 0.00025 0.00025 0.99775 0.00025 0.00025; % k D=0.5
0.25825 0.35325 0.00075 0.38325 0.00075 0.00075 0.00075 0.00075 0.00075 0.00075; % t D=0.5
0.002 0.342 0.315333333333333 0.328666666666667 0.002 0.002 0.002 0.002 0.002 0.002; % $ D=1
0.0005 0.0005 0.0005 0.0005 0.0005 0.0005 0.9955 0.0005 0.0005 0.0005; % J D=1
0.0005 0.0005 0.0005 0.0005 0.0005 0.0005 0.0005 0.0005 0.0005 0.9955; % K D=1
0.0005 0.0005 0.0005 0.0005 0.0005 0.0005 0.0005 0.0005 0.9955 0.0005; % N D=1
0.227 0.002 0.397 0.362 0.002 0.002 0.002 0.002 0.002 0.002; % P D=1
0.0005 0.0005 0.0005 0.0005 0.9955 0.0005 0.0005 0.0005 0.0005 0.0005; % R D=1
0.0005 0.0005 0.0005 0.0005 0.0005 0.9955 0.0005 0.0005 0.0005 0.0005; % Z D=1
0.2565 0.3765 0.3565 0.0015 0.0015 0.0015 0.0015 0.0015 0.0015 0.0015; % d D=1
0.0005 0.0005 0.0005 0.0005 0.0005 0.0005 0.0005 0.9955 0.0005 0.0005; % k D=1
0.2565 0.3515 0.0015 0.3815 0.0015 0.0015 0.0015 0.0015 0.0015 0.0015; % t D=1
0.004 0.337333333333333 0.310666666666667 0.324 0.004 0.004 0.004 0.004 0.004 0.004; % $ D=2
0.001 0.001 0.001 0.001 0.001 0.001 0.991 0.001 0.001 0.001; % J D=2
0.001 0.001 0.001 0.001 0.001 0.001 0.001 0.001 0.001 0.991; % K D=2
0.001 0.001 0.001 0.001 0.001 0.001 0.001 0.001 0.991 0.001; % N D=2
0.224 0.004 0.394 0.359 0.004 0.004 0.004 0.004 0.004 0.004; % P D=2
0.001 0.001 0.001 0.001 0.991 0.001 0.001 0.001 0.001 0.001; % R D=2
0.001 0.001 0.001 0.001 0.001 0.991 0.001 0.001 0.001 0.001; % Z D=2
0.253 0.373 0.353 0.003 0.003 0.003 0.003 0.003 0.003 0.003; % d D=2
0.001 0.001 0.001 0.001 0.001 0.001 0.001 0.991 0.001 0.001; % k D=2
0.253 0.348 0.003 0.378 0.003 0.003 0.003 0.003 0.003 0.003; % t D=2
0.006 0.332666666666667 0.306 0.319333333333333 0.006 0.006 0.006 0.006 0.006 0.006; % $ D=3
0.0015 0.0015 0.0015 0.0015 0.0015 0.0015 0.9865 0.0015 0.0015 0.0015; % J D=3
0.0015 0.0015 0.0015 0.0015 0.0015 0.0015 0.0015 0.0015 0.0015 0.9865; % K D=3
0.0015 0.0015 0.0015 0.0015 0.0015 0.0015 0.0015 0.0015 0.9865 0.0015; % N D=3
0.221 0.006 0.391 0.356 0.006 0.006 0.006 0.006 0.006 0.006; % P D=3
0.0015 0.0015 0.0015 0.0015 0.9865 0.0015 0.0015 0.0015 0.0015 0.0015; % R D=3
0.0015 0.0015 0.0015 0.0015 0.0015 0.9865 0.0015 0.0015 0.0015 0.0015; % Z D=3
0.2495 0.3695 0.3495 0.0045 0.0045 0.0045 0.0045 0.0045 0.0045 0.0045; % d D=3
0.0015 0.0015 0.0015 0.0015 0.0015 0.0015 0.0015 0.9865 0.0015 0.0015; % k D=3
0.2495 0.3445 0.0045 0.3745 0.0045 0.0045 0.0045 0.0045 0.0045 0.0045; % t D=3
0.008 0.328 0.301333333333333 0.314666666666667 0.008 0.008 0.008 0.008 0.008 0.008; % $ D=4
0.002 0.002 0.002 0.002 0.002 0.002 0.982 0.002 0.002 0.002; % J D=4
0.002 0.002 0.002 0.002 0.002 0.002 0.002 0.002 0.002 0.982; % K D=4
0.002 0.002 0.002 0.002 0.002 0.002 0.002 0.002 0.982 0.002; % N D=4
0.218 0.008 0.388 0.353 0.008 0.008 0.008 0.008 0.008 0.008; % P D=4
0.002 0.002 0.002 0.002 0.982 0.002 0.002 0.002 0.002 0.002; % R D=4
0.002 0.002 0.002 0.002 0.002 0.982 0.002 0.002 0.002 0.002; % Z D=4
0.246 0.366 0.346 0.006 0.006 0.006 0.006 0.006 0.006 0.006; % d D=4
0.002 0.002 0.002 0.002 0.002 0.002 0.002 0.982 0.002 0.002; % k D=4
0.246 0.341 0.006 0.371 0.006 0.006 0.006 0.006 0.006 0.006; % t D=4
0.01 0.323333333333333 0.296666666666667 0.31 0.01 0.01 0.01 0.01 0.01 0.01; % $ D=5
0.0025 0.0025 0.0025 0.0025 0.0025 0.0025 0.9775 0.0025 0.0025 0.0025; % J D=5
0.0025 0.0025 0.0025 0.0025 0.0025 0.0025 0.0025 0.0025 0.0025 0.9775; % K D=5
0.0025 0.0025 0.0025 0.0025 0.0025 0.0025 0.0025 0.0025 0.9775 0.0025; % N D=5
0.215 0.01 0.385 0.35 0.01 0.01 0.01 0.01 0.01 0.01; % P D=5
0.0025 0.0025 0.0025 0.0025 0.9775 0.0025 0.0025 0.0025 0.0025 0.0025; % R D=5
0.0025 0.0025 0.0025 0.0025 0.0025 0.9775 0.0025 0.0025 0.0025 0.0025; % Z D=5
0.2425 0.3625 0.3425 0.0075 0.0075 0.0075 0.0075 0.0075 0.0075 0.0075; % d D=5
0.0025 0.0025 0.0025 0.0025 0.0025 0.0025 0.0025 0.9775 0.0025 0.0025; % k D=5
0.2425 0.3375 0.0075 0.3675 0.0075 0.0075 0.0075 0.0075 0.0075 0.0075; % t D=5
0.012 0.318666666666667 0.292 0.305333333333333 0.012 0.012 0.012 0.012 0.012 0.012; % $ D=6
0.003 0.003 0.003 0.003 0.003 0.003 0.973 0.003 0.003 0.003; % J D=6
0.003 0.003 0.003 0.003 0.003 0.003 0.003 0.003 0.003 0.973; % K D=6
0.003 0.003 0.003 0.003 0.003 0.003 0.003 0.003 0.973 0.003; % N D=6
0.212 0.012 0.382 0.347 0.012 0.012 0.012 0.012 0.012 0.012; % P D=6
0.003 0.003 0.003 0.003 0.973 0.003 0.003 0.003 0.003 0.003; % R D=6
0.003 0.003 0.003 0.003 0.003 0.973 0.003 0.003 0.003 0.003; % Z D=6
0.239 0.359 0.339 0.009 0.009 0.009 0.009 0.009 0.009 0.009; % d D=6
0.003 0.003 0.003 0.003 0.003 0.003 0.003 0.973 0.003 0.003; % k D=6
0.239 0.334 0.009 0.364 0.009 0.009 0.009 0.009 0.009 0.009; % t D=6
0.016 0.309333333333333 0.282666666666667 0.296 0.016 0.016 0.016 0.016 0.016 0.016; % $ D=8
0.004 0.004 0.004 0.004 0.004 0.004 0.964 0.004 0.004 0.004; % J D=8
0.004 0.004 0.004 0.004 0.004 0.004 0.004 0.004 0.004 0.964; % K D=8
0.004 0.004 0.004 0.004 0.004 0.004 0.004 0.004 0.964 0.004; % N D=8
0.206 0.016 0.376 0.341 0.016 0.016 0.016 0.016 0.016 0.016; % P D=8
0.004 0.004 0.004 0.004 0.964 0.004 0.004 0.004 0.004 0.004; % R D=8
0.004 0.004 0.004 0.004 0.004 0.964 0.004 0.004 0.004 0.004; % Z D=8
0.232 0.352 0.332 0.012 0.012 0.012 0.012 0.012 0.012 0.012; % d D=8
0.004 0.004 0.004 0.004 0.004 0.004 0.004 0.964 0.004 0.004; % k D=8
0.232 0.327 0.012 0.357 0.012 0.012 0.012 0.012 0.012 0.012; % t D=8
0.02 0.3 0.273333333333333 0.286666666666667 0.02 0.02 0.02 0.02 0.02 0.02; % $ D=10
0.005 0.005 0.005 0.005 0.005 0.005 0.955 0.005 0.005 0.005; % J D=10
0.005 0.005 0.005 0.005 0.005 0.005 0.005 0.005 0.005 0.955; % K D=10
0.005 0.005 0.005 0.005 0.005 0.005 0.005 0.005 0.955 0.005; % N D=10
0.2 0.02 0.37 0.335 0.02 0.02 0.02 0.02 0.02 0.02; % P D=10
0.005 0.005 0.005 0.005 0.955 0.005 0.005 0.005 0.005 0.005; % R D=10
0.005 0.005 0.005 0.005 0.005 0.955 0.005 0.005 0.005 0.005; % Z D=10
0.225 0.345 0.325 0.015 0.015 0.015 0.015 0.015 0.015 0.015; % d D=10
0.005 0.005 0.005 0.005 0.005 0.005 0.005 0.955 0.005 0.005; % k D=10
0.225 0.32 0.015 0.35 0.015 0.015 0.015 0.015 0.015 0.015; % t D=10
0.03 0.276666666666667 0.25 0.263333333333333 0.03 0.03 0.03 0.03 0.03 0.03; % $ D=15
0.0075 0.0075 0.0075 0.0075 0.0075 0.0075 0.9325 0.0075 0.0075 0.0075; % J D=15
0.0075 0.0075 0.0075 0.0075 0.0075 0.0075 0.0075 0.0075 0.0075 0.9325; % K D=15
0.0075 0.0075 0.0075 0.0075 0.0075 0.0075 0.0075 0.0075 0.9325 0.0075; % N D=15
0.185 0.03 0.355 0.32 0.03 0.03 0.03 0.03 0.03 0.03; % P D=15
0.0075 0.0075 0.0075 0.0075 0.9325 0.0075 0.0075 0.0075 0.0075 0.0075; % R D=15
0.0075 0.0075 0.0075 0.0075 0.0075 0.9325 0.0075 0.0075 0.0075 0.0075; % Z D=15
0.2075 0.3275 0.3075 0.0225 0.0225 0.0225 0.0225 0.0225 0.0225 0.0225; % d D=15
0.0075 0.0075 0.0075 0.0075 0.0075 0.0075 0.0075 0.9325 0.0075 0.0075; % k D=15
0.2075 0.3025 0.0225 0.3325 0.0225 0.0225 0.0225 0.0225 0.0225 0.0225; % t D=15
0.04 0.253333333333333 0.226666666666667 0.24 0.04 0.04 0.04 0.04 0.04 0.04; % $ D=20
0.01 0.01 0.01 0.01 0.01 0.01 0.91 0.01 0.01 0.01; % J D=20
0.01 0.01 0.01 0.01 0.01 0.01 0.01 0.01 0.01 0.91; % K D=20
0.01 0.01 0.01 0.01 0.01 0.01 0.01 0.01 0.91 0.01; % N D=20
0.17 0.04 0.34 0.305 0.04 0.04 0.04 0.04 0.04 0.04; % P D=20
0.01 0.01 0.01 0.01 0.91 0.01 0.01 0.01 0.01 0.01; % R D=20
0.01 0.01 0.01 0.01 0.01 0.91 0.01 0.01 0.01 0.01; % Z D=20
0.19 0.31 0.29 0.03 0.03 0.03 0.03 0.03 0.03 0.03; % d D=20
0.01 0.01 0.01 0.01 0.01 0.01 0.01 0.91 0.01 0.01; % k D=20
0.19 0.285 0.03 0.315 0.03 0.03 0.03 0.03 0.03 0.03; % t D=20
0.06 0.206666666666667 0.18 0.193333333333333 0.06 0.06 0.06 0.06 0.06 0.06; % $ D=30
0.015 0.015 0.015 0.015 0.015 0.015 0.865 0.015 0.015 0.015; % J D=30
0.015 0.015 0.015 0.015 0.015 0.015 0.015 0.015 0.015 0.865; % K D=30
0.015 0.015 0.015 0.015 0.015 0.015 0.015 0.015 0.865 0.015; % N D=30
0.14 0.06 0.31 0.275 0.06 0.06 0.06 0.06 0.06 0.06; % P D=30
0.015 0.015 0.015 0.015 0.865 0.015 0.015 0.015 0.015 0.015; % R D=30
0.015 0.015 0.015 0.015 0.015 0.865 0.015 0.015 0.015 0.015; % Z D=30
0.155 0.275 0.255 0.045 0.045 0.045 0.045 0.045 0.045 0.045; % d D=30
0.015 0.015 0.015 0.015 0.015 0.015 0.015 0.865 0.015 0.015; % k D=30
0.155 0.25 0.045 0.28 0.045 0.045 0.045 0.045 0.045 0.045; % t D=30
0.1 0.113333333333333 0.1 0.1 0.1 0.1 0.1 0.1 0.1 0.1; % $ D=50
0.025 0.025 0.025 0.025 0.025 0.025 0.775 0.025 0.025 0.025; % J D=50
0.025 0.025 0.025 0.025 0.025 0.025 0.025 0.025 0.025 0.775; % K D=50
0.025 0.025 0.025 0.025 0.025 0.025 0.025 0.025 0.775 0.025; % N D=50
0.1 0.1 0.25 0.215 0.1 0.1 0.1 0.1 0.1 0.1; % P D=50
0.025 0.025 0.025 0.025 0.775 0.025 0.025 0.025 0.025 0.025; % R D=50
0.025 0.025 0.025 0.025 0.025 0.775 0.025 0.025 0.025 0.025; % Z D=50
0.085 0.205 0.185 0.075 0.075 0.075 0.075 0.075 0.075 0.075; % d D=50
0.025 0.025 0.025 0.025 0.025 0.025 0.025 0.775 0.025 0.025; % k D=50
0.085 0.18 0.075 0.21 0.075 0.075 0.075 0.075 0.075 0.075]; % t D=50
