syllables = '$DGMNRVflnpr';
discounts = [0.01 0.02 0.05 0.1 0.2 0.5 1 2 3 4 5 6 8 10 15 20 30 50];
kn_probs = [2.22222222222222e-05 2.22222222222222e-05 2.22222222222222e-05 2.22222222222222e-05 2.22222222222222e-05 2.22222222222222e-05 2.22222222222222e-05 0.246622222222222 0.233288888888889 0.239955555555556 2.22222222222222e-05 0.279955555555556; % $ D=0.01
5.55555555555556e-06 5.55555555555556e-06 5.55555555555556e-06 5.55555555555556e-06 5.55555555555556e-06 5.55555555555556e-06 5.55555555555556e-06 5.55555555555556e-06 5.55555555555556e-06 5.55555555555556e-06 0.999938888888889 5.55555555555556e-06; % D D=0.01
5.55555555555556e-06 0.999938888888889 5.55555555555556e-06 5.55555555555556e-06 5.55555555555556e-06 5.55555555555556e-06 5.55555555555556e-06 5.55555555555556e-06 5.55555555555556e-06 5.55555555555556e-06 5.55555555555556e-06 5.55555555555556e-06; % G D=0.01
0.266622222222222 2.22222222222222e-05 2.22222222222222e-05 2.22222222222222e-05 2.22222222222222e-05 2.22222222222222e-05 2.22222222222222e-05 2.22222222222222e-05 0.299955555555556 0.233288888888889 2.22222222222222e-05 0.199955555555556; % M D=0.01
0.259955555555556 2.22222222222222e-05 2.22222222222222e-05 2.22222222222222e-05 2.22222222222222e-05 2.22222222222222e-05 2.22222222222222e-05 0.213288888888889 2.22222222222222e-05 0.253288888888889 2.22222222222222e-05 0.273288888888889; % N D=0.01
5.55555555555556e-06 5.55555555555556e-06 5.55555555555556e-06 5.55555555555556e-06 0.999938888888889 5.55555555555556e-06 5.55555555555556e-06 5.55555555555556e-06 5.55555555555556e-06 5.55555555555556e-06 5.55555555555556e-06 5.55555555555556e-06; % R D=0.01
0.239955555555556 2.22222222222222e-05 2.22222222222222e-05 2.22222222222222e-05 2.22222222222222e-05 2.22222222222222e-05 2.22222222222222e-05 0.279955555555556 0.206622222222222 0.273288888888889 2.22222222222222e-05 2.22222222222222e-05; % V D=0.01
5.55555555555556e-06 5.55555555555556e-06 5.55555555555556e-06 0.999938888888889 5.55555555555556e-06 5.55555555555556e-06 5.55555555555556e-06 5.55555555555556e-06 5.55555555555556e-06 5.55555555555556e-06 5.55555555555556e-06 5.55555555555556e-06; % f D=0.01
5.55555555555556e-06 5.55555555555556e-06 5.55555555555556e-06 5.55555555555556e-06 5.55555555555556e-06 0.999938888888889 5.55555555555556e-06 5.55555555555556e-06 5.55555555555556e-06 5.55555555555556e-06 5.55555555555556e-06 5.55555555555556e-06; % l D=0.01
5.55555555555556e-06 5.55555555555556e-06 0.999938888888889 5.55555555555556e-06 5.55555555555556e-06 5.55555555555556e-06 5.55555555555556e-06 5.55555555555556e-06 5.55555555555556e-06 5.55555555555556e-06 5.55555555555556e-06 5.55555555555556e-06; % n D=0.01
0.233288888888889 2.22222222222222e-05 2.22222222222222e-05 2.22222222222222e-05 2.22222222222222e-05 2.22222222222222e-05 2.22222222222222e-05 0.259955555555556 0.259955555555556 2.22222222222222e-05 2.22222222222222e-05 0.246622222222222; % p D=0.01
5.55555555555556e-06 5.55555555555556e-06 5.55555555555556e-06 5.55555555555556e-06 5.55555555555556e-06 5.55555555555556e-06 0.999938888888889 5.55555555555556e-06 5.55555555555556e-06 5.55555555555556e-06 5.55555555555556e-06 5.55555555555556e-06; % r D=0.01
4.44444444444444e-05 4.44444444444444e-05 4.44444444444444e-05 4.44444444444444e-05 4.44444444444444e-05 4.44444444444444e-05 4.44444444444444e-05 0.246577777777778 0.233244444444444 0.239911111111111 4.44444444444444e-05 0.279911111111111; % $ D=0.02
1.11111111111111e-05 1.11111111111111e-05 1.11111111111111e-05 1.11111111111111e-05 1.11111111111111e-05 1.11111111111111e-05 1.11111111111111e-05 1.11111111111111e-05 1.11111111111111e-05 1.11111111111111e-05 0.999877777777778 1.11111111111111e-05; % D D=0.02
1.11111111111111e-05 0.999877777777778 1.11111111111111e-05 1.11111111111111e-05 1.11111111111111e-05 1.11111111111111e-05 1.11111111111111e-05 1.11111111111111e-05 1.11111111111111e-05 1.11111111111111e-05 1.11111111111111e-05 1.11111111111111e-05; % G D=0.02
0.266577777777778 4.44444444444444e-05 4.44444444444444e-05 4.44444444444444e-05 4.44444444444444e-05 4.44444444444444e-05 4.44444444444444e-05 4.44444444444444e-05 0.299911111111111 0.233244444444444 4.44444444444444e-05 0.199911111111111; % M D=0.02
0.259911111111111 4.44444444444444e-05 4.44444444444444e-05 4.44444444444444e-05 4.44444444444444e-05 4.44444444444444e-05 4.44444444444444e-05 0.213244444444444 4.44444444444444e-05 0.253244444444444 4.44444444444444e-05 0.273244444444444; % N D=0.02
1.11111111111111e-05 1.11111111111111e-05 1.11111111111111e-05 1.11111111111111e-05 0.999877777777778 1.11111111111111e-05 1.11111111111111e-05 1.11111111111111e-05 1.11111111111111e-05 1.11111111111111e-05 1.11111111111111e-05 1.11111111111111e-05; % R D=0.02
0.239911111111111 4.44444444444444e-05 4.44444444444444e-05 4.44444444444444e-05 4.44444444444444e-05 4.44444444444444e-05 4.44444444444444e-05 0.279911111111111 0.206577777777778 0.273244444444444 4.44444444444444e-05 4.44444444444444e-05; % V D=0.02
1.11111111111111e-05 1.11111111111111e-05 1.11111111111111e-05 0.999877777777778 1.11111111111111e-05 1.11111111111111e-05 1.11111111111111e-05 1.11111111111111e-05 1.11111111111111e-05 1.11111111111111e-05 1.11111111111111e-05 1.11111111111111e-05; % f D=0.02
1.11111111111111e-05 1.11111111111111e-05 1.11111111111111e-05 1.11111111111111e-05 1.11111111111111e-05 0.999877777777778 1.11111111111111e-05 1.11111111111111e-05 1.11111111111111e-05 1.11111111111111e-05 1.11111111111111e-05 1.11111111111111e-05; % l D=0.02
1.11111111111111e-05 1.11111111111111e-05 0.999877777777778 1.11111111111111e-05 1.11111111111111e-05 1.11111111111111e-05 1.11111111111111e-05 1.11111111111111e-05 1.11111111111111e-05 1.11111111111111e-05 1.11111111111111e-05 1.11111111111111e-05; % n D=0.02
0.233244444444444 4.44444444444444e-05 4.44444444444444e-05 4.44444444444444e-05 4.44444444444444e-05 4.44444444444444e-05 4.44444444444444e-05 0.259911111111111 0.259911111111111 4.44444444444444e-05 4.44444444444444e-05 0.246577777777778; % p D=0.02
1.11111111111111e-05 1.11111111111111e-05 1.11111111111111e-05 1.11111111111111e-05 1.11111111111111e-05 1.11111111111111e-05 0.999877777777778 1.11111111111111e-05 1.11111111111111e-05 1.11111111111111e-05 1.11111111111111e-05 1.11111111111111e-05; % r D=0.02
0.000111111111111111 0.000111111111111111 0.000111111111111111 0.000111111111111111 0.000111111111111111 0.000111111111111111 0.000111111111111111 0.246444444444444 0.233111111111111 0.239777777777778 0.000111111111111111 0.279777777777778; % $ D=0.05
2.77777777777778e-05 2.77777777777778e-05 2.77777777777778e-05 2.77777777777778e-05 2.77777777777778e-05 2.77777777777778e-05 2.77777777777778e-05 2.77777777777778e-05 2.77777777777778e-05 2.77777777777778e-05 0.999694444444444 2.77777777777778e-05; % D D=0.05
2.77777777777778e-05 0.999694444444444 2.77777777777778e-05 2.77777777777778e-05 2.77777777777778e-05 2.77777777777778e-05 2.77777777777778e-05 2.77777777777778e-05 2.77777777777778e-05 2.77777777777778e-05 2.77777777777778e-05 2.77777777777778e-05; % G D=0.05
0.266444444444444 0.000111111111111111 0.000111111111111111 0.000111111111111111 0.000111111111111111 0.000111111111111111 0.000111111111111111 0.000111111111111111 0.299777777777778 0.233111111111111 0.000111111111111111 0.199777777777778; % M D=0.05
0.259777777777778 0.000111111111111111 0.000111111111111111 0.000111111111111111 0.000111111111111111 0.000111111111111111 0.000111111111111111 0.213111111111111 0.000111111111111111 0.253111111111111 0.000111111111111111 0.273111111111111; % N D=0.05
2.77777777777778e-05 2.77777777777778e-05 2.77777777777778e-05 2.77777777777778e-05 0.999694444444444 2.77777777777778e-05 2.77777777777778e-05 2.77777777777778e-05 2.77777777777778e-05 2.77777777777778e-05 2.77777777777778e-05 2.77777777777778e-05; % R D=0.05
