syllables = '$DFGJMRZfgmnrvz';
discounts = [0.01 0.02 0.05 0.1 0.2 0.5 1 2 3 4 5 6 8 10 15 20 30 50];
kn_probs = [2.22222222222222e-05 2.22222222222222e-05 2.22222222222222e-05 0.199955555555556 0.193288888888889 0.179955555555556 0.173288888888889 2.22222222222222e-05 2.22222222222222e-05 0.253288888888889 2.22222222222222e-05 2.22222222222222e-05 2.22222222222222e-05 2.22222222222222e-05 2.22222222222222e-05; % $ D=0.01
5.55555555555556e-06 5.55555555555556e-06 5.55555555555556e-06 5.55555555555556e-06 5.55555555555556e-06 5.55555555555556e-06 5.55555555555556e-06 5.55555555555556e-06 5.55555555555556e-06 5.55555555555556e-06 0.999922222222222 5.55555555555556e-06 5.55555555555556e-06 5.55555555555556e-06 5.55555555555556e-06; % D D=0.01
5.55555555555556e-06 5.55555555555556e-06 5.55555555555556e-06 5.55555555555556e-06 5.55555555555556e-06 5.55555555555556e-06 5.55555555555556e-06 5.55555555555556e-06 5.55555555555556e-06 5.55555555555556e-06 5.55555555555556e-06 5.55555555555556e-06 5.55555555555556e-06 5.55555555555556e-06 0.999922222222222; % F D=0.01
5.55555555555556e-06 5.55555555555556e-06 5.55555555555556e-06 5.55555555555556e-06 5.55555555555556e-06 5.55555555555556e-06 5.55555555555556e-06 5.55555555555556e-06 5.55555555555556e-06 5.55555555555556e-06 5.55555555555556e-06 5.55555555555556e-06 5.55555555555556e-06 0.999922222222222 5.55555555555556e-06; % G D=0.01
5.55555555555556e-06 5.55555555555556e-06 0.999922222222222 5.55555555555556e-06 5.55555555555556e-06 5.55555555555556e-06 5.55555555555556e-06 5.55555555555556e-06 5.55555555555556e-06 5.55555555555556e-06 5.55555555555556e-06 5.55555555555556e-06 5.55555555555556e-06 5.55555555555556e-06 5.55555555555556e-06; % J D=0.01
5.55555555555556e-06 5.55555555555556e-06 5.55555555555556e-06 5.55555555555556e-06 5.55555555555556e-06 5.55555555555556e-06 5.55555555555556e-06 5.55555555555556e-06 5.55555555555556e-06 5.55555555555556e-06 5.55555555555556e-06 5.55555555555556e-06 0.999922222222222 5.55555555555556e-06 5.55555555555556e-06; % M D=0.01
5.55555555555556e-06 5.55555555555556e-06 5.55555555555556e-06 5.55555555555556e-06 5.55555555555556e-06 5.55555555555556e-06 5.55555555555556e-06 5.55555555555556e-06 5.55555555555556e-06 5.55555555555556e-06 5.55555555555556e-06 0.999922222222222 5.55555555555556e-06 5.55555555555556e-06 5.55555555555556e-06; % R D=0.01
5.55555555555556e-06 0.999922222222222 5.55555555555556e-06 5.55555555555556e-06 5.55555555555556e-06 5.55555555555556e-06 5.55555555555556e-06 5.55555555555556e-06 5.55555555555556e-06 5.55555555555556e-06 5.55555555555556e-06 5.55555555555556e-06 5.55555555555556e-06 5.55555555555556e-06 5.55555555555556e-06; % Z D=0.01
0.233277777777778 2.77777777777778e-05 2.77777777777778e-05 2.77777777777778e-05 0.158277777777778 0.191611111111111 0.199944444444444 2.77777777777778e-05 2.77777777777778e-05 0.216611111111111 2.77777777777778e-05 2.77777777777778e-05 2.77777777777778e-05 2.77777777777778e-05 2.77777777777778e-05; % f D=0.01
5.55555555555556e-06 5.55555555555556e-06 5.55555555555556e-06 5.55555555555556e-06 5.55555555555556e-06 5.55555555555556e-06 5.55555555555556e-06 0.999922222222222 5.55555555555556e-06 5.55555555555556e-06 5.55555555555556e-06 5.55555555555556e-06 5.55555555555556e-06 5.55555555555556e-06 5.55555555555556e-06; % g D=0.01
0.216616666666667 3.33333333333333e-05 3.33333333333333e-05 0.158283333333333 0.17495 0.216616666666667 0.22495 3.33333333333333e-05 3.33333333333333e-05 0.00828333333333333 3.33333333333333e-05 3.33333333333333e-05 3.33333333333333e-05 3.33333333333333e-05 3.33333333333333e-05; % m D=0.01
0.241611111111111 2.77777777777778e-05 2.77777777777778e-05 0.149944444444444 0.216611111111111 0.208277777777778 2.77777777777778e-05 2.77777777777778e-05 2.77777777777778e-05 0.183277777777778 2.77777777777778e-05 2.77777777777778e-05 2.77777777777778e-05 2.77777777777778e-05 2.77777777777778e-05; % n D=0.01
0.274944444444444 2.77777777777778e-05 2.77777777777778e-05 0.174944444444444 0.208277777777778 2.77777777777778e-05 0.174944444444444 2.77777777777778e-05 2.77777777777778e-05 0.166611111111111 2.77777777777778e-05 2.77777777777778e-05 2.77777777777778e-05 2.77777777777778e-05 2.77777777777778e-05; % r D=0.01
5.55555555555556e-06 5.55555555555556e-06 5.55555555555556e-06 5.55555555555556e-06 5.55555555555556e-06 5.55555555555556e-06 5.55555555555556e-06 5.55555555555556e-06 0.999922222222222 5.55555555555556e-06 5.55555555555556e-06 5.55555555555556e-06 5.55555555555556e-06 5.55555555555556e-06 5.55555555555556e-06; % v D=0.01
0.283277777777778 2.77777777777778e-05 2.77777777777778e-05 0.266611111111111 2.77777777777778e-05 0.158277777777778 0.183277777777778 2.77777777777778e-05 2.77777777777778e-05 0.108277777777778 2.77777777777778e-05 2.77777777777778e-05 2.77777777777778e-05 2.77777777777778e-05 2.77777777777778e-05; % z D=0.01
4.44444444444444e-05 4.44444444444444e-05 4.44444444444444e-05 0.199911111111111 0.193244444444444 0.179911111111111 0.173244444444444 4.44444444444444e-05 4.44444444444444e-05 0.253244444444444 4.44444444444444e-05 4.44444444444444e-05 4.44444444444444e-05 4.44444444444444e-05 4.44444444444444e-05; % $ D=0.02
1.11111111111111e-05 1.11111111111111e-05 1.11111111111111e-05 1.11111111111111e-05 1.11111111111111e-05 1.11111111111111e-05 1.11111111111111e-05 1.11111111111111e-05 1.11111111111111e-05 1.11111111111111e-05 0.999844444444444 1.11111111111111e-05 1.11111111111111e-05 1.11111111111111e-05 1.11111111111111e-05; % D D=0.02
1.11111111111111e-05 1.11111111111111e-05 1.11111111111111e-05 1.11111111111111e-05 1.11111111111111e-05 1.11111111111111e-05 1.11111111111111e-05 1.11111111111111e-05 1.11111111111111e-05 1.11111111111111e-05 1.11111111111111e-05 1.11111111111111e-05 1.11111111111111e-05 1.11111111111111e-05 0.999844444444444; % F D=0.02
1.11111111111111e-05 1.11111111111111e-05 1.11111111111111e-05 1.11111111111111e-05 1.11111111111111e-05 1.11111111111111e-05 1.11111111111111e-05 1.11111111111111e-05 1.11111111111111e-05 1.11111111111111e-05 1.11111111111111e-05 1.11111111111111e-05 1.11111111111111e-05 0.999844444444444 1.11111111111111e-05; % G D=0.02
1.11111111111111e-05 1.11111111111111e-05 0.999844444444444 1.11111111111111e-05 1.11111111111111e-05 1.11111111111111e-05 1.11111111111111e-05 1.11111111111111e-05 1.11111111111111e-05 1.11111111111111e-05 1.11111111111111e-05 1.11111111111111e-05 1.11111111111111e-05 1.11111111111111e-05 1.11111111111111e-05; % J D=0.02
1.11111111111111e-05 1.11111111111111e-05 1.11111111111111e-05 1.11111111111111e-05 1.11111111111111e-05 1.11111111111111e-05 1.11111111111111e-05 1.11111111111111e-05 1.11111111111111e-05 1.11111111111111e-05 1.11111111111111e-05 1.11111111111111e-05 0.999844444444444 1.11111111111111e-05 1.11111111111111e-05; % M D=0.02
1.11111111111111e-05 1.11111111111111e-05 1.11111111111111e-05 1.11111111111111e-05 1.11111111111111e-05 1.11111111111111e-05 1.11111111111111e-05 1.11111111111111e-05 1.11111111111111e-05 1.11111111111111e-05 1.11111111111111e-05 0.999844444444444 1.11111111111111e-05 1.11111111111111e-05 1.11111111111111e-05; % R D=0.02
1.11111111111111e-05 0.999844444444444 1.11111111111111e-05 1.11111111111111e-05 1.11111111111111e-05 1.11111111111111e-05 1.11111111111111e-05 1.11111111111111e-05 1.11111111111111e-05 1.11111111111111e-05 1.11111111111111e-05 1.11111111111111e-05 1.11111111111111e-05 1.11111111111111e-05 1.11111111111111e-05; % Z D=0.02
0.233222222222222 5.55555555555556e-05 5.55555555555556e-05 5.55555555555556e-05 0.158222222222222 0.191555555555556 0.199888888888889 5.55555555555556e-05 5.55555555555556e-05 0.216555555555556 5.55555555555556e-05 5.55555555555556e-05 5.55555555555556e-05 5.55555555555556e-05 5.55555555555556e-05; % f D=0.02
