syllables = '$DFLPTZfmptv';
discounts = [0.01 0.02 0.05 0.1 0.2 0.5 1 2 3 4 5 6 8 10 15 20 30 50];
kn_probs = [2.22222222222222e-05 0.266622222222222 2.22222222222222e-05 2.22222222222222e-05 0.233288888888889 0.293288888888889 2.22222222222222e-05 2.22222222222222e-05 2.22222222222222e-05 2.22222222222222e-05 0.206622222222222 2.22222222222222e-05; % $ D=0.01
5.55555555555556e-06 5.55555555555556e-06 5.55555555555556e-06 0.999938888888889 5.55555555555556e-06 5.55555555555556e-06 5.55555555555556e-06 5.55555555555556e-06 5.55555555555556e-06 5.55555555555556e-06 5.55555555555556e-06 5.55555555555556e-06; % D D=0.01
5.55555555555556e-06 5.55555555555556e-06 5.55555555555556e-06 5.55555555555556e-06 5.55555555555556e-06 5.55555555555556e-06 5.55555555555556e-06 5.55555555555556e-06 5.55555555555556e-06 0.999938888888889 5.55555555555556e-06 5.55555555555556e-06; % F D=0.01
5.55555555555556e-06 5.55555555555556e-06 0.999938888888889 5.55555555555556e-06 5.55555555555556e-06 5.55555555555556e-06 5.55555555555556e-06 5.55555555555556e-06 5.55555555555556e-06 5.55555555555556e-06 5.55555555555556e-06 5.55555555555556e-06; % L D=0.01
5.55555555555556e-06 5.55555555555556e-06 5.55555555555556e-06 5.55555555555556e-06 5.55555555555556e-06 5.55555555555556e-06 0.999938888888889 5.55555555555556e-06 5.55555555555556e-06 5.55555555555556e-06 5.55555555555556e-06 5.55555555555556e-06; % P D=0.01
5.55555555555556e-06 5.55555555555556e-06 5.55555555555556e-06 5.55555555555556e-06 5.55555555555556e-06 5.55555555555556e-06 5.55555555555556e-06 5.55555555555556e-06 0.999938888888889 5.55555555555556e-06 5.55555555555556e-06 5.55555555555556e-06; % T D=0.01
0.239955555555556 0.259955555555556 2.22222222222222e-05 2.22222222222222e-05 2.22222222222222e-05 0.206622222222222 2.22222222222222e-05 2.22222222222222e-05 2.22222222222222e-05 2.22222222222222e-05 0.293288888888889 2.22222222222222e-05; % Z D=0.01
0.253288888888889 0.246622222222222 2.22222222222222e-05 2.22222222222222e-05 0.266622222222222 2.22222222222222e-05 2.22222222222222e-05 2.22222222222222e-05 2.22222222222222e-05 2.22222222222222e-05 0.233288888888889 2.22222222222222e-05; % f D=0.01
5.55555555555556e-06 5.55555555555556e-06 5.55555555555556e-06 5.55555555555556e-06 5.55555555555556e-06 5.55555555555556e-06 5.55555555555556e-06 0.999938888888889 5.55555555555556e-06 5.55555555555556e-06 5.55555555555556e-06 5.55555555555556e-06; % m D=0.01
0.239955555555556 2.22222222222222e-05 2.22222222222222e-05 2.22222222222222e-05 0.253288888888889 0.239955555555556 2.22222222222222e-05 2.22222222222222e-05 2.22222222222222e-05 2.22222222222222e-05 0.266622222222222 2.22222222222222e-05; % p D=0.01
5.55555555555556e-06 5.55555555555556e-06 5.55555555555556e-06 5.55555555555556e-06 5.55555555555556e-06 5.55555555555556e-06 5.55555555555556e-06 5.55555555555556e-06 5.55555555555556e-06 5.55555555555556e-06 5.55555555555556e-06 0.999938888888889; % t D=0.01
0.266622222222222 0.226622222222222 2.22222222222222e-05 2.22222222222222e-05 0.246622222222222 0.259955555555556 2.22222222222222e-05 2.22222222222222e-05 2.22222222222222e-05 2.22222222222222e-05 2.22222222222222e-05 2.22222222222222e-05; % v D=0.01
4.44444444444444e-05 0.266577777777778 4.44444444444444e-05 4.44444444444444e-05 0.233244444444444 0.293244444444444 4.44444444444444e-05 4.44444444444444e-05 4.44444444444444e-05 4.44444444444444e-05 0.206577777777778 4.44444444444444e-05; % $ D=0.02
1.11111111111111e-05 1.11111111111111e-05 1.11111111111111e-05 0.999877777777778 1.11111111111111e-05 1.11111111111111e-05 1.11111111111111e-05 1.11111111111111e-05 1.11111111111111e-05 1.11111111111111e-05 1.11111111111111e-05 1.11111111111111e-05; % D D=0.02
1.11111111111111e-05 1.11111111111111e-05 1.11111111111111e-05 1.11111111111111e-05 1.11111111111111e-05 1.11111111111111e-05 1.11111111111111e-05 1.11111111111111e-05 1.11111111111111e-05 0.999877777777778 1.11111111111111e-05 1.11111111111111e-05; % F D=0.02
1.11111111111111e-05 1.11111111111111e-05 0.999877777777778 1.11111111111111e-05 1.11111111111111e-05 1.11111111111111e-05 1.11111111111111e-05 1.11111111111111e-05 1.11111111111111e-05 1.11111111111111e-05 1.11111111111111e-05 1.11111111111111e-05; % L D=0.02
1.11111111111111e-05 1.11111111111111e-05 1.11111111111111e-05 1.11111111111111e-05 1.11111111111111e-05 1.11111111111111e-05 0.999877777777778 1.11111111111111e-05 1.11111111111111e-05 1.11111111111111e-05 1.11111111111111e-05 1.11111111111111e-05; % P D=0.02
1.11111111111111e-05 1.11111111111111e-05 1.11111111111111e-05 1.11111111111111e-05 1.11111111111111e-05 1.11111111111111e-05 1.11111111111111e-05 1.11111111111111e-05 0.999877777777778 1.11111111111111e-05 1.11111111111111e-05 1.11111111111111e-05; % T D=0.02
0.239911111111111 0.259911111111111 4.44444444444444e-05 4.44444444444444e-05 4.44444444444444e-05 0.206577777777778 4.44444444444444e-05 4.44444444444444e-05 4.44444444444444e-05 4.44444444444444e-05 0.293244444444444 4.44444444444444e-05; % Z D=0.02
0.253244444444444 0.246577777777778 4.44444444444444e-05 4.44444444444444e-05 0.266577777777778 4.44444444444444e-05 4.44444444444444e-05 4.44444444444444e-05 4.44444444444444e-05 4.44444444444444e-05 0.233244444444444 4.44444444444444e-05; % f D=0.02
1.11111111111111e-05 1.11111111111111e-05 1.11111111111111e-05 1.11111111111111e-05 1.11111111111111e-05 1.11111111111111e-05 1.11111111111111e-05 0.999877777777778 1.11111111111111e-05 1.11111111111111e-05 1.11111111111111e-05 1.11111111111111e-05; % m D=0.02
0.239911111111111 4.44444444444444e-05 4.44444444444444e-05 4.44444444444444e-05 0.253244444444444 0.239911111111111 4.44444444444444e-05 4.44444444444444e-05 4.44444444444444e-05 4.44444444444444e-05 0.266577777777778 4.44444444444444e-05; % p D=0.02
1.11111111111111e-05 1.11111111111111e-05 1.11111111111111e-05 1.11111111111111e-05 1.11111111111111e-05 1.11111111111111e-05 1.11111111111111e-05 1.11111111111111e-05 1.11111111111111e-05 1.11111111111111e-05 1.11111111111111e-05 0.999877777777778; % t D=0.02
0.266577777777778 0.226577777777778 4.44444444444444e-05 4.44444444444444e-05 0.246577777777778 0.259911111111111 4.44444444444444e-05 4.44444444444444e-05 4.44444444444444e-05 4.44444444444444e-05 4.44444444444444e-05 4.44444444444444e-05; % v D=0.02
0.000111111111111111 0.266444444444444 0.000111111111111111 0.000111111111111111 0.233111111111111 0.293111111111111 0.000111111111111111 0.000111111111111111 0.000111111111111111 0.000111111111111111 0.206444444444444 0.000111111111111111; % $ D=0.05
2.77777777777778e-05 2.77777777777778e-05 2.77777777777778e-05 0.999694444444444 2.77777777777778e-05 2.77777777777778e-05 2.77777777777778e-05 2.77777777777778e-05 2.77777777777778e-05 2.77777777777778e-05 2.77777777777778e-05 2.77777777777778e-05; % D D=0.05
2.77777777777778e-05 2.77777777777778e-05 2.77777777777778e-05 2.77777777777778e-05 2.77777777777778e-05 2.77777777777778e-05 2.77777777777778e-05 2.77777777777778e-05 2.77777777777778e-05 0.999694444444444 2.77777777777778e-05 2.77777777777778e-05; % F D=0.05
2.77777777777778e-05 2.77777777777778e-05 0.999694444444444 2.77777777777778e-05 2.77777777777778e-05 2.77777777777778e-05 2.77777777777778e-05 2.77777777777778e-05 2.77777777777778e-05 2.77777777777778e-05 2.77777777777778e-05 2.77777777777778e-05; % L D=0.05
2.77777777777778e-05 2.77777777777778e-05 2.77777777777778e-05 2.77777777777778e-05 2.77777777777778e-05 2.77777777777778e-05 0.999694444444444 2.77777777777778e-05 2.77777777777778e-05 2.77777777777778e-05 2.77777777777778e-05 2.77777777777778e-05; % P D=0.05
2.77777777777778e-05 2.77777777777778e-05 2.77777777777778e-05 2.77777777777778e-05 2.77777777777778e-05 2.77777777777778e-05 2.77777777777778e-05 2.77777777777778e-05 0.999694444444444 2.77777777777778e-05 2.77777777777778e-05 2.77777777777778e-05; % T D=0.05
0.239777777777778 0.259777777777778 0.000111111111111111 0.000111111111111111 0.000111111111111111 0.206444444444444 0.000111111111111111 0.000111111111111111 0.000111111111111111 0.000111111111111111 0.293111111111111 0.000111111111111111; % Z D=0.05
0.253111111111111 0.246444444444444 0.000111111111111111 0.000111111111111111 0.266444444444444 0.000111111111111111 0.000111111111111111 0.000111111111111111 0.000111111111111111 0.000111111111111111 0.233111111111111 0.000111111111111111; % f D=0.05
2.77777777777778e-05 2.77777777777778e-05 2.77777777777778e-05 2.77777777777778e-05 2.77777777777778e-05 2.77777777777778e-05 2.77777777777778e-05 0.999694444444444 2.77777777777778e-05 2.77777777777778e-05 2.77777777777778e-05 2.77777777777778e-05; % m D=0.05
0.239777777777778 0.000111111111111111 0.000111111111111111 0.000111111111111111 0.253111111111111 0.239777777777778 0.000111111111111111 0.000111111111111111 0.000111111111111111 0.000111111111111111 0.266444444444444 0.000111111111111111; % p D=0.05
2.77777777777778e-05 2.77777777777778e-05 2.77777777777778e-05 2.77777777777778e-05 2.77777777777778e-05 2.77777777777778e-05 2.77777777777778e-05 2.77777777777778e-05 2.77777777777778e-05 2.77777777777778e-05 2.77777777777778e-05 0.999694444444444; % t D=0.05
0.266444444444444 0.226444444444444 0.000111111111111111 0.000111111111111111 0.246444444444444 0.259777777777778 0.000111111111111111 0.000111111111111111 0.000111111111111111 0.000111111111111111 0.000111111111111111 0.000111111111111111; % v D=0.05
0.000222222222222222 0.266222222222222 0.000222222222222222 0.000222222222222222 0.232888888888889 0.292888888888889 0.000222222222222222 0.000222222222222222 0.000222222222222222 0.000222222222222222 0.206222222222222 0.000222222222222222; % $ D=0.1
5.55555555555556e-05 5.55555555555556e-05 5.55555555555556e-05 0.999388888888889 5.55555555555556e-05 5.55555555555556e-05 5.55555555555556e-05 5.55555555555556e-05 5.55555555555556e-05 5.55555555555556e-05 5.55555555555556e-05 5.55555555555556e-05; % D D=0.1
5.55555555555556e-05 5.55555555555556e-05 5.55555555555556e-05 5.55555555555556e-05 5.55555555555556e-05 5.55555555555556e-05 5.55555555555556e-05 5.55555555555556e-05 5.55555555555556e-05 0.999388888888889 5.55555555555556e-05 5.55555555555556e-05; % F D=0.1
5.55555555555556e-05 5.55555555555556e-05 0.999388888888889 5.55555555555556e-05 5.55555555555556e-05 5.55555555555556e-05 5.55555555555556e-05 5.55555555555556e-05 5.55555555555556e-05 5.55555555555556e-05 5.55555555555556e-05 5.55555555555556e-05; % L D=0.1
5.55555555555556e-05 5.55555555555556e-05 5.55555555555556e-05 5.55555555555556e-05 5.55555555555556e-05 5.55555555555556e-05 0.999388888888889 5.55555555555556e-05 5.55555555555556e-05 5.55555555555556e-05 5.55555555555556e-05 5.55555555555556e-05; % P D=0.1
5.55555555555556e-05 5.55555555555556e-05 5.55555555555556e-05 5.55555555555556e-05 5.55555555555556e-05 5.55555555555556e-05 5.55555555555556e-05 5.55555555555556e-05 0.999388888888889 5.55555555555556e-05 5.55555555555556e-05 5.55555555555556e-05; % T D=0.1
0.239555555555556 0.259555555555556 0.000222222222222222 0.000222222222222222 0.000222222222222222 0.206222222222222 0.000222222222222222 0.000222222222222222 0.000222222222222222 0.000222222222222222 0.292888888888889 0.000222222222222222; % Z D=0.1
0.252888888888889 0.246222222222222 0.000222222222222222 0.000222222222222222 0.266222222222222 0.000222222222222222 0.000222222222222222 0.000222222222222222 0.000222222222222222 0.000222222222222222 0.232888888888889 0.000222222222222222; % f D=0.1
5.55555555555556e-05 5.55555555555556e-05 5.55555555555556e-05 5.55555555555556e-05 5.55555555555556e-05 5.55555555555556e-05 5.55555555555556e-05 0.999388888888889 5.55555555555556e-05 5.55555555555556e-05 5.55555555555556e-05 5.55555555555556e-05; % m D=0.1
0.239555555555556 0.000222222222222222 0.000222222222222222 0.000222222222222222 0.252888888888889 0.239555555555556 0.000222222222222222 0.000222222222222222 0.000222222222222222 0.000222222222222222 0.266222222222222 0.000222222222222222; % p D=0.1
5.55555555555556e-05 5.55555555555556e-05 5.55555555555556e-05 5.55555555555556e-05 5.55555555555556e-05 5.55555555555556e-05 5.55555555555556e-05 5.55555555555556e-05 5.55555555555556e-05 5.55555555555556e-05 5.55555555555556e-05 0.999388888888889; % t D=0.1
0.266222222222222 0.226222222222222 0.000222222222222222 0.000222222222222222 0.246222222222222 0.259555555555556 0.000222222222222222 0.000222222222222222 0.000222222222222222 0.000222222222222222 0.000222222222222222 0.000222222222222222; % v D=0.1
0.000444444444444444 0.265777777777778 0.000444444444444444 0.000444444444444444 0.232444444444444 0.292444444444444 0.000444444444444444 0.000444444444444444 0.000444444444444444 0.000444444444444444 0.205777777777778 0.000444444444444444; % $ D=0.2
0.000111111111111111 0.000111111111111111 0.000111111111111111 0.998777777777778 0.000111111111111111 0.000111111111111111 0.000111111111111111 0.000111111111111111 0.000111111111111111 0.000111111111111111 0.000111111111111111 0.000111111111111111; % D D=0.2
0.000111111111111111 0.000111111111111111 0.000111111111111111 0.000111111111111111 0.000111111111111111 0.000111111111111111 0.000111111111111111 0.000111111111111111 0.000111111111111111 0.998777777777778 0.000111111111111111 0.000111111111111111; % F D=0.2
0.000111111111111111 0.000111111111111111 0.998777777777778 0.000111111111111111 0.000111111111111111 0.000111111111111111 0.000111111111111111 0.000111111111111111 0.000111111111111111 0.000111111111111111 0.000111111111111111 0.000111111111111111; % L D=0.2
0.000111111111111111 0.000111111111111111 0.000111111111111111 0.000111111111111111 0.000111111111111111 0.000111111111111111 0.998777777777778 0.000111111111111111 0.000111111111111111 0.000111111111111111 0.000111111111111111 0.000111111111111111; % P D=0.2
0.000111111111111111 0.000111111111111111 0.000111111111111111 0.000111111111111111 0.000111111111111111 0.000111111111111111 0.000111111111111111 0.000111111111111111 0.998777777777778 0.000111111111111111 0.000111111111111111 0.000111111111111111; % T D=0.2
0.239111111111111 0.259111111111111 0.000444444444444444 0.000444444444444444 0.000444444444444444 0.205777777777778 0.000444444444444444 0.000444444444444444 0.000444444444444444 0.000444444444444444 0.292444444444444 0.000444444444444444; % Z D=0.2
0.252444444444444 0.245777777777778 0.000444444444444444 0.000444444444444444 0.265777777777778 0.000444444444444444 0.000444444444444444 0.000444444444444444 0.000444444444444444 0.000444444444444444 0.232444444444444 0.000444444444444444; % f D=0.2
0.000111111111111111 0.000111111111111111 0.000111111111111111 0.000111111111111111 0.000111111111111111 0.000111111111111111 0.000111111111111111 0.998777777777778 0.000111111111111111 0.000111111111111111 0.000111111111111111 0.000111111111111111; % m D=0.2
0.239111111111111 0.000444444444444444 0.000444444444444444 0.000444444444444444 0.252444444444444 0.239111111111111 0.000444444444444444 0.000444444444444444 0.000444444444444444 0.000444444444444444 0.265777777777778 0.000444444444444444; % p D=0.2
0.000111111111111111 0.000111111111111111 0.000111111111111111 0.000111111111111111 0.000111111111111111 0.000111111111111111 0.000111111111111111 0.000111111111111111 0.000111111111111111 0.000111111111111111 0.000111111111111111 0.998777777777778; % t D=0.2
0.265777777777778 0.225777777777778 0.000444444444444444 0.000444444444444444 0.245777777777778 0.259111111111111 0.000444444444444444 0.000444444444444444 0.000444444444444444 0.000444444444444444 0.000444444444444444 0.000444444444444444; % v D=0.2
0.00111111111111111 0.264444444444444 0.00111111111111111 0.00111111111111111 0.231111111111111 0.291111111111111 0.00111111111111111 0.00111111111111111 0.00111111111111111 0.00111111111111111 0.204444444444444 0.00111111111111111; % $ D=0.5
0.000277777777777778 0.000277777777777778 0.000277777777777778 0.996944444444445 0.000277777777777778 0.000277777777777778 0.000277777777777778 0.000277777777777778 0.000277777777777778 0.000277777777777778 0.000277777777777778 0.000277777777777778; % D D=0.5
0.000277777777777778 0.000277777777777778 0.000277777777777778 0.000277777777777778 0.000277777777777778 0.000277777777777778 0.000277777777777778 0.000277777777777778 0.000277777777777778 0.996944444444445 0.000277777777777778 0.000277777777777778; % F D=0.5
0.000277777777777778 0.000277777777777778 0.996944444444445 0.000277777777777778 0.000277777777777778 0.000277777777777778 0.000277777777777778 0.000277777777777778 0.000277777777777778 0.000277777777777778 0.000277777777777778 0.000277777777777778; % L D=0.5
0.000277777777777778 0.000277777777777778 0.000277777777777778 0.000277777777777778 0.000277777777777778 0.000277777777777778 0.996944444444445 0.000277777777777778 0.000277777777777778 0.000277777777777778 0.000277777777777778 0.000277777777777778; % P D=0.5
0.000277777777777778 0.000277777777777778 0.000277777777777778 0.000277777777777778 0.000277777777777778 0.000277777777777778 0.000277777777777778 0.000277777777777778 0.996944444444445 0.000277777777777778 0.000277777777777778 0.000277777777777778; % T D=0.5
0.237777777777778 0.257777777777778 0.00111111111111111 0.00111111111111111 0.00111111111111111 0.204444444444444 0.00111111111111111 0.00111111111111111 0.00111111111111111 0.00111111111111111 0.291111111111111 0.00111111111111111; % Z D=0.5
0.251111111111111 0.244444444444444 0.00111111111111111 0.00111111111111111 0.264444444444444 0.00111111111111111 0.00111111111111111 0.00111111111111111 0.00111111111111111 0.00111111111111111 0.231111111111111 0.00111111111111111; % f D=0.5
0.000277777777777778 0.000277777777777778 0.000277777777777778 0.000277777777777778 0.000277777777777778 0.000277777777777778 0.000277777777777778 0.996944444444445 0.000277777777777778 0.000277777777777778 0.000277777777777778 0.000277777777777778; % m D=0.5
0.237777777777778 0.00111111111111111 0.00111111111111111 0.00111111111111111 0.251111111111111 0.237777777777778 0.00111111111111111 0.00111111111111111 0.00111111111111111 0.00111111111111111 0.264444444444444 0.00111111111111111; % p D=0.5
0.000277777777777778 0.000277777777777778 0.000277777777777778 0.000277777777777778 0.000277777777777778 0.000277777777777778 0.000277777777777778 0.000277777777777778 0.000277777777777778 0.000277777777777778 0.000277777777777778 0.996944444444445; % t D=0.5
0.264444444444444 0.224444444444444 0.00111111111111111 0.00111111111111111 0.244444444444444 0.257777777777778 0.00111111111111111 0.00111111111111111 0.00111111111111111 0.00111111111111111 0.00111111111111111 0.00111111111111111; % v D=0.5
0.00222222222222222 0.262222222222222 0.00222222222222222 0.00222222222222222 0.228888888888889 0.288888888888889 0.00222222222222222 0.00222222222222222 0.00222222222222222 0.00222222222222222 0.202222222222222 0.00222222222222222; % $ D=1
0.000555555555555556 0.000555555555555556 0.000555555555555556 0.993888888888889 0.000555555555555556 0.000555555555555556 0.000555555555555556 0.000555555555555556 0.000555555555555556 0.000555555555555556 0.000555555555555556 0.000555555555555556; % D D=1
0.000555555555555556 0.000555555555555556 0.000555555555555556 0.000555555555555556 0.000555555555555556 0.000555555555555556 0.000555555555555556 0.000555555555555556 0.000555555555555556 0.993888888888889 0.000555555555555556 0.000555555555555556; % F D=1
0.000555555555555556 0.000555555555555556 0.993888888888889 0.000555555555555556 0.000555555555555556 0.000555555555555556 0.000555555555555556 0.000555555555555556 0.000555555555555556 0.000555555555555556 0.000555555555555556 0.000555555555555556; % L D=1
0.000555555555555556 0.000555555555555556 0.000555555555555556 0.000555555555555556 0.000555555555555556 0.000555555555555556 0.993888888888889 0.000555555555555556 0.000555555555555556 0.000555555555555556 0.000555555555555556 0.000555555555555556; % P D=1
0.000555555555555556 0.000555555555555556 0.000555555555555556 0.000555555555555556 0.000555555555555556 0.000555555555555556 0.000555555555555556 0.000555555555555556 0.993888888888889 0.000555555555555556 0.000555555555555556 0.000555555555555556; % T D=1
0.235555555555556 0.255555555555556 0.00222222222222222 0.00222222222222222 0.00222222222222222 0.202222222222222 0.00222222222222222 0.00222222222222222 0.00222222222222222 0.00222222222222222 0.288888888888889 0.00222222222222222; % Z D=1
0.248888888888889 0.242222222222222 0.00222222222222222 0.00222222222222222 0.262222222222222 0.00222222222222222 0.00222222222222222 0.00222222222222222 0.00222222222222222 0.00222222222222222 0.228888888888889 0.00222222222222222; % f D=1
0.000555555555555556 0.000555555555555556 0.000555555555555556 0.000555555555555556 0.000555555555555556 0.000555555555555556 0.000555555555555556 0.993888888888889 0.000555555555555556 0.000555555555555556 0.000555555555555556 0.000555555555555556; % m D=1
0.235555555555556 0.00222222222222222 0.00222222222222222 0.00222222222222222 0.248888888888889 0.235555555555556 0.00222222222222222 0.00222222222222222 0.00222222222222222 0.00222222222222222 0.262222222222222 0.00222222222222222; % p D=1
0.000555555555555556 0.000555555555555556 0.000555555555555556 0.000555555555555556 0.000555555555555556 0.000555555555555556 0.000555555555555556 0.000555555555555556 0.000555555555555556 0.000555555555555556 0.000555555555555556 0.993888888888889; % t D=1
0.262222222222222 0.222222222222222 0.00222222222222222 0.00222222222222222 0.242222222222222 0.255555555555556 0.00222222222222222 0.00222222222222222 0.00222222222222222 0.00222222222222222 0.00222222222222222 0.00222222222222222; % v D=1
0.00444444444444444 0.257777777777778 0.00444444444444444 0.00444444444444444 0.224444444444444 0.284444444444444 0.00444444444444444 0.00444444444444444 0.00444444444444444 0.00444444444444444 0.197777777777778 0.00444444444444444; % $ D=2
0.00111111111111111 0.00111111111111111 0.00111111111111111 0.987777777777778 0.00111111111111111 0.00111111111111111 0.00111111111111111 0.00111111111111111 0.00111111111111111 0.00111111111111111 0.00111111111111111 0.00111111111111111; % D D=2
0.00111111111111111 0.00111111111111111 0.00111111111111111 0.00111111111111111 0.00111111111111111 0.00111111111111111 0.00111111111111111 0.00111111111111111 0.00111111111111111 0.987777777777778 0.00111111111111111 0.00111111111111111; % F D=2
0.00111111111111111 0.00111111111111111 0.987777777777778 0.00111111111111111 0.00111111111111111 0.00111111111111111 0.00111111111111111 0.00111111111111111 0.00111111111111111 0.00111111111111111 0.00111111111111111 0.00111111111111111; % L D=2
0.00111111111111111 0.00111111111111111 0.00111111111111111 0.00111111111111111 0.00111111111111111 0.00111111111111111 0.987777777777778 0.00111111111111111 0.00111111111111111 0.00111111111111111 0.00111111111111111 0.00111111111111111; % P D=2
0.00111111111111111 0.00111111111111111 0.00111111111111111 0.00111111111111111 0.00111111111111111 0.00111111111111111 0.00111111111111111 0.00111111111111111 0.987777777777778 0.00111111111111111 0.00111111111111111 0.00111111111111111; % T D=2
0.231111111111111 0.251111111111111 0.00444444444444444 0.00444444444444444 0.00444444444444444 0.197777777777778 0.00444444444444444 0.00444444444444444 0.00444444444444444 0.00444444444444444 0.284444444444444 0.00444444444444444; % Z D=2
0.244444444444444 0.237777777777778 0.00444444444444444 0.00444444444444444 0.257777777777778 0.00444444444444444 0.00444444444444444 0.00444444444444444 0.00444444444444444 0.00444444444444444 0.224444444444444 0.00444444444444444; % f D=2
0.00111111111111111 0.00111111111111111 0.00111111111111111 0.00111111111111111 0.00111111111111111 0.00111111111111111 0.00111111111111111 0.987777777777778 0.00111111111111111 0.00111111111111111 0.00111111111111111 0.00111111111111111; % m D=2
0.231111111111111 0.00444444444444444 0.00444444444444444 0.00444444444444444 0.244444444444444 0.231111111111111 0.00444444444444444 0.00444444444444444 0.00444444444444444 0.00444444444444444 0.257777777777778 0.00444444444444444; % p D=2
0.00111111111111111 0.00111111111111111 0.00111111111111111 0.00111111111111111 0.00111111111111111 0.00111111111111111 0.00111111111111111 0.00111111111111111 0.00111111111111111 0.00111111111111111 0.00111111111111111 0.987777777777778; % t D=2
0.257777777777778 0.217777777777778 0.00444444444444444 0.00444444444444444 0.237777777777778 0.251111111111111 0.00444444444444444 0.00444444444444444 0.00444444444444444 0.00444444444444444 0.00444444444444444 0.00444444444444444; % v D=2
0.00666666666666667 0.253333333333333 0.00666666666666667 0.00666666666666667 0.22 0.28 0.00666666666666667 0.00666666666666667 0.00666666666666667 0.00666666666666667 0.193333333333333 0.00666666666666667; % $ D=3
0.00166666666666667 0.00166666666666667 0.00166666666666667 0.981666666666667 0.00166666666666667 0.00166666666666667 0.00166666666666667 0.00166666666666667 0.00166666666666667 0.00166666666666667 0.00166666666666667 0.00166666666666667; % D D=3
0.00166666666666667 0.00166666666666667 0.00166666666666667 0.00166666666666667 0.00166666666666667 0.00166666666666667 0.00166666666666667 0.00166666666666667 0.00166666666666667 0.981666666666667 0.00166666666666667 0.00166666666666667; % F D=3
0.00166666666666667 0.00166666666666667 0.981666666666667 0.00166666666666667 0.00166666666666667 0.00166666666666667 0.00166666666666667 0.00166666666666667 0.00166666666666667 0.00166666666666667 0.00166666666666667 0.00166666666666667; % L D=3
0.00166666666666667 0.00166666666666667 0.00166666666666667 0.00166666666666667 0.00166666666666667 0.00166666666666667 0.981666666666667 0.00166666666666667 0.00166666666666667 0.00166666666666667 0.00166666666666667 0.00166666666666667; % P D=3
0.00166666666666667 0.00166666666666667 0.00166666666666667 0.00166666666666667 0.00166666666666667 0.00166666666666667 0.00166666666666667 0.00166666666666667 0.981666666666667 0.00166666666666667 0.00166666666666667 0.00166666666666667; % T D=3
0.226666666666667 0.246666666666667 0.00666666666666667 0.00666666666666667 0.00666666666666667 0.193333333333333 0.00666666666666667 0.00666666666666667 0.00666666666666667 0.00666666666666667 0.28 0.00666666666666667; % Z D=3
0.24 0.233333333333333 0.00666666666666667 0.00666666666666667 0.253333333333333 0.00666666666666667 0.00666666666666667 0.00666666666666667 0.00666666666666667 0.00666666666666667 0.22 0.00666666666666667; % f D=3
0.00166666666666667 0.00166666666666667 0.00166666666666667 0.00166666666666667 0.00166666666666667 0.00166666666666667 0.00166666666666667 0.981666666666667 0.00166666666666667 0.00166666666666667 0.00166666666666667 0.00166666666666667; % m D=3
0.226666666666667 0.00666666666666667 0.00666666666666667 0.00666666666666667 0.24 0.226666666666667 0.00666666666666667 0.00666666666666667 0.00666666666666667 0.00666666666666667 0.253333333333333 0.00666666666666667; % p D=3
0.00166666666666667 0.00166666666666667 0.00166666666666667 0.00166666666666667 0.00166666666666667 0.00166666666666667 0.00166666666666667 0.00166666666666667 0.00166666666666667 0.00166666666666667 0.00166666666666667 0.981666666666667; % t D=3
0.253333333333333 0.213333333333333 0.00666666666666667 0.00666666666666667 0.233333333333333 0.246666666666667 0.00666666666666667 0.00666666666666667 0.00666666666666667 0.00666666666666667 0.00666666666666667 0.00666666666666667; % v D=3
0.00888888888888889 0.248888888888889 0.00888888888888889 0.00888888888888889 0.215555555555556 0.275555555555556 0.00888888888888889 0.00888888888888889 0.00888888888888889 0.00888888888888889 0.188888888888889 0.00888888888888889; % $ D=4
0.00222222222222222 0.00222222222222222 0.00222222222222222 0.975555555555556 0.00222222222222222 0.00222222222222222 0.00222222222222222 0.00222222222222222 0.00222222222222222 0.00222222222222222 0.00222222222222222 0.00222222222222222; % D D=4
0.00222222222222222 0.00222222222222222 0.00222222222222222 0.00222222222222222 0.00222222222222222 0.00222222222222222 0.00222222222222222 0.00222222222222222 0.00222222222222222 0.975555555555556 0.00222222222222222 0.00222222222222222; % F D=4
0.00222222222222222 0.00222222222222222 0.975555555555556 0.00222222222222222 0.00222222222222222 0.00222222222222222 0.00222222222222222 0.00222222222222222 0.00222222222222222 0.00222222222222222 0.00222222222222222 0.00222222222222222; % L D=4
0.00222222222222222 0.00222222222222222 0.00222222222222222 0.00222222222222222 0.00222222222222222 0.00222222222222222 0.975555555555556 0.00222222222222222 0.00222222222222222 0.00222222222222222 0.00222222222222222 0.00222222222222222; % P D=4
0.00222222222222222 0.00222222222222222 0.00222222222222222 0.00222222222222222 0.00222222222222222 0.00222222222222222 0.00222222222222222 0.00222222222222222 0.975555555555556 0.00222222222222222 0.00222222222222222 0.00222222222222222; % T D=4
0.222222222222222 0.242222222222222 0.00888888888888889 0.00888888888888889 0.00888888888888889 0.188888888888889 0.00888888888888889 0.00888888888888889 0.00888888888888889 0.00888888888888889 0.275555555555556 0.00888888888888889; % Z D=4
0.235555555555556 0.228888888888889 0.00888888888888889 0.00888888888888889 0.248888888888889 0.00888888888888889 0.00888888888888889 0.00888888888888889 0.00888888888888889 0.00888888888888889 0.215555555555556 0.00888888888888889; % f D=4
0.00222222222222222 0.00222222222222222 0.00222222222222222 0.00222222222222222 0.00222222222222222 0.00222222222222222 0.00222222222222222 0.975555555555556 0.00222222222222222 0.00222222222222222 0.00222222222222222 0.00222222222222222; % m D=4
0.222222222222222 0.00888888888888889 0.00888888888888889 0.00888888888888889 0.235555555555556 0.222222222222222 0.00888888888888889 0.00888888888888889 0.00888888888888889 0.00888888888888889 0.248888888888889 0.00888888888888889; % p D=4
0.00222222222222222 0.00222222222222222 0.00222222222222222 0.00222222222222222 0.00222222222222222 0.00222222222222222 0.00222222222222222 0.00222222222222222 0.00222222222222222 0.00222222222222222 0.00222222222222222 0.975555555555556; % t D=4
0.248888888888889 0.208888888888889 0.00888888888888889 0.00888888888888889 0.228888888888889 0.242222222222222 0.00888888888888889 0.00888888888888889 0.00888888888888889 0.00888888888888889 0.00888888888888889 0.00888888888888889; % v D=4
0.0111111111111111 0.244444444444444 0.0111111111111111 0.0111111111111111 0.211111111111111 0.271111111111111 0.0111111111111111 0.0111111111111111 0.0111111111111111 0.0111111111111111 0.184444444444444 0.0111111111111111; % $ D=5
0.00277777777777778 0.00277777777777778 0.00277777777777778 0.969444444444444 0.00277777777777778 0.00277777777777778 0.00277777777777778 0.00277777777777778 0.00277777777777778 0.00277777777777778 0.00277777777777778 0.00277777777777778; % D D=5
0.00277777777777778 0.00277777777777778 0.00277777777777778 0.00277777777777778 0.00277777777777778 0.00277777777777778 0.00277777777777778 0.00277777777777778 0.00277777777777778 0.969444444444444 0.00277777777777778 0.00277777777777778; % F D=5
0.00277777777777778 0.00277777777777778 0.969444444444444 0.00277777777777778 0.00277777777777778 0.00277777777777778 0.00277777777777778 0.00277777777777778 0.00277777777777778 0.00277777777777778 0.00277777777777778 0.00277777777777778; % L D=5
0.00277777777777778 0.00277777777777778 0.00277777777777778 0.00277777777777778 0.00277777777777778 0.00277777777777778 0.969444444444444 0.00277777777777778 0.00277777777777778 0.00277777777777778 0.00277777777777778 0.00277777777777778; % P D=5
0.00277777777777778 0.00277777777777778 0.00277777777777778 0.00277777777777778 0.00277777777777778 0.00277777777777778 0.00277777777777778 0.00277777777777778 0.969444444444444 0.00277777777777778 0.00277777777777778 0.00277777777777778; % T D=5
0.217777777777778 0.237777777777778 0.0111111111111111 0.0111111111111111 0.0111111111111111 0.184444444444444 0.0111111111111111 0.0111111111111111 0.0111111111111111 0.0111111111111111 0.271111111111111 0.0111111111111111; % Z D=5
0.231111111111111 0.224444444444444 0.0111111111111111 0.0111111111111111 0.244444444444444 0.0111111111111111 0.0111111111111111 0.0111111111111111 0.0111111111111111 0.0111111111111111 0.211111111111111 0.0111111111111111; % f D=5
0.00277777777777778 0.00277777777777778 0.00277777777777778 0.00277777777777778 0.00277777777777778 0.00277777777777778 0.00277777777777778 0.969444444444444 0.00277777777777778 0.00277777777777778 0.00277777777777778 0.00277777777777778; % m D=5
0.217777777777778 0.0111111111111111 0.0111111111111111 0.0111111111111111 0.231111111111111 0.217777777777778 0.0111111111111111 0.0111111111111111 0.0111111111111111 0.0111111111111111 0.244444444444444 0.0111111111111111; % p D=5
0.00277777777777778 0.00277777777777778 0.00277777777777778 0.00277777777777778 0.00277777777777778 0.00277777777777778 0.00277777777777778 0.00277777777777778 0.00277777777777778 0.00277777777777778 0.00277777777777778 0.969444444444444; % t D=5
0.244444444444444 0.204444444444444 0.0111111111111111 0.0111111111111111 0.224444444444444 0.237777777777778 0.0111111111111111 0.0111111111111111 0.0111111111111111 0.0111111111111111 0.0111111111111111 0.0111111111111111; % v D=5
0.0133333333333333 0.24 0.0133333333333333 0.0133333333333333 0.206666666666667 0.266666666666667 0.0133333333333333 0.0133333333333333 0.0133333333333333 0.0133333333333333 0.18 0.0133333333333333; % $ D=6
0.00333333333333333 0.00333333333333333 0.00333333333333333 0.963333333333333 0.00333333333333333 0.00333333333333333 0.00333333333333333 0.00333333333333333 0.00333333333333333 0.00333333333333333 0.00333333333333333 0.00333333333333333; % D D=6
0.00333333333333333 0.00333333333333333 0.00333333333333333 0.00333333333333333 0.00333333333333333 0.00333333333333333 0.00333333333333333 0.00333333333333333 0.00333333333333333 0.963333333333333 0.00333333333333333 0.00333333333333333; % F D=6
0.00333333333333333 0.00333333333333333 0.963333333333333 0.00333333333333333 0.00333333333333333 0.00333333333333333 0.00333333333333333 0.00333333333333333 0.00333333333333333 0.00333333333333333 0.00333333333333333 0.00333333333333333; % L D=6
0.00333333333333333 0.00333333333333333 0.00333333333333333 0.00333333333333333 0.00333333333333333 0.00333333333333333 0.963333333333333 0.00333333333333333 0.00333333333333333 0.00333333333333333 0.00333333333333333 0.00333333333333333; % P D=6
0.00333333333333333 0.00333333333333333 0.00333333333333333 0.00333333333333333 0.00333333333333333 0.00333333333333333 0.00333333333333333 0.00333333333333333 0.963333333333333 0.00333333333333333 0.00333333333333333 0.00333333333333333; % T D=6
0.213333333333333 0.233333333333333 0.0133333333333333 0.0133333333333333 0.0133333333333333 0.18 0.0133333333333333 0.0133333333333333 0.0133333333333333 0.0133333333333333 0.266666666666667 0.0133333333333333; % Z D=6
0.226666666666667 0.22 0.0133333333333333 0.0133333333333333 0.24 0.0133333333333333 0.0133333333333333 0.0133333333333333 0.0133333333333333 0.0133333333333333 0.206666666666667 0.0133333333333333; % f D=6
0.00333333333333333 0.00333333333333333 0.00333333333333333 0.00333333333333333 0.00333333333333333 0.00333333333333333 0.00333333333333333 0.963333333333333 0.00333333333333333 0.00333333333333333 0.00333333333333333 0.00333333333333333; % m D=6
0.213333333333333 0.0133333333333333 0.0133333333333333 0.0133333333333333 0.226666666666667 0.213333333333333 0.0133333333333333 0.0133333333333333 0.0133333333333333 0.0133333333333333 0.24 0.0133333333333333; % p D=6
0.00333333333333333 0.00333333333333333 0.00333333333333333 0.00333333333333333 0.00333333333333333 0.00333333333333333 0.00333333333333333 0.00333333333333333 0.00333333333333333 0.00333333333333333 0.00333333333333333 0.963333333333333; % t D=6
0.24 0.2 0.0133333333333333 0.0133333333333333 0.22 0.233333333333333 0.0133333333333333 0.0133333333333333 0.0133333333333333 0.0133333333333333 0.0133333333333333 0.0133333333333333; % v D=6
0.0177777777777778 0.231111111111111 0.0177777777777778 0.0177777777777778 0.197777777777778 0.257777777777778 0.0177777777777778 0.0177777777777778 0.0177777777777778 0.0177777777777778 0.171111111111111 0.0177777777777778; % $ D=8
0.00444444444444444 0.00444444444444444 0.00444444444444444 0.951111111111111 0.00444444444444444 0.00444444444444444 0.00444444444444444 0.00444444444444444 0.00444444444444444 0.00444444444444444 0.00444444444444444 0.00444444444444444; % D D=8
0.00444444444444444 0.00444444444444444 0.00444444444444444 0.00444444444444444 0.00444444444444444 0.00444444444444444 0.00444444444444444 0.00444444444444444 0.00444444444444444 0.951111111111111 0.00444444444444444 0.00444444444444444; % F D=8
0.00444444444444444 0.00444444444444444 0.951111111111111 0.00444444444444444 0.00444444444444444 0.00444444444444444 0.00444444444444444 0.00444444444444444 0.00444444444444444 0.00444444444444444 0.00444444444444444 0.00444444444444444; % L D=8
0.00444444444444444 0.00444444444444444 0.00444444444444444 0.00444444444444444 0.00444444444444444 0.00444444444444444 0.951111111111111 0.00444444444444444 0.00444444444444444 0.00444444444444444 0.00444444444444444 0.00444444444444444; % P D=8
0.00444444444444444 0.00444444444444444 0.00444444444444444 0.00444444444444444 0.00444444444444444 0.00444444444444444 0.00444444444444444 0.00444444444444444 0.951111111111111 0.00444444444444444 0.00444444444444444 0.00444444444444444; % T D=8
0.204444444444444 0.224444444444444 0.0177777777777778 0.0177777777777778 0.0177777777777778 0.171111111111111 0.0177777777777778 0.0177777777777778 0.0177777777777778 0.0177777777777778 0.257777777777778 0.0177777777777778; % Z D=8
0.217777777777778 0.211111111111111 0.0177777777777778 0.0177777777777778 0.231111111111111 0.0177777777777778 0.0177777777777778 0.0177777777777778 0.0177777777777778 0.0177777777777778 0.197777777777778 0.0177777777777778; % f D=8
0.00444444444444444 0.00444444444444444 0.00444444444444444 0.00444444444444444 0.00444444444444444 0.00444444444444444 0.00444444444444444 0.951111111111111 0.00444444444444444 0.00444444444444444 0.00444444444444444 0.00444444444444444; % m D=8
0.204444444444444 0.0177777777777778 0.0177777777777778 0.0177777777777778 0.217777777777778 0.204444444444444 0.0177777777777778 0.0177777777777778 0.0177777777777778 0.0177777777777778 0.231111111111111 0.0177777777777778; % p D=8
0.00444444444444444 0.00444444444444444 0.00444444444444444 0.00444444444444444 0.00444444444444444 0.00444444444444444 0.00444444444444444 0.00444444444444444 0.00444444444444444 0.00444444444444444 0.00444444444444444 0.951111111111111; % t D=8
0.231111111111111 0.191111111111111 0.0177777777777778 0.0177777777777778 0.211111111111111 0.224444444444444 0.0177777777777778 0.0177777777777778 0.0177777777777778 0.0177777777777778 0.0177777777777778 0.0177777777777778; % v D=8
0.0222222222222222 0.222222222222222 0.0222222222222222 0.0222222222222222 0.188888888888889 0.248888888888889 0.0222222222222222 0.0222222222222222 0.0222222222222222 0.0222222222222222 0.162222222222222 0.0222222222222222; % $ D=10
0.00555555555555556 0.00555555555555556 0.00555555555555556 0.938888888888889 0.00555555555555556 0.00555555555555556 0.00555555555555556 0.00555555555555556 0.00555555555555556 0.00555555555555556 0.00555555555555556 0.00555555555555556; % D D=10
0.00555555555555556 0.00555555555555556 0.00555555555555556 0.00555555555555556 0.00555555555555556 0.00555555555555556 0.00555555555555556 0.00555555555555556 0.00555555555555556 0.938888888888889 0.00555555555555556 0.00555555555555556; % F D=10
0.00555555555555556 0.00555555555555556 0.938888888888889 0.00555555555555556 0.00555555555555556 0.00555555555555556 0.00555555555555556 0.00555555555555556 0.00555555555555556 0.00555555555555556 0.00555555555555556 0.00555555555555556; % L D=10
