Choice_probs = [];

%==> len1file10_a20.out <==
Choice_probs = [Choice_probs;
[0.974582, 0.971666, 0.983333, 0.982083, 0.997083, 1, 1, 1, 1, 1]];
%==> len1file1_a20.out <==
Choice_probs = [Choice_probs;
[0.971666, 0.960416, 0.978749, 0.982499, 0.992916, 0.996666, 1, 1, 1, 1]];
%==> len1file2_a20.out <==
Choice_probs = [Choice_probs;
[0.978333, 0.978333, 0.981249, 0.951249, 0.979166, 1, 1, 1, 1, 1]];
%==> len1file3_a20.out <==
Choice_probs = [Choice_probs;
[0.964999, 0.973749, 0.970833, 0.976666, 0.9825, 1, 1, 1, 1, 1]];
%==> len1file4_a20.out <==
Choice_probs = [Choice_probs;
[0.964999, 0.977916, 0.970416, 0.95625, 0.990833, 1, 1, 1, 1, 1]];
%==> len1file5_a20.out <==
Choice_probs = [Choice_probs;
[0.950416, 0.979166, 0.958749, 0.975833, 0.980416, 1, 1, 1, 1, 1]];
%==> len1file6_a20.out <==
Choice_probs = [Choice_probs;
[0.944583, 0.965833, 0.961666, 0.969583, 0.987499, 1, 1, 1, 1, 1]];
%==> len1file7_a20.out <==
Choice_probs = [Choice_probs;
[0.969583, 0.974999, 0.978749, 0.974166, 0.984166, 0.995416, 1, 1, 1, 1]];
%==> len1file8_a20.out <==
Choice_probs = [Choice_probs;
[0.997082, 0.956249, 0.980833, 0.984999, 0.982083, 1, 1, 1, 1, 1]];
%==> len1file9_a20.out <==
Choice_probs = [Choice_probs;
[0.980833, 0.959583, 0.990416, 0.981249, 0.988333, 1, 1, 1, 1, 1]];
%==> len2file10_a20.out <==
Choice_probs = [Choice_probs;
[0.899633, 0.92324, 0.903221, 0.928165, 0.930962, 0.969581, 0.998004, 0.998878, 0.999942, 1]];
%==> len2file1_a20.out <==
Choice_probs = [Choice_probs;
[0.905857, 0.871766, 0.899241, 0.908222, 0.950093, 0.978744, 0.998891, 0.999783, 1, 1]];
%==> len2file2_a20.out <==
Choice_probs = [Choice_probs;
[0.872811, 0.88462, 0.876792, 0.881953, 0.884565, 0.961151, 0.998759, 0.99881, 0.999954, 1]];
%==> len2file3_a20.out <==
Choice_probs = [Choice_probs;
[0.889105, 0.907601, 0.900953, 0.915346, 0.940714, 0.962307, 0.999132, 0.99986, 1, 1]];
%==> len2file4_a20.out <==
Choice_probs = [Choice_probs;
[0.895001, 0.875319, 0.878629, 0.917676, 0.919299, 0.943456, 0.997344, 0.999431, 1, 1]];
%==> len2file5_a20.out <==
Choice_probs = [Choice_probs;
[0.904623, 0.904081, 0.919076, 0.883965, 0.920823, 0.958036, 0.997167, 0.999092, 0.999727, 1]];
%==> len2file6_a20.out <==
Choice_probs = [Choice_probs;
[0.871453, 0.89251, 0.897592, 0.913996, 0.912297, 0.952387, 0.997087, 0.999409, 1, 1]];
%==> len2file7_a20.out <==
Choice_probs = [Choice_probs;
[0.914456, 0.887352, 0.901328, 0.94548, 0.949393, 0.97079, 0.996233, 0.999565, 0.999689, 1]];
%==> len2file8_a20.out <==
Choice_probs = [Choice_probs;
[0.872966, 0.896398, 0.925699, 0.929077, 0.929306, 0.968826, 0.996844, 0.998958, 1, 1]];
%==> len2file9_a20.out <==
Choice_probs = [Choice_probs;
[0.863963, 0.873734, 0.883219, 0.892706, 0.91038, 0.960111, 0.999739, 0.99955, 1, 1]];
%==> len3file10_a20.out <==
Choice_probs = [Choice_probs;
[0.8636, 0.860748, 0.885535, 0.894435, 0.880159, 0.921791, 0.990086, 0.99886, 0.999928, 1]];
%==> len3file1_a20.out <==
Choice_probs = [Choice_probs;
[0.839242, 0.8429, 0.815124, 0.796764, 0.841257, 0.929898, 0.983782, 0.99891, 0.999916, 1]];
%==> len3file2_a20.out <==
Choice_probs = [Choice_probs;
[0.850672, 0.870348, 0.861589, 0.87687, 0.897874, 0.938998, 0.995995, 0.998308, 1, 1]];
%==> len3file3_a20.out <==
Choice_probs = [Choice_probs;
[0.883851, 0.867807, 0.879726, 0.885988, 0.891348, 0.938366, 0.992217, 0.998091, 1, 1]];
%==> len3file4_a20.out <==
Choice_probs = [Choice_probs;
[0.878109, 0.862872, 0.905042, 0.880215, 0.913375, 0.921228, 0.994519, 0.999124, 1, 1]];
%==> len3file5_a20.out <==
Choice_probs = [Choice_probs;
[0.858654, 0.834725, 0.868625, 0.840978, 0.864576, 0.94584, 0.994756, 0.999196, 1, 1]];
%==> len3file6_a20.out <==
Choice_probs = [Choice_probs;
[0.870779, 0.864808, 0.881713, 0.899536, 0.926738, 0.93389, 0.997122, 0.999592, 0.99992, 1]];
%==> len3file7_a20.out <==
Choice_probs = [Choice_probs;
[0.823692, 0.867797, 0.88234, 0.88882, 0.871109, 0.932171, 0.996192, 0.999493, 1, 1]];
%==> len3file8_a20.out <==
Choice_probs = [Choice_probs;
[0.880289, 0.874358, 0.890537, 0.873654, 0.937315, 0.959485, 0.989316, 0.998705, 1, 1]];
%==> len3file9_a20.out <==
Choice_probs = [Choice_probs;
[0.882654, 0.856485, 0.823057, 0.886372, 0.864872, 0.929749, 0.997883, 0.99896, 0.999924, 1]];
%==> len4file10_a20.out <==
Choice_probs = [Choice_probs;
[0.828922, 0.871207, 0.817985, 0.876433, 0.864541, 0.921965, 0.989079, 0.99897, 0.99992, 1]];
%==> len4file1_a20.out <==
Choice_probs = [Choice_probs;
[0.837786, 0.841267, 0.821573, 0.834907, 0.868632, 0.928882, 0.988428, 0.997824, 1, 1]];
%==> len4file2_a20.out <==
Choice_probs = [Choice_probs;
[0.858606, 0.867872, 0.86512, 0.867747, 0.884108, 0.911568, 0.988438, 0.998555, 1, 1]];
%==> len4file3_a20.out <==
Choice_probs = [Choice_probs;
[0.839666, 0.810811, 0.837391, 0.843494, 0.870666, 0.884134, 0.978483, 0.996609, 0.999899, 1]];
%==> len4file4_a20.out <==
Choice_probs = [Choice_probs;
[0.821477, 0.811061, 0.817243, 0.809033, 0.867861, 0.898954, 0.975097, 0.999261, 0.999952, 1]];
%==> len4file5_a20.out <==
Choice_probs = [Choice_probs;
[0.877798, 0.852653, 0.871194, 0.871197, 0.890853, 0.901294, 0.972792, 0.998017, 0.999803, 1]];
%==> len4file6_a20.out <==
Choice_probs = [Choice_probs;
[0.815699, 0.870458, 0.831464, 0.824403, 0.856533, 0.914871, 0.993293, 0.998193, 0.999859, 1]];
%==> len4file7_a20.out <==
Choice_probs = [Choice_probs;
[0.821107, 0.835529, 0.861911, 0.85702, 0.889349, 0.95772, 0.982292, 0.997933, 0.999825, 1]];
%==> len4file8_a20.out <==
Choice_probs = [Choice_probs;
[0.814477, 0.776955, 0.835416, 0.848473, 0.841049, 0.871922, 0.970338, 0.999507, 0.999792, 1]];
%==> len4file9_a20.out <==
Choice_probs = [Choice_probs;
[0.823175, 0.846417, 0.812285, 0.884488, 0.84296, 0.894895, 0.985185, 0.999388, 0.999935, 1]];
%==> len6file10_a20.out <==
Choice_probs = [Choice_probs;
[0.805555, 0.850182, 0.808403, 0.85107, 0.847857, 0.895015, 0.964557, 0.999662, 0.999788, 1]];
%==> len6file1_a20.out <==
Choice_probs = [Choice_probs;
[0.854291, 0.795902, 0.786744, 0.8126, 0.85102, 0.872315, 0.960306, 0.999312, 0.999898, 1]];
%==> len6file2_a20.out <==
Choice_probs = [Choice_probs;
[0.846326, 0.812687, 0.824573, 0.834789, 0.852937, 0.891447, 0.981155, 0.998139, 1, 1]];
%==> len6file3_a20.out <==
Choice_probs = [Choice_probs;
[0.828786, 0.814711, 0.827141, 0.839962, 0.857589, 0.888687, 0.971548, 0.998647, 0.999922, 1]];
%==> len6file4_a20.out <==
Choice_probs = [Choice_probs;
[0.82022, 0.800634, 0.770942, 0.832604, 0.8123, 0.850886, 0.963947, 0.998337, 0.999712, 1]];
%==> len6file5_a20.out <==
Choice_probs = [Choice_probs;
[0.793524, 0.820519, 0.802799, 0.796266, 0.82972, 0.883787, 0.982512, 0.997987, 0.999944, 1]];
%==> len6file6_a20.out <==
Choice_probs = [Choice_probs;
[0.82199, 0.858685, 0.827584, 0.848711, 0.843754, 0.909313, 0.944511, 0.999118, 1, 1]];
%==> len6file7_a20.out <==
Choice_probs = [Choice_probs;
[0.804584, 0.820061, 0.824062, 0.841664, 0.848241, 0.890407, 0.97495, 0.99768, 0.999608, 1]];
%==> len6file8_a20.out <==
Choice_probs = [Choice_probs;
[0.828903, 0.837744, 0.822651, 0.844235, 0.855276, 0.884729, 0.975627, 0.999999, 0.999613, 1]];
%==> len6file9_a20.out <==
Choice_probs = [Choice_probs;
[0.829527, 0.851478, 0.84297, 0.86161, 0.867803, 0.876322, 0.952322, 0.997492, 1, 1]];
%==> len8file10_a20.out <==
Choice_probs = [Choice_probs;
[0.834341, 0.83802, 0.854591, 0.86093, 0.860808, 0.881172, 0.964853, 0.999304, 1, 1]];
%==> len8file1_a20.out <==
Choice_probs = [Choice_probs;
[0.771895, 0.827667, 0.828186, 0.832379, 0.832256, 0.873816, 0.940496, 0.999049, 1, 1]];
%==> len8file2_a20.out <==
Choice_probs = [Choice_probs;
[0.782452, 0.793361, 0.822009, 0.805201, 0.851403, 0.885143, 0.964046, 0.998417, 0.999913, 1]];
%==> len8file3_a20.out <==
Choice_probs = [Choice_probs;
[0.846409, 0.785778, 0.797597, 0.841469, 0.834947, 0.88856, 0.942906, 0.99646, 0.999911, 1]];
%==> len8file4_a20.out <==
Choice_probs = [Choice_probs;
[0.853602, 0.836891, 0.840053, 0.837893, 0.881378, 0.915715, 0.937656, 0.999058, 1, 1]];
